   1.3625333e-02
   5.0318330e-03
   5.9628230e-03
   4.3185810e-03
   3.2323160e-03
   5.6129800e-03
   3.9663520e-03
   7.8757480e-03
   3.8014960e-03
   7.7939720e-03
   2.6648260e-03
   5.9047430e-03
   9.1383920e-03
   2.7710060e-03
   7.2405530e-03
   5.6761640e-03
   5.0525430e-03
   3.2840180e-03
   9.6722760e-03
   4.7362400e-03
   5.3980070e-03
   1.0710406e-02
   3.9842750e-03
   4.3321340e-03
   3.7182760e-03
   7.5661740e-03
   6.1416350e-03
   5.2219880e-03
   6.3292500e-03
   4.1936630e-03
   4.3937480e-03
   3.0437170e-03
   8.2161070e-03
   2.6082000e-03
   5.4825920e-03
   5.4305510e-03
   4.3903960e-03
   9.2651750e-03
   3.1839740e-03
   5.4967290e-03
   3.3314380e-03
   7.0726340e-03
   4.5996990e-03
   9.2439840e-03
   1.2068412e-02
   3.3919020e-03
   4.1894200e-03
   3.1170610e-03
   7.9031280e-03
   4.7618870e-03
   5.8476660e-03
   4.1092420e-03
   2.1795250e-03
   6.0958640e-03
   4.7182520e-03
   4.4513820e-03
   4.2355270e-03
   9.4959670e-03
   3.8831340e-03
   3.4152410e-03
   5.9034880e-03
   4.2967750e-03
   8.0675840e-03
   6.2221430e-03
   5.8551410e-03
   4.5898780e-03
   8.3065720e-03
   4.3395160e-03
   3.1210630e-03
   6.6874600e-03
   5.2005730e-03
   5.8081690e-03
   3.1511970e-03
   7.3144490e-03
   4.7061710e-03
   4.6551100e-03
   5.5497050e-03
   3.5808500e-03
   7.0637430e-03
   5.4920560e-03
   7.1096610e-03
   2.7246720e-03
   5.6212290e-03
   4.5065410e-03
   4.4162370e-03
   6.0422190e-03
   4.6077730e-03
   8.0031410e-03
   3.0184390e-03
   6.2544160e-03
   4.5448780e-03
   9.3821980e-03
   7.6706200e-03
   2.6707910e-03
   4.2024170e-03
   3.1349880e-03
   5.3876520e-03
   2.8181480e-03
   6.4369750e-03
   4.6185660e-03
   3.5324090e-03
   1.0672985e-02
   5.2585990e-03
   5.2083610e-03
   3.6357340e-03
   8.2760410e-03
   7.1566880e-03
   5.8769540e-03
   5.1523240e-03
   3.6639520e-03
   5.7330170e-03
   3.9624130e-03
   1.0333216e-02
   3.2232070e-03
   5.3002090e-03
   5.7925890e-03
   2.6486910e-03
   5.9217030e-03
   4.5877010e-03
   7.4269420e-03
   3.2819640e-03
   5.9459300e-03
   3.4328470e-03
   7.0557670e-03
   8.6098540e-03
   2.9454470e-03
   6.1137500e-03
   5.4508440e-03
   6.9898260e-03
   2.5435420e-03
   6.9002320e-03
   4.6905500e-03
   4.7984600e-03
   7.4969140e-03
   2.4813320e-03
   6.0299760e-03
   3.1965290e-03
   6.6234540e-03
   4.4496520e-03
   7.7298970e-03
   1.1452137e-02
   3.4332850e-03
   5.3381270e-03
   3.9190980e-03
   7.8608250e-03
   5.5531820e-03
   5.6116360e-03
   3.0208750e-03
   2.6819230e-03
   5.9671960e-03
   5.5545180e-03
   5.7382610e-03
   4.2284820e-03
   8.6593200e-03
   3.9274830e-03
   3.7776840e-03
   6.3039390e-03
   4.3876770e-03
   7.2047130e-03
   4.9887700e-03
   1.1812719e-02
   4.2934600e-03
   4.5594470e-03
   4.0333200e-03
   3.0920710e-03
   7.2891880e-03
   4.2506840e-03
   7.2844690e-03
   3.9547490e-03
   8.5503520e-03
   2.6044750e-03
   5.6724250e-03
   8.7155440e-03
   2.5748720e-03
   6.7592180e-03
   5.5766830e-03
   6.4084350e-03
   3.5307310e-03
   6.5635450e-03
   5.1667280e-03
   3.7286460e-03
   1.0216936e-02
   5.2710340e-03
   4.2166580e-03
   2.6534140e-03
   6.0027840e-03
   6.4615850e-03
   5.6378720e-03
   7.2325990e-03
   5.2202830e-03
   4.6665100e-03
   2.8323160e-03
   5.6622330e-03
   3.2685450e-03
   6.7424800e-03
   4.2127890e-03
   3.6281770e-03
   7.5882740e-03
   5.6521410e-03
   6.6718700e-03
   2.9794950e-03
   6.4361710e-03
   6.6875630e-03
   6.1643980e-03
   5.2872540e-03
   4.0888150e-03
   6.6015470e-03
   3.9600870e-03
   7.2624140e-03
   3.3438460e-03
   5.8340820e-03
   4.5364850e-03
   3.1774580e-03
   6.0159930e-03
   3.9442870e-03
   7.5989020e-03
   3.8018400e-03
   6.8601010e-03
   3.3813750e-03
   6.4379500e-03
   8.2258280e-03
   2.5949460e-03
   6.3298220e-03
   5.4542370e-03
   6.3537740e-03
   4.1319710e-03
   6.9106570e-03
   4.5211590e-03
   2.8648310e-03
   8.4076840e-03
   6.5301150e-03
   5.6267160e-03
   3.1260080e-03
   7.1471900e-03
   4.6594470e-03
   4.6646690e-03
   5.2630480e-03
   3.6191970e-03
   6.3936280e-03
   4.8817270e-03
   6.6095840e-03
   2.0741570e-03
   5.8957290e-03
   5.8703500e-03
   4.5622350e-03
   7.5712400e-03
   4.1102650e-03
   7.5729650e-03
   3.2900700e-03
   7.2459000e-03
   4.1150300e-03
   7.2770220e-03
   7.7801830e-03
   2.4933290e-03
   5.3670900e-03
   4.2616010e-03
   3.6580490e-03
   8.1021900e-03
   2.9992400e-03
   5.9039690e-03
   4.3931370e-03
   3.4396340e-03
   1.1283563e-02
   3.6205990e-03
   5.7700160e-03
   4.9167660e-03
   6.7246240e-03
   2.6775640e-03
   2.9627540e-03
   5.3118910e-03
   5.4241420e-03
   8.9007170e-03
   4.8112980e-03
   3.6623990e-03
   4.7381260e-03
   1.0484919e-02
   5.8428540e-03
   4.8962240e-03
   5.3292030e-03
   3.7172510e-03
   4.8443840e-03
   3.0298010e-03
   6.2983000e-03
   5.5001290e-03
   6.7806670e-03
   6.3264930e-03
   3.5442320e-03
   6.5201130e-03
   3.2310210e-03
   6.2418240e-03
   6.1037040e-03
   9.7082160e-03
   7.2807780e-03
   5.4265680e-03
   7.2703900e-03
   2.4681010e-03
   3.6248900e-03
   3.5973510e-03
   9.6659240e-03
   3.2632420e-03
   4.5230960e-03
   6.9864680e-03
   3.4225410e-03
   7.5108840e-03
   6.2363270e-03
   5.0987090e-03
   3.3091480e-03
   7.2498600e-03
   4.9656710e-03
   4.3483120e-03
   8.3978970e-03
   6.5895930e-03
   5.8915820e-03
   4.8783690e-03
   5.2895110e-03
   3.6895320e-03
   4.0366680e-03
   3.4168000e-03
   3.9189850e-03
   1.0062472e-02
   6.1356130e-03
   4.8842640e-03
   2.7238130e-03
   6.2467850e-03
   6.1762900e-03
   4.8701070e-03
   6.6669940e-03
   5.0628660e-03
   8.1573610e-03
   4.3633620e-03
   5.5403700e-03
   4.2225300e-03
   4.6954750e-03
   4.9477330e-03
   3.5828170e-03
   7.1432770e-03
   3.8194730e-03
   6.4614290e-03
   4.1193170e-03
   6.3387310e-03
   5.8217960e-03
   5.2188900e-03
   7.1222130e-03
   2.5164560e-03
   5.8828930e-03
   4.7138840e-03
   7.8258330e-03
   3.3094250e-03
   4.8746510e-03
   7.5839100e-03
   4.3027470e-03
   5.9513960e-03
   5.5414410e-03
   5.0256740e-03
   3.3805490e-03
   6.5858100e-03
   6.5091280e-03
   5.2211490e-03
   5.5938060e-03
   3.7928750e-03
   5.2684980e-03
   4.0029540e-03
   6.2548710e-03
   4.6355600e-03
   6.3678360e-03
   4.8234170e-03
   2.5256240e-03
   6.6685110e-03
   4.1339570e-03
   6.8520440e-03
   3.5723710e-03
   5.9040590e-03
   5.7246630e-03
   4.8041040e-03
   9.8985890e-03
   3.5392830e-03
   4.7980020e-03
   5.9180030e-03
   7.6087760e-03
   2.8709980e-03
   3.8749010e-03
   5.4372550e-03
   3.3378070e-03
   6.8122740e-03
   3.8806100e-03
   7.2583480e-03
   5.4628140e-03
   1.0386188e-02
   5.6840470e-03
   4.5354580e-03
   8.2304690e-03
   2.5959940e-03
   3.3896310e-03
   2.6766120e-03
   9.2648040e-03
   3.7455600e-03
   4.3206550e-03
   7.9456960e-03
   3.8353880e-03
   5.5747020e-03
   6.6967760e-03
   5.3348960e-03
   3.1676390e-03
   6.5107210e-03
   5.4516730e-03
   4.0770320e-03
   7.8685220e-03
   7.4906360e-03
   7.4266760e-03
   5.2709590e-03
   5.4018330e-03
   4.2375650e-03
   3.6808910e-03
   3.9612750e-03
   4.2189710e-03
   8.1062060e-03
   4.2050390e-03
   7.7990040e-03
   2.8123200e-03
   5.7972490e-03
   4.5970220e-03
   3.7576180e-03
   1.1496240e-02
   4.0562010e-03
   5.0552040e-03
   5.8111770e-03
   8.6291410e-03
   2.7961470e-03
   2.9321330e-03
   5.0414480e-03
   4.6907030e-03
   8.1479110e-03
   4.7751950e-03
   3.8664700e-03
   5.4942080e-03
   1.0720751e-02
   5.5533970e-03
   4.5936070e-03
   4.7237370e-03
   3.7458620e-03
   4.4776060e-03
   3.6507600e-03
   7.5883280e-03
   4.8960340e-03
   7.1212250e-03
   5.5724150e-03
   3.5275260e-03
   8.9095990e-03
   5.4369270e-03
   4.7461910e-03
   4.2850890e-03
   7.8986660e-03
   6.3086010e-03
   4.6961000e-03
   4.5782330e-03
   3.6443150e-03
   6.2112090e-03
   3.7040930e-03
   5.3496760e-03
   3.9173800e-03
   5.6069880e-03
   4.9901760e-03
   3.3090820e-03
   7.5915470e-03
   4.3918520e-03
   7.0906950e-03
   3.4543590e-03
   5.8355250e-03
   6.6288770e-03
   5.3556230e-03
   9.8885980e-03
   3.6935070e-03
   6.4968430e-03
   6.6870260e-03
   7.8584990e-03
   3.1467590e-03
   3.2046640e-03
   5.8178390e-03
   3.8580790e-03
   4.7388720e-03
   5.0494020e-03
   4.2150190e-03
   2.5323030e-03
   5.4665590e-03
   6.3118660e-03
   4.7476360e-03
   5.4426100e-03
   4.5729050e-03
   7.0216700e-03
   6.2698490e-03
   6.5895440e-03
   3.9375130e-03
   4.1101140e-03
   3.9585180e-03
   2.9484870e-03
   7.2438570e-03
   4.3365420e-03
   7.6860680e-03
   4.2813350e-03
   7.8408990e-03
   5.1926630e-03
   4.9657820e-03
   7.8926530e-03
   2.6251870e-03
   4.7719760e-03
   4.5526250e-03
   8.4590800e-03
   3.0987440e-03
   5.3630390e-03
   7.1440710e-03
   4.4899270e-03
   6.5780710e-03
   4.0161220e-03
   1.0933097e-02
   3.9530660e-03
   5.4619190e-03
   4.2312770e-03
   2.8334980e-03
   8.0695100e-03
   4.0062590e-03
   6.6675550e-03
   3.2760760e-03
   6.3401280e-03
   3.0134260e-03
   2.5309350e-03
   8.6515450e-03
   5.9387120e-03
   7.2414870e-03
   2.8575040e-03
   4.2464720e-03
   4.6129000e-03
   7.2555820e-03
   8.0428400e-03
   4.2250060e-03
   4.6891170e-03
   4.6086790e-03
   6.7939880e-03
   3.1902040e-03
   6.6902890e-03
   8.5036490e-03
   5.9221270e-03
   6.5900130e-03
   3.6106420e-03
   5.3973510e-03
   2.2141880e-03
   7.4733950e-03
   5.5855400e-03
   5.8727250e-03
   9.3001920e-03
   4.6340940e-03
   7.0710490e-03
   3.8788440e-03
   5.5171580e-03
   2.6006490e-03
   8.5084670e-03
   4.8227730e-03
   2.9925920e-03
   1.0208840e-02
   3.3246880e-03
   4.6608130e-03
   5.1674520e-03
   7.8260570e-03
   4.9697560e-03
   6.3320360e-03
   6.4574450e-03
   2.2611450e-03
   5.6259800e-03
   6.2270380e-03
   7.1636800e-03
   3.3262540e-03
   3.4772210e-03
   3.7359600e-03
   4.0070980e-03
   5.1782610e-03
   6.6450650e-03
   8.2715880e-03
   4.5849830e-03
   6.7176100e-03
   3.6090960e-03
   6.8821940e-03
   8.3348820e-03
   3.1530070e-03
   4.7269980e-03
   4.1405770e-03
   8.2539260e-03
   3.7824090e-03
   4.3357180e-03
   3.8610470e-03
   4.3265510e-03
   6.2697890e-03
   4.9122610e-03
   6.7545400e-03
   2.6292770e-03
   7.6660390e-03
   4.2303230e-03
   5.2470050e-03
   8.2957490e-03
   6.9583080e-03
   7.3548750e-03
   3.8310590e-03
   8.3461170e-03
   4.2245900e-03
   7.5356020e-03
   3.9959870e-03
   3.2193460e-03
   9.1796060e-03
   3.3077690e-03
   4.5755360e-03
   3.2999010e-03
   6.2532090e-03
   4.0115020e-03
   5.1070440e-03
   1.1945404e-02
   4.5464490e-03
   5.3839560e-03
   4.8672250e-03
   8.8395250e-03
   3.5386350e-03
   4.7867370e-03
   5.5919980e-03
   4.3228910e-03
   6.2759100e-03
   3.5592100e-03
   5.1673090e-03
   3.6691410e-03
   1.0693983e-02
   4.9304600e-03
   4.8413580e-03
   7.3079920e-03
   3.6653290e-03
   6.9750520e-03
   4.2711590e-03
   6.8255680e-03
   3.4969080e-03
   5.6268560e-03
   2.7453360e-03
   3.0661120e-03
   1.0071423e-02
   4.7885380e-03
   5.3977780e-03
   2.3995380e-03
   6.7645060e-03
   5.4833020e-03
   7.5475710e-03
   7.3595530e-03
   4.5688090e-03
   6.5122980e-03
   3.1041770e-03
   5.4365700e-03
   2.7658410e-03
   8.5234370e-03
   4.3854430e-03
   2.7911330e-03
   1.0276178e-02
   3.7120630e-03
   5.3064530e-03
   6.4395820e-03
   7.0139860e-03
   3.9098520e-03
   6.5899650e-03
   5.5890840e-03
   2.7050070e-03
   6.2074340e-03
   6.2165930e-03
   8.2124900e-03
   3.4612480e-03
   3.5714360e-03
   4.1215540e-03
   3.6611780e-03
   5.1091950e-03
   5.1585820e-03
   7.0084830e-03
   3.2188060e-03
   1.1271627e-02
   4.4220710e-03
   4.8336830e-03
   5.8135030e-03
   2.4333130e-03
   6.3810920e-03
   3.9914760e-03
   8.5115610e-03
   4.3986400e-03
   6.3745150e-03
   3.0866930e-03
   2.2975360e-03
   7.0181260e-03
   6.1443110e-03
   7.5665300e-03
   3.1860890e-03
   5.3692020e-03
   6.1433690e-03
   7.7113700e-03
   9.4373030e-03
   3.5434570e-03
   4.0401580e-03
   4.7706560e-03
   6.6284550e-03
   3.0757560e-03
   6.1901320e-03
   7.5476010e-03
   4.9440230e-03
   6.8386060e-03
   4.1318280e-03
   5.3276680e-03
   3.9921850e-03
   6.3098800e-03
   3.6023780e-03
   6.7558140e-03
   9.2158030e-03
   4.2542700e-03
   6.2416740e-03
   4.7455800e-03
   7.4811450e-03
   2.9801180e-03
   4.9255390e-03
   5.6999380e-03
   4.1923050e-03
   6.5317280e-03
   3.4179650e-03
   5.1080430e-03
   3.9166210e-03
   9.4034710e-03
   4.3047770e-03
   5.3394270e-03
   7.1857130e-03
   3.8945710e-03
   7.1149590e-03
   3.8376730e-03
   8.3161400e-03
   4.6061810e-03
   5.9558810e-03
   3.0021900e-03
   2.9766490e-03
   8.9354250e-03
   4.4712200e-03
   5.1744220e-03
   4.8972790e-03
   7.5692570e-03
   3.5062120e-03
   5.3416550e-03
   8.0381790e-03
   2.5945080e-03
   4.6349250e-03
   4.8525840e-03
   8.6155580e-03
   3.3821990e-03
   4.5806850e-03
   4.2933930e-03
   3.8550070e-03
   6.1475620e-03
   3.6977130e-03
   5.1450290e-03
   2.4672900e-03
   8.2576790e-03
   4.7716130e-03
   4.6838120e-03
   8.6108510e-03
   4.2015260e-03
   5.9138320e-03
   4.7130390e-03
   8.0185010e-03
   4.1301670e-03
   7.9163100e-03
   4.0385630e-03
   3.1888300e-03
   8.9373200e-03
   3.5708860e-03
   4.8299530e-03
   9.1566380e-03
   5.3772960e-03
   6.4963180e-03
   3.0847330e-03
   4.9206270e-03
   5.0913570e-03
   3.6180350e-03
   9.5668630e-03
   5.9624330e-03
   7.8802430e-03
   2.6557600e-03
   6.5233810e-03
   5.9234060e-03
   3.0973840e-03
   7.0062860e-03
   4.6885450e-03
   4.9633720e-03
   6.0217460e-03
   8.3334900e-03
   4.9597610e-03
   5.3282520e-03
   6.4073820e-03
   3.3688220e-03
   4.5998300e-03
   3.0189860e-03
   4.6886430e-03
   4.2041390e-03
   5.1695140e-03
   6.2269110e-03
   7.0896810e-03
   4.9444180e-03
   2.5597790e-03
   6.6978010e-03
   3.5183360e-03
   7.4856750e-03
   4.2573700e-03
   5.8191740e-03
   6.8449120e-03
   2.0732800e-03
   6.3921010e-03
   4.5425550e-03
   4.4090440e-03
   3.9843820e-03
   9.1833200e-03
   9.1107030e-03
   5.6804520e-03
   6.3576640e-03
   3.2324300e-03
   5.9205420e-03
   7.1467780e-03
   5.4436660e-03
   2.7095360e-03
   3.6681960e-03
   4.8960850e-03
   5.8027770e-03
   6.3677540e-03
   5.8550860e-03
   5.9985590e-03
   3.5009100e-03
   5.1257270e-03
   4.0128590e-03
   5.1612550e-03
   8.1396350e-03
   3.3314440e-03
   5.2896320e-03
   6.0464060e-03
   7.2783150e-03
   3.5690960e-03
   4.0166840e-03
   6.6032930e-03
   5.6117840e-03
   6.5822410e-03
   4.1906590e-03
   6.7808830e-03
   4.4703360e-03
   6.8813410e-03
   4.1599930e-03
   4.3627560e-03
   7.3332010e-03
   3.5957640e-03
   6.0571370e-03
   3.3265980e-03
   7.4262530e-03
   4.5741280e-03
   4.9219980e-03
   5.3931500e-03
   2.7148070e-03
   7.8741640e-03
   4.0375440e-03
   5.2739630e-03
   3.4544400e-03
   7.9928520e-03
   5.7626630e-03
   3.5434180e-03
   5.7886860e-03
   3.8310090e-03
   4.5975880e-03
   5.1213110e-03
   7.9927890e-03
   4.1303460e-03
   4.5599880e-03
   6.6222810e-03
   3.9369560e-03
   5.8202450e-03
   3.7856450e-03
   5.5716720e-03
   4.5350820e-03
   6.6919770e-03
   4.5501960e-03
   5.6610260e-03
   8.2296860e-03
   2.9509260e-03
   5.4504600e-03
   3.3120150e-03
   6.9943700e-03
   3.3437250e-03
   4.5476940e-03
   4.8348060e-03
   3.2505020e-03
   9.2124120e-03
   7.4681020e-03
   5.5570790e-03
   3.3409710e-03
   8.6829670e-03
   5.5053280e-03
   3.1895660e-03
   7.7471140e-03
   4.2598330e-03
   6.6384140e-03
   3.7698490e-03
   7.6780910e-03
   4.3071140e-03
   5.2571650e-03
   6.4857970e-03
   2.2765100e-03
   6.6484100e-03
   3.4911850e-03
   4.2485300e-03
   3.4949620e-03
   8.2726670e-03
   9.6460190e-03
   5.5361270e-03
   5.8305680e-03
   3.6589010e-03
   5.0009040e-03
   6.4929550e-03
   5.2950430e-03
   2.9313930e-03
   5.0072300e-03
   5.8295650e-03
   4.9655540e-03
   6.0926830e-03
   6.2678410e-03
   9.3489500e-03
   3.4538700e-03
   4.1540880e-03
   4.5099320e-03
   4.5234370e-03
   8.0315930e-03
   4.4398880e-03
   1.0767103e-02
   4.8712670e-03
   5.2007940e-03
   2.5855100e-03
   4.8427820e-03
   5.4243310e-03
   3.9073800e-03
   1.1299938e-02
   6.7241240e-03
   5.7193490e-03
   2.3180950e-03
   7.0855000e-03
   5.2512710e-03
   3.2609830e-03
   6.5467210e-03
   3.5647570e-03
   4.2992420e-03
   5.7140450e-03
   9.7806660e-03
   5.2281290e-03
   5.6077360e-03
   6.4201620e-03
   3.2891470e-03
   3.9791850e-03
   3.6044920e-03
   4.3312710e-03
   3.5287280e-03
   5.3739290e-03
   5.8405700e-03
   7.3590110e-03
   7.0518600e-03
   3.0833720e-03
   4.1272810e-03
   5.0166120e-03
   8.6865590e-03
   4.1111820e-03
   4.2509880e-03
   5.8303260e-03
   3.6355730e-03
   5.6554520e-03
   3.2353140e-03
   5.9493310e-03
   4.5125070e-03
   5.8354910e-03
   5.4170090e-03
   5.6185760e-03
   8.3540530e-03
   4.2747440e-03
   6.2432870e-03
   3.5568690e-03
   5.3716370e-03
   2.8256510e-03
   4.2497510e-03
   5.2022720e-03
   4.2304450e-03
   1.1809412e-02
   6.0013400e-03
   5.6819600e-03
   4.4559550e-03
   9.1267460e-03
   5.7282890e-03
   3.1981860e-03
   5.0178630e-03
   3.7580280e-03
   4.3850570e-03
   5.5440000e-03
   7.1985300e-03
   3.4487010e-03
   5.0325300e-03
   6.7128870e-03
   5.5337780e-03
   6.6872980e-03
   5.6960190e-03
   7.4741670e-03
   4.1678580e-03
   7.0954370e-03
   3.5864250e-03
   3.9370040e-03
   8.8864280e-03
   3.2698450e-03
   7.0432930e-03
   3.8654250e-03
   8.0529900e-03
   4.7357490e-03
   4.5754020e-03
   5.0573360e-03
   3.4213910e-03
   8.7599470e-03
   4.0837040e-03
   3.8264400e-03
   3.1772240e-03
   9.2865470e-03
   6.1948560e-03
   4.6403310e-03
   6.9462320e-03
   4.0002200e-03
   6.1754040e-03
   4.2964650e-03
   8.2460650e-03
   4.6582780e-03
   6.3208430e-03
   5.8981260e-03
   2.1437080e-03
   6.5939330e-03
   4.2617470e-03
   4.7493270e-03
   4.4438020e-03
   8.0710010e-03
   8.8797970e-03
   5.6803840e-03
   5.2035290e-03
   3.0880530e-03
   5.3412970e-03
   6.3835800e-03
   5.3681600e-03
   2.3120150e-03
   4.2459390e-03
   5.2208200e-03
   5.0911880e-03
   7.3088120e-03
   5.9898700e-03
   7.8708190e-03
   3.9000590e-03
   5.8371760e-03
   3.7480820e-03
   4.1533710e-03
   7.5430950e-03
   3.2437420e-03
   7.4736260e-03
   4.1620580e-03
   4.4902510e-03
   2.7814230e-03
   4.7995760e-03
   5.3685960e-03
   4.0352640e-03
   9.6028440e-03
   7.7586020e-03
   8.0926390e-03
   3.2086740e-03
   7.4212050e-03
   5.2684180e-03
   3.1578100e-03
   6.0681460e-03
   4.4392010e-03
   4.8722820e-03
   5.0741150e-03
   7.3933680e-03
   4.1902930e-03
   4.6427070e-03
   7.5113890e-03
   3.0644320e-03
   3.8777280e-03
   3.7932990e-03
   6.6666440e-03
   4.8592920e-03
   7.4571320e-03
   6.6830850e-03
   7.8197910e-03
   6.9861870e-03
   2.9201920e-03
   4.6502000e-03
   5.8869080e-03
   9.7632220e-03
   4.9116840e-03
   4.5310990e-03
   5.1924190e-03
   3.7738350e-03
   5.5386570e-03
   3.5915120e-03
   4.9783220e-03
   4.3476370e-03
   5.5266630e-03
   5.2943000e-03
   6.2714210e-03
   8.8113960e-03
   3.6951750e-03
   6.1830430e-03
   3.8440540e-03
   7.8897480e-03
   3.2966370e-03
   5.0498790e-03
   5.0217280e-03
   3.0533760e-03
   1.0085921e-02
   5.1015130e-03
   5.6392550e-03
   3.1483350e-03
   7.9575220e-03
   5.4006230e-03
   2.7064530e-03
   7.0441460e-03
   3.9282290e-03
   4.6511340e-03
   4.8831480e-03
   5.8573410e-03
   3.5789370e-03
   3.5372200e-03
   5.2997560e-03
   5.7156960e-03
   5.6689730e-03
   5.0341230e-03
   6.5691040e-03
   4.8370600e-03
   7.0733580e-03
   4.3361570e-03
   5.1950860e-03
   8.2206620e-03
   3.8523720e-03
   7.3586770e-03
   3.3640680e-03
   7.0420530e-03
   4.6280390e-03
   4.1028300e-03
   5.2596620e-03
   2.4280630e-03
   7.1238780e-03
   3.7462820e-03
   4.6325470e-03
   3.1259860e-03
   8.1814810e-03
   7.1819810e-03
   4.4821470e-03
   7.5910770e-03
   4.0522540e-03
   8.0336030e-03
   4.7595650e-03
   5.0489990e-03
   2.3940880e-03
   4.5139910e-03
   4.6372170e-03
   3.7964040e-03
   1.0197250e-02
   8.3219660e-03
   7.2417830e-03
   3.0888840e-03
   7.3932910e-03
   6.4776910e-03
   3.8974990e-03
   7.0831190e-03
   4.5492280e-03
   3.5530530e-03
   4.6887710e-03
   8.6795910e-03
   3.6086510e-03
   6.1091400e-03
   6.9501460e-03
   3.1200040e-03
   4.6275060e-03
   4.0304050e-03
   5.8649590e-03
   4.4598370e-03
   7.2219130e-03
   5.7618380e-03
   6.4580270e-03
   6.5538300e-03
   3.1675110e-03
   5.9443180e-03
   3.2830640e-03
   6.8117530e-03
   4.7330930e-03
   5.9052150e-03
   7.3329870e-03
   2.7442930e-03
   6.8619190e-03
   5.0231290e-03
   4.8239680e-03
   3.6220140e-03
   9.4953260e-03
   8.4195040e-03
   5.3123870e-03
   5.0054560e-03
   3.4398540e-03
   5.5034840e-03
   6.5867300e-03
   5.3528770e-03
   2.8890570e-03
   4.1913510e-03
   6.0265340e-03
   4.8307060e-03
   5.2835110e-03
   5.5719850e-03
   8.6769920e-03
   3.0563540e-03
   4.4430570e-03
   3.8699930e-03
   4.0297610e-03
   8.4076410e-03
   3.7350280e-03
   3.9409430e-03
   5.6616130e-03
   7.2610210e-03
   3.3763940e-03
   4.3549520e-03
   4.6594850e-03
   4.8579700e-03
   6.2544470e-03
   4.7569890e-03
   6.6562060e-03
   4.0473470e-03
   5.8546750e-03
   4.6437110e-03
   4.6819020e-03
   9.0757290e-03
   4.2143660e-03
   6.3023570e-03
   3.4896550e-03
   7.4887090e-03
   3.6894080e-03
   4.4628700e-03
   4.5763010e-03
   2.8665200e-03
   8.3173330e-03
   4.1522220e-03
   4.3530910e-03
   3.5216200e-03
   1.0105323e-02
   7.4789360e-03
   4.6238760e-03
   7.4809890e-03
   4.0997950e-03
   4.7420350e-03
   6.4913710e-03
   9.0053920e-03
   5.0793030e-03
   4.2544350e-03
   6.2962840e-03
   4.8507680e-03
   6.1809270e-03
   3.5242650e-03
   4.9347700e-03
   4.3547490e-03
   6.2108920e-03
   5.0527380e-03
   5.9465650e-03
   7.9603570e-03
   4.0021970e-03
   8.5110910e-03
   3.8186200e-03
   5.7488340e-03
   3.2120450e-03
   3.8028120e-03
   5.5491130e-03
   3.5565650e-03
   9.3099800e-03
   4.9711750e-03
   4.7185820e-03
   3.2563470e-03
   8.5901650e-03
   6.1755800e-03
   3.5986280e-03
   6.7683330e-03
   4.0884390e-03
   2.0842800e-03
   6.2195790e-03
   5.2594230e-03
   5.2774810e-03
   7.3906350e-03
   4.9731550e-03
   6.5780700e-03
   3.5759410e-03
   6.1643980e-03
   2.8730150e-03
   8.6397500e-03
   5.3525520e-03
   3.2784660e-03
   1.0698379e-02
   3.9154710e-03
   4.1861150e-03
   4.4346720e-03
   6.7984820e-03
   3.7106770e-03
   5.9900850e-03
   8.3877340e-03
   2.6589430e-03
   6.6576270e-03
   6.2067480e-03
   9.5839140e-03
   3.8420110e-03
   4.3721200e-03
   4.5850170e-03
   3.3144460e-03
   5.1271900e-03
   6.5157440e-03
   7.9001600e-03
   3.6194380e-03
   9.1435380e-03
   3.8687300e-03
   4.3489450e-03
   4.9581870e-03
   2.9206540e-03
   8.8070480e-03
   5.6498470e-03
   6.6201650e-03
   3.6932940e-03
   6.6290270e-03
   3.1600250e-03
   2.5638610e-03
   7.6776480e-03
   5.0469990e-03
   6.5933170e-03
   2.9227120e-03
   4.9426080e-03
   4.7177470e-03
   7.8239520e-03
   9.7395900e-03
   4.4117990e-03
   4.8244000e-03
   4.6369620e-03
   5.9814120e-03
   2.8210990e-03
   6.7563040e-03
   6.1001450e-03
   4.8515620e-03
   6.1696430e-03
   3.3424640e-03
   5.5655090e-03
   3.2952810e-03
   5.8010790e-03
   4.1932230e-03
   5.7660930e-03
   8.6519510e-03
   3.7792800e-03
   4.0836960e-03
   3.7555050e-03
   8.5132020e-03
   3.5292710e-03
   3.4289610e-03
   5.5833940e-03
   5.0392780e-03
   7.1983200e-03
   4.1659490e-03
   5.1891430e-03
   3.6088220e-03
   9.4869490e-03
   3.7216540e-03
   5.2224950e-03
   6.4236220e-03
   3.2674180e-03
   6.9167770e-03
   3.5183160e-03
   8.8837000e-03
   3.7231910e-03
   7.3263270e-03
   3.5941380e-03
   2.9880880e-03
   1.2428043e-02
   5.5745810e-03
   5.9411690e-03
   4.6393270e-03
   7.2611970e-03
   4.2474280e-03
   6.6294520e-03
   8.7165760e-03
   3.2765420e-03
   4.1658140e-03
   5.0393310e-03
   7.5502980e-03
   4.1566980e-03
   4.0417010e-03
   3.5268840e-03
   4.5322420e-03
   5.7051700e-03
   4.6740510e-03
   6.9625350e-03
   3.0038330e-03
   9.7436250e-03
   4.6158340e-03
   5.3177600e-03
   7.7611250e-03
   4.8528740e-03
   6.7282970e-03
   3.4416440e-03
   6.5056590e-03
   3.4535340e-03
   7.8642230e-03
   3.3674080e-03
   3.5689680e-03
   1.0325762e-02
   3.3577350e-03
   5.9476690e-03
   3.5292920e-03
   9.8385650e-03
   5.3084950e-03
   5.5021910e-03
   5.8432070e-03
   3.2550560e-03
   7.4003520e-03
   4.6957230e-03
   8.3902940e-03
   4.2735280e-03
   5.0097450e-03
   2.7795600e-03
   2.1378500e-03
   6.9501310e-03
   6.3122120e-03
   6.5611760e-03
   2.8745150e-03
   4.4479830e-03
   4.5091740e-03
   7.4416310e-03
   9.3212870e-03
   4.0584720e-03
   4.7765130e-03
   4.6811350e-03
   7.5243790e-03
   2.5930290e-03
   6.3213380e-03
   7.6958420e-03
   4.1637100e-03
   6.5801090e-03
   3.7126840e-03
   4.5513320e-03
   1.8722310e-03
   5.6311760e-03
   5.3965070e-03
   6.2676920e-03
   8.2949360e-03
   5.1288510e-03
   6.2377050e-03
   3.9298710e-03
   6.1370490e-03
   3.8143830e-03
   9.9782330e-03
   4.9062300e-03
   2.9574660e-03
   8.1831730e-03
   3.3912580e-03
   5.1866990e-03
   5.5124950e-03
   7.6159790e-03
   3.4663180e-03
   5.6572920e-03
   5.9156560e-03
   2.3492590e-03
   6.4516050e-03
   5.6505390e-03
   8.4310430e-03
   3.9418270e-03
   4.7369140e-03
   4.5760500e-03
   3.8446170e-03
   5.3862630e-03
   5.4984470e-03
   8.2920150e-03
   6.2621100e-03
   8.3063870e-03
   4.0913020e-03
   5.9740450e-03
   6.5817030e-03
   2.5563870e-03
   4.3267290e-03
   4.9087910e-03
   8.3176370e-03
   3.0647080e-03
   4.0610360e-03
   4.3519470e-03
   5.2067690e-03
   7.9265980e-03
   4.6491140e-03
   5.5164950e-03
   2.7581330e-03
   9.3637180e-03
   4.7278550e-03
   5.1743410e-03
   8.3720650e-03
   4.6222540e-03
   6.3796810e-03
   3.6373240e-03
   7.9135000e-03
   3.3387380e-03
   7.4383580e-03
   3.9984970e-03
   2.6918810e-03
   9.3179250e-03
   3.3097230e-03
   5.0325390e-03
   3.4915820e-03
   5.6232740e-03
   3.4896070e-03
   5.5513580e-03
   7.6514170e-03
   3.2873680e-03
   4.9815920e-03
   4.2950180e-03
   8.1327810e-03
   4.0403200e-03
   5.4913460e-03
   6.4696820e-03
   5.2971280e-03
   6.6969480e-03
   3.4158100e-03
   5.2357480e-03
   3.6916700e-03
   1.0553745e-02
   4.1492820e-03
   5.5978800e-03
   6.4875830e-03
   3.0958310e-03
   5.6244160e-03
   2.9355680e-03
   7.1139450e-03
   4.4497360e-03
   6.1038020e-03
   2.7567320e-03
   3.1566010e-03
   9.1233660e-03
   4.7917590e-03
   6.4891920e-03
   3.0164450e-03
   4.8383930e-03
   5.5001120e-03
   9.5537470e-03
   5.4561120e-03
   5.0986630e-03
   6.5690570e-03
   2.1216780e-03
   4.1154210e-03
   3.8975350e-03
   8.4744960e-03
   3.4664590e-03
   4.6645260e-03
   7.5828170e-03
   3.9622090e-03
   7.0296940e-03
   5.1649830e-03
   3.9610200e-03
   2.3382330e-03
   6.0646700e-03
   4.6996890e-03
   4.1109130e-03
   9.0331160e-03
   5.9967510e-03
   7.6892980e-03
   5.4583320e-03
   6.7648940e-03
   4.7187020e-03
   3.8054250e-03
   3.9622690e-03
   4.2357460e-03
   1.0845434e-02
   3.4226950e-03
   6.9053590e-03
   3.3145880e-03
   5.3467550e-03
   5.1542130e-03
   4.0851740e-03
   1.0847882e-02
   4.6083830e-03
   6.5751650e-03
   6.0103150e-03
   7.7035840e-03
   2.8942580e-03
   2.7503690e-03
   4.2917190e-03
   4.6957960e-03
   7.8243240e-03
   4.5743820e-03
   4.2552640e-03
   4.6221760e-03
   9.2676780e-03
   6.3668460e-03
   4.5063060e-03
   4.8266280e-03
   3.8364780e-03
   4.7165460e-03
   3.0135370e-03
   8.3548970e-03
   5.9284900e-03
   6.4032210e-03
   5.5149170e-03
   3.2226650e-03
   7.0188420e-03
   5.8062330e-03
   4.3911240e-03
   3.1964480e-03
   7.1040920e-03
   4.9192040e-03
   4.3243390e-03
   4.9592130e-03
   3.5399820e-03
   5.1299210e-03
   3.8251000e-03
   5.2562930e-03
   4.8148820e-03
   7.9122340e-03
   6.3563990e-03
   3.3469890e-03
   7.3703660e-03
   4.1088570e-03
   7.0053520e-03
   3.1199810e-03
   6.3262090e-03
   6.0148160e-03
   5.2389770e-03
   9.5285700e-03
   3.1208260e-03
   5.5903660e-03
   6.3342300e-03
   8.5015310e-03
   3.0224510e-03
   4.1760680e-03
   6.6791040e-03
   4.5155170e-03
   7.6844620e-03
   5.8847790e-03
   4.8722080e-03
   2.9440210e-03
   5.6326580e-03
   5.8189780e-03
   4.3768800e-03
   6.0571430e-03
   5.6657750e-03
   6.7231300e-03
   4.6584360e-03
   5.6247250e-03
   4.0206650e-03
   4.6784030e-03
   4.9073950e-03
   3.1455910e-03
   6.3925550e-03
   4.4228120e-03
   8.1179350e-03
   5.0641190e-03
   6.7847600e-03
   6.3246150e-03
   4.9391970e-03
   6.5361410e-03
   2.4523470e-03
   4.8101540e-03
   3.8633570e-03
   7.4694270e-03
   2.5799490e-03
   4.9536770e-03
   7.7361990e-03
   3.8542130e-03
   7.0061850e-03
   4.7123620e-03
   7.1893120e-03
   2.8873180e-03
   6.1779650e-03
   3.8167010e-03
   3.8755060e-03
   1.1307380e-02
   4.0687890e-03
   6.3103080e-03
   6.0224260e-03
   8.1231820e-03
   3.0821130e-03
   3.0280390e-03
   5.3532150e-03
   4.7753440e-03
   7.3404220e-03
   4.5144150e-03
   3.5169670e-03
   4.6840740e-03
   1.0528304e-02
   6.3858000e-03
   5.7507010e-03
   5.8066290e-03
   3.9876160e-03
   6.0697310e-03
   3.6060950e-03
   8.3160460e-03
   5.2504170e-03
   5.3645430e-03
   4.5900280e-03
   3.0607480e-03
   7.4512690e-03
   2.8595560e-03
   5.6326680e-03
   4.5948760e-03
   7.0927460e-03
   5.2424510e-03
   4.1158410e-03
   7.6323760e-03
   2.6552310e-03
   4.1454380e-03
   3.6525120e-03
   1.1402826e-02
   4.7030520e-03
   5.1886260e-03
   7.9130990e-03
   3.5790420e-03
   5.7052350e-03
   5.6464470e-03
   5.2929110e-03
   3.1361210e-03
   6.1282620e-03
   5.5781710e-03
   3.5471840e-03
   7.1567690e-03
   5.8073460e-03
   7.5725910e-03
   5.7268930e-03
   5.8811970e-03
   4.1807030e-03
   3.9115950e-03
   4.1270170e-03
   4.4164370e-03
   1.0198918e-02
   6.5565920e-03
   4.4550340e-03
   3.1955390e-03
   7.3491980e-03
   5.7537860e-03
   5.0593510e-03
   5.8255360e-03
   4.8602910e-03
   6.7053670e-03
   5.3198920e-03
   4.8661720e-03
   3.4249350e-03
   4.1344190e-03
   4.4532930e-03
   3.3350940e-03
   7.1019000e-03
   4.2735220e-03
   7.7491610e-03
   3.7911870e-03
   7.6542950e-03
   4.4591680e-03
   5.1178150e-03
   9.1466430e-03
   2.3397350e-03
   4.8357150e-03
   4.1622150e-03
   8.4409720e-03
   3.2044340e-03
   4.6561660e-03
   7.5718780e-03
   4.2610260e-03
   5.9707510e-03
   4.7377930e-03
   4.4548860e-03
   4.6770930e-03
   7.2900190e-03
   6.4894570e-03
   4.5544910e-03
   4.3533300e-03
   3.5744690e-03
   6.1892470e-03
   4.3697800e-03
   5.7526390e-03
   4.1379440e-03
   6.3621940e-03
   4.9958190e-03
   3.6250600e-03
   9.6067560e-03
   4.2783310e-03
   8.5110780e-03
   3.1189940e-03
   5.4110570e-03
   6.1253410e-03
   4.1585170e-03
   7.3034650e-03
   3.0744100e-03
   5.4648120e-03
   5.9439630e-03
   8.2419060e-03
   2.9521830e-03
   4.4250580e-03
   7.1915860e-03
   4.5496020e-03
   6.9757350e-03
   7.5220270e-03
   2.5465180e-03
   5.4559190e-03
   5.6979240e-03
   4.9239720e-03
   8.4612500e-03
   3.2686210e-03
   5.8772950e-03
   3.1813080e-03
   7.2298030e-03
   4.6531350e-03
   8.7016380e-03
   1.1314829e-02
   3.4797870e-03
   3.9118390e-03
   3.4378620e-03
   7.3495390e-03
   4.9774910e-03
   5.3439010e-03
   3.5238470e-03
   3.1656740e-03
   8.0046010e-03
   5.4760790e-03
   6.7720660e-03
   3.7926740e-03
   1.0401963e-02
   4.1708560e-03
   3.5984730e-03
   5.2872980e-03
   3.1308060e-03
   7.0588620e-03
   5.2710250e-03
   1.0540776e-02
   3.5392960e-03
   4.3624460e-03
   4.0685440e-03
   3.0797850e-03
   5.3055210e-03
   4.1224600e-03
   7.2597660e-03
   4.8631280e-03
   8.7119250e-03
   2.9883660e-03
   6.2312090e-03
   7.8150350e-03
   2.9062850e-03
   6.8088780e-03
   5.2326170e-03
   5.7215760e-03
   3.1649470e-03
   9.6902230e-03
   4.4848020e-03
   4.6428500e-03
   1.0712545e-02
   3.6602340e-03
   3.9477100e-03
   3.5827800e-03
   7.4449450e-03
   6.2585470e-03
   6.0133250e-03
   6.5153940e-03
   4.6715670e-03
   5.0119510e-03
   3.0298710e-03
   5.7260390e-03
   3.4841550e-03
   7.3712720e-03
   5.4042390e-03
   3.3859710e-03
   8.2789180e-03
   5.0216440e-03
   5.0810890e-03
   3.1417480e-03
   7.1489350e-03
   6.1777260e-03
   4.3636210e-03
   6.0370790e-03
   3.7952050e-03
   5.1934580e-03
   4.2996680e-03
   9.3224070e-03
   3.2076020e-03
   5.6757470e-03
   4.6565220e-03
   2.7577440e-03
   5.7272810e-03
   4.1073650e-03
   7.4702790e-03
   2.8259760e-03
   6.8354080e-03
   3.5963190e-03
   6.9657580e-03
   8.1146500e-03
   2.5630630e-03
   6.1780240e-03
   5.4793540e-03
   6.3197060e-03
   4.3634730e-03
   6.8015340e-03
   4.6363760e-03
   2.5461590e-03
   5.9934230e-03
   5.5035330e-03
   4.9556340e-03
   3.7447490e-03
   7.2725240e-03
   5.2874160e-03
   5.0848410e-03
   5.4210250e-03
   4.7058730e-03
   7.3067170e-03
   4.8092250e-03
   7.8951700e-03
   2.7263540e-03
   5.6521300e-03
   5.0889870e-03
   3.4101800e-03
   5.3625600e-03
   3.4381550e-03
   6.3499750e-03
   3.2959950e-03
   6.3005860e-03
   4.7045190e-03
   1.1290195e-02
   1.0082311e-02
   3.3393340e-03
   6.4645050e-03
   4.0589830e-03
   1.0371110e-02
   4.3097030e-03
   4.5226150e-03
   3.7880320e-03
   2.8597130e-03
   5.9940010e-03
   4.1511240e-03
   7.4375870e-03
   4.0307950e-03
   9.3045940e-03
   2.8182770e-03
   5.5383890e-03
   9.3148870e-03
   2.8107230e-03
   6.0168640e-03
   6.1635430e-03
   5.2398020e-03
   3.0320020e-03
   6.6007670e-03
   3.6872760e-03
   4.1183290e-03
   1.0115572e-02
   4.4562500e-03
   4.3817780e-03
   2.7857500e-03
   7.9583410e-03
   6.8052920e-03
   6.7666200e-03
   7.3280490e-03
   4.5776730e-03
   4.2745500e-03
   3.0479950e-03
   6.7924640e-03
   2.3134450e-03
   6.0155780e-03
   5.1955740e-03
   5.8408260e-03
   9.4317580e-03
   3.7495840e-03
   7.3802820e-03
   3.5935780e-03
   6.2757540e-03
   4.4054460e-03
   8.7920380e-03
   9.4757030e-03
   3.3801800e-03
   4.5042730e-03
   3.2443220e-03
   7.6594920e-03
   5.2010260e-03
   4.7581420e-03
   2.8899440e-03
   2.6092890e-03
   7.4251400e-03
   5.3587940e-03
   5.5839320e-03
   4.1459980e-03
   8.0177310e-03
   3.4167310e-03
   3.7909800e-03
   5.7998840e-03
   4.2776600e-03
   7.9446180e-03
   4.4665010e-03
   6.2639890e-03
   4.4204790e-03
   7.1259390e-03
   4.6636850e-03
   2.3954120e-03
   6.0426460e-03
   5.0840080e-03
   4.4896170e-03
   3.4959860e-03
   7.6055410e-03
   4.8765010e-03
   4.5517290e-03
   6.9710000e-03
   4.4571290e-03
   7.3416630e-03
   6.6565400e-03
   6.4300520e-03
   2.2755980e-03
   6.1849110e-03
   4.9850200e-03
   3.8716930e-03
   6.8680470e-03
   3.5861810e-03
   6.7924650e-03
   3.1491990e-03
   7.7013910e-03
   4.9808390e-03
   7.9350990e-03
   8.6633280e-03
   2.3239230e-03
   5.8496090e-03
   4.8121520e-03
   5.2254760e-03
   3.1423050e-03
   6.6999340e-03
   4.7178930e-03
   3.5067850e-03
   8.1893400e-03
   6.1424460e-03
   5.6495140e-03
   3.6190530e-03
   6.4315770e-03
   6.1776800e-03
   6.0235600e-03
   5.2031740e-03
   4.3470630e-03
   6.7525710e-03
   3.6389410e-03
   8.6610010e-03
   3.3497140e-03
   6.3339010e-03
   4.7704590e-03
   2.9450920e-03
   5.8779170e-03
   3.6390050e-03
   6.9091340e-03
   3.1290260e-03
   5.6184720e-03
   2.6362240e-03
   6.6716820e-03
   8.2546970e-03
   2.6044770e-03
   7.5492720e-03
   5.4049850e-03
   7.8657730e-03
   4.1931230e-03
   4.2346000e-03
   4.0047380e-03
   4.7498080e-03
   5.7349980e-03
   4.8433730e-03
   7.1826850e-03
   4.5659790e-03
   6.2466190e-03
   4.4594240e-03
   5.3197910e-03
   7.0094430e-03
   3.4328370e-03
   3.7276300e-03
   4.6009480e-03
   7.6458460e-03
   4.6958720e-03
   8.0112570e-03
   4.2330060e-03
   3.6111610e-03
   8.7326750e-03
   3.4469950e-03
   4.4732990e-03
   2.5135510e-03
   8.1821960e-03
   3.8550590e-03
   5.2721150e-03
   7.8565740e-03
   4.6242710e-03
   6.7396370e-03
   3.5126770e-03
   8.7752220e-03
   3.5520840e-03
   4.1965000e-03
   5.7638250e-03
   3.6751460e-03
   5.5317230e-03
   3.4042790e-03
   4.3426140e-03
   4.1143980e-03
   5.3117080e-03
   4.5097850e-03
   5.2256730e-03
   9.6836860e-03
   4.8224000e-03
   4.1104600e-03
   4.9653010e-03
   8.2364520e-03
   3.8878660e-03
   5.6404560e-03
   3.6135300e-03
   3.1442220e-03
   9.8780370e-03
   5.3571790e-03
   5.0407510e-03
   3.8619670e-03
   1.0510181e-02
   4.4300290e-03
   5.1777270e-03
   6.5616420e-03
   3.7818580e-03
   8.0749130e-03
   3.6995440e-03
   6.0810380e-03
   4.0732610e-03
   6.1386770e-03
   3.6776770e-03
   3.5926730e-03
   7.5881470e-03
   6.6515800e-03
   7.3997790e-03
   3.9484020e-03
   1.1081664e-02
   4.2732050e-03
   4.6591290e-03
   4.1124680e-03
   2.5795320e-03
   7.4952420e-03
   4.4301590e-03
   6.7322510e-03
   3.4455200e-03
   7.3309640e-03
   7.0527460e-03
   5.1601250e-03
   6.4328600e-03
   3.4131030e-03
   5.8201090e-03
   3.2257460e-03
   4.6002050e-03
   5.5648150e-03
   7.3232950e-03
   8.1294380e-03
   4.2242080e-03
   4.1957080e-03
   4.9596810e-03
   5.9559790e-03
   3.2983280e-03
   8.4875240e-03
   6.0115590e-03
   3.1025320e-03
   8.8833630e-03
   3.7312710e-03
   3.5724810e-03
   2.4250870e-03
   6.9219500e-03
   5.3654220e-03
   5.6323210e-03
   7.2157060e-03
   4.4515480e-03
   6.1672870e-03
   3.5623130e-03
   9.5326680e-03
   3.4384530e-03
   3.6312490e-03
   4.1187990e-03
   3.8114670e-03
   5.4083680e-03
   6.7570370e-03
   8.5747430e-03
   5.4220570e-03
   7.5107250e-03
   5.1284450e-03
   6.4186350e-03
   5.4048210e-03
   2.5077680e-03
   5.3518720e-03
   6.0682010e-03
   7.0179930e-03
   3.3818180e-03
   5.3865280e-03
   5.7912990e-03
   4.7725180e-03
   6.1289480e-03
   3.5157450e-03
   5.2591050e-03
   4.5836970e-03
   5.7879740e-03
   4.0910110e-03
   5.3371210e-03
   7.9779360e-03
   4.2636100e-03
   4.8359410e-03
   5.4964150e-03
   7.0733260e-03
   5.3709780e-03
   5.4159180e-03
   2.9642930e-03
   3.1184830e-03
   7.8826680e-03
   4.4853440e-03
   5.2990830e-03
   3.5142660e-03
   9.2585490e-03
   4.2373340e-03
   5.1305760e-03
   8.7698460e-03
   3.9637690e-03
   7.3318600e-03
   4.0648390e-03
   9.1821320e-03
   3.4339100e-03
   4.4588820e-03
   5.0184380e-03
   4.8111010e-03
   7.5918650e-03
   4.9434740e-03
   5.3450120e-03
   5.6403930e-03
   6.0842050e-03
   3.2793460e-03
   4.3933640e-03
   6.7164720e-03
   3.0329800e-03
   4.4545450e-03
   5.6674740e-03
   7.7359410e-03
   4.0930050e-03
   6.8185930e-03
   4.1689630e-03
   3.2359230e-03
   9.3780370e-03
   4.1160510e-03
   4.2479680e-03
   2.4762870e-03
   8.2434320e-03
   4.3310490e-03
   4.9161650e-03
   7.9708270e-03
   4.3801980e-03
   6.6613670e-03
   3.6825480e-03
   4.7416440e-03
   3.6929430e-03
   7.9319490e-03
   4.5715090e-03
   3.3193300e-03
   7.6044820e-03
   3.8853010e-03
   5.1734070e-03
   2.2385940e-03
   6.5407830e-03
   5.8475080e-03
   6.8812180e-03
   7.7963690e-03
   4.5775810e-03
   5.5809120e-03
   3.4392510e-03
   8.4871840e-03
   3.7683500e-03
   4.5601060e-03
   4.2808090e-03
   3.8400730e-03
   5.5514210e-03
   5.3531720e-03
   8.1561930e-03
   6.2706410e-03
   6.4490480e-03
   3.9381420e-03
   5.3523470e-03
   5.2159430e-03
   2.6141600e-03
   5.5562270e-03
   6.9712610e-03
   7.7109810e-03
   5.2280260e-03
   4.9668960e-03
   3.3824870e-03
   2.5630280e-03
   6.8361290e-03
   7.8617350e-03
   6.7692120e-03
   3.4204350e-03
   1.0123811e-02
   4.4914920e-03
   4.8797300e-03
   6.0394130e-03
   2.9684000e-03
   7.1664500e-03
   4.4703550e-03
   7.3411090e-03
   2.5587890e-03
   5.5187030e-03
   7.3337340e-03
   5.2426160e-03
   7.9904510e-03
   4.4577390e-03
   5.6457860e-03
   3.2956870e-03
   4.3574580e-03
   5.4644060e-03
   7.1431530e-03
   7.2668940e-03
   3.6678960e-03
   3.8694540e-03
   4.6869380e-03
   4.4474630e-03
   5.9401390e-03
   4.3732660e-03
   6.7480430e-03
   4.0719880e-03
   4.6352340e-03
   8.2985400e-03
   3.8546170e-03
   5.3579580e-03
   4.8473290e-03
   6.7961590e-03
   3.1672220e-03
   3.7385080e-03
   7.6084480e-03
   5.5743760e-03
   6.4183310e-03
   3.5639750e-03
   5.4070210e-03
   3.0372180e-03
   1.0644322e-02
   7.0728380e-03
   3.5544570e-03
   7.1077490e-03
   3.2162060e-03
   6.8388390e-03
   3.1141420e-03
   6.9239020e-03
   4.5477120e-03
   4.7063620e-03
   6.4634410e-03
   3.0625240e-03
   8.7913640e-03
   4.2370180e-03
   6.0514950e-03
   5.2609330e-03
   6.7597570e-03
   5.2670590e-03
   6.1318310e-03
   8.3776580e-03
   3.7623340e-03
   4.0786420e-03
   4.4461970e-03
   8.4754570e-03
   3.2444120e-03
   4.4420950e-03
   6.2782510e-03
   3.2304360e-03
   5.9816170e-03
   4.9327280e-03
   6.3877970e-03
   2.8324530e-03
   8.8016210e-03
   7.7946580e-03
   2.7193640e-03
   8.5238150e-03
   4.0415490e-03
   5.0870650e-03
   3.3254410e-03
   7.3270390e-03
   2.9964370e-03
   4.3891590e-03
   4.7517050e-03
   3.0147570e-03
   9.9952880e-03
   5.1558920e-03
   6.6823180e-03
   2.1882700e-03
   6.5750520e-03
   6.4374220e-03
   3.0263160e-03
   7.7429760e-03
   4.0870660e-03
   8.3329460e-03
   4.8104850e-03
   5.0554450e-03
   3.0055620e-03
   4.5882870e-03
   5.3780700e-03
   3.9838210e-03
   9.2650490e-03
   3.5012380e-03
   5.3735750e-03
   4.1989410e-03
   6.5853670e-03
   6.7695370e-03
   7.6017600e-03
   6.3101400e-03
   2.6222060e-03
   5.0749160e-03
   4.4524720e-03
   8.8394380e-03
   3.8581450e-03
   4.4258040e-03
   9.1944670e-03
   3.1243490e-03
   4.4739860e-03
   3.7820860e-03
   4.9950490e-03
   3.4628480e-03
   9.1167750e-03
   1.0678864e-02
   5.2627050e-03
   6.1063810e-03
   3.1423020e-03
   5.9829430e-03
   3.9698670e-03
   7.6684340e-03
   4.0837520e-03
   6.2472160e-03
   6.0420830e-03
   1.9812910e-03
   6.6161440e-03
   5.4350900e-03
   6.8375860e-03
   3.3564870e-03
   5.0537900e-03
   4.8662670e-03
   5.2308320e-03
   8.9890830e-03
   3.8070780e-03
   6.2239410e-03
   5.8187910e-03
   6.3535240e-03
   2.1793130e-03
   3.5433050e-03
   5.4718180e-03
   4.6036860e-03
   7.6695560e-03
   3.6113310e-03
   5.8430250e-03
   5.3031060e-03
   6.7335940e-03
   5.0095750e-03
   6.2169580e-03
   8.4333040e-03
   3.9493030e-03
   4.8473720e-03
   4.8411690e-03
   8.8317880e-03
   4.3342930e-03
   3.5728110e-03
   5.9643230e-03
   3.2353640e-03
   5.9003120e-03
   5.5986270e-03
   6.4484400e-03
   3.3495780e-03
   1.1283069e-02
   7.2677630e-03
   3.0084130e-03
   6.4571320e-03
   3.3804970e-03
   6.1778760e-03
   3.0301060e-03
   5.1759810e-03
   2.7011500e-03
   3.4564340e-03
   5.2341650e-03
   3.6090510e-03
   9.7252700e-03
   5.1540940e-03
   7.0691880e-03
   4.3044480e-03
   6.8216260e-03
   3.7826890e-03
   3.7202570e-03
   7.4810130e-03
   3.5735890e-03
   4.3546410e-03
   5.4151450e-03
   7.8127780e-03
   2.8500640e-03
   4.7830790e-03
   6.4170010e-03
   4.9272690e-03
   7.4982270e-03
   3.4839550e-03
   5.3913870e-03
   3.1837970e-03
   1.0119011e-02
   6.9698850e-03
   3.9999540e-03
   7.4520420e-03
   3.0932970e-03
   7.0196380e-03
   3.6995020e-03
   8.3419520e-03
   4.1905280e-03
   4.5570650e-03
   4.4944720e-03
   2.8822010e-03
   8.8398480e-03
   3.8681200e-03
   4.9305150e-03
   3.4136890e-03
   1.0352825e-02
   1.0065894e-02
   5.8259220e-03
   7.2058990e-03
   3.5691390e-03
   7.3192730e-03
   3.7628540e-03
   7.6858170e-03
   5.7710280e-03
   5.5199290e-03
   6.1892300e-03
   2.2085480e-03
   5.8571330e-03
   6.1726020e-03
   8.3516110e-03
   3.0850640e-03
   4.5895750e-03
   4.1899180e-03
   4.1709390e-03
   8.0378150e-03
   3.7266220e-03
   6.0907650e-03
   5.5390340e-03
   5.7764530e-03
   2.5511170e-03
   3.7922810e-03
   6.5454960e-03
   4.4513890e-03
   5.8709670e-03
   6.4874710e-03
   7.1300240e-03
   2.5070350e-03
   7.9647270e-03
   6.2543610e-03
   3.0580140e-03
   7.2507290e-03
   3.7509670e-03
   8.8010790e-03
   4.9830870e-03
   5.2765260e-03
   2.4150060e-03
   4.9412360e-03
   4.8388190e-03
   3.6472980e-03
   1.0329134e-02
   3.5239600e-03
   5.2566590e-03
   3.9446460e-03
   5.6671580e-03
   6.1564080e-03
   7.0924570e-03
   6.7547860e-03
   2.9230490e-03
   4.6875230e-03
   4.9813560e-03
   1.1105819e-02
   4.1869950e-03
   5.2077360e-03
   6.6000930e-03
   2.5844810e-03
   4.8743880e-03
   3.2869220e-03
   6.1955180e-03
   4.7174850e-03
   4.7280950e-03
   4.9944550e-03
   3.8141770e-03
   6.7029550e-03
   5.0444400e-03
   6.0071730e-03
   5.2913200e-03
   6.3729820e-03
   5.0139470e-03
   3.4425440e-03
   6.2904250e-03
   7.0118150e-03
   5.2419280e-03
   3.3476190e-03
   5.8620850e-03
   4.9045230e-03
   8.5828610e-03
   8.0189750e-03
   3.4555100e-03
   4.8942520e-03
   3.7138600e-03
   7.1936040e-03
   2.4012320e-03
   4.9819940e-03
   4.7136350e-03
   4.1139930e-03
   6.2636460e-03
   4.4249800e-03
   8.1433460e-03
   3.4043600e-03
   8.1037120e-03
   7.6873160e-03
   5.1009760e-03
   5.5627730e-03
   3.9601460e-03
   5.5983750e-03
   4.6828610e-03
   4.3314650e-03
   3.2509460e-03
   4.8661210e-03
   4.4953550e-03
   4.5455450e-03
   8.6676720e-03
   6.0346520e-03
   5.1619240e-03
   3.6281570e-03
   6.3816190e-03
   3.7812800e-03
   6.5948380e-03
   9.1069780e-03
   3.2961250e-03
   5.8687920e-03
   6.7047220e-03
   8.4461790e-03
   3.0737200e-03
   5.3502850e-03
   4.6183420e-03
   2.6153150e-03
   6.3724330e-03
   4.1911500e-03
   7.5681020e-03
   4.7020900e-03
   6.5003410e-03
   2.7009850e-03
   5.1182250e-03
   8.1383010e-03
   3.3869210e-03
   7.0882750e-03
   7.2624190e-03
   1.2226933e-02
   4.3610350e-03
   4.9852600e-03
   4.3496640e-03
   2.9686940e-03
   5.1373750e-03
   3.9041330e-03
   6.2370820e-03
   3.5924920e-03
   7.1295740e-03
   6.1894140e-03
   5.5236910e-03
   6.4549390e-03
   4.6877290e-03
   5.3571710e-03
   3.0592370e-03
   5.0203190e-03
   3.3006200e-03
   8.3103790e-03
   5.0174920e-03
   5.3251040e-03
   1.0427474e-02
   4.5801300e-03
   3.9543350e-03
   3.7042710e-03
   6.9115760e-03
   5.4416990e-03
   7.2985760e-03
   1.1028840e-02
   4.2590450e-03
   4.0882820e-03
   4.0765960e-03
   6.8810230e-03
   2.4088700e-03
   4.8546590e-03
   5.1946430e-03
   4.8020500e-03
   8.5054300e-03
   3.1106630e-03
   5.4464510e-03
   3.7193360e-03
   9.2506120e-03
   3.6338590e-03
   3.2605340e-03
   6.3201990e-03
   3.7376460e-03
   7.5685030e-03
   6.2068830e-03
   6.9692730e-03
   5.3420070e-03
   5.4180360e-03
   3.9751760e-03
   2.7150930e-03
   5.9066830e-03
   5.5878600e-03
   4.7972040e-03
   3.6962050e-03
   6.5697970e-03
   7.2124170e-03
   6.8173330e-03
   5.0840370e-03
   4.5670260e-03
   7.5431180e-03
   4.2681460e-03
   4.7020920e-03
   3.5264510e-03
   5.5789710e-03
   4.8019720e-03
   3.8732440e-03
   7.3568610e-03
   6.1857980e-03
   4.7928660e-03
   4.2325700e-03
   6.3796860e-03
   3.5303810e-03
   6.6511830e-03
   7.0599160e-03
   2.8044100e-03
   6.3481730e-03
   5.3938150e-03
   7.7230870e-03
   2.9557050e-03
   5.4336650e-03
   4.2744860e-03
   2.8506450e-03
   5.8903930e-03
   3.9580910e-03
   7.7198100e-03
   3.4302030e-03
   7.9100680e-03
   5.1516050e-03
   4.5582500e-03
   5.2642050e-03
   3.3559760e-03
   5.6911280e-03
   5.1380380e-03
   5.3658970e-03
   4.8672670e-03
   5.9045700e-03
   4.8296820e-03
   3.3945480e-03
   6.4482650e-03
   6.4665800e-03
   4.8785560e-03
   3.2487490e-03
   6.9579780e-03
   4.6503050e-03
   6.4788900e-03
   7.4607690e-03
   2.5707700e-03
   4.5046750e-03
   4.8561680e-03
   6.9912030e-03
   2.3870330e-03
   6.6513710e-03
   5.5773090e-03
   4.0782810e-03
   6.7624370e-03
   3.8204330e-03
   7.9117830e-03
   4.0462600e-03
   5.4282470e-03
   4.6293920e-03
   7.6815220e-03
   9.8723910e-03
   4.2448910e-03
   4.8404420e-03
   4.3232510e-03
   7.6971720e-03
   2.6865810e-03
   6.4004890e-03
   5.3126470e-03
   4.8047470e-03
   7.9312510e-03
   2.9549780e-03
   5.6884890e-03
   4.7080530e-03
   9.4445220e-03
   3.9669170e-03
   4.0789370e-03
   5.5275680e-03
   4.1400150e-03
   8.8251650e-03
   4.4235210e-03
   7.2204590e-03
   5.4340920e-03
   4.5485200e-03
   3.2944240e-03
   2.5337160e-03
   5.7613130e-03
   5.5901340e-03
   4.7422880e-03
   4.5511940e-03
   8.9577160e-03
   3.2807620e-03
   5.0349730e-03
   8.1723300e-03
   3.0423360e-03
   5.5722610e-03
   6.7038120e-03
   1.2022720e-02
   4.9045470e-03
   5.0518740e-03
   4.2292140e-03
   3.1878940e-03
   6.1477330e-03
   4.1320960e-03
   6.9184490e-03
   2.7384550e-03
   7.0916010e-03
   6.4118830e-03
   5.7113650e-03
   8.2523610e-03
   5.0448640e-03
   4.8342290e-03
   3.2706440e-03
   5.5808640e-03
   3.9165870e-03
   6.7973340e-03
   5.0906790e-03
   3.9346010e-03
   8.4834870e-03
   4.9189870e-03
   3.7687680e-03
   7.4307590e-03
   5.3137530e-03
   6.6409030e-03
   5.0776910e-03
   5.0761060e-03
   4.7485530e-03
   3.3687090e-03
   6.8547170e-03
   5.5695590e-03
   5.3258920e-03
   2.5236070e-03
   5.7938110e-03
   5.8012900e-03
   3.5828090e-03
   5.5352360e-03
   4.1998260e-03
   7.2208180e-03
   4.6149870e-03
   1.0595414e-02
   2.9694790e-03
   4.3533470e-03
   7.5655740e-03
   3.1807520e-03
   6.8767980e-03
   3.4696490e-03
   6.9724530e-03
   4.3499620e-03
   6.1411320e-03
   6.4130440e-03
   4.7487030e-03
   6.9252130e-03
   2.4515200e-03
   5.3066960e-03
   3.7375770e-03
   5.7465810e-03
   5.2313280e-03
   6.2275850e-03
   5.1549130e-03
   2.6438980e-03
   5.9935390e-03
   5.5343560e-03
   4.6813380e-03
   2.7597790e-03
   7.3269120e-03
   6.0921320e-03
   4.9511340e-03
   5.8902900e-03
   3.2407360e-03
   6.3801940e-03
   5.5510940e-03
   8.8371880e-03
   2.5805140e-03
   3.3624160e-03
   6.9371900e-03
   3.2885590e-03
   7.1065160e-03
   4.3950910e-03
   7.2884740e-03
   3.5219840e-03
   7.3246520e-03
   5.6044240e-03
   4.9926400e-03
   9.8998100e-03
   3.2086010e-03
   6.5848950e-03
   5.2793630e-03
   8.2018460e-03
   2.5960090e-03
   2.7499740e-03
   5.0445330e-03
   4.7503590e-03
   9.4317260e-03
   3.7892740e-03
   7.4917800e-03
   3.5427700e-03
   6.1091520e-03
   4.3802740e-03
   3.3405600e-03
   8.9185740e-03
   3.8121630e-03
   4.9526230e-03
   3.2936130e-03
   7.7314800e-03
   5.7539730e-03
   6.7901540e-03
   5.9556630e-03
   3.0845650e-03
   6.9191450e-03
   3.9557370e-03
   4.7936820e-03
   4.3296800e-03
   1.0990839e-02
   6.6216560e-03
   3.7533950e-03
   5.3559870e-03
   3.3212020e-03
   4.1839010e-03
   3.2609000e-03
   9.9113090e-03
   3.0816520e-03
   3.9704820e-03
   7.6805460e-03
   3.3964310e-03
   7.3685290e-03
   3.2696610e-03
   5.4699520e-03
   6.5367280e-03
   1.0037475e-02
   5.9340120e-03
   5.9817970e-03
   7.1195270e-03
   2.2138920e-03
   6.8867220e-03
   5.0310870e-03
   5.8667280e-03
   3.9904870e-03
   4.1697640e-03
   4.4275570e-03
   4.2643660e-03
   1.0686980e-02
   5.8283330e-03
   5.3364400e-03
   2.7539040e-03
   8.5348030e-03
   4.7568600e-03
   3.4588530e-03
   8.6220620e-03
   5.1885500e-03
   5.3798290e-03
   3.9317610e-03
   5.1686570e-03
   3.6785850e-03
   5.8383070e-03
   4.9153840e-03
   3.6607600e-03
   8.1890530e-03
   4.9358040e-03
   4.8660770e-03
   4.2388420e-03
   8.1843070e-03
   7.8094290e-03
   4.8219630e-03
   4.9947280e-03
   3.5448680e-03
   6.9280410e-03
   5.7702630e-03
   8.9443560e-03
   2.6915950e-03
   3.3696950e-03
   6.9304180e-03
   3.1470690e-03
   6.2436960e-03
   3.6004340e-03
   7.1983360e-03
   3.3837870e-03
   5.1393640e-03
   6.6007690e-03
   4.8853920e-03
   9.5143550e-03
   3.7077990e-03
   7.9529770e-03
   6.4146560e-03
   6.2122320e-03
   4.7403930e-03
   4.4499590e-03
   4.2871580e-03
   3.4743900e-03
   7.2649190e-03
   5.1769740e-03
   4.6146710e-03
   2.3622060e-03
   6.6361970e-03
   6.5900800e-03
   5.0473620e-03
   6.4128810e-03
   4.0386680e-03
   5.8749170e-03
   4.2168110e-03
   1.0663457e-02
   3.0963230e-03
   4.7307590e-03
   9.2115920e-03
   3.9013050e-03
   7.0804340e-03
   3.8152740e-03
   6.6069090e-03
   3.3466390e-03
   7.2152030e-03
   4.6773920e-03
   4.5242230e-03
   8.0546440e-03
   2.3589170e-03
   3.4241430e-03
   2.5742710e-03
   1.0521666e-02
   3.4242180e-03
   4.9840690e-03
   9.5367750e-03
   3.7037190e-03
   7.1282940e-03
   3.4510710e-03
   6.2003500e-03
   5.1539300e-03
   8.1953920e-03
   5.4897910e-03
   4.1071130e-03
   7.4238100e-03
   2.7873930e-03
   7.0774430e-03
   5.2999680e-03
   5.6752340e-03
   3.4959950e-03
   3.9274840e-03
   4.0833060e-03
   4.1369420e-03
   9.6536290e-03
   4.9802870e-03
   6.6531670e-03
   3.0013080e-03
   6.5975800e-03
   6.4194210e-03
   3.6242220e-03
   8.1981870e-03
   5.8109440e-03
   6.5100590e-03
   5.3511910e-03
   8.9950310e-03
   2.9515750e-03
   2.8193860e-03
   5.7011630e-03
   4.5732830e-03
   8.2439870e-03
   4.2758560e-03
   6.8173990e-03
   2.5576030e-03
   5.5058490e-03
   3.8285120e-03
   3.9055380e-03
   1.1402392e-02
   3.7519480e-03
   4.7368500e-03
   3.1076760e-03
   6.9973390e-03
   4.3283590e-03
   6.3221830e-03
   5.7738570e-03
   3.5048000e-03
   8.3155430e-03
   4.1801950e-03
   3.8892680e-03
   4.4031750e-03
   1.2522879e-02
   6.4969280e-03
   4.4132890e-03
   5.2217910e-03
   3.2377650e-03
   5.0108450e-03
   3.8061270e-03
   5.7512790e-03
   4.1103730e-03
   7.1950130e-03
   5.8753390e-03
   2.8539720e-03
   7.5311920e-03
   5.3893970e-03
   6.1482670e-03
   3.5394560e-03
   8.8345350e-03
   6.2891630e-03
   4.0296580e-03
   5.5208630e-03
   3.1043490e-03
   5.3916180e-03
   6.1854040e-03
   9.3648800e-03
   2.7384400e-03
   3.5783000e-03
   6.0040650e-03
   3.2995470e-03
   7.1635770e-03
   4.2018070e-03
   7.1530650e-03
   3.2000790e-03
   5.9806820e-03
   5.5809670e-03
   4.8759230e-03
   8.5718310e-03
   3.4313890e-03
   7.4882680e-03
   4.2189560e-03
   5.4828270e-03
   3.7898420e-03
   3.9882190e-03
   4.8215700e-03
   3.1409170e-03
   6.1282780e-03
   5.8748910e-03
   5.4609410e-03
   2.6549440e-03
   8.5991680e-03
   6.7513920e-03
   4.2933790e-03
   6.9773280e-03
   4.7583300e-03
   5.3611350e-03
   3.4702110e-03
   7.5596650e-03
   2.5807190e-03
   4.5733050e-03
   8.5731040e-03
   3.6994760e-03
   6.7460640e-03
   4.7436910e-03
   7.6778570e-03
   5.0992690e-03
   7.5013050e-03
   5.3862690e-03
   5.1490670e-03
   6.4935450e-03
   2.3408230e-03
   4.6562020e-03
   3.6404800e-03
   1.1098452e-02
   3.0347100e-03
   4.5314950e-03
   8.0873730e-03
   3.0525420e-03
   7.9742960e-03
   2.8398620e-03
   5.5443770e-03
   5.9096310e-03
   9.3815780e-03
   6.1661510e-03
   4.4581140e-03
   6.4918140e-03
   2.1216810e-03
   7.1936870e-03
   6.9635580e-03
   6.9135020e-03
   4.9034750e-03
   3.6153400e-03
   3.1228250e-03
   3.7327740e-03
   9.1412130e-03
   4.9965320e-03
   4.7301480e-03
   2.5393120e-03
   6.7322680e-03
   5.4553630e-03
   3.7029570e-03
   8.8463450e-03
   5.6485840e-03
   7.2636480e-03
   5.2637520e-03
   8.9428610e-03
   2.6595350e-03
   2.1110760e-03
   4.9983170e-03
   3.7922210e-03
   7.3493930e-03
   3.6234070e-03
   7.4216290e-03
   3.1791350e-03
   6.0392820e-03
   5.0600440e-03
   3.7850080e-03
   1.1546760e-02
   4.2249630e-03
   4.5109010e-03
   2.7319700e-03
   6.5434790e-03
   5.6764270e-03
   6.0629830e-03
   5.1677410e-03
   3.2927620e-03
   6.3899080e-03
   5.0366350e-03
   4.5490840e-03
   4.6629200e-03
   1.1611802e-02
   6.7704810e-03
   4.6812830e-03
   5.7892180e-03
   3.4445040e-03
   6.2422390e-03
   5.0801340e-03
   5.1855830e-03
   3.1190600e-03
   4.5087790e-03
   4.5252550e-03
   3.1504760e-03
   7.9767960e-03
   5.0472320e-03
   5.5157050e-03
   2.7688780e-03
   7.3939020e-03
   6.2931760e-03
   4.2970670e-03
   5.7392520e-03
   4.0396660e-03
   4.5242120e-03
   3.8370260e-03
   8.2368590e-03
   2.5214830e-03
   4.5710220e-03
   7.8481370e-03
   3.7447940e-03
   6.9598330e-03
   4.6646200e-03
   7.6237950e-03
   4.5087210e-03
   7.5673720e-03
   5.8251350e-03
   5.8616980e-03
   8.3712140e-03
   2.8900680e-03
   6.1657260e-03
   3.7441610e-03
   5.3231770e-03
   3.9299760e-03
   5.9996090e-03
   5.7034590e-03
   3.6193520e-03
   8.3436510e-03
   4.3506440e-03
   5.0527930e-03
   3.7741570e-03
   8.5426930e-03
   7.1607240e-03
   4.4116210e-03
   5.5074400e-03
   3.3566550e-03
   6.2184230e-03
   5.1331170e-03
   7.7842670e-03
   2.8470150e-03
   3.7512640e-03
   7.4216030e-03
   4.3018100e-03
   6.4272820e-03
   4.8875380e-03
   8.1269550e-03
   3.6183350e-03
   6.0787170e-03
   5.9584160e-03
   5.4195490e-03
   8.8918020e-03
   3.2070930e-03
   6.2105560e-03
   4.9269140e-03
   8.1786860e-03
   2.2951420e-03
   2.7104180e-03
   5.1183190e-03
   3.3838790e-03
   8.3246500e-03
   4.1877240e-03
   7.9324240e-03
   3.1509830e-03
   5.9472170e-03
   4.7267970e-03
   3.7871190e-03
   1.2235296e-02
   4.2707980e-03
   4.3482930e-03
   3.5189350e-03
   8.2094870e-03
   4.9800750e-03
   6.2267850e-03
   4.5891620e-03
   3.1379420e-03
   7.9155530e-03
   4.1937510e-03
   4.3137360e-03
   4.6829590e-03
   1.0373111e-02
   7.5877460e-03
   5.2537270e-03
   6.0876810e-03
   3.9140750e-03
   4.5060830e-03
   2.9216550e-03
   1.1174938e-02
   3.8053970e-03
   3.9632360e-03
   9.1079390e-03
   3.1294270e-03
   5.4289230e-03
   2.8502650e-03
   5.4937540e-03
   4.3862160e-03
   8.1831400e-03
   5.7596090e-03
   4.4151990e-03
   8.5924260e-03
   2.6314230e-03
   7.7450870e-03
   5.2063500e-03
   5.6128590e-03
   5.1606790e-03
   3.8440850e-03
   3.9407380e-03
   4.5614680e-03
   8.7867620e-03
   4.9795980e-03
   5.0153420e-03
   2.4674810e-03
   6.0431460e-03
   5.2149800e-03
   3.3720860e-03
   7.5721940e-03
   5.3295840e-03
   3.1994660e-03
   7.5347440e-03
   6.0873240e-03
   4.6818130e-03
   6.0156170e-03
   4.1997310e-03
   6.6448440e-03
   4.3508230e-03
   5.5523870e-03
   3.3583810e-03
   6.3942540e-03
   5.7006010e-03
   3.5830580e-03
   8.5405620e-03
   5.3068590e-03
   4.7203880e-03
   3.3058920e-03
   5.2422740e-03
   3.6733850e-03
   6.2474710e-03
   7.2458240e-03
   3.2545200e-03
   5.7114830e-03
   6.0206520e-03
   1.0049375e-02
   3.4814050e-03
   5.3169590e-03
   5.6171540e-03
   2.8422470e-03
   6.0480690e-03
   4.9819990e-03
   7.2442180e-03
   3.4759240e-03
   8.1462730e-03
   5.0469020e-03
   4.9737990e-03
   6.0797920e-03
   4.0147980e-03
   7.5527610e-03
   5.7878640e-03
   5.2309420e-03
   4.6778450e-03
   7.2623870e-03
   4.4485580e-03
   3.3325870e-03
   5.8243250e-03
   5.9062480e-03
   5.3524810e-03
   3.1860200e-03
   5.1699630e-03
   4.8068270e-03
   7.4521600e-03
   8.7856010e-03
   3.8703780e-03
   5.1293640e-03
   4.5193400e-03
   7.3660250e-03
   2.8330390e-03
   5.6466040e-03
   5.0209780e-03
   4.0452980e-03
   5.2859630e-03
   3.8421150e-03
   7.4393240e-03
   3.1371360e-03
   5.7636310e-03
   4.4868310e-03
   7.4556810e-03
   9.9750410e-03
   3.8457070e-03
   3.8304710e-03
   3.1973380e-03
   8.8192810e-03
   2.5618810e-03
   5.2531630e-03
   5.9296280e-03
   4.9146910e-03
   1.0112270e-02
   3.7488500e-03
   6.7513980e-03
   4.1390010e-03
   9.3595770e-03
   3.8334260e-03
   3.4849550e-03
   4.5483190e-03
   3.4121960e-03
   7.4125190e-03
   5.1599820e-03
   7.0265190e-03
   5.5741710e-03
   4.3299460e-03
   4.1124430e-03
   3.2658600e-03
   7.3431650e-03
   6.2770770e-03
   4.6617720e-03
   4.6641860e-03
   7.9180500e-03
   3.1778480e-03
   5.4124700e-03
   8.1541830e-03
   3.0988200e-03
   6.1027190e-03
   5.8938460e-03
   1.0397556e-02
   3.9073540e-03
   4.9671370e-03
   3.6615700e-03
   3.1595350e-03
   5.8003690e-03
   4.3551580e-03
   8.9974170e-03
   3.4726890e-03
   7.4027930e-03
   6.2289370e-03
   5.0956160e-03
   6.7837510e-03
   4.7685080e-03
   4.8146900e-03
   3.4532920e-03
   4.0932670e-03
   3.0986740e-03
   6.6791110e-03
   4.3322320e-03
   6.8075930e-03
   9.1853770e-03
   4.0988330e-03
   3.8801110e-03
   3.2319560e-03
   7.3957810e-03
   4.6594490e-03
   4.5621120e-03
   6.0169380e-03
   4.1412700e-03
   7.4880070e-03
   5.5308600e-03
   6.9022750e-03
   5.1196830e-03
   6.7127540e-03
   5.5659430e-03
   2.5548960e-03
   6.2291930e-03
   5.9457360e-03
   4.2451760e-03
   4.3033010e-03
   6.7729620e-03
   5.1136280e-03
   7.4080980e-03
   7.1183680e-03
   2.8450120e-03
   5.3093450e-03
   5.8488770e-03
   6.3936440e-03
   2.3830080e-03
   5.6247400e-03
   5.4059460e-03
   4.0316080e-03
   7.2980500e-03
   3.8240900e-03
   6.3884640e-03
   3.1474360e-03
   6.5736650e-03
   6.5003520e-03
   5.8224960e-03
   5.3832110e-03
   3.8135070e-03
   5.8042520e-03
   3.4722080e-03
   4.8131610e-03
   3.8066660e-03
   6.6082040e-03
   4.6782270e-03
   3.7161210e-03
   6.8777670e-03
   6.2836980e-03
   5.5333530e-03
   3.6814330e-03
   5.6651310e-03
   3.3165530e-03
   5.3691540e-03
   7.1514110e-03
   2.9534810e-03
   6.2433240e-03
   6.8402740e-03
   8.8462810e-03
   4.0254790e-03
   7.1122140e-03
   5.2921420e-03
   2.9465660e-03
   5.0947150e-03
   3.3935180e-03
   6.3472540e-03
   4.7433120e-03
   8.4833190e-03
   2.9191610e-03
   4.9952100e-03
   8.4050690e-03
   2.9511130e-03
   5.9539080e-03
   6.0871850e-03
   1.1247313e-02
   3.7981190e-03
   4.4164520e-03
   4.0509520e-03
   2.6797840e-03
   6.2201600e-03
   3.9041420e-03
   7.9358970e-03
   3.2014620e-03
   6.8799920e-03
   7.2573600e-03
   6.7201970e-03
   6.5175100e-03
   4.8645820e-03
   4.1260570e-03
   2.8998460e-03
   4.9450170e-03
   3.4207790e-03
   4.8252430e-03
   4.3633870e-03
   4.5633810e-03
   1.0237187e-02
   6.2806170e-03
   3.9036750e-03
   3.8350750e-03
   6.5210120e-03
   4.8827820e-03
   7.6815980e-03
   8.8924930e-03
   3.2401100e-03
   3.8263270e-03
   3.6333130e-03
   6.5428770e-03
   2.5015470e-03
   7.0087190e-03
   4.8589150e-03
   5.5352220e-03
   8.6664670e-03
   3.3265540e-03
   7.2245430e-03
   4.0521130e-03
   7.8260090e-03
   3.8464880e-03
   3.6812430e-03
   5.5085220e-03
   3.9929550e-03
   7.1407230e-03
   4.5114880e-03
   8.4181020e-03
   7.7597920e-03
   5.0660880e-03
   3.7851350e-03
   3.2577980e-03
   6.1597500e-03
   6.7524890e-03
   5.4600600e-03
   3.1846510e-03
   4.4458380e-03
   3.6550420e-03
   5.5809040e-03
   5.1975170e-03
   6.3836990e-03
   8.8365820e-03
   3.2035540e-03
   5.7096700e-03
   5.0761650e-03
   1.0359955e-02
   4.4221030e-03
   4.0774770e-03
   7.5784920e-03
   3.8651090e-03
   6.4058670e-03
   5.1756930e-03
   5.2776270e-03
   2.7415550e-03
   8.8174820e-03
   6.2852900e-03
   2.8592340e-03
   8.5550780e-03
   3.9340210e-03
   5.8843060e-03
   3.4074360e-03
   6.8690700e-03
   3.3128300e-03
   6.0329470e-03
   5.6532360e-03
   3.5053710e-03
   1.0179236e-02
   4.1663980e-03
   6.6370770e-03
   4.4057860e-03
   6.2537680e-03
   4.5748550e-03
   4.8525270e-03
   7.5812440e-03
   3.7124410e-03
   5.5142720e-03
   4.7073690e-03
   7.4189260e-03
   2.9681160e-03
   3.6768020e-03
   6.6837370e-03
   5.3830100e-03
   7.9399250e-03
   3.1850840e-03
   5.0641390e-03
   2.8350710e-03
   7.5722380e-03
   7.6812770e-03
   3.7871780e-03
   7.6005970e-03
   4.2037930e-03
   6.4653630e-03
   3.6037990e-03
   7.8939190e-03
   4.6764450e-03
   4.5809680e-03
   4.9355240e-03
   2.2586380e-03
   6.8668190e-03
   3.7826240e-03
   4.6417800e-03
   2.9850380e-03
   8.9652960e-03
   1.0093521e-02
   5.3214880e-03
   6.2428590e-03
   2.6668570e-03
   6.4388460e-03
   3.7058300e-03
   7.8798650e-03
   4.5726450e-03
   5.7981650e-03
   7.0926990e-03
   2.2030300e-03
   6.7032360e-03
   5.4130030e-03
   6.2121770e-03
   3.5951180e-03
   5.2421960e-03
   3.3642460e-03
   4.0021780e-03
   7.1776220e-03
   2.7722480e-03
   5.7432610e-03
   5.9474890e-03
   5.2479160e-03
   2.1836730e-03
   4.3696030e-03
   6.7503260e-03
   5.8744260e-03
   8.8216550e-03
   6.8191550e-03
   1.0047140e-02
   2.7877930e-03
   8.0054920e-03
   6.6001650e-03
   2.9580940e-03
   7.3702790e-03
   4.1475980e-03
   7.5516450e-03
   4.1138220e-03
   5.1226700e-03
   2.6280210e-03
   4.8920210e-03
   5.7149640e-03
   3.7893910e-03
   1.0545326e-02
   3.1743060e-03
   5.0797660e-03
   4.7806160e-03
   6.6199610e-03
   6.4390760e-03
   7.5604480e-03
   5.8079200e-03
   3.0025770e-03
   5.0535130e-03
   5.0041730e-03
   8.5287840e-03
   3.7439510e-03
   4.5351450e-03
   7.3267580e-03
   2.8483490e-03
   4.4931490e-03
   5.0697120e-03
   6.3510290e-03
   3.7277380e-03
   6.4204940e-03
   4.2098530e-03
   4.2163720e-03
   9.6611330e-03
   3.5706660e-03
   4.9616170e-03
   5.1498060e-03
   9.3283790e-03
   3.3270420e-03
   3.7027060e-03
   6.5936430e-03
   4.4461730e-03
   6.1906620e-03
   3.5706450e-03
   4.2643370e-03
   3.1049040e-03
   1.0364381e-02
   6.6409500e-03
   4.0615950e-03
   7.2811390e-03
   3.3319130e-03
   7.1133720e-03
   3.6601000e-03
   7.7073570e-03
   4.3513210e-03
   4.2922420e-03
   4.6244530e-03
   2.7576350e-03
   7.8342660e-03
   3.1429130e-03
   5.5188550e-03
   4.5228860e-03
   5.9407270e-03
   5.2683910e-03
   5.1794900e-03
   7.7074820e-03
   3.7733900e-03
   4.9810680e-03
   4.5705790e-03
   9.9508120e-03
   4.2351090e-03
   3.8899270e-03
   6.3803100e-03
   3.5711470e-03
   6.9905550e-03
   3.9746340e-03
   5.0186650e-03
   3.0655590e-03
   8.6652800e-03
   6.6228730e-03
   3.0190560e-03
   5.9063920e-03
   3.7108490e-03
   7.8475280e-03
   4.4082060e-03
   6.5902620e-03
   3.0351530e-03
   4.2557200e-03
   5.2013410e-03
   3.9527770e-03
   1.0389402e-02
   7.0430730e-03
   6.8553550e-03
   2.3253120e-03
   9.4013420e-03
   6.3734080e-03
   3.4198440e-03
   7.3636630e-03
   3.3529570e-03
   9.6231940e-03
   4.8708440e-03
   5.3038080e-03
   2.5609980e-03
   3.9989320e-03
   5.2415090e-03
   3.7274160e-03
   9.8479910e-03
   4.6615480e-03
   5.5581410e-03
   4.6823990e-03
   7.3196920e-03
   5.1551220e-03
   6.9631460e-03
   6.8754400e-03
   2.9821000e-03
   4.3664320e-03
   4.3863230e-03
   9.0732540e-03
   3.9549730e-03
   5.1158040e-03
   7.3976090e-03
   2.6172550e-03
   4.2267820e-03
   3.6084700e-03
   5.2928250e-03
   3.2770640e-03
   9.5519590e-03
   9.1972810e-03
   4.2017580e-03
   4.9212290e-03
   2.5964050e-03
   6.3737580e-03
   3.5772830e-03
   7.6191420e-03
   4.5709100e-03
   5.9025730e-03
   6.9836990e-03
   2.6017690e-03
   7.5851820e-03
   5.9593590e-03
   9.1979330e-03
   3.2741850e-03
   4.2125060e-03
   4.0638900e-03
   3.6272590e-03
   7.4724190e-03
   4.0894210e-03
   5.6627740e-03
   6.6203620e-03
   6.4062480e-03
   2.7168510e-03
   4.6064770e-03
   7.2438650e-03
   4.6597370e-03
   7.0512250e-03
   8.4704680e-03
   3.7024230e-03
   4.1949790e-03
   5.1205590e-03
   4.7312510e-03
   7.4143680e-03
   3.8350560e-03
   5.2169250e-03
   3.9410810e-03
   5.9871440e-03
   4.9399910e-03
   5.4785070e-03
   8.3377490e-03
   3.6505810e-03
   3.7157560e-03
   4.2091200e-03
   6.8365280e-03
   4.0236290e-03
   5.6847190e-03
   3.5052000e-03
   3.4598470e-03
   8.5822870e-03
   5.3605340e-03
   5.1642930e-03
   3.5622480e-03
   1.0391674e-02
   4.2097230e-03
   4.7105920e-03
   6.6092650e-03
   3.2924530e-03
   6.1864600e-03
   3.8288570e-03
   8.9886580e-03
   4.0238210e-03
   4.1046510e-03
   3.9297680e-03
   4.5574740e-03
   5.9936010e-03
   4.5416310e-03
   6.6683770e-03
   5.3301260e-03
   6.4025610e-03
   4.3850120e-03
   6.6187580e-03
   7.1303010e-03
   3.5511040e-03
   4.2752290e-03
   4.7530340e-03
   6.5978180e-03
   4.2588830e-03
   6.6713050e-03
   3.9604430e-03
   3.2619330e-03
   8.6529850e-03
   3.8084780e-03
   4.3520350e-03
   3.3842920e-03
   9.2500830e-03
   4.8935310e-03
   6.2496570e-03
   6.9652740e-03
   5.4405340e-03
   6.3718440e-03
   3.2888700e-03
   5.7708030e-03
   3.6518350e-03
   9.0447770e-03
   5.8845930e-03
   3.5201230e-03
   9.7053340e-03
   4.0057380e-03
   4.1906400e-03
   2.1958600e-03
   7.1603690e-03
   5.8446780e-03
   6.0817210e-03
   9.2569330e-03
   4.5202000e-03
   6.5565240e-03
   3.9866430e-03
   8.4404120e-03
   4.1605940e-03
   4.3056290e-03
   4.7269560e-03
   3.7548700e-03
   4.7685670e-03
   6.2530440e-03
   8.6330330e-03
   5.5199800e-03
   6.7076990e-03
   4.5816610e-03
   4.7574600e-03
   6.7070680e-03
   2.6472280e-03
   5.2623090e-03
   6.6117810e-03
   6.6685420e-03
   3.8716070e-03
   5.6861580e-03
   3.4118190e-03
   2.3251610e-03
   6.5590960e-03
   5.2166540e-03
   5.3339830e-03
   3.8745690e-03
   1.0024160e-02
   4.0607010e-03
   5.3597110e-03
   4.6960060e-03
   3.2701340e-03
   1.0129857e-02
   5.2100300e-03
   6.2731920e-03
   3.0085860e-03
   6.8759530e-03
   7.2413780e-03
   4.7019270e-03
   6.0184900e-03
   3.4827420e-03
   4.8159390e-03
   3.7436060e-03
   4.5786120e-03
   5.2355990e-03
   7.4915520e-03
   7.9441230e-03
   4.9379370e-03
   4.5345120e-03
   5.2784640e-03
   7.5108750e-03
   2.9923470e-03
   3.8005290e-03
   3.6108680e-03
   4.4291170e-03
   7.2460860e-03
   4.2856360e-03
   5.8104470e-03
   6.2022570e-03
   7.9704590e-03
   4.3802000e-03
   5.4586580e-03
   6.6754520e-03
   2.7744650e-03
   3.7330120e-03
   5.2432580e-03
   7.2998110e-03
   4.2022800e-03
   7.3249230e-03
   4.6054010e-03
   3.3359060e-03
   8.1563610e-03
   3.9478990e-03
   4.6505620e-03
   2.7645100e-03
   8.8826670e-03
   5.0055320e-03
   4.8498940e-03
   9.2795870e-03
   4.6315590e-03
   6.4407290e-03
   4.3942790e-03
   8.5977640e-03
   3.3169910e-03
   4.5742240e-03
   5.9142660e-03
   4.6641000e-03
   6.6655820e-03
   3.5070610e-03
   5.7617180e-03
   4.0015530e-03
   5.4849690e-03
   3.7458870e-03
   5.9694490e-03
   7.6772650e-03
   4.3906490e-03
   5.3895950e-03
   5.0375680e-03
   6.6078310e-03
   4.6822540e-03
   5.2337130e-03
   3.2114370e-03
   3.8201400e-03
   9.4153760e-03
   6.1867860e-03
   5.8110640e-03
   3.9366730e-03
   9.9535320e-03
   4.0255450e-03
   5.4453980e-03
   6.0818840e-03
   3.3680210e-03
   6.1332990e-03
   3.1679260e-03
   7.0828710e-03
   4.9303480e-03
   4.7855840e-03
   2.8691740e-03
   2.4566930e-03
   6.4417060e-03
   6.4004600e-03
   6.4990920e-03
   3.1126670e-03
   1.0419808e-02
   4.8140400e-03
   4.8931110e-03
   6.4152710e-03
   2.7419660e-03
   7.5929510e-03
   4.7470280e-03
   7.1794720e-03
   2.8494360e-03
   6.1990590e-03
   7.0544060e-03
   4.2177380e-03
   5.6638070e-03
   3.4858720e-03
   4.4968580e-03
   3.3831590e-03
   4.8143040e-03
   6.0271270e-03
   6.7074890e-03
   1.0176167e-02
   5.1786000e-03
   4.6289430e-03
   6.2337780e-03
   6.0094210e-03
   3.7608770e-03
   9.0649220e-03
   5.6716370e-03
   3.1475480e-03
   8.3230610e-03
   3.9779020e-03
   4.6685950e-03
   1.9023630e-03
   5.7776400e-03
   4.7966440e-03
   6.3487560e-03
   8.0228510e-03
   4.9145300e-03
   7.6505920e-03
   3.7375150e-03
   7.9124940e-03
   3.5968130e-03
   3.7802830e-03
   4.3656360e-03
   3.9863030e-03
   5.7693470e-03
   6.0426210e-03
   8.3899590e-03
   7.2444300e-03
   6.2737380e-03
   3.7192010e-03
   5.4316110e-03
   5.3850360e-03
   2.8561000e-03
   5.6275440e-03
   6.3800330e-03
