  35 0.58970
  22 0.15133
  18 0.14053
  17 0.03941
  9  0.00973
  30 0.00825
  11 0.00749
  26 0.00722
  23 0.00396
  19 0.00095
  32 0.00092
  28 0.00054
  1  0.00000
  2  0.00000
  3  0.00000
  4  0.00000
  5  0.00000
  6  0.00000
  7  0.00000
  8  0.00000
  10 0.00000
  12 0.00000
  13 0.00000
  14 0.00000
  15 0.00000
  16 0.00000
  20 0.00000
  21 0.00000
  24 0.00000
  25 0.00000
  27 0.00000
  29 0.00000
  31 0.00000
  33 0.00000
  34 0.00000
  36 0.00000
  37 0.00000
  38 0.00000
  39 0.00000
