  (22,35)  0.01713
  (18,35)  0.00794
  (18,22)  0.00233
  (1 , 1)  0.00000
  (2 , 1)  0.00000
  (3 , 1)  0.00000
  (4 , 1)  0.00000
  (5 , 1)  0.00000
  (6 , 1)  0.00000
  (7 , 1)  0.00000
  (8 , 1)  0.00000
  (9 , 1)  0.00000
  (10, 1)  0.00000
  (11, 1)  0.00000
  (12, 1)  0.00000
  (13, 1)  0.00000
  (14, 1)  0.00000
  (15, 1)  0.00000
  (16, 1)  0.00000
  (17, 1)  0.00000
  (18, 1)  0.00000
  (19, 1)  0.00000
  (20, 1)  0.00000
  (21, 1)  0.00000
  (22, 1)  0.00000
  (23, 1)  0.00000
  (24, 1)  0.00000
  (25, 1)  0.00000
  (26, 1)  0.00000
  (27, 1)  0.00000
  (28, 1)  0.00000
  (29, 1)  0.00000
  (30, 1)  0.00000
  (31, 1)  0.00000
  (32, 1)  0.00000
  (33, 1)  0.00000
  (34, 1)  0.00000
  (35, 1)  0.00000
  (36, 1)  0.00000
  (37, 1)  0.00000
  (38, 1)  0.00000
  (39, 1)  0.00000
  (1 , 2)  0.00000
  (2 , 2)  0.00000
  (3 , 2)  0.00000
  (4 , 2)  0.00000
  (5 , 2)  0.00000
  (6 , 2)  0.00000
  (7 , 2)  0.00000
  (8 , 2)  0.00000
  (9 , 2)  0.00000
  (10, 2)  0.00000
  (11, 2)  0.00000
  (12, 2)  0.00000
  (13, 2)  0.00000
  (14, 2)  0.00000
  (15, 2)  0.00000
  (16, 2)  0.00000
  (17, 2)  0.00000
  (18, 2)  0.00000
  (19, 2)  0.00000
  (20, 2)  0.00000
  (21, 2)  0.00000
  (22, 2)  0.00000
  (23, 2)  0.00000
  (24, 2)  0.00000
  (25, 2)  0.00000
  (26, 2)  0.00000
  (27, 2)  0.00000
  (28, 2)  0.00000
  (29, 2)  0.00000
  (30, 2)  0.00000
  (31, 2)  0.00000
  (32, 2)  0.00000
  (33, 2)  0.00000
  (34, 2)  0.00000
  (35, 2)  0.00000
  (36, 2)  0.00000
  (37, 2)  0.00000
  (38, 2)  0.00000
  (39, 2)  0.00000
  (1 , 3)  0.00000
  (2 , 3)  0.00000
  (3 , 3)  0.00000
  (4 , 3)  0.00000
  (5 , 3)  0.00000
  (6 , 3)  0.00000
  (7 , 3)  0.00000
  (8 , 3)  0.00000
  (9 , 3)  0.00000
  (10, 3)  0.00000
  (11, 3)  0.00000
  (12, 3)  0.00000
  (13, 3)  0.00000
  (14, 3)  0.00000
  (15, 3)  0.00000
  (16, 3)  0.00000
  (17, 3)  0.00000
  (18, 3)  0.00000
  (19, 3)  0.00000
  (20, 3)  0.00000
  (21, 3)  0.00000
  (22, 3)  0.00000
  (23, 3)  0.00000
  (24, 3)  0.00000
  (25, 3)  0.00000
  (26, 3)  0.00000
  (27, 3)  0.00000
  (28, 3)  0.00000
  (29, 3)  0.00000
  (30, 3)  0.00000
  (31, 3)  0.00000
  (32, 3)  0.00000
  (33, 3)  0.00000
  (34, 3)  0.00000
  (35, 3)  0.00000
  (36, 3)  0.00000
  (37, 3)  0.00000
  (38, 3)  0.00000
  (39, 3)  0.00000
  (1 , 4)  0.00000
  (2 , 4)  0.00000
  (3 , 4)  0.00000
  (4 , 4)  0.00000
  (5 , 4)  0.00000
  (6 , 4)  0.00000
  (7 , 4)  0.00000
  (8 , 4)  0.00000
  (9 , 4)  0.00000
  (10, 4)  0.00000
  (11, 4)  0.00000
  (12, 4)  0.00000
  (13, 4)  0.00000
  (14, 4)  0.00000
  (15, 4)  0.00000
  (16, 4)  0.00000
  (17, 4)  0.00000
  (18, 4)  0.00000
  (19, 4)  0.00000
  (20, 4)  0.00000
  (21, 4)  0.00000
  (22, 4)  0.00000
  (23, 4)  0.00000
  (24, 4)  0.00000
  (25, 4)  0.00000
  (26, 4)  0.00000
  (27, 4)  0.00000
  (28, 4)  0.00000
  (29, 4)  0.00000
  (30, 4)  0.00000
  (31, 4)  0.00000
  (32, 4)  0.00000
  (33, 4)  0.00000
  (34, 4)  0.00000
  (35, 4)  0.00000
  (36, 4)  0.00000
  (37, 4)  0.00000
  (38, 4)  0.00000
  (39, 4)  0.00000
  (1 , 5)  0.00000
  (2 , 5)  0.00000
  (3 , 5)  0.00000
  (4 , 5)  0.00000
  (5 , 5)  0.00000
  (6 , 5)  0.00000
  (7 , 5)  0.00000
  (8 , 5)  0.00000
  (9 , 5)  0.00000
  (10, 5)  0.00000
  (11, 5)  0.00000
  (12, 5)  0.00000
  (13, 5)  0.00000
  (14, 5)  0.00000
  (15, 5)  0.00000
  (16, 5)  0.00000
  (17, 5)  0.00000
  (18, 5)  0.00000
  (19, 5)  0.00000
  (20, 5)  0.00000
  (21, 5)  0.00000
  (22, 5)  0.00000
  (23, 5)  0.00000
  (24, 5)  0.00000
  (25, 5)  0.00000
  (26, 5)  0.00000
  (27, 5)  0.00000
  (28, 5)  0.00000
  (29, 5)  0.00000
  (30, 5)  0.00000
  (31, 5)  0.00000
  (32, 5)  0.00000
  (33, 5)  0.00000
  (34, 5)  0.00000
  (35, 5)  0.00000
  (36, 5)  0.00000
  (37, 5)  0.00000
  (38, 5)  0.00000
  (39, 5)  0.00000
  (1 , 6)  0.00000
  (2 , 6)  0.00000
  (3 , 6)  0.00000
  (4 , 6)  0.00000
  (5 , 6)  0.00000
  (6 , 6)  0.00000
  (7 , 6)  0.00000
  (8 , 6)  0.00000
  (9 , 6)  0.00000
  (10, 6)  0.00000
  (11, 6)  0.00000
  (12, 6)  0.00000
  (13, 6)  0.00000
  (14, 6)  0.00000
  (15, 6)  0.00000
  (16, 6)  0.00000
  (17, 6)  0.00000
  (18, 6)  0.00000
  (19, 6)  0.00000
  (20, 6)  0.00000
  (21, 6)  0.00000
  (22, 6)  0.00000
  (23, 6)  0.00000
  (24, 6)  0.00000
  (25, 6)  0.00000
  (26, 6)  0.00000
  (27, 6)  0.00000
  (28, 6)  0.00000
  (29, 6)  0.00000
  (30, 6)  0.00000
  (31, 6)  0.00000
  (32, 6)  0.00000
  (33, 6)  0.00000
  (34, 6)  0.00000
  (35, 6)  0.00000
  (36, 6)  0.00000
  (37, 6)  0.00000
  (38, 6)  0.00000
  (39, 6)  0.00000
  (1 , 7)  0.00000
  (2 , 7)  0.00000
  (3 , 7)  0.00000
  (4 , 7)  0.00000
  (5 , 7)  0.00000
  (6 , 7)  0.00000
  (7 , 7)  0.00000
  (8 , 7)  0.00000
  (9 , 7)  0.00000
  (10, 7)  0.00000
  (11, 7)  0.00000
  (12, 7)  0.00000
  (13, 7)  0.00000
  (14, 7)  0.00000
  (15, 7)  0.00000
  (16, 7)  0.00000
  (17, 7)  0.00000
  (18, 7)  0.00000
  (19, 7)  0.00000
  (20, 7)  0.00000
  (21, 7)  0.00000
  (22, 7)  0.00000
  (23, 7)  0.00000
  (24, 7)  0.00000
  (25, 7)  0.00000
  (26, 7)  0.00000
  (27, 7)  0.00000
  (28, 7)  0.00000
  (29, 7)  0.00000
  (30, 7)  0.00000
  (31, 7)  0.00000
  (32, 7)  0.00000
  (33, 7)  0.00000
  (34, 7)  0.00000
  (35, 7)  0.00000
  (36, 7)  0.00000
  (37, 7)  0.00000
  (38, 7)  0.00000
  (39, 7)  0.00000
  (1 , 8)  0.00000
  (2 , 8)  0.00000
  (3 , 8)  0.00000
  (4 , 8)  0.00000
  (5 , 8)  0.00000
  (6 , 8)  0.00000
  (7 , 8)  0.00000
  (8 , 8)  0.00000
  (9 , 8)  0.00000
  (10, 8)  0.00000
  (11, 8)  0.00000
  (12, 8)  0.00000
  (13, 8)  0.00000
  (14, 8)  0.00000
  (15, 8)  0.00000
  (16, 8)  0.00000
  (17, 8)  0.00000
  (18, 8)  0.00000
  (19, 8)  0.00000
  (20, 8)  0.00000
  (21, 8)  0.00000
  (22, 8)  0.00000
  (23, 8)  0.00000
  (24, 8)  0.00000
  (25, 8)  0.00000
  (26, 8)  0.00000
  (27, 8)  0.00000
  (28, 8)  0.00000
  (29, 8)  0.00000
  (30, 8)  0.00000
  (31, 8)  0.00000
  (32, 8)  0.00000
  (33, 8)  0.00000
  (34, 8)  0.00000
  (35, 8)  0.00000
  (36, 8)  0.00000
  (37, 8)  0.00000
  (38, 8)  0.00000
  (39, 8)  0.00000
  (1 , 9)  0.00000
  (2 , 9)  0.00000
  (3 , 9)  0.00000
  (4 , 9)  0.00000
  (5 , 9)  0.00000
  (6 , 9)  0.00000
  (7 , 9)  0.00000
  (8 , 9)  0.00000
  (9 , 9)  0.00000
  (10, 9)  0.00000
  (11, 9)  0.00000
  (12, 9)  0.00000
  (13, 9)  0.00000
  (14, 9)  0.00000
  (15, 9)  0.00000
  (16, 9)  0.00000
  (17, 9)  0.00000
  (18, 9)  0.00000
  (19, 9)  0.00000
  (20, 9)  0.00000
  (21, 9)  0.00000
  (22, 9)  0.00000
  (23, 9)  0.00000
  (24, 9)  0.00000
  (25, 9)  0.00000
  (26, 9)  0.00000
  (27, 9)  0.00000
  (28, 9)  0.00000
  (29, 9)  0.00000
  (30, 9)  0.00000
  (31, 9)  0.00000
  (32, 9)  0.00000
  (33, 9)  0.00000
  (34, 9)  0.00000
  (35, 9)  0.00000
  (36, 9)  0.00000
  (37, 9)  0.00000
  (38, 9)  0.00000
  (39, 9)  0.00000
  (1 ,10)  0.00000
  (2 ,10)  0.00000
  (3 ,10)  0.00000
  (4 ,10)  0.00000
  (5 ,10)  0.00000
  (6 ,10)  0.00000
  (7 ,10)  0.00000
  (8 ,10)  0.00000
  (9 ,10)  0.00000
  (10,10)  0.00000
  (11,10)  0.00000
  (12,10)  0.00000
  (13,10)  0.00000
  (14,10)  0.00000
  (15,10)  0.00000
  (16,10)  0.00000
  (17,10)  0.00000
  (18,10)  0.00000
  (19,10)  0.00000
  (20,10)  0.00000
  (21,10)  0.00000
  (22,10)  0.00000
  (23,10)  0.00000
  (24,10)  0.00000
  (25,10)  0.00000
  (26,10)  0.00000
  (27,10)  0.00000
  (28,10)  0.00000
  (29,10)  0.00000
  (30,10)  0.00000
  (31,10)  0.00000
  (32,10)  0.00000
  (33,10)  0.00000
  (34,10)  0.00000
  (35,10)  0.00000
  (36,10)  0.00000
  (37,10)  0.00000
  (38,10)  0.00000
  (39,10)  0.00000
  (1 ,11)  0.00000
  (2 ,11)  0.00000
  (3 ,11)  0.00000
  (4 ,11)  0.00000
  (5 ,11)  0.00000
  (6 ,11)  0.00000
  (7 ,11)  0.00000
  (8 ,11)  0.00000
  (9 ,11)  0.00000
  (10,11)  0.00000
  (11,11)  0.00000
  (12,11)  0.00000
  (13,11)  0.00000
  (14,11)  0.00000
  (15,11)  0.00000
  (16,11)  0.00000
  (17,11)  0.00000
  (18,11)  0.00000
  (19,11)  0.00000
  (20,11)  0.00000
  (21,11)  0.00000
  (22,11)  0.00000
  (23,11)  0.00000
  (24,11)  0.00000
  (25,11)  0.00000
  (26,11)  0.00000
  (27,11)  0.00000
  (28,11)  0.00000
  (29,11)  0.00000
  (30,11)  0.00000
  (31,11)  0.00000
  (32,11)  0.00000
  (33,11)  0.00000
  (34,11)  0.00000
  (35,11)  0.00000
  (36,11)  0.00000
  (37,11)  0.00000
  (38,11)  0.00000
  (39,11)  0.00000
  (1 ,12)  0.00000
  (2 ,12)  0.00000
  (3 ,12)  0.00000
  (4 ,12)  0.00000
  (5 ,12)  0.00000
  (6 ,12)  0.00000
  (7 ,12)  0.00000
  (8 ,12)  0.00000
  (9 ,12)  0.00000
  (10,12)  0.00000
  (11,12)  0.00000
  (12,12)  0.00000
  (13,12)  0.00000
  (14,12)  0.00000
  (15,12)  0.00000
  (16,12)  0.00000
  (17,12)  0.00000
  (18,12)  0.00000
  (19,12)  0.00000
  (20,12)  0.00000
  (21,12)  0.00000
  (22,12)  0.00000
  (23,12)  0.00000
  (24,12)  0.00000
  (25,12)  0.00000
  (26,12)  0.00000
  (27,12)  0.00000
  (28,12)  0.00000
  (29,12)  0.00000
  (30,12)  0.00000
  (31,12)  0.00000
  (32,12)  0.00000
  (33,12)  0.00000
  (34,12)  0.00000
  (35,12)  0.00000
  (36,12)  0.00000
  (37,12)  0.00000
  (38,12)  0.00000
  (39,12)  0.00000
  (1 ,13)  0.00000
  (2 ,13)  0.00000
  (3 ,13)  0.00000
  (4 ,13)  0.00000
  (5 ,13)  0.00000
  (6 ,13)  0.00000
  (7 ,13)  0.00000
  (8 ,13)  0.00000
  (9 ,13)  0.00000
  (10,13)  0.00000
  (11,13)  0.00000
  (12,13)  0.00000
  (13,13)  0.00000
  (14,13)  0.00000
  (15,13)  0.00000
  (16,13)  0.00000
  (17,13)  0.00000
  (18,13)  0.00000
  (19,13)  0.00000
  (20,13)  0.00000
  (21,13)  0.00000
  (22,13)  0.00000
  (23,13)  0.00000
  (24,13)  0.00000
  (25,13)  0.00000
  (26,13)  0.00000
  (27,13)  0.00000
  (28,13)  0.00000
  (29,13)  0.00000
  (30,13)  0.00000
  (31,13)  0.00000
  (32,13)  0.00000
  (33,13)  0.00000
  (34,13)  0.00000
  (35,13)  0.00000
  (36,13)  0.00000
  (37,13)  0.00000
  (38,13)  0.00000
  (39,13)  0.00000
  (1 ,14)  0.00000
  (2 ,14)  0.00000
  (3 ,14)  0.00000
  (4 ,14)  0.00000
  (5 ,14)  0.00000
  (6 ,14)  0.00000
  (7 ,14)  0.00000
  (8 ,14)  0.00000
  (9 ,14)  0.00000
  (10,14)  0.00000
  (11,14)  0.00000
  (12,14)  0.00000
  (13,14)  0.00000
  (14,14)  0.00000
  (15,14)  0.00000
  (16,14)  0.00000
  (17,14)  0.00000
  (18,14)  0.00000
  (19,14)  0.00000
  (20,14)  0.00000
  (21,14)  0.00000
  (22,14)  0.00000
  (23,14)  0.00000
  (24,14)  0.00000
  (25,14)  0.00000
  (26,14)  0.00000
  (27,14)  0.00000
  (28,14)  0.00000
  (29,14)  0.00000
  (30,14)  0.00000
  (31,14)  0.00000
  (32,14)  0.00000
  (33,14)  0.00000
  (34,14)  0.00000
  (35,14)  0.00000
  (36,14)  0.00000
  (37,14)  0.00000
  (38,14)  0.00000
  (39,14)  0.00000
  (1 ,15)  0.00000
  (2 ,15)  0.00000
  (3 ,15)  0.00000
  (4 ,15)  0.00000
  (5 ,15)  0.00000
  (6 ,15)  0.00000
  (7 ,15)  0.00000
  (8 ,15)  0.00000
  (9 ,15)  0.00000
  (10,15)  0.00000
  (11,15)  0.00000
  (12,15)  0.00000
  (13,15)  0.00000
  (14,15)  0.00000
  (15,15)  0.00000
  (16,15)  0.00000
  (17,15)  0.00000
  (18,15)  0.00000
  (19,15)  0.00000
  (20,15)  0.00000
  (21,15)  0.00000
  (22,15)  0.00000
  (23,15)  0.00000
  (24,15)  0.00000
  (25,15)  0.00000
  (26,15)  0.00000
  (27,15)  0.00000
  (28,15)  0.00000
  (29,15)  0.00000
  (30,15)  0.00000
  (31,15)  0.00000
  (32,15)  0.00000
  (33,15)  0.00000
  (34,15)  0.00000
  (35,15)  0.00000
  (36,15)  0.00000
  (37,15)  0.00000
  (38,15)  0.00000
  (39,15)  0.00000
  (1 ,16)  0.00000
  (2 ,16)  0.00000
  (3 ,16)  0.00000
  (4 ,16)  0.00000
  (5 ,16)  0.00000
  (6 ,16)  0.00000
  (7 ,16)  0.00000
  (8 ,16)  0.00000
  (9 ,16)  0.00000
  (10,16)  0.00000
  (11,16)  0.00000
  (12,16)  0.00000
  (13,16)  0.00000
  (14,16)  0.00000
  (15,16)  0.00000
  (16,16)  0.00000
  (17,16)  0.00000
  (18,16)  0.00000
  (19,16)  0.00000
  (20,16)  0.00000
  (21,16)  0.00000
  (22,16)  0.00000
  (23,16)  0.00000
  (24,16)  0.00000
  (25,16)  0.00000
  (26,16)  0.00000
  (27,16)  0.00000
  (28,16)  0.00000
  (29,16)  0.00000
  (30,16)  0.00000
  (31,16)  0.00000
  (32,16)  0.00000
  (33,16)  0.00000
  (34,16)  0.00000
  (35,16)  0.00000
  (36,16)  0.00000
  (37,16)  0.00000
  (38,16)  0.00000
  (39,16)  0.00000
  (1 ,17)  0.00000
  (2 ,17)  0.00000
  (3 ,17)  0.00000
  (4 ,17)  0.00000
  (5 ,17)  0.00000
  (6 ,17)  0.00000
  (7 ,17)  0.00000
  (8 ,17)  0.00000
  (9 ,17)  0.00000
  (10,17)  0.00000
  (11,17)  0.00000
  (12,17)  0.00000
  (13,17)  0.00000
  (14,17)  0.00000
  (15,17)  0.00000
  (16,17)  0.00000
  (17,17)  0.00000
  (18,17)  0.00000
  (19,17)  0.00000
  (20,17)  0.00000
  (21,17)  0.00000
  (22,17)  0.00000
  (23,17)  0.00000
  (24,17)  0.00000
  (25,17)  0.00000
  (26,17)  0.00000
  (27,17)  0.00000
  (28,17)  0.00000
  (29,17)  0.00000
  (30,17)  0.00000
  (31,17)  0.00000
  (32,17)  0.00000
  (33,17)  0.00000
  (34,17)  0.00000
  (35,17)  0.00000
  (36,17)  0.00000
  (37,17)  0.00000
  (38,17)  0.00000
  (39,17)  0.00000
  (1 ,18)  0.00000
  (2 ,18)  0.00000
  (3 ,18)  0.00000
  (4 ,18)  0.00000
  (5 ,18)  0.00000
  (6 ,18)  0.00000
  (7 ,18)  0.00000
  (8 ,18)  0.00000
  (9 ,18)  0.00000
  (10,18)  0.00000
  (11,18)  0.00000
  (12,18)  0.00000
  (13,18)  0.00000
  (14,18)  0.00000
  (15,18)  0.00000
  (16,18)  0.00000
  (17,18)  0.00000
  (18,18)  0.00000
  (19,18)  0.00000
  (20,18)  0.00000
  (21,18)  0.00000
  (22,18)  0.00000
  (23,18)  0.00000
  (24,18)  0.00000
  (25,18)  0.00000
  (26,18)  0.00000
  (27,18)  0.00000
  (28,18)  0.00000
  (29,18)  0.00000
  (30,18)  0.00000
  (31,18)  0.00000
  (32,18)  0.00000
  (33,18)  0.00000
  (34,18)  0.00000
  (35,18)  0.00000
  (36,18)  0.00000
  (37,18)  0.00000
  (38,18)  0.00000
  (39,18)  0.00000
  (1 ,19)  0.00000
  (2 ,19)  0.00000
  (3 ,19)  0.00000
  (4 ,19)  0.00000
  (5 ,19)  0.00000
  (6 ,19)  0.00000
  (7 ,19)  0.00000
  (8 ,19)  0.00000
  (9 ,19)  0.00000
  (10,19)  0.00000
  (11,19)  0.00000
  (12,19)  0.00000
  (13,19)  0.00000
  (14,19)  0.00000
  (15,19)  0.00000
  (16,19)  0.00000
  (17,19)  0.00000
  (18,19)  0.00000
  (19,19)  0.00000
  (20,19)  0.00000
  (21,19)  0.00000
  (22,19)  0.00000
  (23,19)  0.00000
  (24,19)  0.00000
  (25,19)  0.00000
  (26,19)  0.00000
  (27,19)  0.00000
  (28,19)  0.00000
  (29,19)  0.00000
  (30,19)  0.00000
  (31,19)  0.00000
  (32,19)  0.00000
  (33,19)  0.00000
  (34,19)  0.00000
  (35,19)  0.00000
  (36,19)  0.00000
  (37,19)  0.00000
  (38,19)  0.00000
  (39,19)  0.00000
  (1 ,20)  0.00000
  (2 ,20)  0.00000
  (3 ,20)  0.00000
  (4 ,20)  0.00000
  (5 ,20)  0.00000
  (6 ,20)  0.00000
  (7 ,20)  0.00000
  (8 ,20)  0.00000
  (9 ,20)  0.00000
  (10,20)  0.00000
  (11,20)  0.00000
  (12,20)  0.00000
  (13,20)  0.00000
  (14,20)  0.00000
  (15,20)  0.00000
  (16,20)  0.00000
  (17,20)  0.00000
  (18,20)  0.00000
  (19,20)  0.00000
  (20,20)  0.00000
  (21,20)  0.00000
  (22,20)  0.00000
  (23,20)  0.00000
  (24,20)  0.00000
  (25,20)  0.00000
  (26,20)  0.00000
  (27,20)  0.00000
  (28,20)  0.00000
  (29,20)  0.00000
  (30,20)  0.00000
  (31,20)  0.00000
  (32,20)  0.00000
  (33,20)  0.00000
  (34,20)  0.00000
  (35,20)  0.00000
