0.327855630859
0.336575793148
0.326062947234
0.291127855019
0.346649695718
0.32315517154
0.345907538669
0.349653188384
0.342195506018
0.290383850629
0.337202400819
0.325708870223
0.3463322358
0.338129557076
0.346105861669
0.289529011028
0.28850830449
0.290666872551
0.34953475933
0.345467175019
0.294306175922
0.316676735798
0.328968157382
0.338206898657
0.369508011054
0.363160913495
0.288923199305
0.290878199209
0.354889800535
0.322109847144
0.287891056042
0.347226661782
0.328328835778
0.355268109582
0.319415952658
0.331018052745
0.310797327972
0.345734008894
0.344662822242
0.290267891315
0.354090747113
0.319135546644
0.331130499764
0.33851151551
0.293313373031
0.356149029762
0.334569830275
0.304627081693
0.370606576421
0.314786981576
0.335594389055
0.285183559618
0.344706344582
0.291343080698
0.32917624397
0.362794339516
0.293679434436
0.35326784335
0.325890940512
0.292641656035
0.342316218593
0.329252864119
0.343097094427
0.308507515622
0.288672554638
0.292174310518
0.333420672627
0.337946975797
0.334333251425
0.290551385466
0.327562223192
0.346547700002
0.353837941668
0.341773057286
0.327174713336
0.312487003905
0.350140381508
0.356127190838
0.338583362753
0.291714051243
0.321258921853
0.343573046154
0.33821260135
0.329836725335
0.34468344536
0.32670184946
0.290682616274
0.322430581671
0.307564136318
0.392135388396
0.333295960103
0.323674988944
0.29252599684
0.34098024275
0.29027545387
0.290078767489
0.329282374647
0.291498589979
0.313454838618
0.291976297945
0.290190286209
0.341740983821
0.326945646925
0.305339854789
0.287773173318
0.333119284418
0.329389512018
0.329833744065
0.348317071551
0.28930216691
0.355360676125
0.319016292561
0.290283632417
0.305340347755
0.340465691772
0.290561784252
0.345457641724
0.366449847123
0.337233983685
0.288206734907
0.324705588921
0.352680509636
0.374895554399
0.310835075913
0.330929738428
0.306798673502
0.347854325779
0.347520888635
0.332607078484
0.329240281667
0.329782150669
0.332661536996
0.35723782147
0.290158128049
0.356226290508
0.322776224972
0.286294046064
0.330795317473
0.323144765766
0.362188033514
0.34348885877
0.331797841021
0.324159669042
0.320608728386
0.34384834768
0.350128723169
0.391728503719
0.331639319863
0.319413173329
0.317703884519
0.320191383237
0.288597759315
0.293647554842
0.347268476878
0.340409395937
0.353799067735
0.334834237188
0.349573609357
0.287738033182
0.342944208538
0.327900943541
0.287534605776
0.290031509785
0.324659323303
0.339930258086
0.292832787074
0.292429210904
0.326008298355
0.331185787255
0.335680474759
0.341892307696
0.358560603599
0.294673703489
0.337762763786
0.291529039451
0.344290245773
0.3163044419
0.356115209277
0.318731524065
0.365414781983
0.349098593534
0.324870513921
0.290905789454
0.375428776976
0.323351194152
0.286610412899
0.34239063706
0.341825571023
0.329414195887
0.32787204885
0.291689922342
0.32633354551
0.288119277755
0.333829643607
0.33084191698
0.341418172428
0.335885515589
0.324647229764
0.368436489205
0.345632431705
0.349465147196
0.344436253246
0.346750288248
0.369715672972
0.290410515394
0.31986841532
0.379387954053
0.323539853245
0.290085942199
0.295722097284
0.329700140259
0.291530181197
0.339504826692
0.337620945582
0.323902428802
0.320414215776
0.336704848053
0.340405164121
0.347937120749
0.332042699046
0.314589937224
0.33618493167
0.353099828587
0.348903832114
0.343260642395
0.315401573588
0.34687170785
0.326344743318
0.364581588163
0.289669399728
0.339568708466
0.336488223325
0.333664766489
0.308653872814
0.34796648175
0.324402643457
0.32250688398
0.289445989266
0.330636390548
0.349943333624
0.286376732551
0.309986608867
0.348275722341
0.291635051513
0.33071606421
0.340729581968
0.319710124065
0.286998852338
0.355472388183
0.322643833268
0.340361795025
0.289889379857
0.289782949396
0.319476452641
0.331997470807
0.336169934547
0.325648292203
0.288089319487
0.364163589197
0.288110100335
0.290257571817
0.34227181561
0.3385794583
0.291139544309
0.287137569959
0.290595038378
0.349798110867
0.294008940823
0.289893486309
0.324458360074
0.351466010778
0.33523494492
0.291762082904
0.33250502151
0.331011375765
0.327434460852
0.289284605125
0.322638985724
0.342222834515
0.349035396278
0.289288134019
0.334717748352
0.368969087168
0.335474272152
0.326709731257
0.289245089968
0.327834518527
0.290618770484
0.326096577153
0.334871559742
0.340328125589
0.336393835853
0.290312123733
0.320976363487
0.288793486309
0.335744274945
0.289791305434
0.317515831855
0.314667838351
0.349036513821
0.330892436298
0.349851177862
0.290755579701
0.324609484906
0.323479786554
0.343958656936
0.350279702213
0.289634536959
0.362372998539
0.35935972449
0.338344913979
0.334776990082
0.328751826095
0.334276046686
0.344556624937
0.341180142771
0.332721789421
0.318323155493
0.288814762953
0.326421644178
0.328974396915
0.348493733923
0.348779532313
0.291237920907
0.352447454232
0.361928066789
0.29013836251
0.323076349499
0.290287706446
0.342721577907
0.334043077506
0.288769189756
0.348083482772
0.329751212394
0.310759134494
0.289415495798
0.288876467797
0.290516516942
0.360358996172
0.346282132174
0.341733681725
0.289448959778
0.345608105394
0.309303281791
0.28867217886
0.319876687882
0.377570818148
0.336076904392
0.341120589483
0.342696268619
0.348076806042
0.290401950475
0.356866886815
0.316923413637
0.35956523958
0.287940454488
0.355976804515
0.327969051599
0.293027226883
0.326445489514
0.346648442904
0.28964706655
0.289663453587
0.357017745631
0.33091401495
0.333005438302
0.336381129835
0.34283959326
0.333176985275
0.34697760184
0.320694634362
0.358645703718
0.321217775091
0.291103685353
0.33613436319
0.289890578806
0.338853983576
0.291070614578
0.296110949304
0.292087279041
0.345512269518
0.359274391114
0.326987077873
0.356318669807
0.311939254654
0.329112154832
0.343183998516
0.355809540792
0.333598838071
0.335860312498
0.341689283761
0.354606278395
0.325426272644
0.289566386711
0.332580487819
0.346196575073
0.309964656124
0.338147173712
0.353808848536
0.288864852233
0.325458971335
0.286437897246
0.322717642803
0.336475888384
0.32716838914
0.288458484928
0.339475804047
0.336658246127
0.360370120073
0.313279587068
0.309888090847
0.331438289123
0.325601660349
0.341319073625
0.351912771499
0.336434269074
0.342808014517
0.335442481215
0.292863124712
0.336217803176
0.320377690715
0.332580822909
0.317736022888
0.343924548497
0.361181089044
0.361456297553
0.352235012889
0.310182061469
0.36229893973
0.348182676717
0.287955061515
0.330339751481
0.31672589999
0.346650828805
0.330834904052
0.360477144109
0.288063066542
0.305881354578
0.359761465179
0.363742702604
0.339643104523
0.287308939089
0.291921792859
0.346001646135
0.289365264109
0.318036797763
0.328491132006
0.335121027385
0.303354184159
0.292635099368
0.294786122909
0.307815300346
0.322017578481
0.332093197588
0.331586066367
0.289825249937
0.341391851749
0.355485828932
0.349698324567
0.346800765844
0.342520272106
0.334157842929
0.289234731849
0.29239367067
0.349636004999
0.344690828048
0.33913841692
0.288940533319
0.307133840233
0.335429796127
0.302624505738
0.288190828521
0.288600990097
0.288965548645
0.289795204766
0.288632529613
0.311346729653
0.291964883905
0.288306291382
0.317608973146
0.3396509011
0.29172182922
0.358329640725
0.290521845265
0.334985897824
0.292548496485
0.329688986922
0.290560885789
0.342647065411
0.337943590856
0.284922873743
0.290261809924
0.28918228331
0.330519251777
0.332682034206
0.361322989052
0.351422276274
0.337799750075
0.28850681868
0.315122137191
0.333325451883
0.342019437015
0.330204093235
0.377964057281
0.324701707529
0.338949042101
0.29331039335
0.329788046781
0.329652716975
0.316913493144
0.333505316597
0.292758184226
0.289017202663
0.324644035233
0.288665558044
0.351966607509
0.325059779378
0.33244836183
0.377481014305
0.328643036731
0.362555206858
0.324011256917
0.346323502709
0.363426365618
0.305643914656
0.324351634644
0.291749669503
0.31860831362
0.293308155999
0.336282047771
0.337990264693
0.351001765601
0.334666638573
0.292333087392
0.341826041817
0.329393759182
0.327484778779
0.287737651184
0.293292863907
0.328965785436
0.293248011869
0.28826325146
0.335554175
0.349308507413
0.361504926959
0.320399618695
0.29064244233
0.327660218081
0.287991903099
0.351540432182
0.317675414097
0.371625677944
0.338063234224
0.347563464592
0.293198176674
0.3249358653
0.335320106948
0.318670336413
0.352415042037
0.338832477956
0.286631058464
0.36499532265
0.324408647189
0.330236000475
0.317294693806
0.335011999283
0.330282385536
0.285867712904
0.349774013011
0.31925220371
0.330009840292
0.290098736261
0.291117602472
0.316831025498
0.339769510195
0.289046199762
0.360449535659
0.35683163157
0.316778636553
0.30975716451
0.288478783496
0.339632563624
0.320526219622
0.311829684647
0.291820217433
0.341490993135
0.290905650284
0.314019434541
0.287455203262
0.340506786442
0.32652219672
0.337433777461
0.366257001145
0.292856001591
0.336172079601
0.344991305447
0.313176999659
0.352492871408
0.286663294517
0.292146496804
0.340021012346
0.345587139061
0.36423403941
0.290813232846
0.289123360575
0.33513431091
0.33262045767
0.289916477603
0.335095087638
0.341053711187
0.362647947895
0.368342139293
0.325212967794
0.323213598245
0.355099565876
0.288298333316
0.32295208278
0.291807205801
0.332708415795
0.35477310712
0.360921993353
0.335177874748
0.357532134614
0.357173074903
0.31994361941
0.337997904885
0.311131905262
0.325527446988
0.338267949677
0.324359611668
0.335203260123
0.343496061517
0.321284098721
0.325362643646
0.289302422814
0.339004539837
0.290422576341
0.29129916569
0.358850525839
0.341849194938
0.339780017872
0.337043912554
0.316627895654
0.327202001238
0.290450532881
0.334700766137
0.287471345943
0.29160572146
0.345033898068
0.299711650088
0.348195564557
0.338372380989
0.343720253689
0.364447847225
0.312129094763
0.349765141744
0.343749697821
0.320730446891
0.290156976901
0.339525305995
0.324145548623
0.354799876167
0.348121641554
0.348147284648
0.339652349792
0.291451698749
0.350611543688
0.322539633617
0.308347540287
0.349334452201
0.301805210053
0.291449219577
0.336529954372
0.338895915628
0.288362790446
0.343105881914
0.290541370381
0.288974918261
0.312905060961
0.382002587517
0.337207332142
0.288613996462
0.375803958736
0.357900724812
0.31807385833
0.341474872063
0.336108920816
0.315348367896
0.316321184534
0.343032145269
0.291268517003
0.310520612505
0.323456420592
0.342734949759
0.343999933692
0.362681594465
0.335400269666
0.342921169697
0.330152288668
0.329706118495
0.343835376187
0.290990655435
0.346884525579
0.331039873396
0.320909965742
0.295965359933
0.290307103534
0.342401558979
0.364153500972
0.310111370613
0.33656504148
0.348696836914
0.333250303495
0.303576677632
0.329881401758
0.348345489029
0.353233493597
0.286723736619
0.375630355624
0.32287900946
0.344615731921
0.346678200515
0.340773568897
0.340312980378
0.343711476232
0.288073931461
0.333748896521
0.320947494887
0.313719142738
0.29302033616
0.317068947942
0.357610448239
0.287710493401
0.341436029825
0.346299508487
0.316753637213
0.309778633093
0.286578266407
0.328743315206
0.338134914199
0.318749923351
0.287691855456
0.339807507263
0.352106965778
0.3501497079
0.339276215566
0.330420376975
0.347566085049
0.350745688777
0.335972196744
0.326052744849
0.338976003942
0.338696679492
0.351470874645
0.33141590261
0.28993895018
0.334268463111
0.358273514568
0.313896171983
0.289442421107
0.290796244953
0.335483327041
0.28873368322
0.373843927787
0.289371754072
0.336051542369
0.290921005002
0.334145750523
0.361362805655
0.289455326381
0.315691708761
0.291333575625
0.35630214705
0.382670796663
0.346197451306
0.318194107618
0.326281772912
0.332395568474
0.339444798101
0.346625457589
0.312133703111
0.34494369351
0.293604028386
0.353534161635
0.330853317121
0.313669058389
0.336902580737
0.347219332326
0.289857476
0.341841400906
0.350638005871
0.320504444369
0.349370590151
0.363401391592
0.330992601725
0.321045910553
0.365625901769
0.341437948953
0.344710906016
0.337908261838
0.326107477076
0.323547371101
0.361806710466
0.31293005561
0.333553796278
0.290714004875
0.338742229466
0.323734409608
0.289779947919
0.35066182077
0.293221784232
0.367531661978
0.290252675324
0.330577516937
0.354259128857
0.316856615341
0.327535628861
0.289217639676
0.342027191611
0.332960934759
0.347068233753
0.333212762844
0.289444638076
0.344797980931
0.292238186421
0.297806920874
0.33157950177
0.300898643355
0.32076350453
0.291276654267
0.345519071131
0.309991763105
0.352603180021
0.356396878462
0.292729725513
0.326874497735
0.289409160477
0.322899814702
0.290914563349
0.328469124177
0.330823210349
0.322996498035
0.292295424975
0.35416475811
0.344740519293
0.349930611502
0.324558245682
0.362685107684
0.324438984075
0.35018197611
0.309323088552
0.365900544546
0.315496403737
0.295196624773
0.3420313175
0.313789578087
0.317763120525
0.290915969125
0.34874477715
0.330166010905
0.330377095206
0.291616236903
0.36394347047
0.345829034221
0.288795543712
0.329218480285
0.292385810416
0.289370943608
0.308988831453
0.337207863438
0.317808683941
0.364453213219
0.292996137752
0.346314292276
0.376292430333
0.334222139386
0.331355437751
0.332283795911
0.291022062756
0.286998347243
0.309558641466
0.333725824622
0.343007440451
0.288046694023
0.372906423906
0.323519116805
0.359689660595
0.290255956514
0.292249406774
0.352218336207
0.364378425278
0.333441464554
0.332972799565
0.292529449476
0.292768371208
0.335044134492
0.289460623993
0.340129276287
0.320144669389
0.351779451948
0.34664671085
0.290864620825
0.350881008524
0.291788103342
0.293341637135
0.292108392105
0.341823001449
0.315696053194
0.334861083617
0.335055368453
0.33988300149
0.358959939383
0.338447493017
0.364396217687
0.287967828335
0.290761536113
0.350144144634
0.324878189033
0.288270633866
0.287460952212
0.340836161567
0.315721736823
0.330745205357
0.339028210281
0.291867253594
0.290246329464
0.351822604251
0.289231038132
0.288864796095
0.333026150976
0.291243867692
0.319675196649
0.351299352711
0.346272448131
0.368762819211
0.354494247014
0.315985144997
0.317894730979
0.339138070833
0.320893855909
0.342989975607
0.337560517887
0.34992493336
0.2849903889
0.334173457488
0.336656145148
0.28892140903
0.331299683672
0.290619104298
0.320814843916
0.327585310976
0.323156642095
0.334509582284
0.290531063318
0.331042709065
0.305606297194
0.289157762021
0.288691560975
0.323661030555
0.314109475507
0.350908842565
0.319293855003
0.346747397619
0.353044437232
0.323400168672
0.2930470928
0.335629957059
0.289980889299
0.287433964122
0.357053307358
0.290621826842
0.317029472016
0.319235641797
0.342173155446
0.327504360623
0.355710271433
0.329854085437
0.316411336297
0.292991226646
0.344394861543
0.292189057771
0.375897294795
0.294105958874
0.334211917113
0.288925180964
0.372718747584
0.357355946297
0.28744925789
0.306925875589
0.33654546394
0.347483284496
0.346515108333
0.290674282545
0.289454758503
0.327557371283
0.334622794369
0.288230728598
0.287825727861
0.343851922081
0.334679439869
0.287534980734
0.346475072981
0.306600170694
0.30429541093
0.344103299704
0.319223584079
0.349034881517
0.337819629727
0.289937736806
0.351446071042
0.320644086004
0.290620367759
0.349393803932
0.290652559802
0.329135277472
0.350294601414
0.335530800626
0.289221437476
0.288842810969
0.290604297377
0.35043465454
0.346787754644
0.291930354175
0.288927779394
0.350260653578
0.307493595211
0.318663558859
0.337737866574
0.292964052238
0.290950668076
0.286898589864
0.323198799409
0.341065405558
0.290520819016
0.3322490326
0.358296935608
0.328108514314
0.287375625901
0.349414567031
0.336956733315
0.331518299367
0.288838404386
0.29087239945
0.336873831572
0.326857554904
0.338263956203
0.321018594176
0.350196000438
0.317980304171
0.344620106438
0.29048501746
0.322700554408
0.330237006807
0.338865355729
0.342661239239
0.291254524269
0.351391523969
0.347019182035
0.360338833979
0.359552051195
0.350110069579
0.341821491459
0.319664794833
0.379734357808
0.289758199559
0.28660414561
0.288891962009
0.290131753782
0.292331933487
0.335315367362
0.338025157737
0.315784429379
0.329545740988
0.329067734638
0.292064524184
0.345248724007
0.289397751498
0.290696850041
0.290346989296
0.319534882472
0.335937486993
0.289470858588
0.293727877503
0.289208018299
0.288002521141
0.32359098923
0.340541925304
0.289574661932
0.29204746856
0.33709113523
0.33109037911
0.344457552115
0.352473785694
0.357275609404
0.341581555872
0.33435980504
0.296517608657
0.336997730963
0.342643693625
0.292157219171
0.336440846747
0.335644555931
0.291309069084
0.308193613844
0.340874570239
0.365613236578
0.325103271229
0.326417874994
0.339217025037
0.291025874456
0.359277209015
0.312254828604
0.334208480327
0.369589284445
0.335306034475
0.283347306205
0.337946800262
0.337776604908
0.355055265264
0.33206011038
0.291323942264
0.363825740019
0.326016667449
0.324950205074
0.326829390202
0.325302177484
0.291484444513
0.320932356178
0.291546587146
0.34413717136
0.323507397248
0.290134837463
0.332966108885
0.341466737455
0.349821287781
0.287090336969
0.340518437996
0.344013057511
0.327350653393
0.329088436605
0.337041148327
0.328003136996
0.286988727152
0.340567032711
0.289779620812
0.321494213117
0.308890468224
0.351737819415
0.337393257046
0.329457103066
0.322675407169
0.319656708794
0.326069733402
0.350834084849
0.290298620328
0.291060119516
0.335859751697
0.295385954608
0.290571838269
0.344946519339
0.320775125278
0.306142518108
0.337586529143
0.322821767673
0.331633201778
0.289564437642
0.326227747668
0.286011350289
0.322680331955
0.327413712277
0.292453945842
0.363439862235
0.291457016013
0.325641382057
0.312416565837
0.336101594694
0.293740201088
0.289397007251
0.343720002761
0.333846750345
0.338130548754
0.304589820297
0.331692776272
0.292149453707
0.324873671791
0.315593326297
0.33934210052
0.343965503194
0.334985524464
0.357320770665
0.314284116887
0.285251892837
0.288939511015
0.294068793639
0.331486758338
0.328904078646
0.347091526446
0.359196157805
0.289304703886
0.325733270917
0.290401927976
0.365620755859
0.341290602369
0.314755154159
0.343808737378
0.312625261488
0.312887894341
0.290629479899
0.325286173146
0.290796584584
0.344047852383
0.328422115837
0.28967999287
0.291618279602
0.350800621633
0.3391982444
0.328445773977
0.292723734477
0.359507543021
0.321935237331
0.351425047533
0.343003381811
0.288529273304
0.353290872127
0.288975891033
0.291732152211
0.332937893925
0.325166167778
0.333986772416
0.318883154457
0.323308263565
0.346526624913
0.348964100412
0.349163108335
0.340688936797
0.323875912314
0.361943808516
0.339644412411
0.330401593673
0.329569150898
0.317418101909
0.3118645239
0.315306950789
0.330197739922
0.289299450701
0.326203228768
0.292619782198
0.331565014706
0.31999279184
0.343579960876
0.287586027196
0.333105826152
0.355088315053
0.290222233466
0.332968600589
0.354798231815
0.287676739732
0.290891472549
0.350975362544
0.292039962872
0.328023425584
0.332629932015
0.360401498998
0.320907141155
0.315762714166
0.291742135048
0.291170579832
0.32512031662
0.309564446619
0.291463512601
0.337606504448
0.352924387378
0.32701324425
0.315926103889
0.293779706413
0.313801190597
0.323845339364
0.324416628722
0.291544308315
0.291175733544
0.350588836332
0.347290375293
0.320743174983
0.290270314344
0.342152386305
0.316716762674
0.354820888218
0.33668646668
0.332168209325
0.287531340679
0.289681633046
0.342516230124
0.334490998391
0.320109472836
0.292038230129
0.341642357417
0.290634270199
0.338537525318
0.360284501457
0.334151592743
0.342067900205
0.291691065238
0.330074000193
0.358036296676
0.290401121682
0.31663608311
0.309982703914
0.350673851452
0.347832756537
0.321176102715
0.381665039086
0.320119801141
0.289206723996
0.363803038122
0.288909801245
0.346513135648
0.331805720465
0.337816758255
0.292113143158
0.337452522062
0.341713591521
0.337304707367
0.303633938552
0.292105598912
0.363269195327
0.292432547225
0.354446984439
0.28856259666
0.288597231007
0.286961263075
0.344420348346
0.288681417252
0.341328563734
0.335388777496
0.289009014594
0.352752531635
0.317568150595
0.314777938137
0.322488601387
0.291275573259
0.312324312437
0.290905419373
0.2900866171
0.320354163504
0.327060665222
0.306521550252
0.29522664037
0.29117339408
0.331499876949
0.335147749386
0.342610066327
0.314592105357
0.30518848824
0.28825470303
0.328524967972
0.326328271068
0.340896647061
0.287783789924
0.341509410823
0.344111697406
0.288884362101
0.324171495215
0.343954029222
0.290940552077
0.344494515588
0.326350210299
0.361482755954
0.290821070001
0.291053404915
0.317581272585
0.341815537878
0.343750888049
0.344388354799
0.338184242841
0.331262801028
0.329435588322
0.343118440428
0.293263876827
0.322834012919
0.33803291416
0.293897569054
0.306072275358
0.333701197943
0.347826518103
0.336023448811
0.333601566829
0.302584017486
0.329443389915
0.322969041454
0.289413521141
0.322177647977
0.334285475734
0.306602434352
0.291744766423
0.345354962631
0.319191720731
0.354796526831
0.290765903792
0.358377926021
0.332501937554
0.289663914891
0.289344523468
0.325162126057
0.343089543973
0.325545430755
0.327161752343
0.351473229389
0.346436762504
0.340490522919
0.344599835334
0.286652983962
0.375695709871
0.32377096028
0.34681566702
0.29289604882
0.33884130518
0.291262365104
0.290011602305
0.355007883259
0.31038342843
0.320439441354
0.33053093994
0.289077308362
0.337528431278
0.290249063163
0.329167567291
0.326163851422
0.289122882829
0.308805260041
0.325658547108
0.344826845441
0.289671424619
0.363794166968
0.289993113415
0.289882767489
0.326720350886
0.34741258453
0.353490034156
0.317806414373
0.328619715068
0.355574675483
0.32556074744
0.315585410996
0.355778954248
0.289968897831
0.315699403699
0.315586726743
0.337195716275
0.286965521333
0.336828565482
0.324276643217
0.289037568233
0.321588450644
0.320792808612
0.374082347155
0.288123403046
0.340018895352
0.288400887937
0.287231529063
0.325981687997
0.351593624357
0.29148247642
0.378469573291
0.353904372989
0.33348156313
0.333757817558
0.346165664154
0.29010446593
0.337141639877
0.362269117613
0.311149015915
0.312785616476
0.322592980175
0.309326888633
0.341321806673
0.291619134484
0.331568047138
0.290275597596
0.362861877951
0.290980031971
0.349949530431
0.358172005747
0.335622804506
0.333329193722
0.313054191702
0.305373645708
0.315311672468
0.336069675398
0.346152062345
0.337492496897
0.331215014563
0.289910338845
0.330703553371
0.367315013472
0.337113580616
0.312721657659
0.379529349309
0.290390938407
0.324744980571
0.335566353876
0.333993830586
0.291383685965
0.352281471355
0.367260605371
0.294274947498
0.326739819138
0.293079968783
0.331648173399
0.338245681024
0.288050993537
0.29207487939
0.376955343739
0.293726122782
0.368917214337
0.291754294059
0.290863111429
0.356158358555
0.337033887533
0.363858820931
0.289754586716
0.322675752244
0.321333927442
0.312684454276
0.361674508961
0.333637820809
0.333701308491
0.320367841506
0.348093730177
0.290334465377
0.289955985785
0.348432616573
0.293753518995
0.288374764036
0.29136448339
0.322325817868
0.347482991795
0.330838253401
0.291557000479
0.33528186595
0.342775070416
0.330040654876
0.328155131375
0.32928444781
0.33156068285
0.334158611685
0.291003218879
0.290325158483
0.290410792562
0.352729223162
0.336232973493
0.324821843572
0.338771103789
0.336728801763
0.331790718557
0.289546281314
0.346423927162
0.290743761047
0.348200590057
0.302111158695
0.332765662973
0.317042519944
0.326581086136
0.326586083615
0.328346388764
0.354052484976
0.290999612337
0.32545405377
0.36717159225
0.32134089112
0.320965813157
0.292563510392
0.339793732142
0.326614905379
0.328023155337
0.316157940235
0.360807890255
0.318408281429
0.326693989945
0.35073686224
0.33322262734
0.290326204273
0.326800094468
0.327441334434
0.288526282319
0.336952737013
0.289458102408
0.343195647526
0.290879449093
0.287992704204
0.327964741955
0.348168662931
0.317759472923
0.336135752337
0.33940210403
0.286498575905
0.362756472329
0.291270764317
0.335635584178
0.347079221904
0.333323369637
0.342746420528
0.326327425461
0.313662330455
0.292652075781
0.292443578516
0.289937639157
0.338974278726
0.335126390509
0.291257745514
0.322445072164
0.333140755605
0.334223715757
0.289861427744
0.291098672493
0.29087128991
0.337048334953
0.31342771195
0.345046845738
0.346930093922
0.346650698997
0.289290694748
0.29164161903
0.328804985264
0.2929185393
0.365098058705
0.353224278769
0.327609526642
0.315956331974
0.289382709138
0.290322177196
0.343024467827
0.335192207559
0.327430637516
0.338824895157
0.321896526996
0.289838344795
0.324567837099
0.322122781134
0.314313566674
0.331756626333
0.323439524488
0.34803889487
0.323125346251
0.291762434679
0.33589376685
0.290823164488
0.31729046143
0.316874610687
0.341190029383
0.335133245085
0.355935216621
0.338377223588
0.337657572505
0.331298642749
0.28889074003
0.330172561339
0.333013039352
0.289891533703
0.291114894902
0.290042068178
0.323706994503
0.342391633456
0.352434229144
0.345908387252
0.34083654509
0.335476899955
0.290993416423
0.337557482998
0.317840142063
0.370818210625
0.292740539583
0.289688876957
0.324127155251
0.317070571947
0.343587719575
0.33932929709
0.338196618019
0.294869740281
0.29922489276
0.340769634289
0.328741687182
0.343214216897
0.340499330109
0.359497523161
0.31485968585
0.321167124151
0.32951684228
0.337540286428
0.286004763313
0.335464879326
0.338821103073
0.329651922898
0.326587699648
0.31371680623
0.344602809224
0.292412803621
0.336850955041
0.318184895062
0.353510199385
0.344446385541
0.305750315928
0.292963867127
0.32480557809
0.336045247777
0.285180824798
0.346115349175
0.331270761939
0.288120546336
0.29096195473
0.290802383415
0.292396444334
0.339911460593
0.292628198554
0.346280478139
0.313139060657
0.321271140725
0.293603737387
0.32964085168
0.337378767857
0.289654611066
0.316581135846
0.342988655906
0.321201904167
0.291817845848
0.355782498253
0.289271270162
0.316358492512
0.290046932735
0.318567271011
0.340988759473
0.338715574736
0.322250340806
0.352040900861
0.325454479739
0.350281520406
0.290910342602
0.333128556762
0.330277205271
0.317603734928
0.311094247791
0.290983831332
0.324659592266
0.337493612362
0.352598051206
0.331065290171
0.292647539032
0.355843803422
0.322002088856
0.341637298343
0.327807270843
0.317702161473
0.355397947645
0.325184546543
0.291899550968
0.355243344594
0.334897746573
0.339946913448
0.292485313061
0.33156729142
0.354413772032
0.322274770158
0.351697054559
0.344539575584
0.290190780897
0.291991807441
0.341278062414
0.289033205707
0.355428722573
0.288717225023
0.338594622139
0.349661329399
0.320757981999
0.323397979828
0.347586720353
0.36432761602
0.323931688229
0.345420228258
0.37013757404
0.354919820905
0.338023828645
0.361050411366
0.328553109138
0.290429047813
0.346183763149
0.360005190384
0.290262109532
0.348080604442
0.308652763874
0.291601584446
0.329288957889
0.337212718219
0.344879364657
0.309725598278
0.338564659491
0.342484728797
0.354030668028
0.316117664685
0.35489356471
0.332459483845
0.289247170693
0.329149731639
0.290687817529
0.338998656847
0.353423615856
0.302777626099
0.288032687513
0.327508125225
0.289726913077
0.369249669683
0.316579676558
0.332813820955
0.356890991675
0.346924015634
0.288179475589
0.324916033732
0.328758759573
0.319529910859
0.361246526109
0.290832074699
0.308061259921
0.322853037607
0.359345499346
0.291749287874
0.345479203795
0.323260134899
0.323648250458
0.290445112277
0.291974131392
0.328758030853
0.330439355237
0.333745417236
0.328509026586
0.35810264746
0.299055019216
0.342186283685
0.333053616968
0.328083480526
0.342281251482
0.356431698806
0.286532370869
0.34206672677
0.290337865134
0.289892762347
0.320783483458
0.348369565652
0.288830080224
0.348596101403
0.290431037559
0.335174053152
0.307518560895
0.318991148357
0.319321440048
0.345585637861
0.369898378368
0.328938636288
0.290665855837
0.292576302029
0.33944354478
0.29082737777
0.336841440563
0.335912846272
0.323357855856
0.351735715432
0.324878139394
0.31316136596
0.289061233895
0.290345068232
0.354166230619
0.35346755058
0.321070641234
0.326509382543
0.300320000465
0.337092253496
0.294715607039
0.28803723798
0.290713342198
0.332590247359
0.290339692609
0.337946821896
0.288868917397
0.350143095461
0.290408517851
0.344130532916
0.328599487511
0.317558084986
0.290788416126
0.30992610866
0.292975263951
0.328224650382
0.315269150247
0.292285263031
0.288612077551
0.342147923819
0.32172211609
0.29386523526
0.352085166111
0.338779094161
0.341649717966
0.288159249232
0.290879835352
0.326344168078
0.291024268914
0.327520677591
0.315674011918
0.321996706221
0.343734357003
0.334300997438
0.340481240728
0.290488959929
0.289004480459
0.323048840765
0.289885810806
0.29213531229
0.346259125784
0.326380843946
0.288720943763
0.327050991626
0.316941284153
0.332476933065
0.327886085718
0.355773689676
0.342727646454
0.335074620393
0.329320928299
0.355721061113
0.326675397965
0.3394783494
0.347742692876
0.337483793034
0.326754030185
0.336368675647
0.355299983472
0.350950314771
0.290050128985
0.373659058918
0.292370205149
0.322392812108
0.353589779496
0.34331766741
0.290128626292
0.364350483781
0.342951536053
0.342569863352
0.37709712716
0.286503096859
0.341304415393
0.346606155423
0.368874006443
0.313161846007
0.303074614004
0.290610814083
0.345281989546
0.345999701535
0.355783069545
0.323551044036
0.290824038469
0.329929958281
0.335041387199
0.339284435965
0.315453379336
0.286371463345
0.32224771386
0.348076798088
0.340914587353
0.320595273016
0.3411292872
0.333009494469
0.374416583034
0.322902931259
0.312164578397
0.341629064763
0.323033532261
0.3378187114
0.292848119018
0.291511328325
0.337255490179
0.352335773958
0.338637988519
0.350736637334
0.29350458232
0.346100306401
0.291011099167
0.331304444331
0.337033372311
0.342422393303
0.341610536811
0.290963561278
0.34324630523
0.335028506694
0.329251877262
0.288570602041
0.316764560091
0.341390382907
0.354197287374
0.288722717841
0.344292819364
0.334021350261
0.330632986784
0.333933119921
0.32570342114
0.288765359307
0.345380507974
0.302330142014
0.33678969934
0.328671754418
0.328212263036
0.29317227845
0.354020014774
0.296156969395
0.290029583098
0.32595198649
0.291157544546
0.346210279802
0.328796992315
0.319581035136
0.328523231226
0.330983682897
0.316116891449
0.288746176494
0.310743116879
0.291385468352
0.289353402988
0.291210626
0.32799898249
0.287722960188
0.351226512663
0.311159775483
0.339552134228
0.350516804461
0.312337429398
0.327419011625
0.29477752175
0.287984017262
0.290158260843
0.325644009561
0.330974319493
0.314454703479
0.291817598182
0.339477155561
0.341409580173
0.306476354201
0.31366158074
0.328522487105
0.350071785876
0.34081092851
0.289275295291
0.349705764033
0.330288138359
0.339663391932
0.34273865265
0.353832265878
0.291187836863
0.329178006288
0.289831740929
0.350655164805
0.327453462205
0.291076296663
0.288577082283
0.337887410149
0.29163864963
0.342064148793
0.289295325569
0.314017412202
0.317308824737
0.291212432738
0.366987899944
0.350821619068
0.336016495823
0.338845727524
0.31901497213
0.340754880061
0.290718355071
0.293362788339
0.340658527415
0.346962833148
0.333644620447
0.32594548193
0.308640621221
0.289308321419
0.287501455587
0.287901054984
0.344958158509
0.339107956825
0.317802426788
0.33796937577
0.338479737717
0.291438481262
0.341308372453
0.339511789253
0.332621710423
0.333471457304
0.287847493692
0.319638601431
0.329328195911
0.291643349741
0.346232352491
0.322646513486
0.332214282685
0.3230028712
0.32488669251
0.329076009288
0.29075406585
0.346891124253
0.323382613132
0.308157355253
0.293163408613
0.29066209017
0.35293164449
0.340463786417
0.31923357354
0.334368135348
0.354421914628
0.291209606933
0.333915021427
0.288212610248
0.332205596068
0.330306864984
0.342541314016
0.36328420095
0.34296404155
0.287950820479
0.362662403225
0.291699811103
0.329849322829
0.337084237004
0.31156502559
0.34918348762
0.346202360029
0.338820343993
0.326043145199
0.334569344914
0.287993538523
0.359673464792
0.328300384812
0.34562143225
0.334185382648
0.293260316623
0.289219219946
0.341044139089
0.336791328794
0.357353689281
0.332804406633
0.346024868381
0.342821545869
0.353654504359
0.342512057882
0.316992474279
0.352509403307
0.322849981481
0.320022135686
0.314478924568
0.318984332149
0.339005073968
0.314148053318
0.304151569744
0.320153556303
0.324068402963
0.361020491017
0.315162642305
0.31197064861
0.327035842638
0.337515133621
0.330929985429
0.336795311865
0.292773240959
0.293675412239
0.355176235123
0.293760533847
0.288452585954
0.336765984822
0.295291917998
0.330749620422
0.324717848093
0.330255668202
0.336381667012
0.325120417038
0.291915184157
0.330283574455
0.351945481287
0.352269656335
0.285814183745
0.289395525485
0.289640492418
0.354383656417
0.29012022548
0.2887774049
0.342440023327
0.291670321779
0.339002993475
0.341087559498
0.342624682414
0.287752410427
0.30259823225
0.339770646194
0.341340483717
0.290354134603
0.292471801347
0.336794103094
0.355425669858
0.340887000544
0.326424418461
0.342018713479
0.331403180704
0.319151447855
0.290783929905
0.33730187
0.324601924912
0.358278391656
0.321328274628
0.287118342763
0.290960126058
0.330580147412
0.335365405001
0.356896432188
0.325881078402
0.323255098495
0.291721140623
0.28660112685
0.289253040197
0.318337403408
0.314120293668
0.323066324928
0.329756469004
0.36082830784
0.334377865519
0.293342764147
0.360380546952
0.324495592103
0.347502901338
0.319101039524
0.292030311587
0.33638772105
0.290321956718
0.352320760995
0.3334777494
0.331455628414
0.337385973291
0.32986656455
0.364003201896
0.321859378062
0.333353320195
0.36171792814
0.333083158991
0.327547004861
0.316597876484
0.301511625799
0.288302104357
0.289994288714
0.290861179272
0.330554713525
0.329028096505
0.324626189317
0.333446319146
0.288732460284
0.318341374643
0.334997881566
0.292083378422
0.335698826463
0.350088027379
0.330602186445
0.334775978623
0.337664184751
0.347272733425
0.376628660911
0.292420519231
0.318417021811
0.34309357239
0.322692058748
0.289623728906
0.291570645266
0.314577986204
0.294046834284
0.289228333181
0.344890507469
0.333536937612
0.356143251328
0.289113008192
0.344770636285
0.289894376298
0.32776640017
0.319369505634
0.350558834952
0.291580226075
0.34172538114
0.356495055993
0.331371231792
0.348228098837
0.304021333349
0.28801039129
0.337725730813
0.339432079196
0.319122761894
0.330942777627
0.345972205522
0.292026602921
0.35417194729
0.340669856959
0.318516297919
0.329374544224
0.346012104498
0.29061315675
0.323498636647
0.352063025552
0.344558691426
0.320997241568
0.339950148605
0.314136677014
0.334393803184
0.318606224614
0.327284515198
0.373309577306
0.290717066585
0.285905023616
0.293070236039
0.34499123823
0.337843306022
0.310467981961
0.286623753316
0.355858961048
0.291423372289
0.347629879842
0.304772489091
0.341014733066
0.286639459215
0.314904602486
0.331086010021
0.336330917234
0.320421849142
0.339089774843
0.34310883638
0.334191465592
0.290150498109
0.293791692243
0.331574818018
0.292797557284
0.290112620429
0.348682565648
0.323397264425
0.349417214082
0.298179906438
0.354529021176
0.341122578792
0.344233212739
0.330018529487
0.289673106074
0.332135018132
0.29014920669
0.336231914546
0.355020443396
0.364715966361
0.290706517756
0.290704558859
0.340202980385
0.376722909129
0.327158787166
0.291796257042
0.339039217859
0.291048551582
0.33653768459
0.293705366907
0.341730583346
0.287210667538
0.290183401174
0.292143920024
0.291486779212
0.292227674585
0.292665803789
0.352882591553
0.288337896342
0.289482932724
0.31781062508
0.328000901639
0.321337525268
0.340284268164
0.334364483076
0.287537095405
0.326336984469
0.354662635905
0.343241306111
0.351121236135
0.325577354909
0.354001624076
0.290735681916
0.345181665695
0.318593032358
0.333068507259
0.327108833106
0.338487684931
0.29076943556
0.312224189192
0.28924525856
0.33999063422
0.325294454408
0.34758381072
0.308113333984
0.290346756871
0.291099744707
0.353982492739
0.29268569391
0.330477617433
0.28852866586
0.292199209667
0.351462099167
0.339933515979
0.293730078018
0.353196358683
0.291575319137
0.305343168504
0.344231380045
0.325518483488
0.345076097021
0.291546048346
0.332427753572
0.338817604877
0.294821763936
0.329563346931
0.291964601383
0.32367017624
0.32527530822
0.354497459886
0.287070144863
0.323910029046
0.334826732135
0.329097450056
0.329025191902
0.326462549254
0.339578462073
0.290446940334
0.290739488353
0.292594098495
0.292304638501
0.29022131776
0.318055110194
0.289771072838
0.289529604812
0.323222603414
0.291740439454
0.294191347333
0.291894904799
0.293091291949
0.335365929752
0.322169781979
0.350056898593
0.351892272017
0.345687741298
0.289647500629
0.350151496164
0.340462798061
0.331587350996
0.353419888318
0.286010087498
0.288897341152
0.343412134172
0.337605895405
0.334069712128
0.323085222435
0.331610340718
0.338706421468
0.289529485432
0.291324348206
0.325466642913
0.339177462821
0.33166670242
0.290604315177
0.290913173624
0.336909649992
0.338606242676
0.317834484657
0.333562789293
0.286365811418
0.289551787993
0.339497119285
0.331006912527
0.378949211997
0.358740796399
0.290621301763
0.291697928131
0.327416921362
0.358551199024
0.335735230381
0.313106991146
0.293175568797
0.349928394542
0.288148787119
0.333481101593
0.312568769842
0.286375532692
0.291375739416
0.28847203313
0.382121641624
0.290570076471
0.340854162217
0.30394210976
0.33076367087
0.288650086181
0.306723832116
0.374098373001
0.325960423899
0.321276369543
0.32784543002
0.314862092162
0.347526119735
0.28862712901
0.316010401253
0.352512371119
0.339590375888
0.290240579406
0.36656595626
0.368355356383
0.337851872512
0.302961983594
0.325620785238
0.357718294261
0.289320835704
0.349182496131
0.291327816507
0.327128362683
0.314429535175
0.328184874112
0.346551352538
0.337935172721
0.29019279987
0.330429394104
0.328492394483
0.317683083811
0.338333872778
0.2907453986
0.323209988195
0.358180038927
0.360509081331
0.289462918557
0.33451652129
0.290487486467
0.29225023567
0.290506131206
0.326300464942
0.291584368728
0.290911539859
0.33657664642
0.29126720596
0.350794782085
0.340782530087
0.331951719297
0.363454444211
0.288329296348
0.345691677749
0.292253846198
0.33586066231
0.326710143662
0.324515873847
0.330963824271
0.342090442859
0.285633912695
0.287935624431
0.316474110615
0.325621839305
0.329484952686
0.329833930442
0.290859074921
0.347141562347
0.340609726064
0.347263215624
0.290856880502
0.332985990658
0.322470149416
0.289253928696
0.349984196758
0.293287574737
0.400193078351
0.384861094735
0.33065714616
0.299837167094
0.291558392146
0.288142083243
0.347429081515
0.348346405067
0.293708995058
0.289000767151
0.346706288695
0.320827661519
0.338428395277
0.312845845774
0.351219079814
0.342766314785
0.287740324309
0.369468070023
0.35491001317
0.335255289594
0.310876592706
0.354010915875
0.346232028253
0.345373109194
0.348075514899
0.342871602295
0.350849092473
0.352130276649
0.321837452025
0.320441896158
0.308538934145
0.34799003194
0.307780774728
0.355241234877
0.354417168534
0.287539218678
0.348102512373
0.327151431258
0.313504238461
0.310633548009
0.288274355739
0.317379537016
0.32875944311
0.289554219086
0.333290033161
0.334928366454
0.321827157319
0.348117403659
0.352179375036
0.333873005856
0.287744392297
0.322603516072
0.332622233504
0.294773748232
0.288559771331
0.332067646802
0.351038945275
0.292020570608
0.289100134989
0.319362317878
0.311292203456
0.328247411295
0.290505118811
0.362182852332
0.340872351584
0.289754590756
0.288974358481
0.343137202259
0.330512053058
0.29053652724
0.292672760606
0.291238060054
0.341811079395
0.289915545152
0.291407281085
0.361008667521
0.290378306314
0.290076794543
0.325958940969
0.289085093879
0.319023409124
0.320504911554
0.324115048808
0.347295754798
0.289982292304
0.342660238129
0.297670473368
0.290864987394
0.323157219699
0.290266397076
0.289004501839
0.332938094127
0.35460733278
0.35013145037
0.354222150149
0.340733059294
0.320852560464
0.331445521845
0.310881481723
0.340934145887
0.292001352532
0.291075678582
0.321746534241
0.335133889903
0.29064112911
0.337113074708
0.294608073911
0.337611927868
0.320059177237
0.286101548089
0.343672380487
0.28929652006
0.314796589275
0.29128740184
0.346036187173
0.343742619746
0.330754503223
0.315859297963
0.319689206265
0.32077989968
0.344205503268
0.290462365032
0.315566021468
0.352728980882
0.342791539386
0.321616749729
0.340418893564
0.29152848729
0.289772949489
0.325769384783
0.337625550252
0.359705494628
0.350239860425
0.355661347587
0.344266060794
0.341438589066
0.349334513404
0.318989630606
0.326684848788
0.32823550317
0.344041618718
0.348290297336
0.290383015632
0.29318721487
0.335951410907
0.285581099328
0.339582585757
0.292974306167
0.338702613491
0.291879176694
0.32546216512
0.290550959147
0.327635382832
0.288800279792
0.287583090916
0.343697127036
0.342622268544
0.327956769388
0.28914026559
0.340024836297
0.332712127428
0.336902399654
0.331992950555
0.324932528146
0.336076235371
0.288527672281
0.366745372783
0.317885155301
0.337196988921
0.354428898228
0.314353192369
0.292034718445
0.326095352652
0.299570532828
0.331707303258
0.352745034772
0.307680351282
0.291549823748
0.361159213589
0.334037820269
0.292143822323
0.288938737934
0.330038593662
0.366514644228
0.289084697025
0.30874878464
0.328164895202
0.334213876206
0.35556522584
0.36388650538
0.347522542195
0.335518385392
0.340137675332
0.289703938107
0.337763296771
0.292036603751
0.340555670686
0.329124122716
0.336642763899
0.333614264904
0.362587403082
0.332875653065
0.342822974707
0.377469238056
0.343806242372
0.338105516479
0.326518740285
0.291772277239
0.344222961422
0.354637434559
0.360900125016
0.287553833587
0.338627894573
0.335219203006
0.333510867172
0.291200057539
0.328944091693
0.359014293475
0.329416491723
0.316184488426
0.327082067674
0.316949730426
0.290876592235
0.341420944265
0.315982299798
0.349630444409
0.338749296106
0.359232975498
0.341257546058
0.336639791585
0.342593901794
0.326715457819
0.369268075557
0.357804773695
0.32960607792
0.345354690971
0.31404615718
0.28696511702
0.335587610872
0.288593456282
0.329060857109
0.352950414369
0.331575685949
0.347672794716
0.324485293727
0.352175269809
0.325556776017
0.328447304681
0.344542456455
0.338399566112
0.307206885401
0.321692502866
0.341953559037
0.288258556086
0.349181855356
0.323606339204
0.291907463974
0.338253140929
0.314133969819
0.325668411448
0.350374963574
0.31060570471
0.327793948908
0.28941090263
0.340163632067
0.334453263899
0.342624431242
0.324563793431
0.318353455787
0.341140188914
0.342450156689
0.350584502616
0.330952348192
0.34632826299
0.331519622942
0.326882340326
0.291106041541
0.290819123381
0.360535879518
0.319695302152
0.336225752719
0.32162824134
0.35126894375
0.319520213438
0.288532955225
0.348637011598
0.350555297888
0.308674912747
0.325834149542
0.327380398358
0.345965940443
0.332007877478
0.333145569827
0.34677353704
0.329183451894
0.307052209399
0.355377623877
0.351467290387
0.354621709785
0.330999807969
0.288395007057
0.287207787361
0.326908616741
0.291766511448
0.313549903616
0.32143829223
0.342222418322
0.354753787271
0.32915205254
0.337030652393
0.291097795538
0.334192823909
0.334619855218
0.290626830727
0.325679887055
0.347308953805
0.348677834262
0.333021513931
0.356275898047
0.344045794244
0.36573424909
0.323907997499
0.329854708365
0.31490878265
0.334890001548
0.328515368971
0.346391557637
0.328361520094
0.351992399878
0.321556449989
0.338458283713
0.30592311406
0.333183861816
0.292776555666
0.289604207727
0.334140560039
0.335346861324
0.320208559862
0.322792889021
0.29020790203
0.313848935982
0.313139517248
0.291023354087
0.291521139813
0.289233237795
0.326957149537
0.303892966562
0.327225455295
0.335354262982
0.335129269059
0.338517475838
0.351791133403
0.336441530116
0.349632474691
0.355632456448
0.291762667956
0.354131101882
0.290575515455
0.296520472838
0.327160798381
0.366926447191
0.337933980688
0.345289548275
0.351248272845
0.334033351827
0.320979290255
0.289861407979
0.290654914418
0.313373095178
0.33950437177
0.343543625796
0.322251205708
0.36806826798
0.349135836896
0.289873943302
0.363599496348
0.319561458875
0.356273193952
0.288121047658
0.352104135745
0.329163861069
0.319523744912
0.293814667593
0.326091081571
0.289279409629
0.316957249766
0.329188964798
0.316380932522
0.335169760778
0.338361546506
0.325321307729
0.33603699502
0.292527728346
0.291792180084
0.291325118582
0.357215738352
0.329909382839
0.290448093817
0.343964279291
0.317917641125
0.291583542221
0.344816284841
0.315181713463
0.334289895975
0.287290010838
0.357051632598
0.289317937905
0.344880395535
0.328624190054
0.369772014134
0.332094089535
0.289576793219
0.341760981449
0.338063391891
0.344099601376
0.347553159799
0.337797781547
0.340663072062
0.320842183752
0.313811336275
0.35166582695
0.29032629504
0.325810692141
0.300226923914
0.309090403425
0.343285774602
0.370523307245
0.314908460672
0.325737001162
0.318364611808
0.292369677538
0.290159466343
0.323907692252
0.291902746915
0.344931109595
0.346690469439
0.327430474798
0.326218244675
0.351344917519
0.340106310434
0.339308990918
0.330968738554
0.332939580652
0.33513748927
0.28677172188
0.333294916481
0.287883351746
0.341127953703
0.289419747235
0.350932784187
0.332310949525
0.317799009253
0.307848721234
0.340058284149
0.290979414923
0.289050052954
0.326603908122
0.347784088162
0.323948026777
0.31437110538
0.333051248857
0.373482192803
0.338217045581
0.318040823035
0.292362163465
0.319834883884
0.293819116302
0.348740941905
0.291796354259
0.324209630637
0.334790031136
0.292485848895
0.3214355515
0.338460334938
0.329646299221
0.350215911402
0.354201937181
0.378581018969
0.29176084791
0.355645590565
0.319982105516
0.289710149607
0.348130869944
0.356368065714
0.31584624044
0.33683509155
0.327891590287
0.358209957587
0.339711674446
0.328010877743
0.337434473486
0.288278932358
0.290117928513
0.291722468346
0.350880101022
0.335507179381
0.331795720723
0.29003716862
0.336038877097
0.29908222573
0.356071727899
0.291265566266
0.342479463028
0.375129874358
0.287992264794
0.309761546332
0.351408385886
0.310486787532
0.291034511994
0.338279088567
0.347609213908
0.288357514354
0.348602430723
0.326192978624
0.322291212307
0.356717990745
0.349754127469
0.350975441876
0.353006904871
0.309114288565
0.354508960918
0.2901414143
0.2902053157
0.290967142953
0.322632720696
0.315407973506
0.338889365826
0.341076904653
0.289568167015
0.343025968897
0.28971259656
0.346401084279
0.287964482112
0.29004435118
0.344901592823
0.290546518849
0.292415942818
0.331276445006
0.323579777165
0.314733993752
0.35296349687
0.329962798004
0.345084409656
0.341643330881
0.358508115317
0.330714675982
0.341656443131
0.289045225155
0.290142764597
0.292049650661
0.348572741642
0.331857870803
0.342682407278
0.346493863932
0.323708757683
0.306513612399
0.292109556122
0.375046879081
0.354984186476
0.34339131736
0.356018534972
0.34810269336
0.291829039183
0.288769417077
0.364313459302
0.328862128182
0.293260083497
0.287493239662
0.344482739274
0.34604350615
0.333936751138
0.350675755851
0.292573524236
0.33612302349
0.320291668113
0.330174062542
0.289114229403
0.288168086505
0.30673275416
0.293132754139
0.337937765072
0.339426435046
0.343094187555
0.348727742695
0.352470214123
0.290905522387
0.318771631714
0.345393971456
0.327054534287
0.336351332403
0.345365796712
0.33040083798
0.288403551337
0.335247355875
0.352841103288
0.290400315262
0.34658486146
0.287320346813
0.289961607826
0.308764125371
0.316056061847
0.341321395544
0.29329561497
0.329895575893
0.292896883852
0.301326723612
0.322749760067
0.290691443678
0.330481655989
0.324775023906
0.289817003588
0.289369626962
0.328817311874
0.332725269981
0.289470030175
0.343399237461
0.332835817435
0.330890712092
0.329108809632
0.345291487514
0.342600660132
0.346811019308
0.319118294129
0.324796258082
0.361017325041
0.318939120799
0.288267996181
0.32375699976
0.328651640112
0.342276614841
0.333547875774
0.327904240024
0.340391230962
0.315420152374
0.355543198275
0.359970003703
0.33155320176
0.344739366762
0.292208999063
0.378622763637
0.292465333557
0.322707588027
0.331456188689
0.309747241267
0.326416991138
0.317434149154
0.292452709171
0.310158141109
0.329564490011
0.327039871042
0.371600295344
0.360569542796
0.331937577327
0.288145442284
0.319411147636
0.385273161174
0.333911834429
0.360913980402
0.289950022493
0.289652335819
0.290901826456
0.32260268252
0.28919933826
0.345014102596
0.336244827682
0.319796230566
0.345199849583
0.30217429655
0.308599867407
0.288963578612
0.294174924836
0.290753621024
0.289910212857
0.318141655649
0.291211730297
0.337225925857
0.288366672721
0.29079303594
0.291570050483
0.336176142904
0.291041685144
0.311472216784
0.320022699189
0.324843409775
0.356075380569
0.339001703942
0.363733939901
0.367987105798
0.329003109623
0.317968062907
0.352489592365
0.346505879872
0.319802952283
0.331484037967
0.289552990861
0.29348953413
0.359395003245
0.36863462216
0.329161828656
0.346493364882
0.288231774525
0.290924725118
0.290217332748
0.341645115072
0.353237770745
0.326220793237
0.323896395048
0.365103951444
0.287701950279
0.343536504707
0.292515082002
0.291541272399
0.329363445455
0.339334472734
0.333026655673
0.32229598413
0.313406431443
0.345575278441
0.382745271989
0.375245945771
0.318430962202
0.322990074779
0.325204201097
0.360656664163
0.364883934801
0.34729168941
0.321823867028
0.333884386568
0.343937788502
0.345076863133
0.330173056307
0.335358028451
0.289946885802
0.330337656583
0.371547802594
0.291110915701
0.333687147652
0.288468713891
0.324309023036
0.289430014525
0.355519105221
0.328087510114
0.32028119954
0.287868000827
0.35383445621
0.363730578452
0.291138901127
0.337649569452
0.311989933754
0.349180286999
0.334964172093
0.346481774842
0.321273588724
0.290204766849
0.35641991469
0.292745860914
0.344836278259
0.288673021814
0.353887111566
0.356888640394
0.308787927462
0.348727283257
0.287474929139
0.32268556746
0.346194625501
0.32662779246
0.331356539489
0.289331206232
0.320674459588
0.290813962069
0.323776798965
0.355314308882
0.290844108904
0.291569893307
0.290401566697
0.320393274944
0.350893957067
0.287560583236
0.355366137212
0.29170348596
0.342608145653
0.286782297417
0.288872117263
0.342431154189
0.291104967027
0.287861291148
0.331812266182
0.335945255347
0.330324876743
0.291095353705
0.291988801842
0.339941832309
0.288841335557
0.338659433451
0.36986767249
0.353829724925
0.289686787386
0.346829843805
0.34674656474
0.347167476353
0.291416432123
0.341527543033
0.344197945117
0.354842442888
0.334844111011
0.350251763092
0.308345455939
0.322241467243
0.331922203763
0.324754036064
0.336430748631
0.337360977839
0.342756780921
0.369738116624
0.355120388001
0.292781851238
0.340653701351
0.349805174718
0.29051046532
0.33330114762
0.28562318095
0.291915049173
0.31968279587
0.359739440792
0.284860783637
0.324949827469
0.344702735086
0.326786066706
0.333906730095
0.370933920288
0.288648349087
0.287444283311
0.3608900157
0.321381671297
0.362578066739
0.30316702655
0.291359742335
0.293258263733
0.286285130911
0.290355339934
0.320197264343
0.309492194062
0.337560358292
0.349367882283
0.341350577604
0.291567802213
0.349167423267
0.300662342174
0.316510392846
0.329772881854
0.348465292102
0.358021177586
0.309202987276
0.332849628162
0.349474077133
0.343714575125
0.328207076769
0.346236631075
0.344646740496
0.329580096875
0.333017191189
0.288945253177
0.289389119884
0.289088249453
0.294531791002
0.342234267622
0.351692922148
0.31830316857
0.33602434378
0.324208014254
0.364301294555
0.334954568286
0.335904459424
0.328138002071
0.376650354885
0.325810681585
0.348313716705
0.326629553267
0.290084831403
0.328647095219
0.331683189897
0.292300704907
0.343770947119
0.311235776084
0.324161257598
0.291329053102
0.335312931298
0.290903745008
0.334840617729
0.31798567987
0.291046737121
0.29111400176
0.374979008609
0.360643171698
0.321734875954
0.35369650116
0.290189473293
0.324228418469
0.334906272031
0.357622557117
0.343490622357
0.319776821828
0.347362448724
0.302306252522
0.291136342407
0.348194487481
0.290719455958
0.337541079674
0.320088798174
0.355592638832
0.290222363162
0.348712596414
0.348021042502
0.289588423557
0.328468123161
0.344896420987
0.322465001848
0.326224655001
0.31345976899
0.337084946689
0.323540696503
0.317672478013
0.3463298842
0.286791308943
0.287358009249
0.309951657538
0.326956098467
0.354470405215
0.322675386724
0.342959588356
0.343714584652
0.323151714866
0.373811778749
0.339921391729
0.345561619425
0.332166054917
0.330827555557
0.29022586256
0.330631534798
0.287950166647
0.345044256258
0.289775161565
0.326033058787
0.351320512245
0.314613083073
0.333321719504
0.312312342347
0.360010546989
0.287619205978
0.290594359253
0.28611433303
0.340223152686
0.352772931104
0.340950119546
0.320366147406
0.356778577193
0.35166349073
0.327227963187
0.362093455614
0.320973265873
0.352267764936
0.289875075212
0.288541633693
0.28980117962
0.338844924246
0.318963934516
0.291791532491
0.337147209356
0.288312749048
0.320926748648
0.329583756943
0.363583567171
0.330029927425
0.288759568745
0.289288433216
0.328091993247
0.361336651122
0.323466556321
0.323441662872
0.32773701261
0.337188816548
0.334855861021
0.291250321187
0.294343851167
0.306271890751
0.322741255937
0.338467260137
0.328968360291
0.292445774737
0.290576543805
0.291062488232
0.292269425974
0.332276239382
0.336302896201
0.306156835418
0.317369060935
0.287581788925
0.328686689144
0.31801321553
0.290882276071
0.358229555963
0.34664521877
0.338533886746
0.338788948368
0.32036656249
0.339512055409
0.33453480805
0.333853064494
0.289180298785
0.342435961325
0.286139624909
0.291439404432
0.340329684381
0.28769722286
0.319458094738
0.292280512925
0.338268515824
0.288823492521
0.31051446803
0.329206064865
0.341178420626
0.294793807053
0.353274539075
0.341851273689
0.289105292374
0.287897220265
0.289904748847
0.334482831339
0.329564297603
0.315717217801
0.337141493719
0.327469122737
0.342469521429
0.326612476016
0.312500372116
0.311375664565
0.349429855546
0.308741790315
0.320523439091
0.338518739997
0.289895642168
0.337646499457
0.333866256172
0.335664121702
0.290584617241
0.346424435791
0.340032558815
0.291177300615
0.315311769533
0.30365671008
0.292809525828
0.336716143525
0.332808660122
0.292900728588
0.330382231361
0.289680447522
0.34378804392
0.3541276351
0.33650312359
0.3556759614
0.323518410953
0.340242424901
0.349367826577
0.362204759071
0.370732492868
0.330274374829
0.32900560847
0.359412214313
0.342181943886
0.356775035973
0.325833459144
0.322123084073
0.330723510366
0.313016014544
0.344143613513
0.353514700862
0.289227725747
0.289506352209
0.341214235785
0.291003848924
0.338542192758
0.348378723762
0.334055578223
0.289678472447
0.350445342314
0.37006701121
0.348705266461
0.340906175109
0.293369967228
0.287954324902
0.336489392762
0.358604751217
0.290021080375
0.290811728134
0.333538059608
0.316629352804
0.325445994522
0.315378262255
0.308779167914
0.290518649416
0.291527191671
0.336602193893
0.291979573439
0.362870731527
0.343900660422
0.289803046198
0.28826597301
0.285132809943
0.336794999878
0.288851425819
0.331575693566
0.384499961509
0.343621105128
0.342204299255
0.312902344764
0.286864216794
0.320238508219
0.319025415287
0.334854675504
0.288219287275
0.287822529071
0.323629674541
0.343319389093
0.315522984039
0.333976630168
0.338194422749
0.350767244851
0.289312046795
0.349565310984
0.347073038418
0.291914225508
0.292310242366
0.339925519147
0.331997735578
0.34402445487
0.396370542216
0.289619142797
0.365979975409
0.290038069166
0.332937359388
0.324384971899
0.341684485878
0.293056719162
0.348016508644
0.338494212878
0.338279331592
0.317700444351
0.339546265662
0.316780186465
0.330990277108
0.291674075842
0.286447140503
0.315696086712
0.352555397011
0.320343191617
0.321182649452
0.339458916571
0.294393955484
0.325170616872
0.341371930389
0.292436220656
0.330182852932
0.357874309254
0.318267612608
0.289034378158
0.345850426663
0.292440245232
0.291676184231
0.357065550811
0.289402728467
0.353109762971
0.315816837541
0.338945364549
0.342156968953
0.348554965333
0.369616021847
0.337336383261
0.35161028439
0.333042600089
0.293973350216
0.323126818057
0.322746534072
0.357426949061
0.34836895649
0.368259093111
0.353141674616
0.320889615425
0.350838269798
0.35115801603
0.292164753967
0.320889850731
0.347940469187
0.318043541406
0.323136166121
0.290816645606
0.2907061799
0.288693514667
0.328904937806
0.292044860853
0.361938972421
0.288366429289
0.324988143093
0.317357226584
0.363137089618
0.328010045997
0.331334343768
0.288980755456
0.344546351396
0.342394851139
0.356115438486
0.290227352454
0.34762446931
0.289762642725
0.292995116439
0.333656932493
0.292641252359
0.28709209941
0.323730756935
0.327880996886
0.325408460602
0.357633423556
0.321032013255
0.337501070196
0.326955444118
0.338744060747
0.317465248452
0.339174753335
0.331479147543
0.317020992505
0.294067018319
0.349343632768
0.36196173924
0.333299591311
0.330302393725
0.332805420687
0.320494013068
0.33565210946
0.3630904879
0.326859537224
0.332355310554
0.334249811196
0.32395899308
0.331591433592
0.348461914785
0.29272158419
0.337661141572
0.290567363344
0.324463373812
0.366979268496
0.351107793086
0.289422420427
0.352836307206
0.288319024731
0.290225544175
0.288428637657
0.289376457229
0.29360653261
0.332309045138
0.332529347579
0.289116353057
0.292058756821
0.291140824383
0.291127920239
0.287944487257
0.290469067193
0.341259045935
0.289530009843
0.347229141959
0.331715715791
0.290539917956
0.336698708933
0.318817757383
0.327387990176
0.391214549815
0.28865727659
0.336147272875
0.368555149063
0.290208931861
0.292199402725
0.291153414524
0.286606194144
0.291757638967
0.319801706176
0.350572448906
0.356776925574
0.352748674945
0.337819774912
0.292312212795
0.289955768805
0.332888484746
0.291372866693
0.331923894874
0.325445711486
0.28821700092
0.321629338773
0.289072493448
0.350280274759
0.346466706845
0.330311097292
0.291086637766
0.369318470337
0.344696066557
0.32962126856
0.335353975624
0.339296851225
0.323652915644
0.351025144976
0.292003607232
0.290062646281
0.328679187492
0.321869981087
0.325954321282
0.336750050824
0.290317961133
0.335321983453
0.35412563816
0.292426669892
0.291967057184
0.332132475719
0.342491862172
0.320490179557
0.343575728554
0.327126420622
0.350869487227
0.337120642939
0.347384638664
0.327621256252
0.337923580119
0.321942003317
0.285929024407
0.290692741969
0.34451440252
0.360446140341
0.290902026365
0.291723432647
0.356195145201
0.345498061155
0.339600193597
0.329411863661
0.290293021867
0.354659806792
0.312208717873
0.28975649882
0.288801138447
0.338644523354
0.289426194832
0.290959339923
0.351180890289
0.330917017225
0.341497536584
0.317537196561
0.291720163327
0.292293566492
0.333025991568
0.336169335038
0.354369255361
0.351474758395
0.345561490327
0.290706669851
0.344110295298
0.294571383918
0.323943014023
0.343530865822
0.354425521113
0.352574260251
0.340323892524
0.352382304613
0.288414013785
0.318031705525
0.310511566603
0.304350276043
0.287513572983
0.322858310623
0.342944283336
0.288077292834
0.326540861743
0.325281087585
0.327027391721
0.340653431779
0.317853492042
0.343141282583
0.289848836447
0.293325326226
0.34160878239
0.319552333406
0.368106105537
0.328871328396
0.33218376954
0.348657200328
0.28935792438
0.292234664115
0.350473402672
0.374586962633
0.290693969321
0.290852459125
0.333309967256
0.363811963962
0.29214684287
0.292496526709
0.333516981068
0.34893842327
0.320022164693
0.323253024902
0.304421654658
0.290794562418
0.290025627524
0.356356296728
0.364524669255
0.329018162398
0.333065967617
0.338885693931
0.292126882156
0.346163585506
0.326822519999
0.323022964701
0.286808819112
0.330690650102
0.342258213537
0.352129649467
0.327709342908
0.290976461949
0.319152853836
0.292731216726
0.320772026556
0.32463623615
0.288058199254
0.333471604822
0.324761933738
0.373038663663
0.333220762637
0.29210843609
0.292731405342
