1.223846665855006190e-07
1.254559420649701368e-07
9.802355468987399257e-08
1.447693897702865468e-07
1.109756974490998200e-07
1.098811675280624945e-07
1.044503007010429561e-07
1.363501256858764092e-07
1.368810968539312340e-07
1.171684177492332241e-07
1.101093107321499974e-07
1.084422727468246415e-07
1.439989257966654934e-07
1.213597509961675923e-07
1.241982547806467199e-07
1.136915181351955988e-07
9.559095110185704175e-08
1.001412906175096796e-07
1.275428710418985389e-07
1.197645635874213363e-07
1.072973865682417887e-07
1.011859521224267688e-07
1.222898856305633526e-07
1.169982491594595670e-07
1.354882384927540503e-07
1.364230347014702767e-07
1.256200432306494337e-07
1.431107402123942262e-07
1.133130027236807146e-07
9.870880653222260257e-08
1.068670038873328535e-07
1.310960575038323690e-07
1.167126878802784317e-07
1.170439087378645447e-07
1.208735384885182511e-07
1.016102730386438721e-07
1.207002188712595310e-07
1.159095867676922221e-07
1.557784321471425260e-07
8.945472408613865229e-08
1.158401496122239478e-07
1.111785679250604280e-07
1.338418615204289943e-07
1.189587559316768550e-07
1.034048855718471875e-07
1.150037086172602535e-07
1.255274134928876504e-07
1.213251532025654497e-07
1.218656062171084023e-07
1.183406849461602925e-07
1.011531064223330163e-07
1.070347548259336737e-07
1.168659871330863211e-07
1.298774195074115435e-07
1.303979237485329542e-07
1.117123794566323249e-07
1.082861581551800607e-07
1.232153240546585258e-07
1.401195375253930186e-07
9.935415971741576876e-08
1.145166490660373252e-07
1.182527359948802173e-07
1.330709184680932579e-07
1.196673262435789884e-07
1.219641235519048199e-07
1.088439781899730173e-07
1.334434516346586601e-07
1.261831854860778723e-07
1.165127968320406430e-07
1.323502515657417241e-07
1.049864916871577736e-07
1.238576179602659363e-07
1.113960860001691366e-07
1.177570631197733080e-07
1.381991115616159689e-07
1.193965495276954634e-07
1.129631209457304726e-07
1.258842938516215844e-07
1.149388193800697976e-07
1.228063000444829652e-07
1.314604308544631851e-07
1.193933768312715202e-07
1.051956141996643273e-07
1.146251542005989998e-07
1.325724334559063385e-07
1.277677746397601308e-07
1.175756001650402918e-07
1.234717143474885733e-07
1.278503551314334281e-07
1.279960286541344805e-07
1.156030138769751256e-07
1.284096519192506597e-07
1.446386815415546539e-07
1.217494774467720514e-07
1.124890299218548697e-07
1.297604431061727055e-07
1.058855393075907318e-07
1.178754024645779616e-07
1.374969517105470721e-07
1.153452276038619057e-07
1.007696214816033296e-07
1.247268509579976921e-07
1.272277265328412871e-07
9.680798120426732850e-08
1.035664089215177690e-07
1.247935239567400879e-07
1.214169671846772905e-07
1.381814542676073980e-07
1.394960468781293816e-07
1.203096371753057273e-07
1.237953163208183735e-07
1.090612362447557904e-07
1.099928359556778744e-07
1.476296133639217284e-07
1.187160524225507427e-07
1.115385468196108226e-07
1.066570690629006391e-07
1.087110200368407116e-07
1.280558497353269570e-07
1.254886245958183066e-07
1.145404696420124597e-07
1.100143968539127892e-07
1.113963008419228803e-07
1.214372647896692379e-07
1.241072699554953943e-07
1.372256618611560853e-07
1.117613249687372365e-07
1.128586336927740040e-07
1.246868650634809869e-07
1.434675848672751531e-07
1.332319260115331818e-07
1.211579157578262842e-07
1.195708366671914345e-07
1.060554632140179531e-07
1.081614418599502756e-07
1.282051116821723650e-07
1.275458473613486198e-07
1.396567224063039322e-07
1.090924832128724824e-07
1.023740523820093222e-07
1.087761148150608258e-07
1.370340415537783862e-07
1.167955111614589806e-07
1.145770554580999506e-07
1.164552036487841727e-07
1.106536695680173395e-07
1.258350497960766170e-07
1.289434432203234183e-07
1.425827169332278959e-07
1.109997984334961064e-07
1.144426018729559502e-07
1.334968256396575183e-07
1.434450030631746381e-07
1.103705928883222880e-07
1.246763666724204950e-07
1.178984106034157958e-07
1.417820279085526696e-07
1.045464623948994625e-07
1.205044885967966787e-07
1.427175606210449671e-07
1.374142911119776355e-07
1.031949018504579549e-07
1.133118475219678575e-07
1.375596946792876779e-07
1.308918214773733870e-07
1.183350691896825657e-07
1.171235552966247418e-07
9.848143774003656977e-08
1.325592296236899992e-07
1.294063357078776483e-07
1.212767855568278349e-07
1.091850420504941633e-07
1.313979942038980104e-07
1.173242611027019171e-07
1.138181115783810950e-07
1.227776558210670813e-07
1.469474901004077914e-07
1.602032361683058216e-07
1.061414086607716677e-07
1.192366879083657828e-07
1.316660787724254656e-07
1.351133128886253558e-07
1.261886691090511075e-07
1.128568266387717060e-07
1.149122242039337390e-07
1.026105666635784806e-07
1.182015681868702084e-07
1.378062295372882915e-07
1.150007085708849051e-07
1.122598465574295483e-07
9.251851652480298011e-08
1.216127792162623188e-07
1.217980467876857406e-07
1.196125157104699690e-07
1.056434249128025985e-07
1.172050905524805802e-07
1.183028778676749031e-07
1.044160898526972604e-07
1.262671549878283564e-07
1.458358203906672309e-07
1.185513088217742456e-07
1.086483977209261580e-07
1.350994919656954524e-07
1.335647357003265597e-07
1.160049629199929838e-07
1.151508558783271354e-07
1.055500618418889675e-07
1.013091852827534218e-07
1.210637215600861352e-07
1.259716834747218383e-07
1.017244082905677994e-07
1.136352879705374650e-07
1.202376541916930950e-07
1.239441740981672644e-07
1.203219173337612366e-07
1.169563301427183526e-07
1.005472052693148497e-07
1.095698092676710171e-07
1.138524639262886733e-07
9.594772027869069762e-08
1.090404325506816038e-07
1.114353436977776340e-07
1.214051716985713707e-07
1.197697693133642351e-07
1.403999404770063468e-07
1.020329728544595623e-07
1.035165760002955585e-07
1.160468448228240144e-07
1.263091314284134309e-07
1.266180883762971174e-07
8.843885926486940628e-08
1.122590266048708081e-07
1.130404070377763252e-07
1.224456873751030213e-07
1.212902974913710537e-07
1.192000262285872565e-07
1.126188257219188600e-07
1.166081876013755761e-07
1.106229596359244451e-07
1.105301745152275038e-07
1.152935471887942185e-07
1.287665124677132574e-07
1.180224954309442563e-07
1.444234198205372605e-07
1.032279099333722104e-07
1.078054128434098735e-07
1.222503677347767898e-07
1.334799088539687825e-07
1.283767020645375476e-07
1.207998465819826733e-07
1.482180531439573170e-07
1.291141644408884708e-07
1.120647997537106457e-07
1.200705462321996675e-07
1.374584454423677596e-07
1.157659338798970060e-07
1.156051937131087075e-07
1.152187414643796403e-07
9.498838112754137291e-08
1.071891575218222522e-07
1.059267571893622868e-07
1.201805702295979265e-07
1.461256407448951059e-07
1.225363271113085743e-07
1.142735614792359987e-07
1.144007923575513539e-07
1.172028664225576565e-07
1.281737719166264017e-07
1.539222258860974871e-07
1.148136029950616663e-07
1.116711706872448826e-07
1.098646602169017076e-07
1.237249925406716406e-07
1.325406743228487295e-07
1.274431733766466506e-07
8.715697580014700629e-08
1.138762381829443298e-07
1.474604053604416474e-07
1.224634421189524017e-07
1.099045558382788262e-07
9.579849001021751951e-08
1.007233838179299219e-07
1.155161661622061942e-07
1.071085638730790113e-07
1.593863893778371815e-07
1.365135568455369595e-07
1.167527012916471028e-07
1.168588325529383438e-07
1.162529251958920604e-07
1.054832355924563060e-07
1.168209451143393331e-07
1.311528457407552238e-07
1.124916431769143332e-07
1.025531309035093855e-07
1.074861873018995663e-07
1.316203715974306341e-07
1.182530312862167079e-07
1.118310434842060545e-07
1.099010777398386520e-07
1.187308946849457470e-07
1.115897198158210621e-07
1.461081601387695121e-07
9.795770252970183453e-08
1.111332646482244791e-07
1.224591687504541701e-07
9.927906525613120523e-08
1.110400788539587638e-07
1.237649483922268848e-07
1.239965232937609112e-07
1.196600204818473915e-07
1.000870753878812505e-07
9.269370648181173115e-08
1.191114070495115716e-07
1.201802732260268699e-07
1.121635136047889934e-07
1.115179861639841048e-07
1.317634077421908428e-07
1.182396408794848273e-07
1.274800544047360969e-07
1.211748367275594385e-07
1.196132326481922226e-07
1.265179204692594782e-07
1.473103177698382542e-07
9.850990116846427675e-08
1.300751773626909436e-07
1.254540821659060001e-07
9.880491268390785031e-08
1.168123617399071022e-07
1.217191769487728897e-07
1.282339265930970273e-07
1.011590117603115432e-07
1.187561826750388507e-07
1.317533510889070445e-07
1.241962180766674460e-07
1.105857983484918441e-07
9.466951014789280889e-08
1.495199519092445385e-07
1.222778920446046856e-07
1.192804475758716548e-07
1.013937323469402302e-07
1.208917011333500600e-07
1.243161619183913583e-07
1.376625716604901257e-07
1.298989057031908877e-07
1.396793757564650082e-07
1.141203635846134965e-07
9.931978015148284420e-08
1.165884524483748227e-07
1.330279875701328981e-07
1.326657605045647760e-07
1.088396887929716454e-07
1.216272957699839113e-07
1.063479516934446068e-07
1.127441731308064502e-07
1.238664267287274211e-07
1.200069827642024272e-07
1.077450821917714052e-07
1.127948104394379245e-07
1.245569365619942384e-07
1.191028309414528182e-07
1.395378455840077059e-07
1.037340080561193310e-07
1.118418003492648564e-07
1.192866379488188135e-07
1.273294569170383952e-07
1.272750934903756691e-07
1.299879094737698000e-07
1.154995684983878631e-07
1.163484680528196322e-07
1.019627673141515364e-07
1.093979342338380135e-07
1.296932406680650953e-07
1.292387194991376923e-07
1.324763884393613424e-07
1.116378986951970611e-07
1.052063871364560914e-07
1.148579462896852394e-07
1.280909900593295977e-07
1.223155631576367204e-07
9.520488453272673498e-08
1.152036938055651012e-07
1.148787115090214219e-07
1.180185085500042823e-07
1.260793664186995075e-07
1.249604741566100136e-07
1.180568478805491911e-07
1.310164018509352666e-07
1.285815237208597893e-07
1.154406901586379370e-07
1.223235986850418417e-07
1.222261204204566835e-07
9.857945029170032295e-08
1.135988235905968626e-07
1.294933808889520079e-07
1.365072464874820841e-07
1.206768320132183084e-07
1.141499537390328067e-07
1.260331734885008876e-07
1.238575208799536791e-07
1.182600224046798657e-07
1.175415944747680724e-07
1.078839660116515975e-07
1.423101062755136615e-07
1.234163682208668946e-07
1.203425988589709290e-07
1.048288443106678309e-07
1.131320884256139903e-07
1.297076547474037952e-07
1.121182808798951076e-07
1.221302977106042235e-07
1.127234730980626238e-07
1.226290666986804010e-07
1.277712961110315684e-07
1.196167243151205123e-07
1.124886844129857373e-07
1.240518319629922081e-07
1.289546747521347517e-07
1.283318552357591444e-07
1.064370404198711101e-07
1.236288023175339092e-07
1.003118885726610648e-07
1.111821325339471219e-07
1.288194854473780760e-07
1.279163194071842072e-07
9.737837260014659941e-08
1.202217367991049624e-07
1.194390916002942358e-07
1.321168371737488861e-07
1.549386760487451558e-07
1.287834689113175593e-07
1.150617698923832210e-07
1.076363543842633775e-07
9.921060497453467965e-08
1.078409980232516486e-07
1.400692149003842080e-07
1.064341466880114439e-07
1.070556820751290303e-07
1.058078217317522026e-07
1.307280993111137650e-07
1.319222093390700140e-07
1.318002457221300158e-07
9.661254619604381736e-08
1.071581626892004189e-07
1.175720382422099260e-07
1.210206189499187302e-07
1.259225976935219130e-07
1.026303790334635436e-07
1.212897803362127271e-07
1.302730097037253198e-07
1.513115505680238752e-07
1.268843385091554966e-07
1.113978895627192549e-07
9.851975403530408749e-08
1.037033545554557775e-07
1.160288978838757800e-07
1.222225756319143608e-07
1.037567167955561836e-07
1.015405211733049977e-07
1.153918675293280933e-07
1.245430450377957053e-07
1.216681365442543945e-07
1.113890460148338238e-07
1.123225423782304251e-07
1.232822615875630110e-07
1.242001268526864100e-07
1.529541319240121549e-07
9.626404499529053525e-08
1.145956267769020032e-07
1.284404947483248587e-07
1.057014823655611190e-07
1.275992997842985399e-07
1.298291518589734210e-07
1.369800797997855240e-07
1.112661861306650345e-07
1.100879395896706980e-07
1.435662178325390716e-07
1.175373659025085920e-07
1.055810409084358583e-07
1.186287503968249462e-07
1.338055672628545115e-07
1.266954563266016343e-07
1.245771006112980762e-07
1.179687915324374845e-07
1.033291803647777988e-07
1.272726370672920669e-07
1.277689132630238864e-07
1.226003999875357988e-07
1.182323243083505458e-07
1.124569508921291961e-07
1.021739304241708163e-07
1.184080169710251000e-07
1.133849416556415021e-07
1.217187756352055290e-07
1.367069891885870626e-07
1.014681217142504954e-07
1.134180304860577004e-07
1.324996147411436956e-07
1.295542417287890245e-07
1.156181875282382143e-07
1.159462423903549641e-07
1.058069775678583507e-07
1.289429393700095701e-07
1.350229059232777746e-07
1.102803604899856515e-07
1.086861693500812736e-07
1.074365266738936149e-07
1.266867044465123988e-07
1.206896402631823169e-07
1.259371955379201753e-07
1.147007169764325870e-07
1.097328888525164645e-07
1.219682197501306288e-07
1.135698051215100241e-07
1.297458567398831831e-07
1.290773397868132695e-07
1.167712953551569495e-07
1.093891542434567678e-07
1.104930181766676814e-07
9.031909952107434509e-08
1.251635836296536321e-07
1.224005416708159892e-07
1.152574749581065580e-07
1.050681360294528198e-07
9.416480098935136903e-08
1.435248550095608445e-07
1.170304534454381746e-07
1.155708842382116308e-07
1.052116305853120326e-07
1.131013770378247385e-07
1.249677728315697300e-07
1.360394771747189167e-07
1.009965181079262246e-07
1.183343225552916618e-07
9.803597042274890516e-08
1.195329506024089516e-07
1.187989933327582879e-07
1.204833582082858609e-07
1.189522064502242677e-07
9.947540102603852848e-08
1.039892593935845979e-07
1.295821506246235524e-07
1.228353906833937122e-07
1.172588728324037918e-07
1.098913673563651134e-07
1.326097901209455318e-07
1.383559888867539562e-07
1.168262317264363345e-07
1.083064639383975630e-07
1.250572323874180476e-07
1.317417303925175983e-07
1.261549158352643407e-07
1.110596736568090887e-07
1.219505460607597103e-07
1.139076577209536447e-07
9.916111514526968808e-08
1.201109586110582660e-07
1.162838081906016592e-07
1.462798286927260916e-07
9.519277044477178303e-08
1.131303648924298152e-07
1.083738375317585815e-07
1.268930581939732138e-07
1.167050870108488606e-07
9.339440047493414376e-08
1.193604412779310610e-07
1.175660938816946491e-07
1.356630102670351554e-07
1.357425549660731809e-07
1.127613926067896200e-07
1.033098693360609484e-07
1.386959116911570554e-07
1.280889920299282156e-07
1.338003646193318470e-07
1.166637503128569772e-07
1.161188996180448823e-07
1.239864701973309829e-07
1.337402477362049341e-07
1.117826804521159121e-07
1.133529051310550639e-07
1.334029091976137206e-07
1.091806183226212647e-07
1.327553969729272230e-07
1.297341857993868658e-07
1.356390477597040617e-07
1.035845087092165437e-07
1.196911545462790356e-07
1.032358406696350923e-07
1.272577512266707651e-07
1.318674136681984723e-07
1.140640879365447747e-07
1.065371005896732906e-07
1.106634605529874489e-07
1.153530068798227003e-07
1.085945661941859308e-07
1.383026392421418431e-07
1.255837618537037830e-07
1.127372910550344130e-07
1.179707450939319762e-07
1.108409917977623379e-07
1.269827131626568063e-07
1.381847714431364626e-07
1.141677954486504735e-07
9.233737531997639568e-08
1.100709458280118752e-07
1.262403882837090555e-07
1.162787745711537531e-07
1.276022966817709116e-07
1.075396358165322122e-07
1.019833654035404932e-07
1.085340459317103169e-07
1.179610975473269630e-07
1.206391485138572822e-07
1.107432497278731110e-07
1.095662356477061187e-07
1.192196290084743618e-07
1.159088454884626217e-07
1.122108448969495266e-07
1.253741263804818285e-07
1.315254230632072734e-07
1.128641146295801747e-07
1.018990885785585553e-07
1.062102909745022763e-07
1.271174990799153579e-07
1.174148543983525237e-07
1.059242617017287034e-07
1.053770143496291964e-07
1.265624942762773028e-07
1.277764319832124398e-07
1.297284716424942865e-07
1.063446546683786829e-07
1.051378307815005925e-07
1.222655356313748633e-07
1.274341678286217317e-07
1.261470472144727223e-07
9.606748983844253392e-08
1.176877991533769676e-07
1.275579321470754141e-07
1.123774584348545074e-07
1.099505690670072425e-07
1.036531838537732754e-07
1.241671042360684888e-07
1.132643891009225555e-07
1.139444692681460523e-07
1.072906817416359348e-07
1.178801681317457259e-07
1.165726033161926448e-07
1.297670472285792110e-07
1.178366420928334313e-07
1.155383354266832482e-07
9.456943240688132562e-08
1.316526283691141894e-07
1.285750728673578681e-07
1.058746914879235793e-07
1.177726259497416823e-07
1.159203288703918201e-07
1.249899362909934994e-07
1.330593764604689357e-07
1.146009830117594241e-07
1.190149361803406103e-07
1.434544169882347248e-07
1.070562219702674632e-07
1.038088425540394690e-07
1.174829037520417486e-07
1.405491971705336694e-07
1.179466515623553333e-07
1.043960382995594183e-07
1.147152738321072369e-07
1.176418668376209082e-07
1.167184987201858259e-07
1.140610444601326150e-07
1.210754243291321416e-07
1.036923256883247023e-07
1.110304118477717495e-07
1.226948699904613033e-07
1.211687457563558396e-07
1.061591828091728274e-07
9.694199818898416931e-08
1.128236681576852864e-07
1.437634973176620958e-07
1.156919447716373104e-07
1.248006475286101512e-07
1.170596441919744685e-07
1.172867562208473222e-07
1.104019687114813660e-07
1.182690698658540299e-07
1.303443077606491335e-07
9.999725278064180963e-08
1.148636564369256123e-07
1.251778508292363047e-07
1.253889527996362889e-07
1.428211549396963747e-07
1.037904781277375234e-07
1.121581689197224873e-07
1.171415174226136549e-07
1.257874352099943466e-07
1.408857303789036007e-07
1.013466348314951304e-07
1.144324108100917165e-07
1.125444627453816087e-07
1.419059544060908806e-07
9.605350927818557812e-08
1.258028066480720971e-07
1.287457531652198752e-07
1.320082433539187489e-07
1.062298584473994213e-07
1.092633518588583012e-07
1.187956748655701003e-07
1.322087441653198547e-07
1.220702063650761634e-07
9.527323279305657013e-08
1.187318197274260578e-07
1.123964547480387792e-07
1.218285502590688194e-07
1.252938724817751837e-07
1.215326195231805951e-07
1.135157434888259197e-07
1.132503846207008484e-07
1.273005596739325244e-07
1.366061576912321549e-07
1.265343681907574030e-07
1.150010060662529125e-07
1.172254100647534429e-07
1.147437242568515740e-07
1.155717893787708197e-07
1.310525400152376475e-07
1.257086693904041504e-07
1.059377048034220170e-07
1.099148600563133810e-07
1.399283603895628300e-07
1.348021404546985589e-07
1.133038617751721596e-07
1.148402387695521480e-07
1.013516219366087542e-07
1.371858316307501424e-07
1.254037947721746334e-07
1.194924469653035212e-07
1.053163656186393957e-07
1.105897984444807853e-07
1.345197450170040716e-07
1.139540324934932927e-07
1.251153794845227154e-07
1.102444856868901753e-07
1.011999271880695372e-07
1.036721640310478367e-07
1.105302439332221818e-07
1.089348473288401368e-07
1.289805987309662786e-07
1.295656312450540913e-07
1.178152500208725926e-07
1.124339938702280054e-07
1.043689476532556774e-07
1.200694559447965346e-07
1.300315112320145357e-07
1.129221260038026261e-07
1.214036109388352858e-07
1.191341230255778368e-07
1.133053149930364617e-07
8.609058436458415583e-08
1.287606031998224175e-07
1.182732606964554964e-07
1.016313771315453513e-07
1.116812709417802455e-07
1.143301508900227217e-07
1.206813242899958953e-07
1.143627352555563994e-07
1.101407813848873571e-07
1.529350535813880556e-07
1.043320549219803231e-07
1.014134205058855948e-07
1.206015349395963245e-07
1.182691089485771824e-07
1.167885808046424815e-07
1.100173265294248972e-07
1.096134797737406495e-07
1.197063505382945193e-07
1.222066042956212449e-07
1.276747793424975100e-07
1.049480492135661494e-07
1.045859487426951154e-07
1.190868509725108312e-07
1.297564031103387668e-07
1.222293967294078999e-07
1.093028202919462818e-07
1.066728217358162417e-07
1.184530683382595143e-07
1.179913499892361038e-07
1.105120691250388872e-07
1.086947027531405221e-07
1.211849417066291702e-07
1.099170971664472535e-07
1.037574561499003673e-07
1.053840686204661337e-07
1.283498085208329884e-07
1.158398197489095691e-07
1.160671421480358839e-07
9.442284585121008172e-08
1.214430126913785215e-07
1.197781065298525560e-07
1.489428822773972893e-07
9.906790107504265464e-08
1.174536112930481931e-07
1.089561899086007253e-07
1.262655826139087209e-07
1.277644131138472841e-07
1.116087946101688235e-07
1.182171527590382557e-07
1.053011983828780046e-07
9.117905911909607594e-08
1.117180924563788087e-07
1.315812275142987865e-07
1.202429593850356976e-07
1.065113744815907334e-07
1.074948251692481657e-07
1.160349168087409496e-07
1.183886024669291631e-07
1.313200975622019673e-07
1.354743117435663665e-07
1.111711095157575096e-07
1.235278456365204706e-07
1.257481265043377395e-07
1.238961792635074507e-07
1.220519367149512809e-07
1.141101646055041295e-07
1.046327865511852492e-07
1.315602829877503045e-07
1.284998709641841923e-07
1.207172879636046030e-07
1.018373467640192434e-07
1.145786885683129075e-07
1.204149542148926311e-07
1.206221158273697656e-07
1.399428469442621868e-07
1.352727961052860341e-07
1.098211867412195410e-07
1.067169473706469749e-07
1.100754295988919247e-07
1.261506908515801010e-07
1.394312058514973424e-07
1.253580784481075292e-07
1.205847735462078870e-07
1.264361987411047654e-07
1.267277757567578162e-07
1.283544647373713517e-07
1.119472283365278936e-07
9.783709369052474828e-08
1.019596497694699997e-07
1.284113640311304405e-07
1.198059642020703597e-07
1.086825258494511522e-07
1.282557542131341242e-07
1.104691776186767970e-07
1.177665724726069373e-07
1.210504924294160846e-07
1.257643844666319366e-07
1.130256200565688244e-07
1.005989764100728617e-07
1.028304169016135420e-07
1.252709473407810517e-07
1.235697043528140237e-07
1.237128114331254735e-07
9.811213976505373694e-08
1.110925061847515795e-07
1.249100165979082788e-07
1.185943343322620312e-07
1.338324787832451894e-07
1.097412339947097547e-07
1.007774822172579600e-07
1.195862861249739159e-07
1.386504657253874819e-07
1.251296907346364099e-07
1.078607850953696264e-07
1.200318353093681525e-07
1.258734598726040801e-07
1.113498685910042014e-07
1.053981063131064330e-07
1.013202275021855052e-07
1.326968003419358480e-07
1.208465011815095122e-07
1.086475407576157753e-07
1.055869328644847733e-07
1.276547806010625302e-07
1.250093589021585988e-07
1.118696028147886999e-07
1.063698326733138533e-07
1.280011098334736513e-07
1.256833998226593287e-07
1.070165684550381224e-07
1.206041706366169868e-07
1.155820652328245879e-07
1.323602072268116122e-07
1.435382425481139901e-07
1.289782065516928457e-07
1.247114913970355422e-07
1.450519442359162016e-07
1.039785748023002612e-07
1.152428648022806146e-07
1.333061475283191388e-07
1.222075439894311647e-07
1.065296876571737856e-07
1.142103814142719633e-07
1.129157868502905381e-07
1.247732663019725268e-07
1.207198528787047309e-07
1.111387630093561016e-07
1.074939774231503227e-07
1.324818137695897486e-07
1.465520059033642837e-07
1.191543279715452861e-07
1.160178880447769850e-07
1.121412842761833735e-07
1.120632846097883231e-07
1.180764565996749656e-07
1.210119119300272670e-07
1.280069575027618774e-07
1.337294739220424407e-07
1.004095375323752936e-07
1.142657912262042201e-07
1.170158806967317106e-07
1.453829098548398511e-07
1.304571882925196604e-07
1.189293950400381978e-07
1.187726343603903341e-07
9.903437608512065632e-08
1.277112155828775007e-07
1.048959501366077588e-07
1.019174896270994519e-07
1.233603617355288949e-07
1.350427022534106366e-07
1.172316147285096418e-07
1.071238822167153870e-07
1.069198102167885731e-07
1.286614661497792341e-07
1.178777750693281209e-07
1.235032107053227850e-07
1.089633835833543509e-07
1.438845257390958218e-07
1.165165415359706320e-07
1.170230065692389204e-07
1.113790091916160850e-07
1.259689301018888178e-07
1.405140150773782977e-07
1.329214208127176485e-07
1.060154772275646888e-07
1.179763532145522085e-07
1.225274952656408265e-07
1.203443840153562297e-07
1.156550634285415653e-07
1.025710366019568521e-07
1.034660300742024266e-07
1.171635999048392044e-07
1.037701665600853316e-07
9.924556657396591124e-08
1.142529594951012869e-07
1.247554085488039016e-07
1.255513862575884444e-07
1.242357821107003024e-07
1.261535692949137153e-07
1.200061068409500166e-07
1.029244403832529712e-07
1.093367604282188146e-07
1.295911447706228248e-07
1.183872402332183562e-07
1.197199717661384851e-07
1.086589684993756692e-07
8.765786687406675167e-08
1.373328686109064731e-07
1.379470596059835567e-07
1.011911543830062614e-07
1.091630022544781484e-07
1.243336356745060535e-07
1.304369290629868249e-07
1.254437454210734681e-07
1.030195943619606719e-07
1.127206343660971720e-07
1.121751564174437838e-07
1.229402667439414935e-07
1.301617660126890525e-07
1.216868604547266646e-07
1.177681082455044604e-07
1.165848232993506033e-07
1.110566759726028805e-07
1.123083189190044808e-07
1.173174363959220172e-07
1.293897948709882729e-07
1.211060562995462309e-07
1.306350099497681021e-07
1.133744038941898119e-07
1.145858543076357135e-07
1.237173514675777227e-07
1.339847146045280363e-07
1.021867128488921991e-07
1.182295947890020485e-07
1.180760286927212793e-07
1.253615173443601357e-07
1.292851961238051204e-07
1.110749080900720716e-07
1.100159024492835459e-07
9.300438894208696620e-08
1.508731744915703825e-07
1.172413879699388689e-07
1.098717201153542899e-07
1.340364512606642166e-07
1.163784742789331215e-07
1.075240308722412898e-07
1.150115587823494971e-07
1.088269183563695441e-07
1.222305098090695097e-07
1.334472273640847708e-07
1.372961207204532693e-07
1.094217989445105515e-07
1.140227381627685681e-07
1.289571959566783982e-07
1.410527636283492629e-07
1.037334310095610382e-07
1.113520078934431686e-07
1.265277013044371479e-07
1.196407613221315655e-07
1.020753937313880439e-07
1.166136966132208149e-07
1.102978834711735633e-07
1.228271468550349127e-07
9.824691971549839554e-08
1.082381565155966341e-07
1.264301679667912016e-07
1.203623363782272141e-07
1.017572746277934811e-07
1.054756050258582292e-07
1.224917014344033185e-07
1.127834061926252467e-07
1.254134351838377834e-07
1.543709079357381086e-07
1.154845440836965349e-07
1.053282567248287552e-07
1.210598162771433514e-07
1.253983146694658271e-07
9.939662358865648751e-08
1.166025214310729718e-07
1.165778840461386683e-07
1.385010153739291321e-07
1.341999681822413227e-07
1.202968461447919765e-07
1.239843678006232327e-07
9.798229299766258704e-08
1.162933796626980435e-07
1.032300979042895420e-07
1.133976215262921781e-07
1.367572605815803408e-07
1.274840865342772542e-07
1.113410966778053018e-07
1.186581481242852473e-07
1.500511392669296214e-07
1.362752821054208057e-07
1.083428249078551435e-07
1.415862337518913805e-07
1.369293212773251990e-07
1.261188155091366648e-07
1.084361995142573658e-07
1.101585646992448693e-07
1.185412105396651617e-07
1.449071610873073025e-07
1.119301361984756095e-07
9.324174448896114406e-08
1.098542796018654862e-07
1.051394029591448932e-07
1.101824052751496535e-07
1.070431640537260164e-07
1.336893511180828279e-07
1.307886316009920897e-07
1.202275261117062128e-07
1.273353267557468695e-07
1.083372567174744022e-07
1.463168557061619210e-07
1.300961135664269348e-07
1.093492201449165501e-07
1.117980797779474065e-07
1.114012351906505181e-07
1.357847610208314265e-07
1.251971342367487684e-07
1.168883460478411673e-07
1.159603275634518180e-07
1.084723545121495451e-07
1.057424362776766319e-07
1.140264543188582711e-07
1.221429493585697038e-07
1.023210315567431891e-07
1.202856273777920927e-07
1.150851001307140384e-07
1.092058302029236011e-07
1.127887019552401016e-07
1.156237101619276827e-07
1.436394059957136133e-07
1.206013863135076259e-07
1.032171316314235188e-07
1.066033625222730190e-07
1.408218860138321261e-07
1.173805235585058918e-07
1.161329781435713149e-07
1.185036000144179484e-07
1.062572539349984978e-07
1.102646944635453748e-07
1.195790304857408817e-07
1.273089866647124083e-07
1.233390674063354642e-07
1.373655682693495771e-07
1.104181979333282302e-07
1.197135322366986245e-07
1.032085614600340263e-07
1.077484318067636326e-07
1.301385590811029414e-07
1.213006456845754340e-07
1.235418341538096842e-07
1.024809173050708865e-07
1.333450188906665456e-07
1.313451846996542122e-07
1.093205187137412373e-07
1.064867194510657362e-07
1.111338393802686846e-07
1.355534384131847068e-07
1.174834148656630665e-07
1.060628059856287883e-07
1.153929983722156178e-07
1.169523209674989359e-07
1.315677710472691968e-07
1.432130348160272178e-07
1.089717225924874916e-07
1.146942949689842666e-07
9.805223037562901332e-08
9.378756171920868897e-08
1.134532323735789296e-07
1.186349801258377790e-07
1.141350443527584350e-07
1.482025017959061280e-07
1.146128411703216242e-07
9.567329454219508727e-08
1.275371611828597896e-07
1.337320808864748992e-07
1.276083743567366809e-07
1.070640794498701109e-07
1.207928982211209840e-07
1.203372127917612704e-07
1.255460596043490151e-07
1.365753485199364662e-07
1.140527426477140107e-07
1.025167264082584484e-07
1.343278808277559315e-07
1.252615270036325058e-07
1.266910633872945618e-07
1.107606921841254837e-07
1.144938811908741344e-07
1.086117745337150307e-07
1.128079250512649678e-07
1.143298025432258816e-07
1.211917717251528808e-07
1.327722410406096382e-07
1.260525096930447029e-07
1.025169411777306090e-07
1.121366531683669413e-07
1.294028032364085739e-07
1.337874555434835647e-07
1.256179846406190931e-07
1.154402830600637690e-07
1.169831016200341973e-07
1.167640199644231263e-07
1.352848993745280462e-07
1.186296281379699523e-07
1.120737975659460229e-07
9.997682411876774972e-08
1.205573325795557702e-07
1.233495429390591948e-07
1.055958947709412651e-07
1.321036495782751372e-07
1.107070995773931790e-07
1.144680130346133501e-07
9.670954898102187172e-08
1.450171238038254561e-07
1.289783650284875502e-07
1.232793430536884175e-07
1.051319332756544582e-07
1.117000491428007883e-07
1.272774482925449233e-07
1.240380097129971251e-07
1.303075549099529647e-07
1.090956043857117975e-07
1.061085027465556830e-07
1.216278335019529276e-07
1.247373151867822710e-07
1.064364823720827826e-07
1.087381693645974391e-07
1.156904909954243346e-07
1.198586037579445404e-07
1.163475180809466267e-07
1.254063675308933970e-07
1.196867277188372576e-07
1.268240170505555917e-07
1.053223218960763086e-07
1.119530932733773590e-07
1.020736840236986946e-07
1.367461806225666919e-07
1.167552943191845238e-07
1.243397744254430379e-07
1.122190621507085560e-07
1.164019196439332629e-07
1.186876933424559319e-07
1.345104281661976536e-07
1.056752427213517497e-07
1.135853536685299430e-07
1.174290113402731584e-07
1.171621647893915742e-07
1.321638463028241406e-07
1.136064827472332157e-07
1.185774587260004598e-07
1.136779106637486213e-07
1.284725565374374742e-07
1.240344145931203196e-07
1.231633210472675112e-07
1.160275428703393943e-07
1.131321374120344300e-07
1.082185601970769620e-07
1.079925453889967941e-07
1.184432689454870840e-07
1.231080437489871533e-07
1.378002673331063396e-07
1.101153489631415060e-07
1.076799309255399110e-07
1.202931940888251617e-07
1.280979560889015201e-07
1.031844827143378055e-07
1.086633992539589169e-07
1.110252929837551330e-07
1.372427309185609159e-07
1.146637060394719926e-07
1.131776673305412329e-07
1.249221537420733999e-07
1.496743853760340708e-07
1.074625086393339201e-07
1.253572391535494400e-07
9.853813844354654261e-08
1.147694880282178408e-07
1.095864931489352997e-07
1.222250216100183529e-07
1.305468445483458375e-07
1.184696513167936369e-07
1.243626204674153172e-07
1.168582096914965525e-07
1.325577247212052959e-07
1.345147957782219573e-07
1.173169271073950733e-07
1.163835988185129668e-07
1.074794350136318923e-07
9.916290810923836810e-08
1.213606635510151211e-07
1.511329396889638917e-07
1.189797673656617535e-07
9.577360363692925400e-08
1.074768206269183456e-07
1.189818199674147700e-07
1.210223933010267012e-07
1.295995985349312369e-07
1.072508178077695257e-07
1.002322438664166363e-07
1.353362250224640654e-07
1.210611933500839712e-07
1.032051495703997435e-07
1.191060155862089599e-07
1.176099192253539259e-07
1.041273979116471888e-07
1.059428653316170362e-07
1.488107039228894621e-07
1.146351788269042194e-07
1.009576431208361306e-07
1.033860187480664210e-07
1.234508667199715218e-07
1.228483933911063582e-07
1.453764031880931656e-07
1.305279189585713405e-07
1.347412241837218902e-07
1.205874211888633184e-07
9.631103244294656727e-08
1.213970628091103011e-07
1.244280758106920988e-07
1.273619642670372491e-07
1.268702562993815976e-07
1.117046357696394339e-07
9.514901700406862615e-08
1.016048168684424691e-07
1.240440321528262165e-07
1.246664572892881182e-07
1.081335210110977762e-07
1.066153591063565248e-07
1.119982121290119682e-07
1.263058968975700955e-07
1.154661736280986493e-07
1.154912806010466863e-07
1.092891995057551281e-07
1.254196339238287522e-07
1.179168191447865725e-07
1.404063520675570713e-07
1.342261002274029278e-07
1.226993859957160015e-07
1.250263977364558746e-07
1.062070354146339574e-07
9.977269087885081669e-08
1.254344397440648836e-07
1.206879667327620990e-07
1.254830405568211943e-07
1.148978406453866720e-07
1.130645001912229418e-07
1.331002401021904399e-07
1.194723870479439974e-07
1.064685261238975736e-07
1.080319627758860892e-07
1.252861332969637232e-07
1.090347999043377391e-07
1.335915668398614998e-07
1.078205711169433030e-07
1.459731246538939829e-07
1.328277922224077602e-07
1.148245297831354117e-07
1.205511240813989713e-07
9.240942931595905036e-08
1.241291060957209964e-07
1.195850792846502035e-07
1.370510253630101959e-07
9.912674053263048498e-08
1.086607394832722812e-07
1.066887252216127290e-07
1.293899269957893686e-07
1.387607034027682582e-07
1.139453555224791805e-07
1.103908379536513037e-07
1.036588067125413600e-07
1.502104340469666592e-07
1.275519608408807518e-07
1.172820009568383191e-07
1.166606960708256365e-07
1.113608112849412512e-07
1.401728954723987816e-07
1.191052612405513490e-07
1.148476655469300074e-07
1.242604823246987285e-07
1.375027976523793649e-07
1.426610800801229460e-07
1.132455223890019393e-07
1.215621136323647815e-07
1.263070929836708597e-07
1.279226803625162087e-07
1.262972708943388202e-07
1.127051666251315396e-07
1.157487802897815211e-07
1.189337045257173876e-07
1.205306266447697139e-07
1.098232983203231238e-07
1.504281032219375133e-07
1.204884572950443694e-07
1.287481553495213849e-07
1.112236566716848585e-07
1.165760360889065065e-07
1.190143560967059671e-07
1.258977966219114236e-07
1.241375925028044206e-07
1.244109999842367580e-07
1.115842137361940740e-07
1.136498970557573058e-07
1.253119599240406441e-07
1.239379623036513347e-07
1.193092970188398576e-07
9.873751402110348612e-08
1.071813932906689990e-07
1.283791094299853827e-07
1.176963371753336516e-07
1.189516724783864275e-07
1.112252315749799630e-07
1.091994037481457715e-07
1.235006511643355552e-07
1.175080137918358632e-07
1.512453861452896285e-07
1.084083051811026536e-07
1.201778221460490425e-07
1.377292840720938327e-07
1.263568462363682712e-07
1.194133897722128001e-07
1.300413707659871789e-07
1.252039670524125724e-07
1.175369850990315592e-07
1.157542946439152272e-07
1.138340357989427642e-07
1.227975749072807882e-07
1.231882367412557773e-07
1.031145990928519983e-07
1.056504681076204461e-07
1.160825967016677583e-07
1.233276776430576170e-07
1.308018814923141844e-07
1.309524206137358621e-07
1.165407542214399612e-07
1.143639451675347690e-07
1.208037299477541088e-07
1.518331189622535536e-07
1.269022870988699895e-07
1.109519675956230460e-07
1.167194716134498369e-07
1.224226636761823574e-07
1.356981007407955809e-07
1.078780079229197743e-07
1.307601828495899141e-07
1.257423185498786791e-07
1.202164303479285180e-07
1.143050891575955442e-07
9.894675973407017683e-08
1.175536720938644818e-07
1.324767647735592910e-07
1.200150248412492879e-07
1.068117952616665179e-07
1.108520876304114875e-07
1.182432747150754414e-07
1.140803422498323244e-07
1.255800959267061805e-07
1.471136506174040662e-07
1.163267442224251389e-07
1.145036182748102128e-07
1.466563286770513400e-07
1.448782751488687143e-07
1.172503619528397572e-07
1.171308889725445382e-07
1.106544287691758991e-07
1.144889163802909001e-07
1.000734851483970336e-07
1.217746437026281157e-07
1.392166520914449127e-07
1.265467002457651788e-07
1.097870905100675819e-07
1.130900528951876361e-07
1.128441447194474523e-07
1.295210369269053852e-07
1.403922877280883585e-07
1.112016670115656808e-07
1.099239727700481905e-07
1.237943480682334753e-07
1.089657238109172082e-07
1.171278963693760285e-07
1.105648700796521355e-07
1.237255022095637058e-07
1.400775724925592157e-07
1.106156842464597022e-07
1.199089896116208969e-07
9.218020768723034033e-08
1.338932629453690957e-07
1.225892077965936935e-07
1.291960432412054015e-07
1.382480148938129153e-07
1.498125753986091122e-07
1.144538827939403356e-07
1.186932752482789171e-07
9.308221016216028222e-08
1.200041346958865652e-07
1.519503269397370758e-07
1.228912731539841273e-07
1.082050244983299204e-07
1.129880434967818088e-07
1.289335732724948347e-07
1.113165891190248661e-07
1.255284428060812595e-07
1.103852150320232497e-07
1.044550510511088474e-07
1.193080438696678075e-07
1.148917182036532732e-07
1.093390270641274905e-07
1.094814504679677475e-07
1.283664369047158309e-07
1.228654090364800250e-07
9.278837071486865174e-08
1.211224282658878062e-07
1.270723114687725749e-07
1.151904547112721545e-07
1.113520516849050474e-07
9.798080197493209180e-08
1.237634259215355840e-07
1.156831490554858615e-07
1.185304913915017758e-07
1.008646083376710122e-07
1.078616166750108921e-07
1.176539046557684328e-07
1.263058569862679584e-07
1.412802607937569260e-07
1.040193708993810313e-07
9.878930397821804782e-08
1.113573067248104149e-07
1.186867542676884877e-07
1.308056051757498173e-07
8.674795072156567006e-08
1.171864916020457359e-07
1.109790793762210517e-07
9.813020624032278057e-08
1.003031162782468214e-07
1.193280578484413677e-07
1.287011365856044858e-07
9.703166817941367986e-08
1.001696683098029917e-07
1.268994071568706583e-07
1.194375032475706683e-07
1.244477176636561205e-07
1.202663541350015009e-07
1.069612767116273813e-07
1.410401727224227403e-07
1.359352749025677565e-07
1.066307961291782402e-07
1.081595263815004745e-07
1.099856285990859989e-07
1.215825491144132824e-07
1.307878217067147981e-07
1.127587305262980826e-07
1.111370432192257934e-07
1.087034038796710823e-07
9.705097430870753514e-08
1.047174927852187015e-07
1.286140358967435745e-07
1.232987256761197041e-07
1.226457395148420090e-07
9.627622931643036456e-08
1.100056023764516551e-07
1.208894960790250943e-07
1.178677213769093732e-07
1.236050511387722140e-07
1.284279798875333977e-07
1.185432365762370705e-07
1.115543232736436034e-07
1.277061147134079499e-07
1.306809865204939966e-07
1.167625752371001043e-07
1.200702506422053684e-07
1.087731672757881714e-07
1.209283038104945895e-07
1.383300028424475898e-07
1.175427690275259684e-07
1.039350405702375323e-07
1.084781135802916445e-07
1.046093135108763989e-07
1.152353034581126607e-07
1.146281532993941432e-07
1.205963795757168081e-07
1.580076319475219245e-07
1.092028757188493851e-07
1.122041738735759115e-07
9.737519678104767085e-08
1.401343519172991531e-07
1.253486740638210225e-07
1.199314958722628950e-07
1.086528856567585034e-07
1.150684425209098145e-07
1.198607565726812309e-07
1.205448030998366751e-07
1.123358902875288202e-07
1.094113775585382277e-07
1.055891062921725347e-07
1.243968387173030686e-07
1.249545524646817842e-07
9.676041238865176358e-08
9.061262774986389747e-08
1.345293906993698111e-07
1.039552526685413945e-07
1.207042403871620748e-07
1.062219791974471517e-07
1.275552783074919476e-07
1.324821827324880795e-07
1.140067459701310522e-07
1.085235621312748326e-07
1.466343560449508563e-07
1.173363303089678327e-07
1.132436045209578048e-07
1.064226712801598767e-07
1.145487564382431246e-07
1.131411376694660567e-07
1.412058739339058274e-07
1.064367738040699398e-07
9.346530234867620968e-08
1.105809864192041411e-07
1.163749895162450561e-07
1.025218295743162621e-07
1.312061845037410778e-07
1.187639386938628849e-07
9.801363224793736505e-08
1.037845276983073065e-07
9.713082975614036933e-08
9.995321539676408360e-08
1.154473572894657402e-07
1.210852524092915243e-07
1.170363946143303813e-07
1.495613649476922733e-07
1.116398271408443674e-07
1.099403286682398323e-07
1.234280523886175666e-07
1.319788927808627322e-07
1.331378506191148001e-07
1.062403758386109524e-07
1.137059863385469340e-07
1.104376564476599522e-07
1.321630170957437066e-07
1.316826708860935765e-07
1.280354173151642558e-07
1.276725395788399523e-07
1.038383569753427827e-07
1.093866036802142829e-07
1.099666083876179488e-07
1.304213309407867423e-07
1.252319306580462947e-07
1.002478507401468628e-07
1.114367357512839843e-07
1.192751654412457507e-07
1.142625975313201330e-07
1.144757616366617720e-07
1.200853181302344871e-07
1.444413767242444078e-07
1.402539885002988085e-07
1.132853076228229822e-07
9.656447085717281961e-08
1.364316876662543745e-07
1.269964936766820181e-07
1.189458646595684175e-07
1.097981189920738989e-07
1.076291184552083917e-07
1.030740075058190513e-07
1.166733920752688245e-07
1.071276975330813939e-07
1.186863333292497518e-07
1.294997750832161093e-07
1.311691231206544941e-07
1.149402240216090951e-07
1.188743515746894205e-07
1.230961159675005136e-07
1.226000722695687342e-07
1.172782720085931166e-07
1.175048678601549431e-07
1.095811971495939663e-07
1.181144354981139351e-07
1.517699036836811154e-07
1.173328052733884102e-07
1.077671976816784192e-07
1.058539530439098614e-07
1.207565270784246948e-07
1.106140792833382341e-07
1.272749265262781164e-07
1.252178171088754457e-07
1.276095876214099721e-07
1.067141462988677127e-07
1.341248149750617442e-07
1.352697753963201224e-07
1.065368414022030487e-07
1.167345754415322420e-07
1.294924628127614259e-07
1.201573651320282786e-07
1.291783869899730569e-07
1.178408985073044468e-07
1.065784157307012833e-07
9.686429309586629275e-08
1.272117029620067036e-07
1.196461337385872041e-07
9.765493489037700829e-08
1.072531152936193865e-07
1.163655792138524656e-07
1.157155321710768706e-07
1.308816673725884092e-07
1.244816051055202534e-07
1.177685581240875726e-07
1.491200309431209778e-07
1.164541402383994844e-07
1.023389421624032437e-07
1.012164562488328136e-07
1.379390394988481804e-07
1.184303027754769069e-07
1.200029806642926294e-07
1.183505949986132735e-07
1.072686160453086684e-07
1.235225934220645993e-07
1.219854052533407553e-07
1.261162396350045161e-07
1.098014354600735633e-07
9.402830494085452942e-08
1.167135429263637651e-07
1.368314473846328667e-07
1.188499768212021889e-07
1.057125429927285646e-07
1.142841684209990190e-07
1.146808069000067756e-07
1.220472610334977987e-07
1.252564908815252645e-07
1.346807983194501069e-07
1.252181406453871539e-07
1.009974273061574662e-07
9.715068951151998507e-08
1.190479361592457819e-07
1.263569324448507348e-07
1.201370640246076368e-07
1.337455774372203148e-07
1.140260851913183478e-07
1.085557827550529904e-07
1.222920816987920669e-07
1.283963902751962588e-07
1.154186081644349595e-07
1.165893843627897726e-07
9.864516808155714454e-08
1.058376073859085300e-07
1.215052977369637360e-07
1.238413875057471514e-07
9.872518127349746288e-08
1.119959158651321109e-07
1.226938249488532130e-07
1.123950027537295969e-07
1.064477859279223725e-07
1.223099054356412085e-07
1.414035579192755084e-07
1.106236491326796602e-07
1.006563952438797395e-07
1.102826016641923929e-07
1.352014296570213700e-07
1.226694412782838965e-07
1.214980954111494163e-07
1.004926648731575848e-07
1.088358854657134604e-07
1.285108318074047234e-07
1.288720858428863849e-07
1.310628036284629116e-07
1.073226864202891326e-07
1.102699451672852945e-07
1.084848912597441720e-07
1.339593736017405885e-07
1.225415150855266908e-07
9.988108177250791361e-08
1.136666998558134112e-07
1.180168998076014144e-07
1.189265350739121322e-07
1.062266301595261057e-07
1.036931912764963749e-07
1.255191319464232367e-07
1.262064376826929472e-07
1.020381051383595371e-07
9.174251032730745292e-08
1.165457558388188335e-07
1.171759027062189261e-07
1.223105173658536841e-07
1.232623131878767312e-07
1.220141459026968223e-07
9.451217135314189706e-08
1.189027537387231289e-07
1.311663770371727977e-07
1.399656363710436831e-07
1.058765923004894426e-07
1.169524777150120864e-07
1.432205090805847573e-07
1.328752008979060782e-07
1.121990261470617935e-07
1.177209043486499131e-07
1.025830467414008259e-07
1.049182655594901121e-07
1.029572857555072802e-07
1.044750743481161595e-07
1.389690990963791082e-07
1.195743455442541282e-07
1.166323659639117371e-07
1.184107148018442115e-07
1.217625652248465503e-07
1.348018910409292342e-07
1.415373125424806089e-07
1.094159554401972927e-07
1.297244610876475635e-07
1.255902633011847223e-07
1.087340197891254361e-07
1.187716878370424873e-07
1.082962882304763199e-07
1.153106517635387364e-07
1.334337137127348346e-07
1.156684330178838132e-07
1.033011837029187965e-07
9.494445778817273011e-08
1.087117535220544815e-07
1.127125629125090813e-07
1.421972238221004011e-07
1.228504861262195634e-07
1.227653387687136965e-07
1.153391591848450279e-07
1.279362170934365299e-07
1.214952985924176882e-07
1.129053910521174539e-07
1.409335031679717755e-07
1.120183817023395862e-07
1.051070345976705706e-07
1.021220392040685296e-07
1.352040390821375857e-07
1.216992989572746352e-07
1.195404136347495629e-07
1.128209651416600867e-07
1.038905421696600838e-07
1.209289732311912820e-07
1.224698113757200324e-07
1.047590956316950623e-07
1.349673941008704736e-07
1.220445253540393930e-07
1.135154987098864159e-07
1.286113643584331714e-07
1.259304114153748710e-07
1.118469320813629148e-07
1.087639182914499692e-07
1.147084770649772146e-07
1.089430127716773778e-07
1.251177796060262539e-07
1.046506352886145270e-07
1.043293611648688155e-07
1.221159484721241241e-07
1.247561238515731283e-07
1.208134246301317786e-07
1.311612858221396752e-07
1.126822027395375917e-07
9.585536544372417266e-08
1.216684490947191306e-07
1.024333827216296772e-07
1.367260508350706175e-07
1.167783043713588378e-07
1.157052748968153673e-07
1.150496881266153793e-07
1.078375548544563036e-07
1.320949180437493175e-07
1.254418702158544327e-07
1.376492380726353057e-07
1.026985421588728529e-07
1.119473943598554655e-07
1.190698114920445189e-07
1.434186619137504864e-07
1.197987303780541502e-07
1.072557191857693246e-07
1.136496025018074518e-07
1.177360575213481284e-07
1.225583626299423941e-07
1.341825484749416498e-07
1.372863738170314165e-07
1.090399600883885526e-07
1.154353007819084261e-07
9.801542649874492862e-08
1.095151964308903135e-07
1.236752332647874215e-07
1.165407750704170275e-07
1.200502422776617650e-07
1.242975371844073381e-07
1.118333866821580802e-07
1.069487260635414196e-07
1.180534709137509293e-07
1.354611142847969757e-07
1.254908510229372658e-07
1.130064524765645967e-07
1.123878990482552862e-07
1.143317614373911124e-07
1.317865039646794555e-07
1.298818103268221275e-07
1.207695465095003859e-07
1.043422217487488853e-07
1.331999016020499091e-07
1.301243659759258532e-07
1.297634865365592786e-07
1.036319899019031172e-07
1.255494368505898518e-07
1.054134689662280019e-07
1.141809229319569901e-07
1.217528358750839806e-07
1.226548746029186623e-07
1.357281099910294031e-07
1.397634009906353933e-07
1.117519701837530288e-07
1.108126543535346412e-07
1.408254301747980503e-07
1.337091610415446613e-07
1.278087942659079120e-07
1.205688169221887183e-07
1.068865309781303527e-07
9.245395169439523731e-08
1.299267108261774902e-07
1.253747347616520102e-07
1.189143672664459097e-07
1.037296285075112421e-07
9.899483022107612808e-08
1.235156921462798637e-07
9.733399227284260082e-08
1.497749494581219548e-07
1.070206293250434210e-07
1.094463526269207082e-07
1.107428610428149874e-07
1.242981827223048485e-07
1.350839199205711478e-07
1.231851643920645656e-07
1.106971868503142354e-07
1.140750744124413039e-07
1.173090009842566077e-07
1.194655429808070828e-07
1.098574840766807390e-07
1.028861727673292786e-07
1.246721083701851229e-07
1.366051276763037246e-07
1.007025310264708297e-07
9.758222622454989592e-08
1.214162380199743040e-07
1.137115235663601458e-07
1.229200700748846284e-07
1.346130300893648268e-07
1.204242699509354249e-07
1.349812128608678384e-07
1.072411297185816502e-07
1.302751479976602843e-07
1.112179356105203971e-07
1.138789918160016742e-07
1.084731087684003667e-07
1.219956855120413939e-07
1.149566367504415498e-07
1.134422596793567443e-07
1.327548076454806514e-07
1.230999355931186082e-07
1.043253335893470948e-07
1.224690530354532158e-07
1.121471480040079870e-07
1.314484495248437571e-07
1.407476870958829520e-07
1.362961762273769105e-07
1.299865318381895831e-07
1.225843265762189372e-07
1.115057743488446233e-07
1.061490023986426236e-07
1.167609167793693172e-07
1.197094179280532971e-07
1.348591525121387505e-07
1.039054654151961044e-07
1.207915106841299396e-07
1.320875317005255005e-07
9.934741028346684290e-08
1.073489434298163430e-07
1.078217615183500616e-07
1.223209937385013733e-07
1.319908233102551987e-07
1.177755430820725611e-07
1.232272621453219948e-07
1.007218660027808064e-07
1.366346671449610485e-07
1.295289046548104307e-07
1.114892965106643997e-07
1.242209666045362224e-07
1.229522764910440810e-07
1.078501709782562551e-07
1.206076179319554158e-07
1.078396755689532520e-07
1.329242290451224144e-07
1.389529458628280728e-07
1.149703973312793244e-07
1.198680877590053093e-07
1.058537885958798976e-07
1.290347280368877386e-07
1.166797044286815431e-07
1.061825056907161763e-07
1.141358337650827347e-07
1.327101711355342582e-07
1.339231790800442049e-07
1.227734707500620425e-07
1.315160324514655779e-07
1.174791189790095020e-07
1.224336752637919558e-07
1.329024174677705157e-07
1.414587934667840943e-07
1.215370733274507465e-07
1.131381899943262339e-07
1.148654351591963943e-07
1.119251628681054032e-07
1.213752031166140783e-07
1.420479884872767583e-07
1.177279894861620711e-07
9.486653271272661709e-08
1.073459330314354662e-07
1.219907481558752209e-07
1.193158533223072106e-07
1.182578877472810266e-07
1.095248169995157826e-07
1.021896671372849034e-07
1.265669845595645424e-07
1.269309649221564998e-07
1.288390048873728064e-07
1.397371662629164551e-07
1.180575278508242027e-07
1.050523386718606990e-07
1.113977254964687853e-07
1.461124886175510242e-07
1.154472972144463820e-07
1.262682284255426387e-07
1.074657379004267045e-07
1.028850141856371790e-07
1.029931596388382795e-07
1.272058102890713610e-07
1.145822123320752978e-07
1.057946651783641791e-07
1.041161403763267551e-07
1.179370603784880550e-07
1.160114884549398102e-07
1.208267315087384743e-07
1.364416983247199683e-07
1.109361703103159758e-07
1.162751793145098463e-07
1.142389485228114773e-07
1.288876515563080129e-07
