7.692093850655992438e-07
7.970057149030887719e-07
6.099847312553066054e-07
9.241573026339207201e-07
6.982728826401524992e-07
7.016725365669060195e-07
6.619646972142106334e-07
8.652649806170158759e-07
8.881178926716139236e-07
7.425138399195921180e-07
6.910900676604217501e-07
6.890978328231884075e-07
9.320405971576321119e-07
7.764377376494208815e-07
7.799175133393587108e-07
7.149744358289453495e-07
5.950043505895705310e-07
6.254529429426950057e-07
8.117117629141470665e-07
7.615270863577473643e-07
6.633856290058891416e-07
6.215219609572055025e-07
7.632945501380406308e-07
7.444482873178048086e-07
8.543365330210169875e-07
8.913397597666877020e-07
7.975806874187413548e-07
9.166839289985957106e-07
7.148456473286546176e-07
6.120164286974453505e-07
6.668274428315736775e-07
8.314016089263337631e-07
7.415001760160061887e-07
7.389799224014538581e-07
7.367483449751102625e-07
6.297029942018041591e-07
7.669029740809542276e-07
7.354649168005431086e-07
1.006664832161993087e-06
5.590883602152283114e-07
7.234893028144632445e-07
7.077297905686882637e-07
8.550194586724268809e-07
7.683382932497898160e-07
6.450152991176774222e-07
7.309503410315840952e-07
7.912008117124112692e-07
7.774826262224494281e-07
7.684359926884659811e-07
7.567832904015649274e-07
6.333850422586682949e-07
6.759815468489847678e-07
7.407906476827380122e-07
8.252806880465035877e-07
8.467525542025079311e-07
7.039873196224191939e-07
6.881018769121506729e-07
7.705178512148325761e-07
8.990499500132137381e-07
6.232862412558317839e-07
7.241848576391817624e-07
7.425643710742595112e-07
8.402246330491728171e-07
7.534785677616754628e-07
7.644008339321522343e-07
6.656077761123503128e-07
8.692369300349208400e-07
7.974690654909482402e-07
7.261874517453154451e-07
8.477975244087790264e-07
6.675954169845704154e-07
7.791413913159161751e-07
7.022561620373820428e-07
7.424520324506457150e-07
8.828838801328621152e-07
7.473145626170160860e-07
7.072960616951731671e-07
7.953240547418925930e-07
7.116232952015665284e-07
7.873521260893040093e-07
8.483523388853197965e-07
7.644244643555860778e-07
6.610677954559625717e-07
7.119733736059012972e-07
8.601276690439624142e-07
8.190795505891800858e-07
7.486519202681317737e-07
7.736288523242058221e-07
8.209635794412583993e-07
8.205654175219010908e-07
7.169843968120456330e-07
8.421652311270059615e-07
9.562889771464276347e-07
7.696197293564864172e-07
7.155294321498417230e-07
8.012448879900401000e-07
6.658283247155218531e-07
7.418528745558167585e-07
8.875170236290683905e-07
7.274396660697515886e-07
6.254490768304859623e-07
7.888849721804908533e-07
8.114159901466999206e-07
6.091703921608636143e-07
6.469764790527582145e-07
7.942828133152800387e-07
7.611654240640801101e-07
8.619730362282144825e-07
8.938022226065038963e-07
7.759254479165921812e-07
7.823639194008151446e-07
6.789620904868077258e-07
6.834561777518698106e-07
9.595923888023928406e-07
7.483594065523680006e-07
6.962109578954174173e-07
6.683497338416271931e-07
6.843216033190123750e-07
8.103006586953661405e-07
7.983719170617658944e-07
7.135497452216133147e-07
6.795792243285489845e-07
6.910447509757455838e-07
7.822029016328068183e-07
7.693397994839408835e-07
8.682928957670147717e-07
6.952736121236545595e-07
7.243335566973610180e-07
7.890351570307396046e-07
9.196416146778236369e-07
8.499033043666756144e-07
7.621554544743209443e-07
7.606131113907817094e-07
6.455046327969385426e-07
6.730777273099903973e-07
8.110267217816891140e-07
8.071096463830931153e-07
8.930955355421562223e-07
6.901199028186731759e-07
6.302535431398093094e-07
6.908852298180510986e-07
8.807818643544933088e-07
7.396865534339849715e-07
7.042063526284727505e-07
7.386812182348342388e-07
6.990522300908034596e-07
8.005737043747612746e-07
8.262073638264682060e-07
9.187312072424139535e-07
7.038163143068048972e-07
7.181331245719227230e-07
8.414429938452006038e-07
9.156319477361210991e-07
6.992105821036599641e-07
7.847290570905280560e-07
7.540187031863602499e-07
9.237143547396748257e-07
6.640494060889524187e-07
7.701986068932675793e-07
9.413398269282359194e-07
8.582903754389523009e-07
6.466255577771126444e-07
7.110744584228264054e-07
8.750945944250180231e-07
8.274558958283704930e-07
7.457152227830904983e-07
7.416184277564032321e-07
6.213067855244448238e-07
8.540673413072636501e-07
8.308254350422487259e-07
7.696328787305596183e-07
6.643064306418051932e-07
8.304406052701640580e-07
7.308117146627109425e-07
7.206265263064621444e-07
7.785415053889517476e-07
9.317668820891127930e-07
1.046469613609999934e-06
6.676398537293427064e-07
7.360686253158832968e-07
8.470307721254663613e-07
8.848052402978392683e-07
7.994335152159532183e-07
7.139532636922802811e-07
7.289994979954186190e-07
6.430734969736512735e-07
7.591867634939361669e-07
8.793959027023198667e-07
7.301363222732965014e-07
7.000927667432031118e-07
5.754507978408934014e-07
7.807398969786201327e-07
7.770727749799605410e-07
7.651767851610078981e-07
6.554002752880464154e-07
7.304546102060983890e-07
7.321203488534864505e-07
6.523284912525141775e-07
8.042305693137349637e-07
9.433835078719826573e-07
7.549006434107018907e-07
6.850820863636220732e-07
8.784980058100164438e-07
8.282819128942041095e-07
7.377306065657515204e-07
7.223701285988693571e-07
6.636695289259640249e-07
6.417262716463033331e-07
7.721715249082563112e-07
7.965520316573386263e-07
6.333055065064190834e-07
7.141658076777813966e-07
7.648742846326399831e-07
7.795389987696858384e-07
7.769594527510313061e-07
7.382267351722665715e-07
6.267824839615305852e-07
6.869312118367380788e-07
7.041683123054516245e-07
6.030525121204137772e-07
6.709395188091572302e-07
6.967091109917354475e-07
7.657946060402558325e-07
7.584720067938773011e-07
9.054090706478576169e-07
6.323079492108706523e-07
6.544168575785810882e-07
7.220535415842979028e-07
8.120294097119001427e-07
8.123050848817218652e-07
5.504772583170986913e-07
7.193893853697907396e-07
7.009687947785740791e-07
7.840897394349482237e-07
7.794201275087949679e-07
7.733394518762191966e-07
7.066936682431934841e-07
7.477012780999238767e-07
6.954500372529689033e-07
6.942450291828926574e-07
7.173262014438273328e-07
8.326284076387480785e-07
7.432651166081165339e-07
9.355964530539749885e-07
6.549432825133844005e-07
6.712631209267198801e-07
7.835435464055008099e-07
8.459329974589109871e-07
8.432027041149570831e-07
7.645425747128914188e-07
9.850921535482807375e-07
8.408270555761371499e-07
7.021458743716071041e-07
7.660991095994284961e-07
8.752278224728698244e-07
7.311619122660713571e-07
7.256511463288156664e-07
7.275465617338351918e-07
5.951137703043064369e-07
6.826487886122267180e-07
6.587885160374167293e-07
7.635049326976641644e-07
9.541192422131526910e-07
7.833867050461640773e-07
7.126786414500447978e-07
7.362693721057940044e-07
7.411936848405343564e-07
8.124808727860472303e-07
9.790118672008152322e-07
7.234919103019861141e-07
7.010162926663321884e-07
6.792124661591336718e-07
7.975022608564268935e-07
8.459312324972491308e-07
8.065546411112988915e-07
5.401631098139851521e-07
7.161468601773719371e-07
9.532793428201539107e-07
7.685219845182592787e-07
6.941103689014230217e-07
5.971672600195458211e-07
6.350485436236650329e-07
7.247399166867393500e-07
6.824017622155957810e-07
1.057297014077688584e-06
8.790258171626065267e-07
7.375838588742464582e-07
7.271025874516659791e-07
7.338345843761018517e-07
6.644491432495847286e-07
7.455531643147828989e-07
8.295391420010808800e-07
7.073479608762905266e-07
6.465022793073811435e-07
6.577041085787468474e-07
8.581484929964214223e-07
7.495625239201599387e-07
7.082974921939051820e-07
6.846509496864280172e-07
7.528762698848915291e-07
7.019351597547909133e-07
9.263177693279060474e-07
6.156569367799002372e-07
6.927044721992675433e-07
7.688471384284654225e-07
6.240028287772062682e-07
6.989435893927135181e-07
7.679765805336272168e-07
8.033153229293395561e-07
7.633818149514915514e-07
6.262212539089459182e-07
5.822050225420641525e-07
7.512735405669176231e-07
7.567687131406289722e-07
6.997794278342924826e-07
7.125032564528970950e-07
8.363538057728079597e-07
7.460967421257248664e-07
8.160095028369608315e-07
7.454391185435888071e-07
7.483179565439577992e-07
8.159119553885215750e-07
9.346491459036800659e-07
6.197477693431135993e-07
8.107570131100000985e-07
7.940678104470786665e-07
6.148704723781682001e-07
7.350458533976575628e-07
7.652907004271698762e-07
8.231791424756056658e-07
6.261763419806502517e-07
7.442216756009203950e-07
8.554626335882907267e-07
7.952936289468119476e-07
6.876126990113472746e-07
5.962981742223228085e-07
9.464905375006603594e-07
7.738354185433642785e-07
7.482416394359823087e-07
6.235625447882519545e-07
7.633691332145578038e-07
7.880649132040609423e-07
8.817581970498799175e-07
8.264949760903530401e-07
8.934444970882299620e-07
7.191659681638101754e-07
6.114437828950948498e-07
7.361135217792662410e-07
8.499006750905659477e-07
8.368255992206128874e-07
6.865749007754237494e-07
7.648183804119037994e-07
6.525261099823168683e-07
6.905001279404135981e-07
7.807994128751157835e-07
7.715885475244793195e-07
6.756631792318384175e-07
6.998622878865662572e-07
8.050581163890785811e-07
7.508047755209021112e-07
8.886870828890407011e-07
6.565648661556273952e-07
6.945314702254886391e-07
7.647642651218841633e-07
8.098528105220556196e-07
8.249195331684195357e-07
8.467586280340992629e-07
7.402251507090215157e-07
7.558053686860808273e-07
6.304166294255163222e-07
6.833530163279968029e-07
8.297527456251349652e-07
8.115197144410806795e-07
8.522546723431443547e-07
7.004024010594672445e-07
6.589445375607761941e-07
7.313291367309370371e-07
8.276717259087584184e-07
7.763584179076998027e-07
5.988704852384572191e-07
7.177402099494365676e-07
7.279426475235435065e-07
7.492988453933308782e-07
8.165307844323957133e-07
7.978091669837751014e-07
7.463954573443675952e-07
8.586515258617073189e-07
8.282907909162460420e-07
7.218181241013740795e-07
7.821844385167587988e-07
7.615117596097938642e-07
6.159277771931560894e-07
7.247742875120914874e-07
8.234789605191320396e-07
9.003586253731089460e-07
7.536758783325077987e-07
7.216834211033778397e-07
7.967701711861169004e-07
8.002382517945571710e-07
7.333067195004417324e-07
7.309437647417322478e-07
6.815596011464853005e-07
9.330060388389235488e-07
7.912811305582303919e-07
7.610201012900623733e-07
6.541869732736462637e-07
7.129706531706559076e-07
8.334961533948249931e-07
7.052165190866540479e-07
7.593396165879266329e-07
7.212988319844205016e-07
7.772858579059141251e-07
8.207748566379816124e-07
7.605880160512640349e-07
7.132427154415548358e-07
7.838654978884527670e-07
8.287534201489163574e-07
8.064382592473193248e-07
6.759186075040750338e-07
7.766885457628264023e-07
6.259725492895375350e-07
6.965811754502375394e-07
8.004627092282529749e-07
8.285153183828408595e-07
6.111966231556556440e-07
7.634414915574515678e-07
7.503087837250069779e-07
8.597650813599401649e-07
1.006658678221984741e-06
8.094611027886457725e-07
7.332769534057175292e-07
6.741964446267409131e-07
6.188143416335888413e-07
6.918998966332816832e-07
8.865966201009607481e-07
6.701896467524361828e-07
6.629137298893835084e-07
6.693316057096537034e-07
8.266606140615247899e-07
8.231209792723730585e-07
8.313954312586703521e-07
5.945684238305221640e-07
6.726494143326205440e-07
7.338308969946256011e-07
7.652126807531199047e-07
8.108164138380161378e-07
6.395396071459998648e-07
7.625193115737224840e-07
8.414235349320386673e-07
9.667955510447752827e-07
7.954446037088266602e-07
7.059885260866574898e-07
6.158699995340381976e-07
6.502817543461574113e-07
7.390971171449778068e-07
7.923098689495410100e-07
6.466814809326402773e-07
6.278087393046807024e-07
7.199942611668536607e-07
7.912775133262238409e-07
7.722594798727534971e-07
7.082034541980026182e-07
6.843975689727670801e-07
7.819101055071994133e-07
7.958442511896399565e-07
9.880501962701398565e-07
6.019224883228655122e-07
7.262359945506453693e-07
8.216092470969647101e-07
6.632002462145217895e-07
8.038603411658618286e-07
8.089789892728453204e-07
8.825954993158420754e-07
6.978724406778156681e-07
6.881493675552645717e-07
9.328874136095633134e-07
7.417887490651154348e-07
6.652948987780294379e-07
7.423225694127987482e-07
8.300338015250259599e-07
8.028727627506498647e-07
7.883323276545432173e-07
7.494503942218316066e-07
6.566136315745680617e-07
8.052104016888958870e-07
8.162390458187501850e-07
7.814909159132288127e-07
7.370825364694065690e-07
7.103345430330153831e-07
6.394636493390764326e-07
7.486288660775162367e-07
7.110674301904628445e-07
7.933744198065422897e-07
8.707374322725745959e-07
6.388039419148940820e-07
7.067655150979260132e-07
8.501235538136457831e-07
8.345673502805150349e-07
7.256685758151391174e-07
7.282704762393700570e-07
6.556572610502978750e-07
8.245086936880515198e-07
8.584665328163527289e-07
7.102312942721644013e-07
6.790535079640193133e-07
6.771068049587297592e-07
8.088830362861360702e-07
7.626155124439914381e-07
7.973471668056773771e-07
7.130776146972531738e-07
6.867910021340576871e-07
7.661927930824857368e-07
7.148081105275250317e-07
8.258182572718425679e-07
8.408918797075886076e-07
7.493622829210389049e-07
6.971801497625103463e-07
6.905669591642730428e-07
5.556294976441486328e-07
7.970826402803237364e-07
7.884031602485238809e-07
7.284252149048135859e-07
6.652799759108796447e-07
5.792854716516052178e-07
9.424592115899129528e-07
7.425451023025716126e-07
7.330584722504838853e-07
6.555293874142737501e-07
7.075530345963389357e-07
7.854837078292845534e-07
8.611555139166946233e-07
6.363510220278574897e-07
7.287913337110002181e-07
6.067010036860121810e-07
7.480049470813776579e-07
7.489662307776503065e-07
7.670722909249187860e-07
7.516981063159366715e-07
6.124228830000622072e-07
6.543043737034162977e-07
8.060779637616039553e-07
7.798961654165245349e-07
7.306844487121178213e-07
6.992513029080958464e-07
8.513305034747619790e-07
8.943259356247353042e-07
7.496041078049858722e-07
6.679540960720518297e-07
8.028290298109466119e-07
8.537852267551646713e-07
8.049078826948449683e-07
6.925312580843581606e-07
7.820122715851034983e-07
7.261893670551293509e-07
6.197364107801338779e-07
7.697844928135516316e-07
7.397452118869389809e-07
9.424719693070168760e-07
5.949971679629737726e-07
7.002640701341786931e-07
6.873808434224488339e-07
8.132376594342547601e-07
7.505290047732420025e-07
5.764875686706610089e-07
7.439037811918786267e-07
7.422504158252961653e-07
8.731267812497952110e-07
8.696394082477101469e-07
7.146131656566742676e-07
6.509773340619581708e-07
8.868428387560834102e-07
8.083339547212934299e-07
8.481253370699532591e-07
7.346350306964279910e-07
7.460036709592854674e-07
7.932131015629496040e-07
8.611361882152830416e-07
7.005154193505452545e-07
7.180767635912957463e-07
8.580513954062259522e-07
6.901876478410881020e-07
8.575780045904417786e-07
8.219090343106527966e-07
8.526797880256820999e-07
6.610966459041868293e-07
7.539492711560019761e-07
6.399250492145733775e-07
8.099840913918437624e-07
8.237165009284416837e-07
7.214083574310833580e-07
6.714704703675279938e-07
6.952139178004170291e-07
7.263661969083602803e-07
6.905054579690698460e-07
8.772142384681308892e-07
8.002647177642730691e-07
7.031718120765925552e-07
7.338576049633651127e-07
6.938315573967000952e-07
8.221600576798034374e-07
8.743791684734269087e-07
7.344360447725222121e-07
5.651187036969921523e-07
6.982364152332265015e-07
8.020669602642404167e-07
7.318440676275435265e-07
8.071079197211276413e-07
6.756758451045633470e-07
6.369868383020687899e-07
6.766384596847249947e-07
7.579495133022187230e-07
7.627283110938382429e-07
6.864391228892644640e-07
6.864519308184800182e-07
7.611697885982018827e-07
7.252368963318623911e-07
6.968852271993042444e-07
8.043492395554055039e-07
8.407109185062285629e-07
7.051488061533615035e-07
6.362740402389148641e-07
6.605145126405760635e-07
8.058410388673459371e-07
7.500069023384308120e-07
6.627652497252976591e-07
6.552914808117260816e-07
8.032143698036196734e-07
8.000724342680384197e-07
8.232071941463603679e-07
6.591769770492766675e-07
6.629254160588940045e-07
7.727091519424313889e-07
8.061390483728586940e-07
7.906566007952530973e-07
6.011055094247878983e-07
7.467386299642801261e-07
8.064002950604662205e-07
7.065899521592914419e-07
6.844981318207042695e-07
6.525143413880416040e-07
7.808147817627624273e-07
7.193591758457949846e-07
7.063667503410282837e-07
6.688497786137909894e-07
7.385211624963213954e-07
7.426271070658277620e-07
8.161573536836054614e-07
7.626641494439964502e-07
7.401931793949843311e-07
5.912668816646797652e-07
8.275917845934743498e-07
8.281910721668681152e-07
6.583785533767023807e-07
7.450011606274103668e-07
7.251899823740319997e-07
8.050510806273244849e-07
8.534677783020116802e-07
7.284700041791804221e-07
7.656875145014833726e-07
9.378282374359731368e-07
6.604923153808328295e-07
6.538875396273454303e-07
7.351527075841240198e-07
9.038424972823179119e-07
7.497352746884342313e-07
6.558384232419184052e-07
7.296777228251627170e-07
7.303495308438067188e-07
7.525270466764321015e-07
7.350836463590979564e-07
7.698463753121985640e-07
6.367528397664745115e-07
6.874483374249059063e-07
7.814127833614142853e-07
7.646749564476420456e-07
6.640245873297011716e-07
6.027509999617841981e-07
7.072926693089973773e-07
9.101970876932475566e-07
7.270921841160985866e-07
7.855473683019355064e-07
7.417105887585303966e-07
7.361756943923870225e-07
6.753670103447354199e-07
7.463611513186533321e-07
8.209327786031396024e-07
6.272137349123415783e-07
7.274757919371234559e-07
7.927191954984093388e-07
7.958583999795780889e-07
9.349213328105830262e-07
6.575122590457903413e-07
6.915485013258420708e-07
7.383026070970418326e-07
8.082213689900534608e-07
8.958799359788957823e-07
6.386476840807011509e-07
7.241454900891821213e-07
7.131228680588732865e-07
9.169852828347663674e-07
5.976063455892766312e-07
7.928231916116074547e-07
8.110218422649516715e-07
8.490624078738753721e-07
6.595577391267724717e-07
6.823584952430694684e-07
7.471417556313143738e-07
8.518506460369977196e-07
7.770941393592205962e-07
5.922362750489924933e-07
7.405239884185695137e-07
7.087815207362794515e-07
7.853104312877420262e-07
8.044821942352455928e-07
7.832937685289598249e-07
7.122208403182922547e-07
7.070542634923175460e-07
8.243696856048665832e-07
8.683093520092246682e-07
8.083144315028047888e-07
7.272946380250454266e-07
7.344509757497660946e-07
7.140078127362324911e-07
7.301345187295156671e-07
8.328398040080567281e-07
8.141006394910797979e-07
6.675652385886267785e-07
6.996786153419206064e-07
8.894852838470469180e-07
8.504892368729622890e-07
7.095132373224771904e-07
7.258588537734035869e-07
6.301944072068791738e-07
8.850158371655136852e-07
8.009539385830226509e-07
7.573587510348136058e-07
6.629380596127594422e-07
6.981477618428268652e-07
8.467632413220657998e-07
7.307947452226949691e-07
7.866149267852713838e-07
6.904102699000039221e-07
6.421709459491549708e-07
6.549976437354548872e-07
7.034491281372203193e-07
6.962938835306656653e-07
8.245825411903204635e-07
8.411284756679203550e-07
7.391930221596815336e-07
7.087390730528719599e-07
6.517409813982675297e-07
7.735878536377539505e-07
8.243156777635337105e-07
7.208114724044983074e-07
7.757709049371750021e-07
7.571099667114445357e-07
7.164331681888477635e-07
5.372686821392679159e-07
8.188277866642457747e-07
7.527436449689792610e-07
6.272446032764947600e-07
6.951487837967685896e-07
7.236475536727504811e-07
7.695326559633778777e-07
7.236587520049034030e-07
7.068632821699555316e-07
9.966888996173110372e-07
6.589492960003433081e-07
6.340706700592762205e-07
7.846679222019867363e-07
7.560174044298446261e-07
7.423583777099890254e-07
6.917142922748286770e-07
6.765911758769401714e-07
7.646562525995451426e-07
7.818743555322385733e-07
8.093035900089110252e-07
6.534869079553046299e-07
6.559074943379304815e-07
7.382594192138934527e-07
8.294029775463532460e-07
7.834940546989891890e-07
6.793165178345935163e-07
6.779694167397642989e-07
7.417579416483095300e-07
7.521297568991616981e-07
6.937989515563611360e-07
6.755784866305873680e-07
7.684970644871223711e-07
6.888838711589704271e-07
6.440620737772456518e-07
6.635582726616825763e-07
8.092814412203000784e-07
7.296615766459267153e-07
7.356509742380385317e-07
5.774601097710528303e-07
7.611331297775112441e-07
7.692191156789510852e-07
9.465810053801917865e-07
6.228199080138937739e-07
7.464136707814073723e-07
6.915087316761430760e-07
8.192819989617654225e-07
8.269634395546142204e-07
7.041523560335893418e-07
7.465340257567044450e-07
6.456412930353082325e-07
5.749646321659686173e-07
6.968845552979833686e-07
8.498528007422649201e-07
7.616111785673850596e-07
6.729918027139166028e-07
6.815449846537881780e-07
7.257099702002399139e-07
7.521719131678394154e-07
8.574682859761232968e-07
8.847962104657882862e-07
6.970231903547049017e-07
7.727113144641892924e-07
7.990779749833373190e-07
7.912598592847774771e-07
7.740812424023277981e-07
7.155511449888371606e-07
6.516803287978957668e-07
8.257851409764299197e-07
8.259905658376839119e-07
7.658328056727314935e-07
6.274356356443803216e-07
7.190482390120971006e-07
7.457370733634319031e-07
7.516126242819341565e-07
8.962319960865714391e-07
8.688183497989760170e-07
6.991633036983268761e-07
6.733143355869283867e-07
6.850309005311281676e-07
8.075018257596656816e-07
9.079109199505699469e-07
8.015700406716249539e-07
7.533502016638854127e-07
8.096978591141473446e-07
8.064960569595851126e-07
8.086014099083519952e-07
7.106994753048863654e-07
6.096938730779342003e-07
6.379792929087123233e-07
8.072057326981820633e-07
7.616197227219194153e-07
6.873394513387764715e-07
7.972555784588862204e-07
7.101619960401522093e-07
7.324827257312304046e-07
7.636953040247393985e-07
8.137904804354478102e-07
7.155865973878279658e-07
6.299514093338507589e-07
6.449052856143519030e-07
7.962034851123017839e-07
7.810185258122078076e-07
7.938450983006653929e-07
6.096509809992379034e-07
6.964541296199558702e-07
7.864230970567034907e-07
7.396409462420056392e-07
8.532978246936382374e-07
6.849234544181392477e-07
6.352580934077829455e-07
7.501337889852888255e-07
8.887814337221155510e-07
7.841071292907628654e-07
6.779697669803852883e-07
7.608415752092827017e-07
7.913399365136688076e-07
7.011693538274793573e-07
6.553164155717072565e-07
6.351400888444735412e-07
8.389138593561051532e-07
7.735053161089989509e-07
6.714662763932578172e-07
6.557017425841626194e-07
8.099538987994735578e-07
7.905344316620486329e-07
7.046540678270706400e-07
6.534105753703625030e-07
8.164356804074285352e-07
8.034508661293440249e-07
6.698540218264037848e-07
7.523383784091795589e-07
7.318958009919006154e-07
8.279920810285576328e-07
9.192584367478728434e-07
8.059998659789138903e-07
7.775855303855843277e-07
9.469949091123134500e-07
6.538630222103014563e-07
7.340456205065722681e-07
8.513324192996188211e-07
7.726522131048366400e-07
6.621251490296487398e-07
7.156778499038975441e-07
7.103126111153287314e-07
7.924168603921296573e-07
7.654221888655971866e-07
7.143034368145114950e-07
6.784255231416540642e-07
8.463669226166085720e-07
9.436022985858645558e-07
7.639441550163127772e-07
7.160783887553186213e-07
7.121146538162786959e-07
7.015660705544524540e-07
7.541303988318052585e-07
7.629675661643994804e-07
8.279584173944449119e-07
8.561748944352525796e-07
6.240168743298338767e-07
7.255321526571733015e-07
7.374757749785096459e-07
9.538279003470896081e-07
8.392577646044136483e-07
7.412622096514773135e-07
7.483206149365456128e-07
6.097480546803005457e-07
7.941987038448112970e-07
6.643787828354058844e-07
6.334510595711484677e-07
7.803125116188577630e-07
8.562188382173770234e-07
7.351206755536339636e-07
6.663079098189018985e-07
6.677890552437750096e-07
8.213470262108047865e-07
7.471373668902099549e-07
7.878921877233916955e-07
6.677608382428100554e-07
9.216894255144796283e-07
7.202768630703614827e-07
7.325872822899318716e-07
6.901182187757445196e-07
8.086082719989816721e-07
8.884383191620769191e-07
8.343703891836019695e-07
6.606657893481636520e-07
7.424165543219860159e-07
7.778218834210975204e-07
7.571779740026366719e-07
7.225964919834763513e-07
6.365288817177130525e-07
6.445057066782317546e-07
7.577795789428874352e-07
6.489249673441687383e-07
6.212216111854982244e-07
7.197510415284714135e-07
7.767021018219006440e-07
8.085310595318860587e-07
7.880237577675190078e-07
8.160235163558644483e-07
7.559784247714331633e-07
6.468553127091113115e-07
6.831257652580080819e-07
8.308419516727108969e-07
7.496967656717636334e-07
7.511638793485141943e-07
6.786859818052898175e-07
5.383478057029402335e-07
8.639696073651779037e-07
8.958215206634778292e-07
6.233114980139537250e-07
6.903850371361573959e-07
7.753989768365757029e-07
8.448942462957817221e-07
7.945871498588049627e-07
6.414468777231429606e-07
7.153887719768723952e-07
7.018283632551850564e-07
7.796508987911425354e-07
8.349911641371155511e-07
7.726958571203793002e-07
7.571133604224484647e-07
7.428294173817828340e-07
6.881846920236024529e-07
7.023115654963440020e-07
7.331935099297344779e-07
8.041173393201392379e-07
7.731638421886433263e-07
8.280988755255518681e-07
7.141864572343974988e-07
7.140695668304473026e-07
7.820133486034422803e-07
8.637091481751969358e-07
6.386529814042712815e-07
7.468760423051108138e-07
7.421185706580502400e-07
8.010620236877757522e-07
8.273721127435832927e-07
7.068520506435423657e-07
6.986888938912682100e-07
5.764296650519317320e-07
9.810832727513141001e-07
7.533005714264229702e-07
6.945333582212683698e-07
8.561280663776518658e-07
7.449467175364676944e-07
6.741403622015227069e-07
7.223704484368749374e-07
6.823628146254394079e-07
7.773005129885397635e-07
8.549176392407385097e-07
8.951066138893999158e-07
6.901059563099505029e-07
7.233811787514836550e-07
8.004323834087603557e-07
9.120828714501366386e-07
6.487486833123230932e-07
7.118513533337456417e-07
8.064765811191358107e-07
7.590748380494615962e-07
6.341267081745650175e-07
7.276488808703677466e-07
6.942239512178312686e-07
7.767715749079500005e-07
6.069607520287156924e-07
6.731352578339402047e-07
8.038751596894647396e-07
7.540308366740736349e-07
6.365981125876548389e-07
6.659331400926443244e-07
7.635257486809501049e-07
7.211513939367009597e-07
7.948049140482281846e-07
1.013598499943586741e-06
7.238865057355595268e-07
6.662878156706905684e-07
7.679847776301094401e-07
8.100428424258072267e-07
6.163975058930578483e-07
7.418807976836463823e-07
7.368703419512123612e-07
9.054205654408368171e-07
8.592038167079076166e-07
7.539861474997430230e-07
7.800789953527052489e-07
6.003744864008978246e-07
7.184929048404517886e-07
6.483966088778973323e-07
7.113836533257257501e-07
8.818463202762246076e-07
8.059310011459419727e-07
7.021672262439252025e-07
7.558349659743409638e-07
9.915366961503704528e-07
8.745125358806820700e-07
6.811650093755191976e-07
9.050787112554666042e-07
8.862801910143310800e-07
7.958036648628899556e-07
6.944102753327447973e-07
6.814736317789565020e-07
7.622210801982399141e-07
9.208653970259540342e-07
7.037654228115812017e-07
5.800229823680380318e-07
6.906310025075054211e-07
6.538637039917600066e-07
7.073634329179335337e-07
6.782158830651802859e-07
8.507070027170772907e-07
8.533258819193513688e-07
7.488696179451865382e-07
7.958155864844191659e-07
6.701185462918132142e-07
9.584177172794918672e-07
8.283086612071736150e-07
6.989429924147023395e-07
6.923065894727194508e-07
7.105131567987775740e-07
8.725256701540056855e-07
7.987415019237954764e-07
7.266179737693644034e-07
7.375715526431391712e-07
6.784336731712108792e-07
6.635990842135727391e-07
7.215284107202908042e-07
7.923580825904105648e-07
6.301732807773197774e-07
7.647743408111138323e-07
7.232767735662343742e-07
6.897486395025468498e-07
6.955236753710027211e-07
7.330612893661178070e-07
9.201308035549742094e-07
7.572311434408050799e-07
6.488567848635140729e-07
6.638053923214360596e-07
9.088493158595618802e-07
7.377129358585046971e-07
7.504142934587893768e-07
7.523411137015256436e-07
6.594550032406828591e-07
6.865007763325804678e-07
7.456208637154232802e-07
7.961114877526623007e-07
7.862031258070084097e-07
8.747755210449496103e-07
6.992733405573889524e-07
7.621702501220499917e-07
6.491918645851264328e-07
6.787946407020939654e-07
8.328257394338250518e-07
7.758535982967287484e-07
7.844574989016786967e-07
6.381178958505325564e-07
8.403038396213094433e-07
8.323611872867945443e-07
6.903314573511512257e-07
6.477633981738907449e-07
6.997706957281329789e-07
8.620608491544640157e-07
7.450874793366934498e-07
6.673923528542350082e-07
7.293988371155794156e-07
7.427861439928752199e-07
8.422655441065993279e-07
9.367951108249836413e-07
6.928067019780119995e-07
7.243107636709943748e-07
6.157820778023711128e-07
5.832477224268170235e-07
7.182917269630540372e-07
7.473707243280221187e-07
7.329552714696844988e-07
9.513680839886625299e-07
7.192766545303621143e-07
5.964883152462139408e-07
8.054918136927936546e-07
8.548482607497309866e-07
8.218018018339361059e-07
6.666923497350259630e-07
7.625274210072544679e-07
7.490525316072815653e-07
7.981668917849066850e-07
8.753845631250857257e-07
7.106476538547034498e-07
6.438247251923650913e-07
8.615711352733252959e-07
8.077426514884324832e-07
7.902495786910952703e-07
6.914418949786748816e-07
7.124064342619834718e-07
6.797211000850782336e-07
7.049781667520416116e-07
7.188123398366203483e-07
7.733814747693445750e-07
8.452729756679908187e-07
8.061715416718561610e-07
6.483609254330608779e-07
7.112375611291857079e-07
8.214547575017689620e-07
8.410445991626881088e-07
7.874839281594162753e-07
7.293415896581851898e-07
7.318519671777480314e-07
7.365849738413444683e-07
8.723195025554673839e-07
7.372699616845883345e-07
6.913242331009109279e-07
6.214671476641634502e-07
7.558951459439159437e-07
7.802505890835704754e-07
6.662210517462433258e-07
8.317383083923199972e-07
6.992179778015734341e-07
7.335403304950867561e-07
6.061490693524531845e-07
9.312057053806674285e-07
8.313932750115418335e-07
7.860528843266990796e-07
6.545612527379192167e-07
7.110977070716666125e-07
8.160821192425541807e-07
7.902684512469663137e-07
8.164526010168186272e-07
6.922705190684998930e-07
6.681096839761062431e-07
7.635102783075899447e-07
7.793719445573353785e-07
6.682200961765524389e-07
6.747267381918322962e-07
7.222120674781477564e-07
7.626680666849631570e-07
7.367061522760676796e-07
8.063059425303450848e-07
7.598033303584219092e-07
7.992463435948659274e-07
6.713153946651672174e-07
6.966673487934802080e-07
6.378284572616316979e-07
8.739790325711882811e-07
7.435577637445733611e-07
8.012695998753202500e-07
6.991561866159508221e-07
7.381113471803618480e-07
7.624833735205468926e-07
8.718770099126737643e-07
6.575026091476880220e-07
7.108549025440017589e-07
7.486042538525588734e-07
7.606070473504944129e-07
8.400894209034138567e-07
7.271517736957825842e-07
7.322130941968650851e-07
7.294397273789165507e-07
8.263870508468976035e-07
7.974510125824637436e-07
7.834700413756377810e-07
7.439729826099569238e-07
7.011593647275942432e-07
6.732109718824499950e-07
6.769780073793694219e-07
7.450291966219775539e-07
7.952606033956807003e-07
8.855693258197539812e-07
6.945833694786456214e-07
6.763299591200538231e-07
7.684707712687820725e-07
8.305636567596426734e-07
6.526789054219234596e-07
6.897449175960945959e-07
7.054813560057522904e-07
8.938189243858171087e-07
7.198529660197435336e-07
7.139226116106311585e-07
7.940567446142968267e-07
9.752074959969816821e-07
6.857628215526505477e-07
8.071671270844607802e-07
6.130830040384282695e-07
7.164347111492222773e-07
6.963686566744049093e-07
7.780863003697314428e-07
8.452515086929728405e-07
7.597774105150937778e-07
7.746478908775547610e-07
7.335300529183263419e-07
8.461723748140355034e-07
8.736664357426448178e-07
7.378795154649990401e-07
7.310374943125209870e-07
6.798074360408104847e-07
6.098058950749644979e-07
7.646362758869628582e-07
9.878887428407893911e-07
7.355807322712384602e-07
6.022018837902781206e-07
6.671333243922638229e-07
7.468104000246177654e-07
7.796058369442986012e-07
8.554702550338787720e-07
6.804427688282722321e-07
6.230274465460927696e-07
8.732790849552540136e-07
7.643636541874756188e-07
6.519099198469864030e-07
7.408024166254398559e-07
7.312147781881911485e-07
6.601747833930111652e-07
6.575287435661377954e-07
9.728299700303886904e-07
7.432195517481709871e-07
6.302737574700092799e-07
6.493906376038241668e-07
7.709498697787589743e-07
7.774781028524812169e-07
9.407674140774073919e-07
8.313186823453290779e-07
8.723035259591366704e-07
7.648751451953635120e-07
6.039910379273836047e-07
7.659879208745133074e-07
8.003175303779472087e-07
8.174094472779585908e-07
7.927025635595883237e-07
7.192486660704696108e-07
5.931096858980844343e-07
6.327909137402967046e-07
7.775793139906257854e-07
7.897878564926623522e-07
6.833094684301924942e-07
6.706727097305626243e-07
6.979216294936076279e-07
8.084223121699496480e-07
7.296439420776569535e-07
7.169987994043771942e-07
6.813425738553988813e-07
7.882319797987045198e-07
7.571483645196078301e-07
8.975064464343148399e-07
8.459755791423097532e-07
7.724446899909919301e-07
7.962980034187977181e-07
6.628589283750915174e-07
6.286921251851938336e-07
7.985336539018630384e-07
7.601996395487419356e-07
8.092652694747785210e-07
7.119907898929561768e-07
7.151338799926361251e-07
8.450457532814763666e-07
7.667082708356574393e-07
6.598128890248141227e-07
6.847502206871024772e-07
7.823344399840183981e-07
7.003047213584972355e-07
8.452063917487065772e-07
6.829069294374119390e-07
9.511969107202459937e-07
8.542007299130911508e-07
7.134930529187143001e-07
7.690748916159028001e-07
5.716959594424491651e-07
7.795423646965070962e-07
7.671680560327222549e-07
8.771630191043711289e-07
6.177313409938004672e-07
6.890005370196489720e-07
6.824758007743858085e-07
8.142280697940427141e-07
8.837367866369018992e-07
7.160576824829048420e-07
6.949162331893666282e-07
6.579525187720986033e-07
9.859988620543971600e-07
8.139981799222786113e-07
7.437420140692890038e-07
7.169031184210383218e-07
7.027162844413579011e-07
8.956741067194668650e-07
7.441420646210639471e-07
7.268532000416473805e-07
7.897248495830841077e-07
8.645427671852069995e-07
9.172145942042602822e-07
7.134344958282871586e-07
7.554352214362941464e-07
8.038350972042113641e-07
8.356907971935032674e-07
8.034336920222510666e-07
7.112056022917079378e-07
7.353141508042674754e-07
7.513912861828393276e-07
7.365103329887918076e-07
6.918578510750396969e-07
9.852055785148575608e-07
7.694172614796957559e-07
8.095935814398030697e-07
6.955355799764324204e-07
7.397704750906355317e-07
7.592894763270133978e-07
8.198817008269667164e-07
7.956438907830690677e-07
7.929104885635906241e-07
7.071183014466423518e-07
7.125377468601855452e-07
7.959839554030121466e-07
7.857979238024042024e-07
7.475507012945664497e-07
6.220050136319171886e-07
6.704605046963786728e-07
8.240284689007275327e-07
7.503100086499073394e-07
7.629372113239943595e-07
6.948960096477506955e-07
6.632138672609062311e-07
7.796804049396155416e-07
7.507205143917892135e-07
9.761620161003843443e-07
6.895543460195004119e-07
7.585295964704423309e-07
8.760283109794435205e-07
8.076431529111959544e-07
7.689963096175499325e-07
8.087797030576730454e-07
7.932949212748361339e-07
7.316187094705306252e-07
7.200148828943245713e-07
7.064477986751644391e-07
7.803046063632544718e-07
7.792160036877805012e-07
6.432755263912090458e-07
6.628064093540356190e-07
7.247695451085433428e-07
7.802964660742454662e-07
8.234681872722527367e-07
8.526674056471795811e-07
7.203546554604969394e-07
7.145133475421291725e-07
7.541256703140896171e-07
9.774871309660322536e-07
8.200759865721299060e-07
6.920022578944864171e-07
7.220815345386258926e-07
7.639987643197867826e-07
8.685113019466483040e-07
6.655364730379863372e-07
8.224297920678379420e-07
8.021803720341985053e-07
7.797989639581805890e-07
7.108271479236784641e-07
6.106345865503803257e-07
7.407835577335915507e-07
8.358551135613461270e-07
7.712668405702036498e-07
6.611922232364834169e-07
7.010585070562593886e-07
7.372170866836964580e-07
7.213874567077102279e-07
8.162786512685553738e-07
9.697707438148129551e-07
7.371855499880272983e-07
7.191174315078319810e-07
9.451659211716776031e-07
9.130716916790544579e-07
7.340642496510234927e-07
7.276875956099272868e-07
6.980216178373309149e-07
7.296801753530490029e-07
6.086050832768241307e-07
7.833363485146880419e-07
9.029132487391651606e-07
8.103889381554814785e-07
6.848290708553126810e-07
7.152985969578648214e-07
7.126213625094749143e-07
8.200253110324472935e-07
8.908247932454150394e-07
7.053564022573368504e-07
6.896857312435211810e-07
7.927189457707775936e-07
6.801754161938712712e-07
7.433382931706457320e-07
7.003057998365497066e-07
7.770627877353325383e-07
9.041262748643771846e-07
7.056382208844503226e-07
7.447814736520500647e-07
5.712529135611583900e-07
8.519839335728644853e-07
7.773519407949907191e-07
8.100089552407802917e-07
8.863132773608991155e-07
9.472125426764342442e-07
7.194477141029008640e-07
7.485138232654780934e-07
5.741112062363991972e-07
7.713057374262755614e-07
9.904941581937279420e-07
7.779238592139894701e-07
6.704038874988363235e-07
7.179197606814830464e-07
8.257453060646063909e-07
7.108834050977670710e-07
7.907215354306584292e-07
6.987182925792316728e-07
6.559012449729613386e-07
7.532833336404164649e-07
7.389760233879182099e-07
6.775505221307330403e-07
6.890164662147874418e-07
8.148696545212847810e-07
7.750037356888878602e-07
5.699978072998339215e-07
7.761171143958893333e-07
8.004892822014112854e-07
7.338150906065133550e-07
6.948360438408496988e-07
6.187549893347514415e-07
8.024471523255081783e-07
7.409794085792059253e-07
7.584016088384001178e-07
6.162960391736821580e-07
6.664084113711770400e-07
7.481394767248485830e-07
8.033113874860282597e-07
8.884246149180406380e-07
6.564053717314100677e-07
6.132632860851238819e-07
6.961280254628807512e-07
7.676641333396116038e-07
8.282657514929759646e-07
5.369447928353356949e-07
7.345434458413718701e-07
7.008272813900831234e-07
6.201490168488438326e-07
6.288840036493967806e-07
7.512993995968919960e-07
8.157476422275419596e-07
6.033785534961756339e-07
6.266723592752187593e-07
8.097433416071261575e-07
7.474946920860911105e-07
7.974236583805627291e-07
7.527511821659445145e-07
6.653179946318812387e-07
9.240873767722461011e-07
8.674971210338764387e-07
6.759871025272261052e-07
6.813474285719086361e-07
6.986139796761788460e-07
7.797288029524685413e-07
8.469362428571251980e-07
7.149289400888233454e-07
6.952585937060948951e-07
6.788188341683956476e-07
6.052027694196950105e-07
6.579472479132131713e-07
8.072361289959467962e-07
7.816080782497071509e-07
7.764043243883162254e-07
6.004470912042958129e-07
7.017471645124229342e-07
7.601948635358965085e-07
7.487509339222169954e-07
7.984845289307250447e-07
8.365142657344247118e-07
7.462812977883800212e-07
7.023992897519726678e-07
8.263169092785808390e-07
8.530527182290534237e-07
7.406117732740185318e-07
7.597979621998530098e-07
6.867602921735559826e-07
7.646502847881875890e-07
9.002446139917593503e-07
7.389831670481129181e-07
6.487489501378217220e-07
6.821366547192999332e-07
6.517446217772478271e-07
7.255881756391443522e-07
7.222732960992431051e-07
7.757651081674570438e-07
1.036162474851846592e-06
6.980809985943384901e-07
7.067567107242387270e-07
6.079442049875769747e-07
8.967710655581114924e-07
8.072896054816128433e-07
7.619483932315807773e-07
6.764628754918425025e-07
7.160845842948220952e-07
7.557315023553549388e-07
7.618799958609212423e-07
7.066413982016762905e-07
6.861237515892492233e-07
6.641180578291339629e-07
7.844355292152551951e-07
7.921757414958363577e-07
6.100914557332714623e-07
5.682577820630257979e-07
8.497913180939112357e-07
6.566237598586250067e-07
7.593913360107812487e-07
6.707020375540530069e-07
8.110601101788701577e-07
8.670297143833604651e-07
7.125807108536438014e-07
6.823585135282425513e-07
9.415203124460411937e-07
7.461300584330792872e-07
7.180099679107161611e-07
6.545913433830340047e-07
7.259101998325569958e-07
7.216176641288769321e-07
9.300697758149768206e-07
6.795710315254390722e-07
5.734335032165811054e-07
6.995371879993272900e-07
7.424664257715644879e-07
6.348553766374300554e-07
8.201727040597889653e-07
7.513569678542774964e-07
6.004440033556467519e-07
6.435202827646122460e-07
6.047457703325520375e-07
6.280723336866197080e-07
7.297707513944929696e-07
7.605976524553663161e-07
7.524661233783487915e-07
9.729041909907644747e-07
7.095937405454427414e-07
6.839267288749542234e-07
7.794383932059128002e-07
8.464174889204703579e-07
8.603924831674242124e-07
6.624287463201363014e-07
7.102153838385552032e-07
6.909625079297734314e-07
8.438041137227778357e-07
8.261351299092115948e-07
8.124930510766633056e-07
8.105615131646833842e-07
6.536419037606532053e-07
6.737146468367980175e-07
6.945853641292348268e-07
8.363522199688269122e-07
7.936069937388340917e-07
6.290205199241389194e-07
7.022615408893484545e-07
7.495387242704031491e-07
7.313052891302063404e-07
7.193582397402159204e-07
7.604938434517864827e-07
9.022276749826233670e-07
9.021542246022907031e-07
7.172154133316867695e-07
5.926717650185103394e-07
8.862737217073385326e-07
8.089584305445074885e-07
7.627468578513954364e-07
6.818681294222196592e-07
6.902186832788367707e-07
6.483762266456847001e-07
7.379091859153558189e-07
6.681257455449261643e-07
7.490648542456212814e-07
8.208817104297931847e-07
8.279841213230337492e-07
7.236731995088597331e-07
7.558188259191324185e-07
7.948657796229531978e-07
7.923827494049829940e-07
7.387327310728871373e-07
7.290322217678045763e-07
6.820994618653539028e-07
7.528259224958728097e-07
9.600178740578559042e-07
7.400333291140561584e-07
6.756203701882309732e-07
6.497313575327943459e-07
7.655289822423413272e-07
6.847474115929791979e-07
8.181566959954372396e-07
7.829902791446431098e-07
7.912948272475641463e-07
6.606473578447999808e-07
8.792986547928153013e-07
8.563374390839047855e-07
6.602845765901323112e-07
7.263015740158262059e-07
8.388053896512810730e-07
7.573418172818871692e-07
8.235514486010950229e-07
7.362459192596506025e-07
6.638739954898988836e-07
6.038917567078779347e-07
8.019160796578840192e-07
7.637528925978624317e-07
5.958974464715590529e-07
6.627068288515344155e-07
7.286107273895500828e-07
7.335537937539567803e-07
8.239854481271949276e-07
8.023905233850074624e-07
7.594418494492941877e-07
9.622143905019574169e-07
7.296811886368735129e-07
6.405442206242109238e-07
6.406144980668199161e-07
8.848172701862042599e-07
7.534758801957123935e-07
7.518488972172426378e-07
7.343098517379202320e-07
6.669658253994572889e-07
7.908937277078797577e-07
7.788846041866041332e-07
8.087109698150882259e-07
6.858119700001614366e-07
5.861142820072254231e-07
7.276299564673281516e-07
8.752928760565725910e-07
7.503746868984189620e-07
6.568657599156842262e-07
7.227138321442683141e-07
7.252998867395044172e-07
7.721484518773073687e-07
8.063316992119858937e-07
8.816040770067754420e-07
8.012357280645892879e-07
6.250452134446775285e-07
5.962629983235827222e-07
7.450832023861284596e-07
7.994442184243854418e-07
7.621373427833410596e-07
8.568416926651602943e-07
7.214866329808826775e-07
6.663378227152258959e-07
7.719113193748982135e-07
8.006753995021099405e-07
7.324201331342589003e-07
7.321443201173701699e-07
6.108909640773016983e-07
6.558839106629645514e-07
7.789622447359602685e-07
7.882461024379497851e-07
6.187075572070921357e-07
7.079203587353937704e-07
7.688688596348681005e-07
7.313897135551708620e-07
6.692635511278232167e-07
7.759910312613731222e-07
9.245760908412060909e-07
6.999799091196536073e-07
6.264012286039835715e-07
6.829650710558881810e-07
8.665570892438755826e-07
7.759728999584362164e-07
7.635553107832842649e-07
6.381505410628994330e-07
6.815829643574886650e-07
8.084414137172365256e-07
8.145643728484258270e-07
8.347252646309388380e-07
6.734931988824995779e-07
6.811066379358632701e-07
6.857931196503951884e-07
8.691946478653888249e-07
7.791475691233852328e-07
6.272649718616722173e-07
7.129133962083692380e-07
7.462299613103003525e-07
7.562635382038625595e-07
6.714259488000833302e-07
6.437459851978225575e-07
7.862086658339946469e-07
8.005631182700204960e-07
6.371959901891606423e-07
5.661321555969035189e-07
7.256084630813756002e-07
7.526621074518725802e-07
7.740078378789829994e-07
7.877744378515086900e-07
7.611494797710362239e-07
5.953398536032797138e-07
7.494949974788784855e-07
8.459887509766745020e-07
9.050535210986578270e-07
6.584606312694580623e-07
7.458697788819588519e-07
9.275628179223482882e-07
8.333685986829312725e-07
7.136883019682286031e-07
7.491833305026504723e-07
6.433552731967161133e-07
6.563385161550257994e-07
6.387331061449322542e-07
6.648472819152944436e-07
8.911447825371290625e-07
7.630495620944039854e-07
7.199125842667017657e-07
7.447866383693905069e-07
7.728798585258528079e-07
8.610202599709867990e-07
9.112430306164574289e-07
6.859425021693693035e-07
8.281930168594983490e-07
7.873193299032094293e-07
6.907930567913750758e-07
7.412383018162108111e-07
6.682143869574885858e-07
7.294665530752573649e-07
8.445957790704360508e-07
7.280287101526870266e-07
6.416392058358341609e-07
5.957555929931649045e-07
6.837108177338403063e-07
7.116463055390136908e-07
9.169734573814394022e-07
7.773981400457000636e-07
7.710305554612093251e-07
7.140564839715209330e-07
8.237438846307594925e-07
7.837505683296486623e-07
7.223325590364164895e-07
9.042598802598193232e-07
7.047407931586833252e-07
6.552741633454171548e-07
6.433059004889288689e-07
8.659505409170836260e-07
7.702404130068907285e-07
7.558751415583150628e-07
6.978367307836452934e-07
6.510677173398839306e-07
7.746712349353178321e-07
7.787554576872778261e-07
6.473991057858534213e-07
8.552098299013873241e-07
7.805714240917349237e-07
7.138095892453667062e-07
8.301490484093791163e-07
8.008547979301320261e-07
7.085839542984947342e-07
6.754330630746566377e-07
7.189845352326454701e-07
7.006151352163996240e-07
7.938223997441084560e-07
6.521519210862018615e-07
6.420387672802162581e-07
7.623638174157540861e-07
7.948654775199215557e-07
7.637752278184181871e-07
8.363019302142731347e-07
7.103234891623947193e-07
5.833889619687446743e-07
7.680152984559283029e-07
6.392595546715710168e-07
8.705280301943114768e-07
7.398571750750073931e-07
7.364011338255730866e-07
7.216382251943136614e-07
6.749647840445965426e-07
8.178878250166175408e-07
7.820966432666487187e-07
8.896903304509731531e-07
6.350056311155000893e-07
6.962090115371028219e-07
7.328512693574831072e-07
9.211426641589048935e-07
7.522675038973179519e-07
6.787665832378239571e-07
7.151630358908576949e-07
7.411041016653889941e-07
7.817327545035397894e-07
8.707624997412293297e-07
8.869510720148301793e-07
6.818156695644108348e-07
7.245311672210976103e-07
6.044576441240293182e-07
6.713390209150571245e-07
7.731172017092045814e-07
7.436293936566412926e-07
7.574554924739024006e-07
8.046680100506380641e-07
7.044326452363737833e-07
6.601824083009459088e-07
7.471887414392589464e-07
8.621840228706877585e-07
8.081437487471395188e-07
6.940818755872168709e-07
6.973184210834089121e-07
7.177346549777453279e-07
8.490084662133414979e-07
8.270635890881861270e-07
7.481466769325607210e-07
6.620632715249381284e-07
8.414623714269740525e-07
8.478078270767277102e-07
8.194807969326882596e-07
6.456379049544925993e-07
7.896017259838763480e-07
6.584402507146884089e-07
7.268018233517852952e-07
7.622828453626695617e-07
7.772697630611884541e-07
8.755800692569931263e-07
9.024590296904404516e-07
7.213691454753618538e-07
7.007725531222925962e-07
9.026666445488140056e-07
8.572698897514888688e-07
7.961003195922999454e-07
7.618158906820349478e-07
6.707917409659601834e-07
5.716511035114852304e-07
8.118077433517623340e-07
7.977564896248772094e-07
7.481510311878271409e-07
6.399484244780755700e-07
6.300933171627055146e-07
7.761509947123460043e-07
6.050914221239074178e-07
9.679454707442057552e-07
6.727080928347117484e-07
7.024170123316305774e-07
6.932837512672523674e-07
7.956646306110701940e-07
8.763220126093433204e-07
7.797494599290181931e-07
6.938735400072704897e-07
7.200934582851667527e-07
7.618241461341814338e-07
7.508193286974982736e-07
7.003930075080591920e-07
6.450192659079835013e-07
7.927097997548694309e-07
8.580356652243849275e-07
6.273139896249414790e-07
6.054119461164713558e-07
7.552065826015785088e-07
7.219895782150866789e-07
7.883511827915428541e-07
8.647023580774148255e-07
7.642867859569819077e-07
8.724070188377325756e-07
6.707003640233212926e-07
8.268920162858123377e-07
7.094038153419073982e-07
7.075345896348732238e-07
6.746913295913224539e-07
7.782838544552068441e-07
7.132093454814130002e-07
7.238169963563109615e-07
8.459922947633572396e-07
7.916794289352040962e-07
6.609580429386893784e-07
7.745874877135255126e-07
7.071639256261251510e-07
8.305222080306430222e-07
8.910161784346453747e-07
8.591211149490938502e-07
8.219322736037605207e-07
7.764254825332883377e-07
6.995481045161945225e-07
6.744845812120102652e-07
7.397499168823589887e-07
7.688107776240457796e-07
8.697884849755791586e-07
6.604692705209595506e-07
7.578232875128644252e-07
8.401912130151156348e-07
6.231848831517321127e-07
6.855008248460298107e-07
6.828651968065634238e-07
7.816394399123354616e-07
8.483940444609704647e-07
7.375268948508888231e-07
7.648023256291635093e-07
6.221706734448236649e-07
8.791288714272957151e-07
8.203698306111525343e-07
7.023551564471763291e-07
8.030124053381352128e-07
7.693966134203125614e-07
6.851371213878490724e-07
7.575283873563438026e-07
6.851179778777844819e-07
8.506158863815421612e-07
9.192677387957840649e-07
7.186150422934631671e-07
7.492103734086002232e-07
6.580437690998190694e-07
8.203835912702483976e-07
7.465310755937921557e-07
6.688685377389799917e-07
7.184281793020204171e-07
8.787430310302515460e-07
8.451839233960660333e-07
7.726165002778866832e-07
8.512161018324075067e-07
7.322119920553305642e-07
7.657918758698728754e-07
8.560574769356579582e-07
9.139132910922830577e-07
7.744339973870212390e-07
7.178612397822496888e-07
7.225132734996318504e-07
6.980894351218365191e-07
7.554201481965166514e-07
9.122100424232596446e-07
7.338569682269558553e-07
5.974450007206733801e-07
6.665005367517961937e-07
7.800436649693082334e-07
7.609890284437019121e-07
7.627867613427240025e-07
6.865511678740372194e-07
6.378893797060923562e-07
8.066099612022794736e-07
7.968862706204965328e-07
8.200356989560633340e-07
8.932988264559316452e-07
7.530177096860693738e-07
6.617658101304208627e-07
6.917199194462867575e-07
9.517583200706245891e-07
7.255565658583922681e-07
7.958797097428772831e-07
6.779049781740390729e-07
6.459604027975267015e-07
6.464706871554611930e-07
8.023227372971354813e-07
7.297761745333094719e-07
6.629520560541696470e-07
6.468157460616332323e-07
7.338311927412825084e-07
7.447624408529210605e-07
7.617434763196685402e-07
8.787163432921332381e-07
7.022268198595398228e-07
7.154370489032006463e-07
7.308578480495063726e-07
8.187814064821411014e-07
