5.505091785595923234e-07
5.634335911180457540e-07
4.369541975214156248e-07
6.501142173566957785e-07
4.989972478517787412e-07
4.972821195874004352e-07
4.706287940396369521e-07
6.125770479762415022e-07
6.130628404661904076e-07
5.284044741561873931e-07
4.937445974890043221e-07
4.916436068301898875e-07
6.476084468010040001e-07
5.463937808694738791e-07
5.577351366682022177e-07
5.126397320106151200e-07
4.319791744998097923e-07
4.509015510007860555e-07
5.732049141821272333e-07
5.369808851867852859e-07
4.790318642959526308e-07
4.516083557880958856e-07
5.459834052528455679e-07
5.285238287092995003e-07
5.997413626847869226e-07
6.184912838538087047e-07
5.618821887612560867e-07
6.397203355509553975e-07
5.108281483175190692e-07
4.433504794167728737e-07
4.812583814702145245e-07
5.853827008707991749e-07
5.281144431598674688e-07
5.276239391969830745e-07
5.333588316321587946e-07
4.540265583815221198e-07
5.429296026694332635e-07
5.235887972526029818e-07
6.934391064800885142e-07
4.057378145605890529e-07
5.170097503779096671e-07
5.027414666317000574e-07
6.006859910529254013e-07
5.389002789077206253e-07
4.661120682198167696e-07
5.175541772038743026e-07
5.626951921821174360e-07
5.470778019129715668e-07
5.481811196135650560e-07
5.332976149175226764e-07
4.563776816356662180e-07
4.852320880895496617e-07
5.276447638497576387e-07
5.793263092619055964e-07
5.904253052265141753e-07
5.030221783102189082e-07
4.885119504388823969e-07
5.489628254996962784e-07
6.319509135881450237e-07
4.496614513514601621e-07
5.194919543862954066e-07
5.327522049367162171e-07
5.955040143719292103e-07
5.376773851889229413e-07
5.451147364053778617e-07
4.840295093407624593e-07
6.077824935785697167e-07
5.682936693194913352e-07
5.226052309236964177e-07
5.999648540590264033e-07
4.761700750839469628e-07
5.551000728209800509e-07
5.012048514825584644e-07
5.304422918904352624e-07
6.188350242436470188e-07
5.353761282918486995e-07
5.093687778856689506e-07
5.573266273202427973e-07
5.152297440822054605e-07
5.602245837971057266e-07
5.924713129357910470e-07
5.417262539804469703e-07
4.715071842504938680e-07
5.112718439951914109e-07
6.011734350713964558e-07
5.722855260718193094e-07
5.323046080180812501e-07
5.489274546713560988e-07
5.720947240977121524e-07
5.782763271145058623e-07
5.188109590366055441e-07
5.845689370520950224e-07
6.611839533808842877e-07
5.507386850434068532e-07
5.044094862077012566e-07
5.726297390441752225e-07
4.775028906886516387e-07
5.323971037373519769e-07
6.187264225582424901e-07
5.171417135485677632e-07
4.519490420122677232e-07
5.617590574303722420e-07
5.698784810631952361e-07
4.422370087789742939e-07
4.687325825224224313e-07
5.621591946925621829e-07
5.448331745404214347e-07
6.084289826632313132e-07
6.283874017974318884e-07
5.484320780154937302e-07
5.558476892016878875e-07
4.881270190251280829e-07
4.956733100189525016e-07
6.694051081905397430e-07
5.362798510814435122e-07
5.024978422665232183e-07
4.836007229963548911e-07
4.906708114091427641e-07
5.706893027779946197e-07
5.603066554878871213e-07
5.123806167999337306e-07
4.925756754153546911e-07
5.007977516836143833e-07
5.449377235302212441e-07
5.541243242904093257e-07
6.141564191878257130e-07
5.044749875142339158e-07
5.167924757166413195e-07
5.618863809426512227e-07
6.453062437721439879e-07
5.969846111066084537e-07
5.475373235040946336e-07
5.385143726910598239e-07
4.708505208946096145e-07
4.859323878363349617e-07
5.735134011788414849e-07
5.780702745714980815e-07
6.252128883479999052e-07
4.926108528012058531e-07
4.582679000734666539e-07
4.896567524806012819e-07
6.189879337597691568e-07
5.312416992165768550e-07
5.101860703542200488e-07
5.244712981276279408e-07
4.970757818965861713e-07
5.687051180940814191e-07
5.811159955159752372e-07
6.363159901015275216e-07
4.989383532824420782e-07
5.186179714012421206e-07
5.964308304069915434e-07
6.307154004987418024e-07
4.986112197222530471e-07
5.557024739840596944e-07
5.317861756721681512e-07
6.361517966493319556e-07
4.751461198534995872e-07
5.460687087218237335e-07
6.462904970779317975e-07
6.092633596134811876e-07
4.673271741309051922e-07
5.070642653319781014e-07
6.136099300352800448e-07
5.873414246922143772e-07
5.319329421818798948e-07
5.271582831724034802e-07
4.462296033416104344e-07
6.009213309467139193e-07
5.847382875191717590e-07
5.481328429745577922e-07
4.834027757346449186e-07
5.893858260983229080e-07
5.258203933005222892e-07
5.128140940227461952e-07
5.520326628488355083e-07
6.537012958149460915e-07
7.146753161281889541e-07
4.798639632972863162e-07
5.313748132393860314e-07
5.946444861631128206e-07
6.128034700261341122e-07
5.659726796118622519e-07
5.086635604444160057e-07
5.162111422833833443e-07
4.597299338342742188e-07
5.351500710422307504e-07
6.101293583438047161e-07
5.220461031135307819e-07
5.031889819298984492e-07
4.184374884817279395e-07
5.513456601997014143e-07
5.484024816085615286e-07
5.400010086947864728e-07
4.727970979324865572e-07
5.234322288154038417e-07
5.291334662361668680e-07
4.707533935143198114e-07
5.726953138718769310e-07
6.553305950057699026e-07
5.389251104908799107e-07
4.893999413187155481e-07
6.110350042889413412e-07
5.878942998334520273e-07
5.255707957494956600e-07
5.185752033442763743e-07
4.777082612032152733e-07
4.591320900704209101e-07
5.472052809258986153e-07
5.635346850464147773e-07
4.587461362824357388e-07
5.087714649691824428e-07
5.425385076161965872e-07
5.501551063680814819e-07
5.460140035938012435e-07
5.278813699031704023e-07
4.508891088089525989e-07
4.929936962024554687e-07
5.058595272308644773e-07
4.360614591062815123e-07
4.851883457919076170e-07
4.967046494055847568e-07
5.466087443688953876e-07
5.397780095152856749e-07
6.382113883296043437e-07
4.590061552868412033e-07
4.724834444178891099e-07
5.214682787654953560e-07
5.678776822660068151e-07
5.711312352080791884e-07
3.998248855684341510e-07
5.089381125812829082e-07
5.076994473423205627e-07
5.525225418179351748e-07
5.514133996101590525e-07
5.431194449317924145e-07
5.054521793715310237e-07
5.268550524160784575e-07
4.952997880539558069e-07
4.991655522048817063e-07
5.158919454497609529e-07
5.818265759944199949e-07
5.288312948885325194e-07
6.525366890845779325e-07
4.705476653732952963e-07
4.823283088761517249e-07
5.497798191259745206e-07
5.989114769539115792e-07
5.853181243133241845e-07
5.467104620014228416e-07
6.706576298921731594e-07
5.876811263431707800e-07
5.015411269144650132e-07
5.375771202204095752e-07
6.142050719103528482e-07
5.250153079268309635e-07
5.222772666183171878e-07
5.165471237783526531e-07
4.304781801780944902e-07
4.881012803743381850e-07
4.720649881137779074e-07
5.399579853967892707e-07
6.596472683109889374e-07
5.602465755474564727e-07
5.105006058428499772e-07
5.155555618304593018e-07
5.295315574511644638e-07
5.783765323952465782e-07
6.803273541941145288e-07
5.169658786002964642e-07
5.046711109585764216e-07
4.935121212686222530e-07
5.599769733489760326e-07
6.027795488112439026e-07
5.713591636256924750e-07
3.936171698037227773e-07
5.144054770538304949e-07
6.574374140384065176e-07
5.473575556174919127e-07
4.945649056992842041e-07
4.326247604734522694e-07
4.545343778364329950e-07
5.194853841792078055e-07
4.876641944159557855e-07
7.145495087103109419e-07
6.097804446056001494e-07
5.251063686760655692e-07
5.222943271784705036e-07
5.252864178786151398e-07
4.745583112957437737e-07
5.288696024591456266e-07
5.939645576733892008e-07
5.076191932423184174e-07
4.646818412479114663e-07
4.793365656691906340e-07
5.949910772269267427e-07
5.305163884968208111e-07
5.069937013202596575e-07
4.925791616209085633e-07
5.347824394744467465e-07
5.058312964804809349e-07
6.565245600765388794e-07
4.415563935473881431e-07
4.992358943433600489e-07
5.483429599753025202e-07
4.462272221520419118e-07
5.024876941611484362e-07
5.511247265936853055e-07
5.572588575568061983e-07
5.376062110404651207e-07
4.551469449449413545e-07
4.208215630961618349e-07
5.360558230303008955e-07
5.423371082028729827e-07
5.034022627042883818e-07
5.050805443904454305e-07
5.872014592209277547e-07
5.344573683272409792e-07
5.750850864129945362e-07
5.365142641921909690e-07
5.375061871285887458e-07
5.707364479297914176e-07
6.526145183566462362e-07
4.460172230744728881e-07
5.754191919044710757e-07
5.612759432676171028e-07
4.444305324739083570e-07
5.247129992733372851e-07
5.470633151893933221e-07
5.788809444751099810e-07
4.534179905729134524e-07
5.282531077194508627e-07
5.981981859417861061e-07
5.538531987099129840e-07
4.949786934617468023e-07
4.314778388647069668e-07
6.669106824150320820e-07
5.511662967801433265e-07
5.350318430445927467e-07
4.527244577768015956e-07
5.437075337457287470e-07
5.586584883270465368e-07
6.251993889638457424e-07
5.863756704160473932e-07
6.254133845839031481e-07
5.178493020556050171e-07
4.441137675983893678e-07
5.239387892323407863e-07
5.985455165068315967e-07
5.919475686475579280e-07
4.936883948079816247e-07
5.445512010555144912e-07
4.727441815479772807e-07
4.988971721040967617e-07
5.572777598905433836e-07
5.407936081056144992e-07
4.827506205806914613e-07
5.040213073146899577e-07
5.609885543495589483e-07
5.311297673060694996e-07
6.280157472141074949e-07
4.724739460186440046e-07
5.001586023985052428e-07
5.382506186434319660e-07
5.735586157384978651e-07
5.779146954648687834e-07
5.835400991885150022e-07
5.269467181533113187e-07
5.285416767057137436e-07
4.604924670972383947e-07
4.929161231548385898e-07
5.781786307637753391e-07
5.763651152169149536e-07
5.938298756522384386e-07
5.012830444571178243e-07
4.714173031055124914e-07
5.182051342162223752e-07
5.780801403148016780e-07
5.513334134513001009e-07
4.305816955416719476e-07
5.116022953115271397e-07
5.191337727683160994e-07
5.293413997900175646e-07
5.740675339169645192e-07
5.649905638430164854e-07
5.310820399563671657e-07
5.985991099511881656e-07
5.837017868000111167e-07
5.190831429246520578e-07
5.493492344651542374e-07
5.466006213246685893e-07
4.457394602503222370e-07
5.147686500980524508e-07
5.833403648613040541e-07
6.181978553002290461e-07
5.400251153588006817e-07
5.136898739212893134e-07
5.696821432910476622e-07
5.662746856647916404e-07
5.247571609761690128e-07
5.249430701670202926e-07
4.850872159199340227e-07
6.361995244805417092e-07
5.583144786765322222e-07
5.358524448850671573e-07
4.754566431288527653e-07
5.095319759474463752e-07
5.889017352431803332e-07
5.037040152385496738e-07
5.443643958212651927e-07
5.136565754215034719e-07
5.566499613293485013e-07
5.743241610402382240e-07
5.331475572759624459e-07
5.113176883312574129e-07
5.624860960648400305e-07
5.810523620416556214e-07
5.713228616928676159e-07
4.854260479437716077e-07
5.521049851396874374e-07
4.508016378931957093e-07
5.018019270014030131e-07
5.701275101045294815e-07
5.758780452682277475e-07
4.405978358794684290e-07
5.425594517082350344e-07
5.372457277981125405e-07
5.984206043892489633e-07
6.949618815669104874e-07
5.704738649290664337e-07
5.198950008005339728e-07
4.845789376746174030e-07
4.483564309404041878e-07
4.908792499037651373e-07
6.247942693011987743e-07
4.818958460166925444e-07
4.796931740472106009e-07
4.767171705401674699e-07
5.879024515469274938e-07
5.839209317230615683e-07
5.875669592991220553e-07
4.329889246935181013e-07
4.828638505670331970e-07
5.284885782057773036e-07
5.445354788486626242e-07
5.689243279094646897e-07
4.611054444746185748e-07
5.409042292661811303e-07
5.907881868108957116e-07
6.773925289421379832e-07
5.689138816602022811e-07
5.046199481022867969e-07
4.465163490735734356e-07
4.691310978503448213e-07
5.246281202550791708e-07
5.533045056357021393e-07
4.675152626053222079e-07
4.552100721748400487e-07
5.166412227208368818e-07
5.577674590168683352e-07
5.515709343866099329e-07
5.050165691716500621e-07
4.977971764290821654e-07
5.558758003642649670e-07
5.628207875789695214e-07
6.750188388655480673e-07
4.375236743587471492e-07
5.155854101631129220e-07
5.757645835501639040e-07
4.761166662920739873e-07
5.717005428067382381e-07
5.745424050745212678e-07
6.156065923890684546e-07
4.983966374271282679e-07
4.933516086175081053e-07
6.486667672185805275e-07
5.246218958029981798e-07
4.805809719438279627e-07
5.316968546117149650e-07
5.933340161539353634e-07
5.710328872925478050e-07
5.598331077509293819e-07
5.319123239271811758e-07
4.683628563623361610e-07
5.734824393652935769e-07
5.802170731497261630e-07
5.552921660895716830e-07
5.288432950304943020e-07
5.058563898194606303e-07
4.609426040998096176e-07
5.279149986575023823e-07
5.111868214228706334e-07
5.519918266047685687e-07
6.112628200652017321e-07
4.583868157347524875e-07
5.083197948468249829e-07
5.968146112524060833e-07
5.839415358524482764e-07
5.159859100240228503e-07
5.170422952985121883e-07
4.734350029722075932e-07
5.857336164357022395e-07
6.058979624678903176e-07
5.022406057364577197e-07
4.834697741828463039e-07
4.839960520869862785e-07
5.734866576860640553e-07
5.396411521924503095e-07
5.687403402308569886e-07
5.118751638166257664e-07
4.928358827829710006e-07
5.412077440215981051e-07
5.081713923652200107e-07
5.857480368400830784e-07
5.827179817702639700e-07
5.316505520666869205e-07
5.014566049842251874e-07
4.946947077936470741e-07
4.051834757546999885e-07
5.606617649190269218e-07
5.562856169451599068e-07
5.193933384712467068e-07
4.766417879490152731e-07
4.216244027654797348e-07
6.496124558545987149e-07
5.273958229211208108e-07
5.226303161147154159e-07
4.753246177508880538e-07
5.057563875563406301e-07
5.566204842152925606e-07
6.103398327169982200e-07
4.539667561085157396e-07
5.247448064192558342e-07
4.415904180866580944e-07
5.366206638606698268e-07
5.340834121786531893e-07
5.432246789822744549e-07
5.327876089377368882e-07
4.470845874900610961e-07
4.683827939057986468e-07
5.788333215810861272e-07
5.563404922224247131e-07
5.254706185709983810e-07
5.015557135741446198e-07
5.941867291300052589e-07
6.230869321356377592e-07
5.260465653446301337e-07
4.843177953350131049e-07
5.658300941431840924e-07
5.931304442839690535e-07
5.687296635056456150e-07
4.948586002948391219e-07
5.487657878152466861e-07
5.182989131158527757e-07
4.457194062680759349e-07
5.413879382261299412e-07
5.307938578452757962e-07
6.598013059453230619e-07
4.284824120201018891e-07
5.043483546969958286e-07
4.919864527843079283e-07
5.742076670539351526e-07
5.293449000129656268e-07
4.176929256063198414e-07
5.346345189766225241e-07
5.270745288611732440e-07
6.145370585473069153e-07
6.096514066717565001e-07
5.136962362529225081e-07
4.690511857315898659e-07
6.220857252993912442e-07
5.720149905225859176e-07
5.974111764613590254e-07
5.251022463335810083e-07
5.301427608794479593e-07
5.626145231310978064e-07
5.998123505352882649e-07
5.053249188083594616e-07
5.112458559893913139e-07
5.924689996673466924e-07
4.947289882204960355e-07
5.965458343749677813e-07
5.810601749103188938e-07
6.048211502260437401e-07
4.696386870731375002e-07
5.391660155527518110e-07
4.646310424951437701e-07
5.728533867632058536e-07
5.921914668696443677e-07
5.126369497567946761e-07
4.778652205751945065e-07
4.972396344589314176e-07
5.193327375453994404e-07
4.924515868349685264e-07
6.195464944963225021e-07
5.660235785342812164e-07
5.053383407215958490e-07
5.268815810442185954e-07
4.967111384761856218e-07
5.712059647927915660e-07
6.197280597022649626e-07
5.182661288512497200e-07
4.144905995731923340e-07
4.991088011125795383e-07
5.680637400815701003e-07
5.250226245224083791e-07
5.721155336812619416e-07
4.871899015671401959e-07
4.588581021787912558e-07
4.854793600792048181e-07
5.354503109386813363e-07
5.431097644095630765e-07
4.974661256805425261e-07
4.943126941797133549e-07
5.384801059836973180e-07
5.225583683060717006e-07
5.010792794444972310e-07
5.585823406212417381e-07
5.938781882519346105e-07
5.072327602004697521e-07
4.595891817887735926e-07
4.762183283131549446e-07
5.704911225769207731e-07
5.341075051186948444e-07
4.788519087783984126e-07
4.716232814012850095e-07
5.710030141983983491e-07
5.709248855894451111e-07
5.815790444743913604e-07
4.758445038135118639e-07
4.766396687202946087e-07
5.508322291093821313e-07
5.710400480729135743e-07
5.646396254998584102e-07
4.364516227137658405e-07
5.343022922119251711e-07
5.675371622421550601e-07
5.076074364472044850e-07
4.927984128153804135e-07
4.701654046360076436e-07
5.535191470034732309e-07
5.126798395891653145e-07
5.086087639269886345e-07
4.812657222635064578e-07
5.288106332449387955e-07
5.289210172205776868e-07
5.788416636686769364e-07
5.343851387705142156e-07
5.200053627463269432e-07
4.263826523338564169e-07
5.871338872644199250e-07
5.798825331346698794e-07
4.769269813277020954e-07
5.302724906605753489e-07
5.183893063191889564e-07
5.632444681024356263e-07
5.990324673318308085e-07
5.214906410798133096e-07
5.348280708491844297e-07
6.509963956896448471e-07
4.776938754247210726e-07
4.689223809879312107e-07
5.285979883445910180e-07
6.237470100406472219e-07
5.325882059677372401e-07
4.681910484311898531e-07
5.164059465775624528e-07
5.237300784718210788e-07
5.319943430123666471e-07
5.167246261583221406e-07
5.474633473953772697e-07
4.625234364025934481e-07
4.959372485044556619e-07
5.507641437976672685e-07
5.423150083252319570e-07
4.784162965102462705e-07
4.373530792678634038e-07
5.108989714928516543e-07
6.412824348677940663e-07
5.237332095185396331e-07
5.598573080576415060e-07
5.274384689954449960e-07
5.259430541406473036e-07
4.887600817275712517e-07
5.308367678680647017e-07
5.876437137863239342e-07
4.507517410079066807e-07
5.163899079606055209e-07
5.594610244446430276e-07
5.648826657591925525e-07
6.384636820092438592e-07
4.720098264380551657e-07
4.982966148985560104e-07
5.260435160115241082e-07
5.717719107629047191e-07
6.265555335147461728e-07
4.600797353671940958e-07
5.173333526557608084e-07
5.069057595895515532e-07
6.410173533943125100e-07
4.323221629409788044e-07
5.650747846273306067e-07
5.695455203123259980e-07
5.929559834080757748e-07
4.783290459753674905e-07
4.896524768829055625e-07
5.314500414589362688e-07
5.958679202022489950e-07
5.494551340187259682e-07
4.313874871831971758e-07
5.291105443629533722e-07
5.071866644698021649e-07
5.523810665203929315e-07
5.666277685008092248e-07
5.494206612281767740e-07
5.107394158900229149e-07
5.079595384228375985e-07
5.718423212731177991e-07
6.109099037499362647e-07
5.702138148009783763e-07
5.200616226478886395e-07
5.249279193001389229e-07
5.121480822472399912e-07
5.236411149262760693e-07
5.905109827827027276e-07
5.739777771841651771e-07
4.772827248242073989e-07
4.946875909335022898e-07
6.238932447557557490e-07
6.010924469011792869e-07
5.090798568703769737e-07
5.181730225413232363e-07
4.550452016739251916e-07
6.211747163870665854e-07
5.667502249438382067e-07
5.337110002788057192e-07
4.743152375984744726e-07
4.989511054037340085e-07
6.008722628980010435e-07
5.136397637165303423e-07
5.626722402515989820e-07
4.976877099340139195e-07
4.594327747558591507e-07
4.702015148750565571e-07
5.017890187546924660e-07
4.924411653691077078e-07
5.825304522320415666e-07
5.777606496878331893e-07
5.309250127817153399e-07
5.061351656265017671e-07
4.706389443945286952e-07
5.431520819622572426e-07
5.844513385310640935e-07
5.103956825659727223e-07
5.464655902642675954e-07
5.365145294732994015e-07
5.109252446837372133e-07
3.912749744814266072e-07
5.782544431486992312e-07
5.370316653850766262e-07
4.563719545238308474e-07
4.964738889852710205e-07
5.108479778410452900e-07
5.425757232815209574e-07
5.137560211304306677e-07
5.035703865038654625e-07
6.763465163770963740e-07
4.747985663510164647e-07
4.596362144500722627e-07
5.507188023118883236e-07
5.315062759019586001e-07
5.298073759734956655e-07
4.923794595894455317e-07
4.869680144301893673e-07
5.417572309417243609e-07
5.528286345350581421e-07
5.772787252797434029e-07
4.731779914309034719e-07
4.704531651493232534e-07
5.286349998903501244e-07
5.865013575182301791e-07
5.518982699984961292e-07
4.892679914698567507e-07
4.852336185346992953e-07
5.345567359601768606e-07
5.309784213912051812e-07
4.986464750707758559e-07
4.878449502541534162e-07
5.468407575669489415e-07
4.941150871331463257e-07
4.654724383721196804e-07
4.766267166717093553e-07
5.744197038118048065e-07
5.247280456355704472e-07
5.202329290110702220e-07
4.227999227262822951e-07
5.472972843768782357e-07
5.431132897424220129e-07
6.660066999041297535e-07
4.510304246140301040e-07
5.301324655511219255e-07
4.955559904814884515e-07
5.746007392852510546e-07
5.720680803825405501e-07
5.061120363930249262e-07
5.286566920553172218e-07
4.705716251556657856e-07
4.156063257068673748e-07
5.027698333933486784e-07
5.936502102397136521e-07
5.384559249479575614e-07
4.793976329571982683e-07
4.867418186464099182e-07
5.218374693335932293e-07
5.334216396489491948e-07
5.926673096434444011e-07
6.222929584270478920e-07
5.015643336077952617e-07
5.527453640906214487e-07
5.649678321975209693e-07
5.603869822086353998e-07
5.525735714131816800e-07
5.155831032880818296e-07
4.705580922867099194e-07
5.881626401179615553e-07
5.855506447892986050e-07
5.364665970334292432e-07
4.538539011235576691e-07
5.137187024011307959e-07
5.370813786868643224e-07
5.366721362246424748e-07
6.315220823331607841e-07
6.041391981954393640e-07
4.976045471816722477e-07
4.828658809728444108e-07
4.928631203181670910e-07
5.671377656627400983e-07
6.355202521318380081e-07
5.622529719500875015e-07
5.389804238874304618e-07
5.710610229998948469e-07
5.649694932450068970e-07
5.722565060230814311e-07
5.024636856411849233e-07
4.416633995181322182e-07
4.625294369880224469e-07
5.745049101050819407e-07
5.412180431914063842e-07
4.904626888912931409e-07
5.713223493472672106e-07
4.996323028875176484e-07
5.263143462227231791e-07
5.484073579553061181e-07
5.693440573493814379e-07
5.067214533951369032e-07
4.534596254428037331e-07
4.650636082813041635e-07
5.632919638334336585e-07
5.529036653987984522e-07
5.542214472371489001e-07
4.436877446594610415e-07
4.997296576704097052e-07
5.593398828783922510e-07
5.318875610559288711e-07
5.982316478069165897e-07
4.902600506052203073e-07
4.567253327203387305e-07
5.321645109182295310e-07
6.269131716241754108e-07
5.586334964360217466e-07
4.885612342889125141e-07
5.427000083650979198e-07
5.608152447800983072e-07
5.048239049842152440e-07
4.774287253652583828e-07
4.572983464705179952e-07
5.903299116078882964e-07
5.495919089199772799e-07
4.882632044004999232e-07
4.708709232223589536e-07
5.729011021650257636e-07
5.659528274023748952e-07
5.064527249410716768e-07
4.732321876244785364e-07
5.797064688835262964e-07
5.697741056117687132e-07
4.827984284694841813e-07
5.393455028364763336e-07
5.205975903404831928e-07
5.907394082255374819e-07
6.399508353924119096e-07
5.710468700080985842e-07
5.596234071376522790e-07
6.539764052115182807e-07
4.697037551084557858e-07
5.205140224873464134e-07
6.048637586919223198e-07
5.486100060384140119e-07
4.808823259404269774e-07
5.110717896198100206e-07
5.111432156396816364e-07
5.605734286942385173e-07
5.482473499134615271e-07
5.026625202665688506e-07
4.868220380294185615e-07
5.983802653892991455e-07
6.505443080484647477e-07
5.387333652063494397e-07
5.174795073918333226e-07
5.081180426836295625e-07
5.019854980951292493e-07
5.332991589896528151e-07
5.445274727548570826e-07
5.806125792396820483e-07
6.023459866163776053e-07
4.526621839796943037e-07
5.134991668931783273e-07
5.293758044520005691e-07
6.535620863983723870e-07
5.901520727449988018e-07
5.304176858640757010e-07
5.301173528373771567e-07
4.443255387735231096e-07
5.657838735498992902e-07
4.754577420896760253e-07
4.553618591188443237e-07
5.585353561844286783e-07
6.055078481188309430e-07
5.307870566868416708e-07
4.807529026432928886e-07
4.777041969697754033e-07
5.798101693978427787e-07
5.319547371897878698e-07
5.536161957199371011e-07
4.824303856714941897e-07
6.483831240363095393e-07
5.213378627163111020e-07
5.252146778480444647e-07
4.988510636413423663e-07
5.680950373732096064e-07
6.236857975557289946e-07
5.876961933757070314e-07
4.772059453621584962e-07
5.279229174352956035e-07
5.497916087946239067e-07
5.426197431513846319e-07
5.185450053532491420e-07
4.608822314064388350e-07
4.647036658594200951e-07
5.351947644441875053e-07
4.681426388160931587e-07
4.476662043502918836e-07
5.183380998398646207e-07
5.587627989570662268e-07
5.611370315876025156e-07
5.564484922392337809e-07
5.758689763369148445e-07
5.378639559718199324e-07
4.632231606016576300e-07
4.908424902107552435e-07
5.825141138594856919e-07
5.310310156210503145e-07
5.353546120128443949e-07
4.860287938528156752e-07
3.935718685707049617e-07
6.074166599367003573e-07
6.247152651942507286e-07
4.539824692561378421e-07
4.932139926399004989e-07
5.552137528764925528e-07
5.862336735813971271e-07
5.632679595428859634e-07
4.665247973273431964e-07
5.114552304702277037e-07
5.050207471845057078e-07
5.535084047010645721e-07
5.869027130057176204e-07
5.538976930737989094e-07
5.326368883118057163e-07
5.285812291949477004e-07
4.973918391681078063e-07
5.034636225163421720e-07
5.239651770974155393e-07
5.756415918397404560e-07
5.468062369182873328e-07
5.891496115549024770e-07
5.116726632260718764e-07
5.115668565143851603e-07
5.526387846227125636e-07
6.065027360700348115e-07
4.586099466175200705e-07
5.304578682688360767e-07
5.275771225772309894e-07
5.639604542906165092e-07
5.853498794972350430e-07
5.035411078111834027e-07
4.982440902187398068e-07
4.182659915968359997e-07
6.765683243090721427e-07
5.353153300306358107e-07
4.974530886931923642e-07
6.023450011071206720e-07
5.255087412002231678e-07
4.843399190258289250e-07
5.211971231458429017e-07
4.856624906243441230e-07
5.468675091724934846e-07
5.987588753929964917e-07
6.202911049382647870e-07
4.951560482964076977e-07
5.144458486320715271e-07
5.746264589385888645e-07
6.353381034668369390e-07
4.659791559681027012e-07
5.042597370581997819e-07
5.724304815595719306e-07
5.391017398054526409e-07
4.610173024745382858e-07
5.213238064383728503e-07
4.996904754491131994e-07
5.498541585451980096e-07
4.428795659557025789e-07
4.844214472277731424e-07
5.648176754829498453e-07
5.401432623444412286e-07
4.613147631113269290e-07
4.737661470080093178e-07
5.458227564353413629e-07
5.127297494793681342e-07
5.643971727053924783e-07
6.927436913672415534e-07
5.151434236313175000e-07
4.760065321666561726e-07
5.466367771371524069e-07
5.684084943785210598e-07
4.479521069784525978e-07
5.239263160414302184e-07
5.269057688611941194e-07
6.245861874510921559e-07
6.032885744191753898e-07
5.394219647787050489e-07
5.524469394686532851e-07
4.390124246365050425e-07
5.181429122067375364e-07
4.642762177555150218e-07
5.096111766607833719e-07
6.188027622297838086e-07
5.650461411887419939e-07
4.982489700697348732e-07
5.337672250404145757e-07
6.751901634533932401e-07
6.146436077873098305e-07
4.908550862785476893e-07
6.382722646221916158e-07
6.144535956359274726e-07
5.633287797935977352e-07
4.945369080164925127e-07
4.894341894916403271e-07
5.357154519854671926e-07
6.455913101092166796e-07
5.053982036425657637e-07
4.183118850822498111e-07
4.956550599479673017e-07
4.730925751017493895e-07
5.001651033922600401e-07
4.852527873039692933e-07
5.980971370072073300e-07
5.866819365602259418e-07
5.395255912062951475e-07
5.653495899055211097e-07
4.847456407203915254e-07
6.627220366911165436e-07
5.818394699301565324e-07
4.994204269845106477e-07
4.987813027281975417e-07
5.048521961478591792e-07
6.102982988493687190e-07
5.648358628411825356e-07
5.221144001724777003e-07
5.243842662967052697e-07
4.822263613328668279e-07
4.768593728609082417e-07
5.161635054239359600e-07
5.539920416762377979e-07
4.591643004648045894e-07
5.443472759349369567e-07
5.169666742382237894e-07
4.967423741478653990e-07
5.030214873710463904e-07
5.213826285674362434e-07
6.471438790912675343e-07
5.382683929171683394e-07
4.694798242911557595e-07
4.787655427314359456e-07
6.320000703196898059e-07
5.348032370567879879e-07
5.224363676979712040e-07
5.376833146803335665e-07
4.761639943140678850e-07
4.939770605714614281e-07
5.332336290643751919e-07
5.671095585547534146e-07
5.558429612555164094e-07
6.177086436274906278e-07
4.992754180105089358e-07
5.365288618261624243e-07
4.657613115484860742e-07
4.839410640245954274e-07
5.886877914011094279e-07
5.499124146160297520e-07
5.582704809876761802e-07
4.608533961649566337e-07
5.968764707981645873e-07
5.852217648375444727e-07
4.938843286125374370e-07
4.724390649931451844e-07
5.022025423431366932e-07
6.098802103811121778e-07
5.277345290243188908e-07
4.791862121762963174e-07
5.270991570986398596e-07
5.237421602628040458e-07
5.910220339334021677e-07
6.470005864851657730e-07
4.937782706940883268e-07
5.155493286625771019e-07
4.411358064532014030e-07
4.251641329443785102e-07
5.116356626479088234e-07
5.309648562736114122e-07
5.206178645757969502e-07
6.595223119209470914e-07
5.159210440254196759e-07
4.315102548591233886e-07
5.703743076831861211e-07
6.067080911252536949e-07
5.763048900895999352e-07
4.816867097915341248e-07
5.385311866548030084e-07
5.367252702727416016e-07
5.658173677208860755e-07
6.144833279467076344e-07
5.116335837814430140e-07
4.620532439186017749e-07
6.068789842309949497e-07
5.687628398188227736e-07
5.654074988798038133e-07
4.990040328825261917e-07
5.147407758721786235e-07
4.872980865327308054e-07
5.074797068898796664e-07
5.139603200427943550e-07
5.504527767211605364e-07
5.985133593356891486e-07
5.686696424964797273e-07
4.653766532049748635e-07
5.080048038614383325e-07
5.824136976369229862e-07
5.961373751856249908e-07
5.617700492836977504e-07
5.193709243060068927e-07
5.248342221611708726e-07
5.240790533168644618e-07
6.107714432082838161e-07
5.274045669217431233e-07
5.029725867291936910e-07
4.500960210338495071e-07
5.418507035496488451e-07
5.541952178473884233e-07
4.747405859343552472e-07
5.927549806915854838e-07
5.000958113313488428e-07
5.148412485299016385e-07
4.344243606784544732e-07
6.539148904575789646e-07
5.803221107877561278e-07
5.546635560005476071e-07
4.700810869462064831e-07
5.085009337316388730e-07
5.718654324440462738e-07
5.552164156697702695e-07
5.801249912736562105e-07
4.936566136421241202e-07
4.810069384472849598e-07
5.472166527703976188e-07
5.586085639382425923e-07
4.756866880217246973e-07
4.879825942587261004e-07
5.158937754384856417e-07
5.398568285284384443e-07
5.266262483810599992e-07
5.654948932859510484e-07
5.372447348085363375e-07
5.737925346339010731e-07
4.814689465607272060e-07
5.019118521121171129e-07
4.555654863476161072e-07
6.153791426951235239e-07
5.312480291111905902e-07
5.609420000629825058e-07
5.050852453364448630e-07
5.287193101887163705e-07
5.370179936680327031e-07
6.077567576488656444e-07
4.738464660322746715e-07
5.073251406457741370e-07
5.296728522864934097e-07
5.365404727444437350e-07
5.900724102953473090e-07
5.129540870284023910e-07
5.276116276656934339e-07
5.199354085992103779e-07
5.766479227196446957e-07
5.603276820607241073e-07
5.562758353959015929e-07
5.244745722363536373e-07
5.052229189338275306e-07
4.838573164520031422e-07
4.860844964457705433e-07
5.300837463189948601e-07
5.560449594871479020e-07
6.197796938306814062e-07
4.993925663886452565e-07
4.821707284756006647e-07
5.442648787313560839e-07
5.782141774254812713e-07
4.696099886581252677e-07
4.935405328093985142e-07
4.983087924370360512e-07
6.158890988436950567e-07
5.105971299694464606e-07
5.061234414324934580e-07
5.642893311939818617e-07
6.719956525867124976e-07
4.839423641320362140e-07
5.687479693738620243e-07
4.463051816622294362e-07
5.149776688520197817e-07
4.996500702716963990e-07
5.529438750457049991e-07
5.849597987813634094e-07
5.405500012474367038e-07
5.502634587244345126e-07
5.228986171773406044e-07
5.989051384769287825e-07
6.100675213241617490e-07
5.317771340577561004e-07
5.246615981222665201e-07
4.840680614727569607e-07
4.427530240165793748e-07
5.447767344945031778e-07
6.802996852078580662e-07
5.269690155866517769e-07
4.340164831149765883e-07
4.831814574695407044e-07
5.324311170855235262e-07
5.499212710463882838e-07
5.954956563594860473e-07
4.825680556035927116e-07
4.524209879838422721e-07
6.080410537612009732e-07
5.450323141016002063e-07
4.649369817621557858e-07
5.359969956372141382e-07
5.228643095453435534e-07
4.703275139436531831e-07
4.746190627145847707e-07
6.700191972520687589e-07
5.201403418823231096e-07
4.541297223995421075e-07
4.675111178421421368e-07
5.507401208498062709e-07
5.490021409385056100e-07
6.520235050648298837e-07
5.868062673419501749e-07
6.078671508773106572e-07
5.441764581765970081e-07
4.350227319673918762e-07
5.431068786529225375e-07
5.639116478049987427e-07
5.741138855076243122e-07
5.632239400620707684e-07
5.091781360698872314e-07
4.287908097163423147e-07
4.564833045951536611e-07
5.552731341074096622e-07
5.594254293559165900e-07
4.886877806091556133e-07
4.842063001707399694e-07
5.040379245869077451e-07
5.685876081975610016e-07
5.217499574110929086e-07
5.179706127054472296e-07
4.897325773763035548e-07
5.640867019699770941e-07
5.412013715877681256e-07
6.302306920211771686e-07
5.974186715273084584e-07
5.550579070468934113e-07
5.604673456070121784e-07
4.786755443133280531e-07
4.541508422323284955e-07
5.645120242127186138e-07
5.467756562579491618e-07
5.674779505287455190e-07
5.096529612850988047e-07
5.088689010209536499e-07
5.957258216731225077e-07
5.397493524384894529e-07
4.762589408394440852e-07
4.865654179701382213e-07
5.592912429942804993e-07
4.977770173850975803e-07
5.979049405066959033e-07
4.873376473952154710e-07
6.572933756400486331e-07
5.980838860421257350e-07
5.164240691067677665e-07
5.411713286621250935e-07
4.157717916907020668e-07
5.535441942416776498e-07
5.436503593523290781e-07
6.180132924581498413e-07
4.466126175893899470e-07
4.914769128142114522e-07
4.839704908245175833e-07
5.779658916807168141e-07
6.250154239084446238e-07
5.088803305046208517e-07
4.997463169302708107e-07
4.685098741246738504e-07
6.777951097333306727e-07
5.746094377904219278e-07
5.266211384526228406e-07
5.198382410684351799e-07
5.042190043155288633e-07
6.281474245438878453e-07
5.315379153252994175e-07
5.191712774989649106e-07
5.603349618400031415e-07
6.175277768388042113e-07
6.327390367482613191e-07
5.103251548100237367e-07
5.444941640100433138e-07
5.735939738989445813e-07
5.773571736046860662e-07
5.650144429422227959e-07
5.095279726489334204e-07
5.218452726807368010e-07
5.356771720197710211e-07
5.327475278957249854e-07
4.971816737648673530e-07
6.749337627148175205e-07
5.422029787360777466e-07
5.730989961136447438e-07
4.985391057164117304e-07
5.259978362286661892e-07
5.425937121149312095e-07
5.724440405537005673e-07
5.620290315768369971e-07
5.608316576883829901e-07
5.051743191955664214e-07
5.070256508457493261e-07
5.634313545868459176e-07
5.606795996579775127e-07
5.329630249548725635e-07
4.480652850140058591e-07
4.784158385057550169e-07
5.845875012526134513e-07
5.290025611641513965e-07
5.326317926093656809e-07
4.987759936051487595e-07
4.821283273998467296e-07
5.570810903135149976e-07
5.323203105959467103e-07
6.751144830947496593e-07
4.874882132003089015e-07
5.402534688652974300e-07
6.173829798031419169e-07
5.668285309511114477e-07
5.431694799237552613e-07
5.764836488117366436e-07
5.670936621762886532e-07
5.278579437760572699e-07
5.192959740595046519e-07
5.098910192085591115e-07
5.513229950745709820e-07
5.528667346416836376e-07
4.652407290652552592e-07
4.771027073289622155e-07
5.206716780501633179e-07
5.526292394348470066e-07
5.862614132868100151e-07
5.960651573433995691e-07
5.202828113251152038e-07
5.143896443498690976e-07
5.427686164489373001e-07
6.820904243641409377e-07
5.695233924228307505e-07
4.985916049664672546e-07
5.197557475925836884e-07
5.447367595305815328e-07
6.084007784014587149e-07
4.822300184003391740e-07
5.877136256594628816e-07
5.691971341754751250e-07
5.495393781094756233e-07
5.136141214943621221e-07
4.432422902402479113e-07
5.257561006139253560e-07
5.924231457688424163e-07
5.421024539616715193e-07
4.802868264055830346e-07
5.005471564223072006e-07
5.314271808300810940e-07
5.148787781670918896e-07
5.747349144091533327e-07
6.684198178777414092e-07
5.233967730953339638e-07
5.138090046211931119e-07
6.583402353874357914e-07
6.419916115680013561e-07
5.270736538655626769e-07
5.265500059003094982e-07
4.970220057840909416e-07
5.134375613544422244e-07
4.450355854523881663e-07
5.501323823110814013e-07
6.267444083798704687e-07
5.694199002340929941e-07
4.908407430733096579e-07
5.108467753338776232e-07
5.108625474109921761e-07
5.801571359455018094e-07
6.277933314866863893e-07
4.976593078099614898e-07
4.934789583555740827e-07
5.550873849652652631e-07
4.904364959973633297e-07
5.270455945787113354e-07
4.975798071180770553e-07
5.524403144510359551e-07
6.307973206633930046e-07
4.999236523202063055e-07
5.314598643556769749e-07
4.147540645400577284e-07
5.993202704682626526e-07
5.473336807177288415e-07
5.761702883338278502e-07
6.189252429997814652e-07
6.605576011385636977e-07
5.165440347064711257e-07
5.319764051696197359e-07
4.207084924702631059e-07
5.486490393649759496e-07
6.798331211815932883e-07
5.542405765705884356e-07
4.836638791214770913e-07
5.127711505958172103e-07
5.834898337972139323e-07
5.064760282331162891e-07
5.667734194023544674e-07
4.988030163769673826e-07
4.736613289516553540e-07
5.404351274537580834e-07
5.164056124794226275e-07
4.903301621202440852e-07
4.928748501655529169e-07
5.765794441984562066e-07
5.500171177265737137e-07
4.171664537459358793e-07
5.486714685288491304e-07
5.718042146576808609e-07
5.178208376695855066e-07
4.975570155480593687e-07
4.435161190315221134e-07
5.593108585045512545e-07
5.234213214656620657e-07
5.341188835802456192e-07
4.494873453211423652e-07
4.852218316903585579e-07
5.331495148196155133e-07
5.671458819268540832e-07
6.318895081018866197e-07
4.741793785872984948e-07
4.441813575074064547e-07
5.044895873394222192e-07
5.381939770592797638e-07
5.794611484500991310e-07
3.919800568875543530e-07
5.226009082908321433e-07
5.040729821617471923e-07
4.445939198668654441e-07
4.544543717401433417e-07
5.354851905073150922e-07
5.752009771313559233e-07
4.355033191905108103e-07
4.533777008582681729e-07
5.695823773041533738e-07
5.352913957825274730e-07
5.658158879956809589e-07
5.414588021946997091e-07
4.808595207158688747e-07
6.352050767626737203e-07
6.050869887379911732e-07
4.813378457975972578e-07
4.887165327360226267e-07
4.947734512542031117e-07
5.572635691724121051e-07
5.978483138220286850e-07
5.049579250612007578e-07
4.987357740963260168e-07
4.848701454797353440e-07
4.355206446668788117e-07
4.739810806815910146e-07
5.729059124863358318e-07
5.585064598257238838e-07
5.528201458330319621e-07
4.375627277847270046e-07
4.977128355812997477e-07
5.409268969291441395e-07
5.325805947779513811e-07
5.607005825054625487e-07
5.784322185335455483e-07
5.288169413265491617e-07
5.032438083371305427e-07
5.793757802852501327e-07
5.946638273290282194e-07
5.284866045132089039e-07
5.371078492915860124e-07
4.942361067016822722e-07
5.437711193349242793e-07
6.288442989493549360e-07
5.223914864313934549e-07
4.681143718453107187e-07
4.869799538101529990e-07
4.678801448938668525e-07
5.192159423378041080e-07
5.177436783444715480e-07
5.506739213341656443e-07
7.117816405290864300e-07
4.961537301185982548e-07
5.034386936937530020e-07
4.374996752250208461e-07
6.242888031991624724e-07
5.678220291481026123e-07
5.399950595104225715e-07
4.898883295597272874e-07
5.146405044513727235e-07
5.384723125864036087e-07
5.423022745188096612e-07
5.043937643981041362e-07
4.922252658754868855e-07
4.752972097204399175e-07
5.573760341506681479e-07
5.619938797389178810e-07
4.404480558720145317e-07
4.122451333313808115e-07
6.003368627418055016e-07
4.721251638956114082e-07
5.431747874177196580e-07
4.799166857807313548e-07
5.687599335470909447e-07
6.029920969898726740e-07
5.120815277768039076e-07
4.870170008410375415e-07
6.587547813815041933e-07
5.311152966321307259e-07
5.096940128110667124e-07
4.747124396403195331e-07
5.189638879941899941e-07
5.125080303347301380e-07
6.418021002604474219e-07
4.807263013754040686e-07
4.194708452439801954e-07
4.998363919020055365e-07
5.276440735833337335e-07
4.611947172257561715e-07
5.873335350984815207e-07
5.352468628907281253e-07
4.387426493921232594e-07
4.653680518407036672e-07
4.393256196022991821e-07
4.517844422009350146e-07
5.211323740245861810e-07
5.435527822153982552e-07
5.301080590975683754e-07
6.703579122318361716e-07
5.004042571589265597e-07
4.911290092397661584e-07
5.563236902713306327e-07
5.929097022526615746e-07
6.019609416102213789e-07
4.782842862192625269e-07
5.122873757629031968e-07
5.001104109038024201e-07
5.921438919915496720e-07
5.898971549953988223e-07
5.718010526936695616e-07
5.742616012936026821e-07
4.709354652328567893e-07
4.865378949468620780e-07
4.983515629671879728e-07
5.847439084787105387e-07
5.622021403011733894e-07
4.527925170046172742e-07
4.982973934112222417e-07
5.364782718377411266e-07
5.151507649340544347e-07
5.162940657182924112e-07
5.398757019697217095e-07
6.367438629475349447e-07
6.321118607103695655e-07
5.104253614833988497e-07
4.296896605963548327e-07
6.210728904958425955e-07
5.710859558678955853e-07
5.336672990159606778e-07
4.897343450259357425e-07
4.874689031197301729e-07
4.687702700114256885e-07
5.229832844804747176e-07
4.837199344166799832e-07
5.366143342337819246e-07
5.771596048802049354e-07
5.860312229856414714e-07
5.171353886698614308e-07
5.312782224615088518e-07
5.626875865078922804e-07
5.565484376901587781e-07
5.307829765976353601e-07
5.240003828520779712e-07
4.924702132201035168e-07
5.346826689298840564e-07
6.671810309293970018e-07
5.266192604143890078e-07
4.873622547301938198e-07
4.735052019084115669e-07
5.430904454464581501e-07
4.956032941746314613e-07
5.768097061423093507e-07
5.580586112511919611e-07
5.658034787294252426e-07
4.784031310064329749e-07
6.063323021645212108e-07
6.072747456923188504e-07
4.776643509045684615e-07
5.254023921083463942e-07
5.813064037316688435e-07
5.364355892929353248e-07
5.796656805680168546e-07
5.318392330819919953e-07
4.775244135335135727e-07
4.394145967918515412e-07
5.650037623732655873e-07
5.390283210714556737e-07
4.370953573894801044e-07
4.785642685233236785e-07
5.259278070978845940e-07
5.259421602691928512e-07
5.850698996541775095e-07
5.650254064465685109e-07
5.332402321119526327e-07
6.682932368871667943e-07
5.198834649668824312e-07
4.597608779574504555e-07
4.626045771591452151e-07
6.138692156914592413e-07
5.333853137710983810e-07
5.419400063205537057e-07
5.294637017225210193e-07
4.794700522166218153e-07
5.565388847264678732e-07
5.523488502834206687e-07
5.678573371198708641e-07
4.927945181536565264e-07
4.259058765262285912e-07
5.223734217829458061e-07
6.172106079608732597e-07
5.366724138500177513e-07
4.708823964131553562e-07
5.146735111928582514e-07
5.130008935011610834e-07
5.445662258139804805e-07
5.689893465461691455e-07
6.074412948965633848e-07
5.689682463750757004e-07
4.519451441854238577e-07
4.343905321001731718e-07
5.337931051615402519e-07
5.658119228511785311e-07
5.423843555330307253e-07
5.994291927619918406e-07
5.171739429248247946e-07
4.853011047590301606e-07
5.525603491457030753e-07
5.745912285464462790e-07
5.217256883509077795e-07
5.257869901110923268e-07
4.438727427574359304e-07
4.735363637497023294e-07
5.474663803158671248e-07
5.552004176484003586e-07
4.459969982201740511e-07
5.052962126322523664e-07
5.495724913045772192e-07
5.109812740065842016e-07
4.808537352892823092e-07
5.453697962546343236e-07
6.420476254142830958e-07
4.986355506233801191e-07
4.513343521107305689e-07
4.932813945214827773e-07
6.090386366299025974e-07
5.523125871029602573e-07
5.467557713943055554e-07
4.555977192048930488e-07
4.920327490379565113e-07
5.773700528942598693e-07
5.766344830535459873e-07
5.911116110862890706e-07
4.853801488099276402e-07
4.906917011007073319e-07
4.915402556723124881e-07
5.995539555783809818e-07
5.523294968531065389e-07
4.518257309438658187e-07
5.070631366842960898e-07
5.312748016399318734e-07
5.343021244765202903e-07
4.782408089084845977e-07
4.661299970434422500e-07
5.638640930970706035e-07
5.590431268747996591e-07
4.587395829777255876e-07
4.143376441530485501e-07
5.215917978795629376e-07
5.281021284119581407e-07
5.481755347164525233e-07
5.585566536333798203e-07
5.486639995219974922e-07
4.290764821567087963e-07
5.318927528635420535e-07
5.887908385271832372e-07
6.331460963007864301e-07
4.762622358247157058e-07
5.262480240442577588e-07
6.450838354529243904e-07
5.917530470292153609e-07
5.076154857880295539e-07
5.299260086563600133e-07
4.629402650135606236e-07
4.725403620695688387e-07
4.605997267494995324e-07
4.745481423862658780e-07
6.225625364510925033e-07
5.393553599941616502e-07
5.183951033130949365e-07
5.285908133838314265e-07
5.454461453195153291e-07
6.005445960915576959e-07
6.341033932196261339e-07
4.927079195759286088e-07
5.857588896260437640e-07
5.627164424791970940e-07
4.919025093046505401e-07
5.291831210266314802e-07
4.864940387156951890e-07
5.239598482635900019e-07
5.980733543862832859e-07
5.201090572427292922e-07
4.640266787553456805e-07
4.316414432297302768e-07
4.923611147001062026e-07
5.063662734555700868e-07
6.455444772990782114e-07
5.552710870572672036e-07
5.496528162902285861e-07
5.126390431677855132e-07
5.764479643154667569e-07
5.511736207531942242e-07
5.107845103609870987e-07
6.310611972986480828e-07
5.014602646938367120e-07
4.711859674174379079e-07
4.647469460861085903e-07
6.005869755934730970e-07
5.472971974106849109e-07
5.413457688130876928e-07
5.040548822197541136e-07
4.662454957422594179e-07
5.462594454544185857e-07
5.529708775151306698e-07
4.692650215478634617e-07
6.063530070508245467e-07
5.511233365278705678e-07
5.121156063615390776e-07
5.821765522352884699e-07
5.606600821154114407e-07
4.982196079520084148e-07
4.868930796025821369e-07
5.130833105295153700e-07
4.983036276127997334e-07
5.647946863730694894e-07
4.709704362647998450e-07
4.669363543154327734e-07
5.444853994072211608e-07
5.580782103142231212e-07
5.454180408625356687e-07
5.875578809022589537e-07
5.116688546274680317e-07
4.276094561282079003e-07
5.511476574962865361e-07
4.631770644444879898e-07
6.162304924288500195e-07
5.303685599730161985e-07
5.256351047638091691e-07
5.165170770476892852e-07
4.858451040659436331e-07
5.885709978345659978e-07
5.600218246804552431e-07
6.206597393019608994e-07
4.605992917041759743e-07
5.008874766511426386e-07
5.252364314577383855e-07
6.473039593593792389e-07
5.372116881406030881e-07
4.848373255979500746e-07
5.087195530295796462e-07
5.287446938749958728e-07
5.508564943823996264e-07
6.097409730689550878e-07
6.151510043661826019e-07
4.913744420253864296e-07
5.188649827832521557e-07
4.401164207850818939e-07
4.885236503538561550e-07
5.523154606841059023e-07
5.273397522481162885e-07
5.430009076556281046e-07
5.683039083317188694e-07
5.042276173921867307e-07
4.783176508621486833e-07
5.341206252633502312e-07
6.107933674305446401e-07
5.668745302486318719e-07
5.052939849906284771e-07
5.006197429774060972e-07
5.129857950630558153e-07
5.932050915937255569e-07
5.878742943366848447e-07
5.376283661481628237e-07
4.737003685178835919e-07
5.982749408187614189e-07
5.918787803090970379e-07
5.804914116438669747e-07
4.651179594936174826e-07
5.615559720929072393e-07
4.739646004761918124e-07
5.126872686070965279e-07
5.433291682425897943e-07
5.542819675869907082e-07
6.142087828842058031e-07
6.296223947578370937e-07
5.065558701327776602e-07
5.008972286984061358e-07
6.326508901786691492e-07
6.022563921374685064e-07
5.675198254629183183e-07
5.399704635040202013e-07
4.818408830411837533e-07
4.160721149105709383e-07
5.795087613210732761e-07
5.666125692591940583e-07
5.328754675896196995e-07
4.651684959532115669e-07
4.501329267068308306e-07
5.563053696761068528e-07
4.369408356899742504e-07
6.769451545281892390e-07
4.838126639752165750e-07
4.921625729980346693e-07
4.939586442136597880e-07
5.620696327393809276e-07
6.106038735876139619e-07
5.541759309012744586e-07
4.959791781626449977e-07
5.149316282164653002e-07
5.308462576397164918e-07
5.365934446881059705e-07
5.002141281009220660e-07
4.642424296983081528e-07
5.570837735052487319e-07
6.031392606981976137e-07
4.539806107645447317e-07
4.378253099405805106e-07
5.414733855245636274e-07
5.165463798056970482e-07
5.556940637628762962e-07
6.092522262947898666e-07
5.413409859581551220e-07
6.024964923816075419e-07
4.837128044702548934e-07
5.830488390872183409e-07
5.056592718589071238e-07
5.115692506845158592e-07
4.825183228156997261e-07
5.551117205134616761e-07
5.110990893997338479e-07
5.115538931571322730e-07
5.946988502260367329e-07
5.534538131447630498e-07
4.740938990264291627e-07
5.450166707518913313e-07
5.062559720414802438e-07
5.905177641338581635e-07
6.251692076069995473e-07
6.047843434500418111e-07
5.794473464881093251e-07
5.467894652438535918e-07
5.006333727997465453e-07
4.882556535291907291e-07
5.304017686236670694e-07
5.379856928048569055e-07
6.084544128000099024e-07
4.729091623680142643e-07
5.422455838028231675e-07
5.964237145136242248e-07
4.479939287800480315e-07
4.869273541926236205e-07
4.885193605253433773e-07
5.541989890511198791e-07
5.895205388770476592e-07
5.242184261716259477e-07
5.462093439295386856e-07
4.525634261158869822e-07
6.123641139015671548e-07
5.825030183384025505e-07
5.022053404754100847e-07
5.656052845630396738e-07
5.510471446394419179e-07
4.850877775048286132e-07
5.399086267508761398e-07
4.873831570682302819e-07
6.017700091646101074e-07
6.277971165410658703e-07
5.165800919337772175e-07
5.316178618105897930e-07
4.741861182210671154e-07
5.809085203366579133e-07
5.260926905164395730e-07
4.774367684630117615e-07
5.127477409628903683e-07
5.987993392958861046e-07
5.996915449190378228e-07
5.476864657865705617e-07
5.921086150433884468e-07
5.272958126070674200e-07
5.482178208579629030e-07
6.024879123953175159e-07
6.399558879899893218e-07
5.460207233002469653e-07
5.120277265555864028e-07
5.166930829422604803e-07
5.001629194989224708e-07
5.411326511609032888e-07
6.437579139062953843e-07
5.247227269473226987e-07
4.318007994282318815e-07
4.823735320437065280e-07
5.531981180088551002e-07
5.407259601751256579e-07
5.362222469715607281e-07
4.948683897651344065e-07
4.596359133148168969e-07
5.695265505728062131e-07
5.664370091180022623e-07
5.791185280759638942e-07
6.234063521231339177e-07
5.302781907468410262e-07
4.763797949842735948e-07
5.010408527057231939e-07
6.596660126411699170e-07
5.221206974700274299e-07
5.641770168103705971e-07
4.864967191951201590e-07
4.627055595712444485e-07
4.650532081491200863e-07
5.648859812539756863e-07
5.182214839117151067e-07
4.784830578391964156e-07
4.684455730009523538e-07
5.279469364482071287e-07
5.270012587995164154e-07
5.480472429067296472e-07
6.119888604133436708e-07
5.028752515760796992e-07
5.161197868559883188e-07
5.164458259075024621e-07
5.816027246563710203e-07
