9.692760989595487424e-08
1.044763900073602933e-07
7.844290136726632047e-08
1.244899865004548326e-07
8.854912173642506545e-08
8.948094639962687054e-08
8.464565360082858135e-08
1.136667448572007497e-07
1.285345643793691818e-07
9.425475961451192638e-08
8.840690805484573000e-08
8.586066538531400999e-08
1.311703875885215393e-07
1.032748493039969730e-07
9.893062792476787180e-08
8.901570822496485098e-08
7.109667784680203573e-08
7.636039677001417103e-08
1.070773397010243182e-07
1.016571147444426575e-07
8.247583010214164730e-08
7.608775214127064292e-08
9.786113399430488297e-08
9.551681102614867163e-08
1.200071172364077672e-07
1.221054975990081975e-07
1.076342408172799024e-07
1.279463522196444107e-07
8.955496513875861037e-08
7.403318623420237156e-08
8.125228851504520392e-08
1.130442034995508211e-07
9.299742625333361058e-08
9.321139925965049027e-08
9.386329193236803088e-08
7.858735163771979372e-08
9.947698310275793686e-08
9.282066933029856368e-08
1.502106717402618422e-07
6.583997591603088919e-08
9.382565010074058987e-08
8.956429054697642289e-08
1.154533246944405100e-07
1.024424467276994797e-07
7.813709341900247625e-08
9.503065186058735741e-08
1.023276156380867088e-07
1.031730011274442435e-07
9.810865338292046796e-08
9.913580130522415475e-08
7.734996418465628233e-08
8.253759228280744972e-08
9.346075917415416100e-08
1.132833091424990314e-07
1.145358111400224904e-07
8.911459012013289214e-08
8.786822115479128480e-08
1.011759928214974214e-07
1.196944039633794266e-07
7.502156411508407859e-08
8.841873124774800114e-08
9.252635890145861827e-08
1.111777094563373803e-07
9.614340913145207944e-08
9.862146420408035544e-08
8.217889591556294243e-08
1.144892239071257811e-07
1.005490741089852144e-07
9.017707170481501052e-08
1.077260286791364226e-07
8.333644327476296099e-08
1.003563276561017390e-07
8.915145836036711920e-08
9.365298560356084077e-08
1.202698224464133033e-07
9.441656704318210555e-08
8.644872528447979100e-08
1.125293895197714809e-07
8.739293706478361119e-08
9.716764890358649884e-08
1.153350315287000589e-07
9.726600763631483165e-08
8.438025504591281583e-08
9.038166462163257683e-08
1.149662922614412842e-07
1.131279193243081926e-07
9.507721344237586406e-08
1.031017285066190862e-07
1.155366574448334978e-07
1.068931947656308364e-07
8.694331025336175484e-08
1.140753574676524410e-07
1.287839581824137103e-07
9.522007738679476612e-08
9.579133349229393847e-08
1.063934384665022765e-07
8.235195266819846396e-08
9.141105477969505327e-08
1.216723098588663831e-07
9.526960072769428703e-08
7.676085036029130741e-08
1.002593774840836463e-07
1.098708047484724933e-07
7.048245435261272325e-08
7.710015240995165557e-08
1.035380500862993230e-07
9.651111556089244934e-08
1.210330638850905473e-07
1.189962652396352532e-07
9.779296305828200020e-08
1.009381362950958007e-07
8.511532784769091964e-08
8.189678465529430043e-08
1.289352118284998471e-07
9.298978371643642262e-08
8.439248513020629309e-08
7.935519681886970508e-08
8.482060708815056606e-08
1.111562937191245238e-07
1.093452811068132544e-07
8.996254274882646757e-08
8.308691601105047901e-08
8.337932252576270588e-08
1.088196923320720660e-07
9.639649242048116719e-08
1.150364342841175595e-07
8.305054097329676648e-08
8.818955267395625705e-08
1.002502792963599345e-07
1.242956316211699988e-07
1.156288655534915445e-07
9.343975805812996920e-08
9.801016144308637961e-08
7.911148571016597407e-08
8.244431981647242142e-08
1.084803003088785637e-07
9.987946545838070365e-08
1.218994202561397590e-07
8.645629070247090272e-08
7.621838654095548602e-08
8.970626463957594457e-08
1.171931529017503539e-07
8.973590629048613112e-08
8.740068475988210593e-08
9.520732458433122162e-08
9.038262879055377959e-08
1.015566917824201539e-07
1.103870016317141129e-07
1.321868828353038039e-07
9.126130330667370457e-08
8.646987020030446967e-08
1.115784045954553786e-07
1.424166366655486478e-07
8.781699371906245442e-08
1.046102173211700928e-07
9.924226356057998084e-08
1.342819828289668712e-07
8.110049395162623649e-08
9.760139514440358483e-08
1.336395853975348771e-07
1.157527825610074383e-07
7.710424137568431215e-08
9.225512792090938614e-08
1.212825062695662994e-07
1.074918107171379232e-07
9.487873510017116555e-08
9.425657979482778186e-08
7.576943770811801401e-08
1.114631178213702026e-07
1.095211819261133725e-07
9.726218926222030244e-08
8.249991965412948011e-08
1.082328124097585212e-07
9.137275511540943517e-08
9.209618415076780021e-08
1.007262824188713867e-07
1.295446916000752012e-07
1.577151328685110116e-07
8.166551701183052877e-08
9.200780619832818213e-08
1.129955173223182939e-07
1.220462019416661889e-07
1.057132033549180515e-07
9.044145708172774650e-08
9.461154499407745727e-08
8.192625767173091028e-08
9.944139981606468320e-08
1.293558020176944721e-07
9.032162527764601411e-08
8.760043094106676154e-08
6.780914053221821042e-08
1.001824826469318076e-07
1.025100670886533015e-07
9.967121251806653400e-08
8.172993712259217800e-08
9.306079238615918582e-08
9.099560363433507845e-08
7.908096267712864620e-08
1.006934388082736868e-07
1.322367543483664160e-07
9.272698716273531785e-08
8.650730792035797916e-08
1.203287446770436416e-07
1.140972734557183272e-07
9.181488568157611049e-08
8.975071832432603383e-08
8.042634538351052763e-08
7.902786293257026536e-08
9.925831333801130174e-08
1.054217785456633541e-07
7.553059438967769213e-08
9.239734400839083470e-08
9.764121732493074596e-08
1.067660821714936895e-07
1.010602582415968013e-07
9.235744648117830867e-08
7.812955273065213068e-08
8.593640861618446094e-08
9.019351256115033789e-08
7.107536197077550623e-08
8.399891765344839787e-08
9.140966903478592226e-08
9.754062479640700459e-08
9.688936464628006242e-08
1.164284584652469902e-07
7.646450291213939048e-08
7.730190858685903185e-08
8.828611184279009922e-08
1.110489818599878409e-07
1.082001137530891342e-07
6.544538554558835565e-08
9.149198951306734726e-08
8.518953802791161709e-08
1.035513374388337180e-07
9.906420045406438973e-08
9.993378647747270198e-08
8.926114630758129529e-08
9.815319592040041143e-08
8.978224408889044449e-08
8.532475409034905955e-08
9.048763692490461600e-08
1.116368185105435079e-07
9.672711142546497581e-08
1.272252339638929487e-07
7.836862604009402504e-08
8.424338674078147117e-08
1.051320943210256076e-07
1.111303329045899906e-07
1.142681050495795631e-07
9.462865471958930513e-08
1.456880664544214255e-07
1.107971903610131420e-07
8.989960321388002143e-08
1.043906474828471097e-07
1.196763082722273875e-07
8.925840802166179755e-08
8.858797484380465046e-08
9.520908372592711368e-08
7.075335403981990428e-08
8.386804144756148591e-08
8.478927361200266890e-08
1.004451160135081053e-07
1.345482612490638065e-07
9.468633020633838825e-08
9.107006244746404798e-08
9.976288233766722287e-08
9.304568174948607117e-08
1.034390843032246042e-07
1.441940381601723218e-07
9.119314984621914636e-08
8.530512329675450374e-08
8.202360975079558329e-08
1.054172770410801542e-07
1.048654964007078804e-07
1.059730963131120647e-07
6.346729108844375774e-08
8.747793993967646246e-08
1.397130298865339857e-07
1.000039434456856867e-07
8.858614446609768298e-08
7.108977123866887036e-08
7.900325198290005620e-08
9.000916940963671361e-08
8.326947316245644385e-08
1.639607011601876108e-07
1.259462315280587085e-07
9.483088399934832729e-08
9.216886064886853512e-08
9.088006170405774308e-08
8.386814274393768791e-08
9.496447589943534703e-08
1.019123769794638027e-07
8.770805921232042439e-08
7.845175884132062549e-08
8.009535989521021806e-08
1.186578087553219582e-07
9.895749642491551059e-08
8.743150907789142001e-08
8.534889640431460604e-08
9.715705308084711908e-08
8.478483965330666494e-08
1.204718791685829884e-07
7.631881415784182060e-08
8.548678168634464570e-08
9.919393325302420286e-08
7.849298541422667817e-08
8.535565532364387034e-08
9.848160509532738198e-08
1.127345448382755499e-07
1.021033728914598094e-07
7.276463528887774401e-08
6.917914863491458360e-08
9.505059830816095525e-08
9.387202088529408873e-08
8.696965581597232495e-08
9.039753241702781373e-08
1.156362370164753501e-07
9.228732843378250944e-08
1.065871747848353934e-07
9.618601594971917495e-08
9.326767220677391092e-08
1.100309791983838953e-07
1.336677531547783902e-07
7.490098225326259087e-08
1.099574790658094046e-07
1.049561549412559590e-07
7.521843053239209388e-08
9.370999173302537359e-08
9.670181476817967389e-08
1.085067841300566721e-07
7.642748115821622330e-08
9.962388363438771310e-08
1.137036898411994648e-07
1.127785908783759608e-07
8.597310405525351263e-08
6.987684480741238644e-08
1.287692957021974249e-07
9.865663128304409895e-08
9.432025118103178327e-08
7.605490790111734616e-08
9.760746986045782628e-08
1.028321510066913972e-07
1.121110149277786675e-07
1.056685581067313687e-07
1.225984067057520743e-07
8.637004827176577036e-08
7.449903987736245097e-08
9.398203608464585429e-08
1.121664294613826922e-07
1.124258461225627567e-07
8.318492785990066148e-08
9.894333639354461236e-08
8.109145781679304858e-08
8.795139018075957367e-08
9.954803785968310736e-08
1.034432221922198666e-07
8.620775575682682167e-08
8.777143029735681593e-08
1.098964798129157942e-07
1.003579347007964840e-07
1.165786484874211604e-07
7.834163133743557162e-08
8.664780180736278334e-08
1.008932766545780727e-07
1.049229262775739166e-07
1.084369217936245799e-07
1.228082811742918095e-07
9.182498937040043031e-08
9.985214293648753960e-08
7.392139259683694742e-08
8.363410500050311446e-08
1.181788374209659846e-07
1.068334017399870012e-07
1.185765876778671544e-07
8.862787137563479944e-08
8.416421659399379327e-08
9.425452208478955224e-08
1.124289057612950083e-07
9.941947715574009161e-08
7.241228891831848503e-08
9.484926942679425379e-08
9.134105636314230949e-08
9.798541460003511555e-08
1.054385546336554403e-07
1.021269782561183298e-07
9.570473407467642006e-08
1.129049350550886604e-07
1.071100277633434215e-07
8.874124236156622232e-08
1.049085762553397367e-07
9.630569046811465357e-08
7.370087739924871151e-08
9.179743501519250312e-08
1.060800061581605094e-07
1.284598891013526483e-07
9.594586335975799785e-08
9.215864922874203705e-08
9.920487689913081456e-08
9.934543255279765580e-08
9.603995056971487218e-08
9.271345257544274117e-08
8.659772366739351819e-08
1.422644465900063440e-07
1.029406954587275940e-07
1.039916751677499863e-07
7.643731623152333337e-08
8.999438203313090068e-08
1.072723683861699911e-07
8.929812628990810753e-08
9.748175245219622772e-08
8.914218177737004588e-08
9.578700776985664698e-08
1.127064347182234322e-07
1.057312457839265551e-07
8.681725776936932514e-08
9.554481223762204958e-08
1.115321298729373858e-07
1.088591778355813421e-07
8.131215128070939112e-08
1.015911918626178416e-07
7.705736662536358184e-08
8.476257040215414847e-08
1.069436261888262503e-07
1.149513256884721076e-07
7.388472220678780802e-08
9.719849032886097712e-08
9.415330859631699341e-08
1.152623017652980630e-07
1.451610164316140727e-07
1.129509043073919351e-07
9.420498328337970989e-08
8.347235577022398499e-08
7.389500443919762326e-08
8.699962094409468707e-08
1.200117696009166573e-07
8.213172522656361061e-08
8.121527524477691249e-08
8.552335634822855750e-08
1.061239612449588930e-07
1.114812269575562448e-07
1.116007485839165025e-07
7.153470942189181302e-08
8.315432948900253002e-08
9.093882400964478173e-08
9.802944822761393364e-08
1.075908167563935609e-07
7.878617299870135995e-08
1.014715858513128198e-07
1.111553266367948266e-07
1.338696112180448744e-07
1.013046548257085835e-07
8.729580272946657351e-08
7.311986532641156663e-08
7.835130783893601360e-08
9.409202394553739693e-08
1.073529187383936683e-07
7.861588389350287519e-08
7.649960234361910054e-08
9.082402299196644563e-08
1.062797941964994577e-07
9.604960764520615216e-08
8.808561632393510684e-08
8.527855980588341886e-08
1.000849136593942660e-07
1.027329266592360222e-07
1.561365836221475658e-07
7.001646073514541137e-08
9.365361450871617145e-08
1.120674135008434179e-07
8.207690112014662002e-08
1.047926471121208056e-07
1.096727830850941598e-07
1.205951087906384964e-07
8.951064893342922947e-08
8.665870347180058415e-08
1.287278031043949179e-07
9.914252756255630446e-08
7.887126445583007589e-08
9.402624765015754950e-08
1.088221749949296272e-07
1.029388771219235205e-07
1.018813777510740821e-07
9.625095984177307407e-08
8.177158428089675752e-08
1.020305272146046120e-07
1.023155388623060161e-07
9.888130119928339081e-08
9.324198759631667534e-08
9.060932417304333696e-08
7.790458651759379149e-08
1.014724212163605793e-07
8.783627235106721831e-08
1.071030734957804705e-07
1.188530901360912297e-07
7.821168211537675032e-08
8.802371758763339565e-08
1.128418662843966482e-07
1.130509646029545796e-07
9.488219645059557281e-08
9.645599039716996749e-08
8.155918374096305921e-08
1.033844820333956331e-07
1.138219068247264288e-07
8.950567107964819407e-08
8.961482225483293426e-08
8.461527225556449220e-08
1.031076965319085220e-07
1.017489260340207504e-07
1.004149092708305299e-07
9.111920125078591322e-08
8.584481002557830164e-08
1.046897611403319450e-07
9.311224990550049183e-08
1.062159200045250392e-07
1.169244521781466134e-07
9.350077953705716747e-08
8.254934894186074604e-08
8.759215768939812544e-08
6.585566564461884040e-08
1.068528608814650010e-07
1.014699559787318834e-07
9.289830730313390556e-08
8.160572060278902464e-08
6.962661070110139299e-08
1.329158690757502079e-07
9.530476068210199554e-08
9.178490776719968613e-08
7.818844953993576490e-08
9.106586317028288042e-08
1.049192168363122670e-07
1.123041022698891919e-07
8.114103915174200285e-08
9.412070819012463063e-08
7.240713814602358860e-08
9.423508257597044254e-08
9.561960645725479389e-08
9.958590911521318652e-08
9.864152496341942790e-08
7.267311008664605113e-08
8.196614954639054586e-08
1.023557288281058235e-07
9.748427036992700323e-08
9.122375834181136361e-08
8.429424053808024469e-08
1.185564660266237172e-07
1.221483824893709549e-07
1.003347542594615301e-07
8.236283448172798021e-08
1.044701271209958830e-07
1.188005778561943170e-07
1.049202825351679956e-07
9.024035614271402734e-08
1.051490727744412912e-07
8.926121081368486486e-08
7.645182874759870406e-08
1.019140954923059341e-07
8.935795896602584797e-08
1.269450827126532175e-07
7.316722109324769023e-08
8.822908655657196560e-08
8.419836046832689177e-08
1.057712799467914925e-07
9.771321535911302022e-08
7.040362629301672088e-08
9.356008039500334387e-08
9.682051717437274241e-08
1.137534486030154310e-07
1.176599784501608304e-07
8.588685209398952789e-08
7.758462925971428471e-08
1.195057038471879207e-07
1.080761292649890951e-07
1.150231345975542753e-07
9.213643031292202543e-08
9.255633500461864170e-08
9.974605107145724625e-08
1.200772756415025885e-07
8.474387884182254502e-08
9.077879240976120946e-08
1.268169077339592866e-07
8.478425588251399136e-08
1.187657002037791499e-07
1.091159483578446518e-07
1.136034182258299248e-07
8.331690771602635593e-08
9.446138067157640179e-08
7.707193832504160469e-08
1.058553167142629138e-07
1.024513512295830639e-07
9.305368786625614505e-08
8.733352159757195300e-08
8.757319836476365086e-08
9.166089655945227421e-08
8.619312607577764873e-08
1.162039886641287643e-07
1.048423467005417137e-07
8.804070454490972736e-08
9.295856335681177715e-08
8.828109882369080339e-08
1.138003953056716154e-07
1.145479657172371718e-07
9.427138417255114720e-08
6.605239557523475691e-08
8.608092000409575104e-08
1.049779278762465068e-07
9.007482303367654509e-08
1.052951930122448302e-07
8.132178513536232972e-08
7.817364213418498166e-08
8.526049658089196236e-08
9.693912615717130357e-08
9.718222654117128448e-08
8.322778039250484237e-08
8.389566374647084730e-08
9.878268442017418457e-08
8.846389805262831875e-08
8.811512440445434627e-08
1.146040580184436101e-07
1.089205387825272372e-07
8.763226851599832953e-08
7.700624007636404878e-08
8.160875416998812462e-08
1.062937767863718822e-07
9.305185268498378938e-08
7.965320955984663402e-08
8.197177582978290174e-08
1.020775407227913671e-07
1.030311532524929946e-07
1.097060165591696421e-07
8.170501730219379875e-08
7.995389665324052649e-08
9.761290661606537147e-08
1.057643358843988305e-07
1.014335945986549514e-07
7.036725562312618931e-08
9.151743263671948751e-08
1.105624715358055492e-07
8.667800930261740624e-08
8.485880504958894809e-08
7.853154296440704155e-08
1.042263454360754614e-07
8.987692725900284075e-08
8.912464872904139597e-08
8.321318388113389236e-08
9.351648357995279847e-08
9.255675685062788863e-08
1.079278243187920287e-07
1.011428640290417728e-07
9.946933408685647509e-08
7.188931121656950895e-08
1.102501057293558593e-07
1.110714186590962515e-07
7.913599107059631350e-08
9.510136632712447156e-08
9.273444360248919579e-08
1.090495959736836167e-07
1.145736756258707155e-07
8.921689688075506666e-08
1.046887139578453541e-07
1.278683740788491562e-07
8.226826804212761901e-08
8.067153641099983501e-08
9.074921760029646557e-08
1.347318498892638923e-07
9.596968706192539548e-08
8.348590747059377478e-08
9.525236133992357041e-08
9.408240454167000411e-08
9.553630516147250852e-08
9.602890681752710607e-08
9.791980259159069589e-08
7.825615937238766289e-08
8.609617403027655877e-08
1.040343471336000766e-07
1.005762484976356282e-07
8.147873632426036517e-08
7.181057255181442614e-08
8.532984746661673728e-08
1.235176267071828590e-07
8.756457729929058627e-08
1.008042903942018151e-07
9.461522534015775052e-08
9.397642361526667362e-08
8.558619730608989681e-08
9.656743535433591472e-08
1.021714709478084735e-07
7.732935616508912830e-08
9.351801850035681757e-08
1.063903645729331901e-07
1.025027380578468220e-07
1.408475740645042405e-07
7.953268438266396214e-08
8.788165504718190396e-08
9.496831789620715938e-08
1.024021478133240766e-07
1.251410914184480216e-07
7.654514426177726059e-08
9.062239554353002351e-08
9.101854810580462331e-08
1.234373438012957843e-07
7.212548517168175111e-08
1.011712418119648441e-07
1.142734305756077956e-07
1.172542109668071314e-07
7.887553851075525823e-08
8.570093343039687203e-08
9.692588389011996771e-08
1.156281703615226379e-07
1.016589787122011146e-07
6.920192357638908432e-08
9.613968413139618891e-08
8.818048278806727896e-08
1.024196452383327004e-07
1.052822729178896058e-07
1.036123301693565294e-07
8.833717462198332226e-08
8.873733498134159134e-08
1.167553458891853662e-07
1.177287549109706098e-07
1.062218399756245608e-07
9.059136650818801577e-08
9.380472851766634751e-08
9.069361148540203394e-08
8.940903524006590388e-08
1.075550045827205915e-07
1.039338818737041499e-07
8.368650349825262308e-08
9.105331350072144755e-08
1.231235136354707372e-07
1.136762755083777234e-07
8.818600167742049901e-08
9.117398301128324406e-08
7.697926943226178476e-08
1.160774184849146051e-07
1.036074059625331780e-07
1.023349333584418354e-07
8.316469183707123894e-08
8.727251866362089491e-08
1.118783192497812382e-07
9.714526536740522184e-08
9.885017954673574866e-08
8.384245600949176225e-08
7.862132696180157494e-08
7.954675720099468094e-08
8.763502762660250479e-08
8.993026779167873635e-08
1.070449388403462476e-07
1.257238460397653830e-07
9.180241668440736346e-08
8.973781730196285552e-08
7.882009416741603280e-08
1.027480768231465510e-07
1.079166109197128219e-07
9.262037637750158639e-08
1.026120523800072988e-07
9.771582330598838188e-08
9.044726141405602519e-08
6.195516773584547158e-08
1.079639157029225559e-07
9.322870528088932958e-08
7.502514177746264432e-08
9.076983543436535948e-08
9.656161024471891206e-08
1.016961092483991462e-07
9.375409641645410924e-08
8.688556439831512049e-08
1.577964891426306266e-07
7.915024870508577992e-08
7.479928298335547289e-08
1.014745527423219302e-07
1.015268950642379161e-07
9.197194789328061954e-08
9.001735245521296038e-08
8.648843784216467531e-08
9.804644712192933082e-08
1.007398221903543134e-07
1.015913424808088122e-07
7.903690215217299951e-08
8.211877663824523222e-08
9.641963874144647498e-08
1.072937358899910034e-07
1.028556736165393571e-07
8.527120011379001630e-08
8.280929132895660789e-08
9.094341175109073412e-08
9.885806576745460726e-08
8.571846869476598078e-08
8.303883072830525096e-08
9.734055607556400973e-08
8.609631195086247955e-08
7.903932771252789270e-08
8.167339846042661656e-08
1.061870989468715375e-07
8.832064004645303874e-08
9.672169731576536956e-08
6.846007409857068919e-08
9.404930461577658267e-08
9.877989206194826456e-08
1.277535935687588274e-07
7.316247577582327729e-08
9.568073979134913477e-08
8.420307949900608644e-08
1.073225921671317401e-07
1.186233158157647862e-07
8.542624122855790530e-08
9.839223548380775339e-08
7.812178691008571683e-08
6.764869346850125249e-08
8.542092060973361846e-08
1.162370802097111397e-07
1.015572949456326465e-07
8.589927189834052291e-08
8.465780156262746945e-08
9.007375628195208685e-08
9.728537124547522676e-08
1.209177022127239095e-07
1.114566592075443113e-07
8.587233787840109968e-08
9.876768531827679584e-08
1.049641904991298215e-07
1.015923625302748953e-07
9.689648441242685855e-08
8.698172003061623850e-08
7.962827999097696828e-08
1.078076071884405303e-07
1.034879500293527329e-07
1.078722868176631716e-07
7.795188771565114500e-08
9.186418687517150846e-08
9.360300473429561061e-08
9.822990180487510998e-08
1.174770438308025097e-07
1.240355984087741140e-07
8.794652042174316300e-08
8.268996597482155227e-08
8.584080313000713737e-08
1.082599621911140710e-07
1.192910362767496496e-07
1.080896043775866976e-07
9.650362151553677319e-08
1.055546353440062922e-07
1.118255207740401121e-07
1.082921860032363550e-07
9.354800551159143916e-08
7.359393537417875616e-08
7.549917198285484399e-08
1.046441644101287273e-07
9.718831440656272271e-08
8.576919508472325084e-08
1.025021806436851700e-07
9.309275747540711867e-08
9.247447505224253112e-08
9.344031378269698867e-08
1.082901841287820204e-07
9.386840827737166038e-08
7.724863123321404846e-08
7.781897003363229078e-08
1.035978718569371257e-07
1.029868308827103982e-07
1.097315641282389745e-07
7.170447594145423172e-08
8.662814048615899857e-08
1.021116389765267273e-07
9.223523836220040195e-08
1.172469172072306680e-07
8.767064832777657615e-08
7.691344801913334181e-08
1.000819509277192541e-07
1.163700829394585045e-07
1.017653003315391922e-07
8.197673023521017707e-08
9.489377579947118070e-08
1.060253312430708026e-07
8.493686612926784722e-08
7.716358859304791076e-08
7.755502305362799782e-08
1.150073844763890597e-07
9.726192177313300750e-08
8.084827946325291008e-08
8.343550775745469187e-08
1.068193808326733438e-07
9.793932473737433981e-08
8.598038723418866907e-08
8.132865129459225337e-08
1.027902334802837821e-07
1.024201600165535761e-07
8.200094200722562340e-08
9.567738297826545556e-08
9.349118524401168569e-08
1.075693718906808836e-07
1.295829791347003207e-07
1.097652582734040904e-07
9.640509250380432942e-08
1.337079699467847239e-07
8.044897205225478496e-08
9.421816583802188651e-08
1.073717077784200884e-07
1.001723612516370289e-07
7.923550823772179273e-08
9.172039292699375345e-08
8.657421439928710965e-08
1.043718631989582413e-07
9.384154742435163357e-08
9.363936885744144075e-08
8.271370985674370213e-08
1.104731397258725345e-07
1.417678954896465516e-07
9.915141275782583067e-08
8.946587350144946487e-08
8.899225734403694981e-08
8.865974989453671606e-08
9.764107178418052186e-08
9.680162751946339527e-08
1.096588746355096122e-07
1.143533626010764777e-07
7.468340952672895610e-08
9.498707268553947056e-08
9.033974221500535493e-08
1.404766950538369111e-07
1.105581574695461930e-07
9.523284863752745514e-08
9.945447690828313506e-08
7.289273829150774422e-08
1.059139814135168677e-07
8.187339474876152923e-08
7.957427981093076321e-08
9.627525235843376516e-08
1.127318532634303859e-07
8.858509849552314841e-08
8.194544387783215296e-08
8.586084869230437490e-08
1.075032183919011044e-07
9.487308800748348995e-08
1.061606998542940315e-07
8.527573184793422243e-08
1.221204550541899854e-07
8.877813263602590128e-08
9.234079671292998361e-08
8.512745260402598785e-08
1.077161078188008900e-07
1.235726422787992163e-07
1.154083963435636745e-07
8.079910584727385350e-08
9.659277045150356344e-08
1.027265408583026176e-07
9.401344269310200522e-08
9.055204762584220538e-08
7.751035190697438515e-08
7.933168130741008700e-08
9.538297296315247449e-08
7.899668457877130752e-08
7.576088883044578223e-08
8.707752336922295617e-08
9.716590316209512366e-08
1.153627539146583797e-07
1.050985233007104180e-07
1.036582700690766892e-07
9.783323132278259480e-08
8.088921779198228773e-08
8.506886737958373296e-08
1.121488076966050130e-07
9.827674288621952794e-08
9.718089057188594086e-08
8.608261005172986915e-08
6.321082348496014025e-08
1.206345326148595928e-07
1.209646980539510634e-07
7.438155794375147548e-08
8.662066533634944557e-08
9.928893184673598055e-08
1.192463673860026176e-07
1.041322867927104355e-07
7.531032542736165091e-08
8.830062828934071571e-08
8.678710777861581892e-08
1.000204881295462662e-07
1.108750376911548442e-07
9.391211171317309444e-08
9.952255182542660221e-08
9.354512236079745654e-08
8.494485650435832155e-08
8.860204184926390437e-08
9.443218806699306848e-08
1.039587649545697114e-07
1.003695676070566241e-07
1.053968443572889434e-07
8.878266165239881434e-08
9.107160231942109612e-08
1.046421045559052864e-07
1.141332605524204991e-07
7.975790893007084520e-08
9.708300111298666469e-08
9.704509696223884862e-08
1.060160881095299523e-07
1.059644584912447670e-07
8.875908261613498248e-08
8.737835267658752121e-08
6.925477442444038260e-08
1.408527926509907291e-07
9.285966656508012902e-08
8.547179330147276656e-08
1.141172503191586883e-07
9.727793426517804195e-08
8.299043150785134119e-08
8.667831617477630037e-08
8.951343947855570166e-08
1.051682552051542032e-07
1.167407010185529996e-07
1.238928959378030089e-07
8.483861924345929572e-08
9.167539162753872635e-08
1.013992145163286288e-07
1.250331486368696598e-07
8.068499769162667412e-08
9.134238487381430421e-08
1.020740983732413388e-07
9.751620816335586051e-08
7.513483533165556634e-08
9.238864832948949147e-08
8.440425618266579984e-08
1.028815122494952596e-07
7.118827917295046432e-08
8.418887095785796244e-08
1.100500573450907694e-07
9.492746771446663996e-08
7.532419884657769049e-08
8.579389002995652968e-08
9.899771418119483197e-08
8.994537948397764647e-08
1.018456863385704478e-07
1.510303061797357010e-07
9.502625855735109677e-08
8.282717423388269802e-08
9.765770442003891202e-08
1.073522049483345470e-07
7.344509290085819498e-08
9.767573032472300476e-08
9.123546944093520656e-08
1.283562986743777586e-07
1.156518507743472839e-07
9.612663976730874894e-08
1.045880850274105690e-07
7.130523663089405261e-08
9.076839348907626004e-08
8.165977794005741727e-08
8.910323753804725271e-08
1.162739559197247804e-07
1.135420150190028930e-07
9.235337419898652842e-08
9.947055583653363462e-08
1.497139836900341772e-07
1.159338701100084993e-07
8.168812361970003057e-08
1.189850590070666423e-07
1.262279421844610236e-07
1.058226542361946042e-07
8.540958925494082333e-08
8.747474280092524935e-08
1.005390108545941136e-07
1.271202358424099952e-07
8.718934989495245600e-08
7.155241409230657748e-08
8.531513210516972404e-08
7.926233967041154043e-08
9.025177244089573670e-08
8.286923403055414691e-08
1.143910849981500791e-07
1.258018835669643649e-07
9.366840436677651429e-08
1.063524403427516898e-07
8.244933157155843934e-08
1.332639323155483201e-07
1.124663045924116143e-07
8.453343275920915540e-08
8.735130053894205252e-08
9.033298915757406073e-08
1.195851009939172356e-07
1.035598196755272256e-07
9.145564336657130606e-08
9.380755339808750736e-08
9.065760992919027402e-08
8.152953702152649942e-08
8.926748763898895747e-08
1.061564114018936777e-07
7.496713842174762717e-08
9.667251348173764235e-08
9.107775680615991997e-08
8.265589323024535764e-08
8.648070086859663488e-08
9.393907475329871502e-08
1.215665343299709189e-07
9.887558214694099651e-08
7.665295279206911445e-08
8.243269995465604135e-08
1.266382735013170949e-07
8.650827679214406557e-08
1.038303260607359569e-07
9.331914868048882382e-08
8.176670565829516888e-08
8.580849369123968419e-08
9.583700947220095558e-08
1.042544191339125998e-07
1.029197883235203528e-07
1.148581204514897570e-07
8.760513048026841335e-08
1.019186727263794722e-07
8.018283028783181708e-08
8.672113742576484991e-08
1.079505135293891254e-07
9.881223142811460771e-08
9.945248396368645830e-08
7.806390611793437576e-08
1.098918493077871665e-07
1.142518706956167167e-07
8.579482264888287489e-08
7.948383396434032875e-08
8.618646509073340925e-08
1.126263667647784079e-07
9.703407510668515096e-08
8.189573737324647752e-08
8.576830863834832470e-08
9.963965159989926824e-08
1.132969487682915290e-07
1.314076948048740359e-07
8.695214973417616451e-08
9.238731097400333651e-08
7.692173982188472272e-08
6.748135564988582816e-08
9.153094424775003939e-08
9.722096239295166226e-08
9.123303232607943220e-08
1.380617029780809218e-07
8.901533081650304690e-08
7.194272760624404590e-08
1.071024238999061741e-07
1.077129387927631293e-07
1.098335518733620947e-07
8.105261832894887994e-08
1.027249023042785507e-07
9.636645931874535524e-08
1.027819325520320231e-07
1.180604626590834382e-07
8.806728090712596471e-08
8.010160174918291378e-08
1.128007359150693305e-07
1.046035945570979877e-07
1.022715045381194407e-07
8.405219989565308618e-08
8.700273960963242357e-08
8.583942967710945561e-08
8.672936802959502026e-08
9.081915977904508860e-08
9.603292427138820418e-08
1.097877865202602571e-07
1.062102701901955800e-07
7.873196942076078418e-08
8.807786192002979830e-08
1.065894393595704559e-07
1.121081970837353217e-07
1.015458621422928569e-07
9.334555035456825943e-08
9.190009905241721532e-08
9.446022685015059698e-08
1.169325485937719560e-07
9.599601647557714343e-08
8.307029638373759994e-08
7.495894539151917084e-08
9.481567309269630637e-08
1.004095727341591694e-07
8.555298090481350366e-08
1.060227234903632255e-07
8.707444200840463609e-08
9.840234083461344493e-08
7.600407362082874578e-08
1.240606998270700301e-07
1.136091976008147847e-07
1.034161884335533225e-07
8.301542327224137059e-08
8.698521703752186621e-08
1.116250627650935957e-07
1.075294781506971633e-07
1.083078908072157854e-07
8.644173254490935251e-08
8.069073313637089033e-08
9.618221201849625680e-08
9.913755327787105476e-08
8.672496599135032430e-08
8.287829665715566037e-08
9.380377314686986955e-08
9.870855743179358204e-08
9.220203113901604057e-08
1.080114567014324437e-07
1.001499671643655717e-07
9.863482897457790540e-08
8.000769361181554623e-08
8.668973984396825985e-08
8.230386735811053592e-08
1.165326992965451582e-07
9.175161636593458821e-08
1.079496445943698643e-07
8.514311544754210367e-08
9.027163610096592271e-08
9.952765968414436574e-08
1.191767490842452998e-07
8.149481381969416424e-08
9.181473711978555063e-08
9.699150248580918833e-08
9.533801389429449782e-08
1.153731206035072116e-07
9.484887425085180905e-08
9.212542284069426380e-08
8.928125936276753904e-08
1.139900314169691706e-07
1.049032841275980433e-07
1.001241216687634080e-07
9.707258551866999945e-08
8.763922666160518691e-08
8.475332816263572898e-08
8.451362439075070891e-08
9.663269769958915632e-08
1.066882325539907984e-07
1.210764005096963984e-07
8.443897108623142814e-08
8.678469810757978412e-08
9.889568366412486684e-08
1.131565664268289541e-07
7.852336017212687881e-08
8.517611250641061564e-08
9.324409151219461298e-08
1.285864537881447679e-07
9.599329341705506357e-08
9.415175559140277751e-08
1.016385412108714367e-07
1.407165807060454386e-07
9.052387176992809962e-08
1.043391663959803445e-07
7.152221816790967724e-08
8.969669939517028354e-08
8.434990237518781714e-08
9.884537549524460643e-08
1.209938298310569197e-07
9.339481717955039936e-08
1.047305910010413727e-07
9.449813306786291282e-08
1.091280589694999832e-07
1.170879455208517245e-07
8.922885279962044044e-08
9.060406959755194663e-08
8.617067263142265522e-08
7.450644127921192118e-08
9.824678023033389657e-08
1.417927173876147806e-07
9.584477711731413666e-08
7.285746916287520687e-08
8.080626273079240557e-08
9.655603807753327998e-08
1.002057611014676491e-07
1.103617019058253782e-07
8.780031109988255719e-08
7.387345374524599519e-08
1.219073239402037273e-07
9.655765338136186269e-08
8.275958039911662388e-08
9.062651256370553318e-08
9.502375998199228536e-08
8.360873982159683633e-08
8.098032602899431420e-08
1.401850781969533178e-07
9.886545974378348526e-08
7.769767813691638611e-08
7.921087662062161671e-08
9.955373710221786299e-08
1.039660264584407482e-07
1.340324130784208858e-07
1.100936939072730878e-07
1.186640895491145206e-07
9.670519482746772398e-08
7.333976358143940810e-08
1.009784507728528165e-07
1.044862483387578965e-07
1.089757542842237222e-07
1.058485133384481382e-07
9.010601594401172251e-08
7.163558307541706386e-08
7.723810945174586310e-08
9.980235320145016939e-08
1.033963310680681809e-07
8.487207258858202289e-08
7.955910074808109923e-08
8.474680373947933522e-08
1.074302140191714643e-07
9.106997563044099403e-08
8.819170282240196119e-08
8.505269657827674809e-08
9.977367574988363121e-08
9.033256628503130458e-08
1.205029962618652277e-07
1.144788966671154156e-07
9.451834884004023183e-08
1.065503361081455659e-07
8.066386452564932069e-08
7.437017511333612823e-08
1.044555757831620036e-07
9.213139866492134740e-08
1.084283994210205733e-07
9.286064621510080070e-08
9.137464165388041515e-08
1.131523295180956914e-07
1.006319410058711379e-07
8.179402553212008254e-08
8.813095058630612188e-08
1.004332748418762220e-07
8.662231949493839643e-08
1.119724575578096780e-07
8.549044736662272649e-08
1.349360353460894361e-07
1.149925848879203815e-07
8.604720216496863415e-08
1.027635159992037601e-07
6.805384107519100957e-08
1.033447946014099201e-07
9.639060191382914612e-08
1.159551870983164626e-07
7.456970780938480232e-08
8.628449443797378968e-08
8.610183747659546569e-08
1.072306061290565100e-07
1.148154582439072861e-07
9.393809574043607860e-08
8.437117375129399160e-08
8.293679384133117174e-08
1.417469049041326305e-07
1.070408515429618182e-07
9.728323640254403790e-08
8.884387887829893725e-08
8.590513406466908318e-08
1.228810304979556116e-07
9.563356605252097459e-08
9.163103129513931479e-08
1.016924551228443457e-07
1.106412074041531427e-07
1.373381208377180404e-07
8.925803125604568291e-08
9.435579415678360999e-08
1.002199333998996749e-07
1.187489349929803891e-07
1.096370393595551234e-07
8.819655633712473417e-08
9.495173409230340711e-08
9.503988881767058990e-08
9.351260042306045544e-08
8.438152987916757027e-08
1.455392058517834451e-07
1.008147304012576453e-07
1.090360839499016521e-07
8.733269084291111852e-08
9.370045373160276549e-08
9.258916669302360635e-08
1.095746137858245193e-07
1.029044978157346919e-07
1.033561761503853586e-07
8.806339403169107500e-08
9.347046721953253269e-08
1.041349839607477990e-07
9.751958088289760687e-08
9.705832595086622533e-08
7.504539005792297819e-08
8.697773656191690084e-08
1.032639558370200513e-07
9.901771538368558850e-08
1.055676646251070939e-07
8.783133260461125823e-08
8.349813914971661933e-08
9.867324714475256611e-08
9.593934102329371295e-08
1.420593005587588541e-07
9.062969701078786218e-08
9.693049315522548120e-08
1.180985278220760833e-07
1.087486597738361422e-07
9.815262612447690342e-08
1.072145363491290825e-07
9.819610823453705313e-08
9.026817761616316385e-08
8.923989171316155918e-08
8.740887670178879210e-08
1.030120788663377426e-07
1.017065714767545104e-07
7.765743242575921559e-08
8.069968434326039951e-08
9.016043598449984104e-08
1.028396623772883712e-07
1.063532756740915879e-07
1.118477599641016713e-07
8.967894372099744594e-08
8.825465583750756978e-08
9.355326047330711590e-08
1.350417875931689615e-07
1.160256566448370695e-07
8.502016279615176579e-08
9.141170604722271264e-08
1.001978982446103920e-07
1.187062982305567699e-07
8.157512885988271698e-08
1.046680327038465984e-07
1.024878337183460645e-07
9.955980670723059325e-08
8.756191546576029258e-08
7.393240156870111237e-08
9.699545720034749145e-08
1.103169186635057774e-07
1.022386922437032251e-07
7.957873564801803558e-08
8.854321010932435371e-08
9.056625535854522536e-08
9.015812316649525968e-08
1.036658867058654900e-07
1.356263368801423808e-07
9.475250909473406452e-08
9.208036615008971741e-08
1.320179108308739698e-07
1.273935615522261787e-07
9.190650414440378265e-08
8.849664761784985792e-08
8.991714510128043788e-08
9.778190338210328637e-08
7.398628791742904195e-08
1.035755568560139892e-07
1.265561812476986983e-07
1.087276160878458028e-07
8.662743736154584491e-08
8.942264957055131163e-08
8.787767171839924047e-08
1.082687400890800047e-07
1.195271104247168360e-07
9.352860815468561745e-08
8.667868030799935977e-08
1.083154014579484022e-07
8.321164543579576493e-08
9.660127302314221423e-08
8.987030548452614387e-08
1.016884138873006352e-07
1.245220789301806395e-07
9.039083941670384407e-08
9.843240502680011348e-08
6.866251454274944504e-08
1.150863223347611643e-07
1.064025455630612280e-07
1.064992053820567871e-07
1.237368883272672287e-07
1.371015569092750291e-07
8.870950454445568462e-08
9.717466349182090946e-08
6.578446575941971846e-08
9.464251213624961622e-08
1.460293510476899596e-07
9.918373845341841664e-08
8.377832052991265959e-08
8.879786871722675917e-08
1.061650750128291400e-07
8.750502577473208075e-08
9.761055059058294448e-08
8.789067960851051038e-08
7.845513913135543231e-08
9.241879703348904243e-08
1.011589863846573035e-07
8.314643003782872332e-08
8.677073833582838610e-08
1.073057411235716332e-07
1.010538266371786588e-07
6.697519032156131827e-08
9.974894184671832722e-08
1.012398302466969470e-07
9.678326635502444908e-08
8.830757167869392828e-08
7.617585375197864798e-08
1.089783951666448270e-07
9.556718367840224014e-08
9.961931472833864491e-08
7.475945744100248087e-08
7.912222513019723013e-08
9.386096126009504545e-08
1.060310451255113530e-07
1.168872617988133999e-07
7.708329999685379450e-08
7.423868808674501509e-08
8.299344741767432953e-08
1.005552164146787888e-07
1.168916423134865601e-07
6.254293289061087112e-08
9.627406458241647922e-08
8.461132127241085372e-08
7.616632185488345539e-08
7.511831646547694350e-08
9.626991282421616883e-08
1.097620402994115884e-07
7.412245358611137870e-08
7.460672042715374333e-08
1.084995328926773775e-07
9.447672884825316326e-08
1.002273521512554752e-07
9.261183824615855135e-08
8.079209400123183401e-08
1.342991449582844482e-07
1.226965411735578775e-07
8.616964488989210204e-08
8.405783019496507023e-08
9.033681267473452429e-08
9.437290484004971970e-08
1.065144894777871952e-07
9.584194082121870458e-08
8.753169492585491599e-08
8.746287277875434199e-08
7.541189592161457232e-08
7.943178694110108864e-08
1.073388203459201440e-07
9.691868281234217727e-08
9.855237270491777999e-08
6.948486270782221434e-08
8.946966221876823970e-08
9.928013910191287431e-08
9.495636643554837575e-08
1.047012842641498751e-07
1.176255440453473092e-07
9.976220980927442275e-08
8.758065098319341029e-08
1.088155305872161543e-07
1.131036986297429049e-07
9.278983703335384472e-08
1.006317067959766232e-07
8.275788238254325434e-08
9.816973181501310524e-08
1.190222225522347005e-07
9.985736031371830685e-08
7.910121896075848726e-08
8.760040228710269694e-08
8.205443094209271481e-08
9.111987935775223587e-08
8.958267069400449048e-08
9.652661997560403433e-08
1.509171867449284331e-07
8.762881617698424309e-08
9.029528251376175218e-08
7.531229976047575451e-08
1.277382575180459937e-07
1.052574063720534826e-07
9.896046063757450593e-08
8.129766171013240414e-08
9.012348341436989176e-08
9.628974169952574363e-08
9.718499043345660031e-08
9.019731656807922121e-08
8.551393248826655612e-08
8.298364793613143021e-08
1.020440079488161015e-07
1.022538791766756093e-07
7.246625952343976758e-08
6.630714723633193644e-08
1.141709281244333625e-07
7.943850024270498284e-08
9.565821240471071108e-08
8.354872815570535033e-08
1.121713647548594333e-07
1.159021744578956719e-07
8.892197836930139534e-08
8.729859158622413597e-08
1.276563596391550945e-07
9.371123577020870335e-08
9.243875997290067741e-08
8.017339801571733207e-08
8.971290491360255024e-08
9.115539710384369374e-08
1.302887271049929087e-07
8.773298323648836961e-08
6.779425155619624591e-08
8.697726003249508434e-08
9.354138111491719421e-08
7.615901902704982843e-08
1.045240581050362962e-07
9.542210159910123025e-08
7.153719820686941827e-08
7.903691286663393155e-08
7.145811707272160797e-08
7.631556561870905239e-08
9.193355197625959614e-08
9.682936145804246197e-08
9.726519040398536835e-08
1.402169111587408686e-07
9.469584483010016932e-08
8.634161912066759979e-08
9.909212788198747803e-08
1.152492556014623865e-07
1.148179257255818118e-07
8.054535747984217500e-08
8.691901029617395940e-08
8.235539996524407465e-08
1.141601328567390583e-07
1.064425181112109468e-07
1.103097354997120285e-07
1.051223011379524047e-07
7.928034307874025492e-08
8.484365962837567580e-08
8.477694187770425158e-08
1.155159893398350051e-07
1.043000067049297331e-07
7.696273302064105136e-08
9.195845184522822788e-08
9.429247733662296816e-08
9.657916990872682859e-08
8.911429588417147526e-08
9.788666823489013257e-08
1.257719448824869984e-07
1.206008699012871119e-07
9.100738447993815110e-08
7.344261779419148996e-08
1.155103293265853276e-07
1.066303193866577307e-07
1.044329956135247585e-07
8.707547866554773814e-08
8.912884627218363575e-08
7.728884694556984707e-08
9.677970608883307266e-08
8.001803049779853527e-08
9.261951925492174580e-08
1.124348080410973560e-07
1.098763803406754596e-07
9.165682475708591798e-08
1.027159225721503738e-07
1.001387979822516052e-07
1.038792962170115765e-07
8.977868503351004774e-08
9.266730944873453817e-08
8.353831949439228217e-08
9.619468195064164977e-08
1.442620519512519321e-07
9.562070700398804517e-08
8.155588063277594404e-08
7.864468290948218341e-08
9.977559609824582604e-08
8.357969646548248974e-08
1.065555789989800130e-07
1.021027398756112341e-07
1.040541718898334805e-07
8.072892780025332367e-08
1.239325712330424089e-07
1.123629145921396411e-07
8.086677493114583970e-08
8.792840074413387611e-08
1.185099462464169024e-07
1.008249239459925640e-07
1.105074617528783956e-07
8.874979874567405235e-08
8.319294569824785953e-08
7.063815865340869756e-08
1.103456305202419407e-07
1.001241784049580356e-07
7.041333900139057214e-08
8.239870936039627860e-08
8.775029623044869707e-08
8.914526370495059146e-08
1.086048010592295248e-07
1.044818428948743390e-07
1.006423288229031698e-07
1.365510194001486932e-07
9.479098785785618610e-08
8.041613345017184902e-08
7.535350315052953183e-08
1.273442898120510108e-07
9.785118394668897676e-08
9.160741263801739648e-08
9.159471525107936483e-08
8.431690391659811422e-08
1.049231150096396712e-07
9.914234658647113346e-08
1.082221015678418586e-07
8.595447268544610791e-08
6.882154357321651302e-08
9.203380340708485718e-08
1.153472704217722149e-07
9.336741359971578507e-08
8.450826754347269116e-08
9.202935041296262389e-08
9.621239877759881373e-08
1.044117264653126469e-07
1.036124274510932215e-07
1.251695899836336792e-07
1.010645930115415962e-07
7.685831139858648308e-08
7.126116219502197487e-08
9.461519651483956920e-08
1.054193783843109124e-07
9.671640761082507595e-08
1.173358202138618248e-07
8.810619139479701384e-08
8.054197740316755606e-08
9.553933396036146533e-08
1.009752408762688185e-07
9.285880917226676152e-08
9.069543426287367603e-08
7.324350709758171827e-08
8.134278334744725987e-08
1.037233042938291113e-07
1.054188870917640683e-07
7.519857802862252878e-08
8.940659904301639852e-08
9.834253926258216366e-08
9.646057330928205566e-08
8.195460859010403397e-08
1.068592895200315042e-07
1.260941815465537917e-07
8.868795575264442834e-08
7.738504396440462018e-08
8.487291972346048091e-08
1.154791471085676160e-07
9.901184846627640872e-08
9.548295011268680099e-08
7.877473221149254266e-08
8.261504393468669539e-08
1.031340010960056979e-07
1.076186133976017039e-07
1.074246804915230959e-07
8.169233607176927611e-08
8.598334909215721623e-08
8.377245359404354816e-08
1.256546337211415254e-07
1.006688093056069148e-07
7.580676601480150038e-08
9.338459560135518214e-08
9.467894859274326075e-08
9.938202443369445180e-08
8.551743854529336620e-08
7.769729602681020668e-08
9.850828472348388339e-08
1.150055425938052980e-07
7.873300195226364670e-08
6.577546554498823546e-08
9.122290872454637756e-08
1.000046009746255760e-07
1.019611797861733088e-07
9.996969660833557884e-08
9.402836804618379463e-08
7.113169496774878048e-08
9.882530266062764748e-08
1.192164657969431440e-07
1.206300539632200026e-07
8.007119012661435639e-08
9.865535714169978800e-08
1.281268298251815171e-07
1.109735972804572730e-07
9.031179871641373364e-08
9.754086095580420152e-08
7.873402197372891169e-08
8.067478104777096328e-08
7.950845871364855815e-08
8.173223135599629881e-08
1.229813716531843523e-07
9.899871693468281887e-08
9.197580175178882574e-08
9.836068045197343920e-08
1.028294114210431200e-07
1.215968870634958005e-07
1.270308214189107124e-07
8.482211149425678336e-08
1.068089661568544044e-07
9.987889222018599878e-08
8.662093148530242480e-08
9.656942855691660584e-08
8.006681611150738017e-08
8.848659366972946581e-08
1.106001404109452633e-07
9.184028475339488930e-08
7.777898301691176955e-08
7.014662369683578953e-08
8.279865233190044446e-08
9.135466766398900445e-08
1.192199570693127402e-07
9.781141399329781982e-08
9.951359770629385124e-08
9.209955264292651522e-08
1.110975592139279332e-07
1.021089712432638576e-07
9.300374324896387877e-08
1.256283572298244070e-07
9.113792569416927967e-08
8.191131904745203359e-08
7.619249883998097928e-08
1.251724298309710041e-07
9.863813193945906318e-08
9.339028066216499002e-08
8.647005638095827996e-08
8.230451248998564850e-08
1.005493513175364511e-07
9.910496042236667953e-08
7.913641310105211983e-08
1.110302036314244601e-07
1.009475366087803497e-07
8.839447074427010430e-08
1.105590901249412770e-07
1.114725734456709458e-07
9.737940705909765619e-08
8.443058229305521755e-08
9.258223013073063030e-08
8.618021882150014965e-08
1.004595284879213345e-07
7.981577563779083098e-08
7.773345907654028870e-08
9.890322191054929098e-08
1.079726185365657267e-07
9.607459295506720270e-08
1.128612463737416012e-07
8.516842021557226761e-08
6.980623887781196690e-08
9.372869075859092075e-08
7.619616424145844341e-08
1.132288669790405485e-07
9.063934419933854906e-08
9.142239609528099270e-08
9.138190849349531925e-08
8.278184233689467804e-08
1.043322200189203749e-07
1.003191774965135811e-07
1.217564898365913295e-07
7.719642880667902972e-08
8.725358278696061700e-08
9.692416246178499230e-08
1.215440467337469503e-07
9.573185286549930346e-08
8.498739391911324231e-08
9.221672452592810636e-08
9.488028583805563029e-08
1.037960181612260752e-07
1.144262163513887440e-07
1.252990272683591832e-07
8.318952201304069985e-08
9.058517719053964493e-08
7.223993478556093647e-08
8.172464481463796498e-08
9.960729766508467700e-08
9.451320436982431856e-08
9.414366900272289612e-08
1.011499684194216836e-07
8.831598561025230503e-08
8.068322802010520229e-08
9.321582229025746043e-08
1.111945356622382753e-07
1.077560325512715273e-07
8.394717433024059644e-08
8.925725511774664724e-08
9.109130710039902051e-08
1.157760901186467896e-07
1.044375201265657585e-07
9.560859553201637084e-08
8.141186760846678799e-08
1.088666002124403593e-07
1.135985855930100829e-07
1.082813867353536244e-07
8.029687739885886622e-08
1.025752074533553666e-07
8.138611748245927220e-08
9.603777345463465080e-08
9.940796962864356003e-08
9.814088616677987595e-08
1.165575809601659390e-07
1.232125334156866926e-07
9.469251606640753282e-08
8.759660075484580379e-08
1.217446985458104542e-07
1.143902027363612226e-07
1.048080670593064670e-07
9.981885661350353751e-08
8.295007076932779981e-08
6.812205425712140739e-08
1.057000955374954115e-07
1.015940255192001354e-07
9.614883353521548852e-08
7.693976008211584962e-08
7.769940584994791836e-08
9.742273914575821483e-08
7.384072790275859130e-08
1.301090763906564144e-07
8.210247210275340255e-08
9.475836328725440297e-08
9.000830442465378609e-08
1.024181548276797139e-07
1.196635323981903755e-07
1.004695407859580581e-07
8.821149755204935371e-08
8.906381348405277282e-08
1.029597970972433213e-07
9.527403647351610876e-08
8.594119196433522453e-08
7.873551975197606436e-08
1.079649388973416364e-07
1.210199873553191911e-07
7.569727069795536643e-08
7.452995276023478546e-08
9.657194817264739979e-08
8.868633490350778187e-08
1.030518070458727269e-07
1.116986629908622300e-07
9.934467347192200991e-08
1.276142918998895408e-07
8.143915404344815301e-08
1.116715992413718952e-07
8.752381058014082875e-08
8.674310597129497849e-08
8.717560942433003255e-08
9.573706612563925236e-08
9.225667293615131339e-08
9.452593358320672565e-08
1.141318977797462541e-07
1.074651020746059366e-07
8.066513979104220596e-08
1.060989323768426363e-07
8.798128600359175454e-08
1.071954474773550077e-07
1.235363663979817186e-07
1.183563665682006946e-07
1.112912566371973852e-07
1.054048279572582886e-07
8.800744261489498238e-08
7.753898327593622409e-08
9.029038860511582553e-08
1.048204826409271695e-07
1.169645044187763213e-07
8.075126952920605781e-08
9.650949616213480508e-08
1.068570066746462681e-07
7.673544736231176424e-08
8.583170500584214422e-08
8.377081195652775035e-08
9.967840297240483822e-08
1.223643336679110355e-07
9.785507020578361141e-08
1.005099450387806925e-07
7.449881167401578745e-08
1.222250773163827264e-07
1.070891857652418276e-07
8.831532992729926769e-08
1.033355381180429595e-07
9.776604461654607501e-08
8.914180488267897439e-08
9.810208464989116481e-08
8.692722501735237357e-08
1.096816807901287110e-07
1.361578027345227955e-07
8.976804960726616904e-08
1.014437702953241957e-07
8.165871086670091702e-08
1.071358958477868895e-07
9.773026097405263735e-08
8.489958349345064576e-08
9.184261104185339578e-08
1.304399803059246918e-07
1.112987179356473789e-07
1.023342707230348892e-07
1.177301837482946456e-07
9.119464045722614300e-08
9.749107077851089193e-08
1.120694839923131012e-07
1.219923164038178551e-07
1.027253230098245718e-07
8.977744493213580966e-08
9.111761583943593728e-08
8.871315444724419365e-08
9.708383205631130327e-08
1.185448668235049369e-07
9.470332978459829434e-08
7.066556013790126282e-08
8.110798357758409575e-08
9.836416272252647443e-08
9.630020594185287054e-08
9.983983001994504981e-08
8.333014860441508987e-08
7.841382626595933979e-08
1.058053845515688402e-07
1.050679204092644818e-07
1.084035841004736144e-07
1.253390961354717355e-07
1.003619222147346615e-07
8.008250039844468478e-08
8.416887921222969201e-08
1.325014154558990723e-07
8.786714330834783025e-08
1.054989704771366181e-07
8.315129231807388326e-08
8.096994433275247134e-08
7.892635721222798221e-08
1.102149072719086584e-07
9.336124461821059285e-08
8.008018428523649756e-08
7.810587044345498366e-08
9.215838289270023207e-08
9.425885402699541347e-08
9.273394606935872817e-08
1.225100197630780782e-07
8.621035254383047151e-08
9.076754489504511343e-08
9.425213458965168838e-08
1.047401151874178489e-07
