3.003558071164775800e-01
3.449378442910850384e-01
3.843537727783405966e-01
2.651730482671722511e-01
4.165894715317677299e-01
4.252625397558985609e-01
4.477813103066225486e-01
3.497014093909906474e-01
3.014244348368799176e-01
3.513082528299226737e-01
4.557157103042264734e-01
4.870657769783484636e-01
2.647881345009457932e-01
3.338962010302753969e-01
3.673860334547320861e-01
4.248795728086017243e-01
6.953756345097401592e-01
4.431472316480755680e-01
3.825275203908631849e-01
3.428337750004227247e-01
3.947094874674720311e-01
4.260852694510681715e-01
3.998505282860571053e-01
3.885979835780330460e-01
2.976618517580895684e-01
3.366462690661765067e-01
3.541722636712368311e-01
3.100231782789043544e-01
4.803188529910429327e-01
4.832404718359398221e-01
4.835815811123925223e-01
2.563600286508232462e-01
4.468200425467558912e-01
4.098162632543238537e-01
3.037914627041078952e-01
4.445164916250968767e-01
3.259933353697490599e-01
3.602123744548801909e-01
2.565015756529012703e-01
5.661622986969058191e-01
3.881828473806606672e-01
4.640841712980214306e-01
3.105733705754556984e-01
4.278890758978065589e-01
5.412562002476425382e-01
4.043914091267490352e-01
3.273326454318523648e-01
3.352763471841467835e-01
4.031335744144849409e-01
3.864801553698150038e-01
3.849289949353907336e-01
4.198481926368220485e-01
3.687154110141258601e-01
3.363349360710947145e-01
3.815566183271295042e-01
3.878290318317086371e-01
3.621337713729296248e-01
2.994281730686637055e-01
3.509733150724185236e-01
5.822278981580412127e-01
5.413993591658082805e-01
3.595900627754100576e-01
3.243634790195367712e-01
3.904170285331651780e-01
3.537257175602839809e-01
4.106617932973257168e-01
3.511958779514490758e-01
4.070192252283783563e-01
3.817865496935074487e-01
3.651978014770480563e-01
5.080635404800117882e-01
3.375209178246201258e-01
4.357720126774782265e-01
4.358303355720873906e-01
3.401026449620274672e-01
3.610817681131396339e-01
3.962099457823198279e-01
2.800545050645455447e-01
4.017886531678234174e-01
3.890255777226420686e-01
3.573353336904918631e-01
3.885078776334416339e-01
4.162464866322306833e-01
3.537918728492567277e-01
3.997842038407025678e-01
3.515937691177163371e-01
3.732674624087891635e-01
3.213489083660621137e-01
3.358463413983930890e-01
4.134140569736358128e-01
4.449267360315438680e-01
3.827749229512345530e-01
3.249829598272396258e-01
4.266755981618122751e-01
4.017344570186149322e-01
2.894952500383923266e-01
3.653296522185116024e-01
4.018989283081550457e-01
3.212188631898730828e-01
3.601435703768921526e-01
4.321356556231956692e-01
4.165087197546684106e-01
2.961732335057772891e-01
6.176488474142799445e-01
4.653211790697301398e-01
4.141869186421151539e-01
3.573011530943505654e-01
2.465473773838854910e-01
3.583035749711404594e-01
3.980667375276281672e-01
3.949800538579289477e-01
3.508673492241992653e-01
4.292698136954206656e-01
3.609015461753765086e-01
4.797082522162554041e-01
4.066132131533574112e-01
4.971544251621659027e-01
5.286186819523399638e-01
3.345003341772879168e-01
3.586002290333943909e-01
4.042348455782529548e-01
3.888820951898862566e-01
4.069188666690580214e-01
3.197365851087644040e-01
3.587040223040220965e-01
3.379094415456916356e-01
4.433497736301550418e-01
6.119609149894219557e-01
3.487513764812456007e-01
3.181373649491450739e-01
3.474595072534106266e-01
3.560614100061921250e-01
4.192614418329123627e-01
4.205959000717759966e-01
3.847667838407962670e-01
3.338866605731448667e-01
4.785729463004076978e-01
3.515723283742904215e-01
4.762296775228087031e-01
4.230724868617447010e-01
3.182662175678504513e-01
3.407955547108950101e-01
4.319754963879228749e-01
3.321897427832646299e-01
3.892241535016442433e-01
3.821824175317148353e-01
4.502409165622849319e-01
3.057618973813791552e-01
3.218463556355432020e-01
4.524696700380784753e-01
4.709273713660770966e-01
3.186625172068249245e-01
2.668359254573849371e-01
4.104229235449698976e-01
2.978368480437889043e-01
4.036153387894827471e-01
3.314820207124100082e-01
4.256991381828141296e-01
3.990038441961471505e-01
3.649523250542843211e-01
2.620586811265303018e-01
4.774220115254165786e-01
3.726793051410255408e-01
2.538879527944113978e-01
3.873292592167997817e-01
4.310725409562312649e-01
4.068936001291055815e-01
5.486834907035735842e-01
4.486846997759393330e-01
2.894198850531622402e-01
4.104829855384940496e-01
3.876434782188986627e-01
3.772413076505470864e-01
3.460823314996195332e-01
3.860367273458488180e-01
3.905365406193727074e-01
3.093629899243766634e-01
3.018855816027378181e-01
4.635791538965374214e-01
3.485739520212773335e-01
3.662487007494887314e-01
3.866069624181127651e-01
3.634032049456268343e-01
3.797185756788343247e-01
3.787409230329192300e-01
3.995814295415651696e-01
3.849533511509111716e-01
2.652719122012188180e-01
4.296701851530028149e-01
4.696282389163389248e-01
4.112098546395556165e-01
3.740034518336791680e-01
3.342848533640846997e-01
3.355310922596254075e-01
3.988569663762794315e-01
4.322077345324536468e-01
3.650529584214869949e-01
4.199379054145976897e-01
4.214708364801472151e-01
2.879109776419486177e-01
4.335664720954905960e-01
4.759520024859237308e-01
3.352236430421077218e-01
2.623160769514845114e-01
4.408095153219727114e-01
5.097402222024550733e-01
4.488509992095383039e-01
4.458778207133811122e-01
3.552817900279022223e-01
3.328758389341062163e-01
4.236677632526893444e-01
3.807463962387767631e-01
3.662737981063558523e-01
3.043542154065424499e-01
4.993951800462224644e-01
4.758886316076066936e-01
5.070300742305150488e-01
3.907413909403258945e-01
3.462443185322134909e-01
5.780909194659403783e-01
3.756986456898777083e-01
3.469096465673339180e-01
4.731514019372592972e-01
3.760755399304775426e-01
3.056835085979472399e-01
4.364297366375321507e-01
6.986420173178585769e-01
3.619993725213317970e-01
3.408195314941995790e-01
3.503513481130586804e-01
5.459658577346401254e-01
4.336895530094420637e-01
3.836057046468390186e-01
3.399536730585037136e-01
4.606230199013522930e-01
3.846129091430491309e-01
3.562660806253983847e-01
4.205549535103599856e-01
3.283421086509127895e-01
4.189329614953107295e-01
3.540886427324402841e-01
4.932269063573175849e-01
3.269648911591798712e-01
3.435492370966115594e-01
5.022128000288538230e-01
3.519839624328536809e-01
3.619532871790714368e-01
3.681120901607162765e-01
4.074494429520413297e-01
4.663143129863144831e-01
3.393152373761307294e-01
3.552609867954397149e-01
3.730614678766572267e-01
4.410814915560096749e-01
2.837352209849690055e-01
4.157753097379098262e-01
4.564341871448142629e-01
3.903013481893382042e-01
5.549580380548653213e-01
5.215343548269163465e-01
3.960041991100382575e-01
2.983209478872486109e-01
3.226806864034930111e-01
4.526825721864211061e-01
4.343522356353967662e-01
3.917826446978719401e-01
4.127890456014779996e-01
3.625751430297092237e-01
2.801633596510199609e-01
4.732821900333421539e-01
4.001019964632442361e-01
4.857092050038077646e-01
3.491027152654700427e-01
3.648818427501629991e-01
3.325628840896991401e-01
5.278887932220733825e-01
4.338568078824718843e-01
3.143348125276703708e-01
3.760954421535656067e-01
4.026980716651534231e-01
4.632433842785736999e-01
4.629949601644338109e-01
4.447067537833708228e-01
4.671432615340362360e-01
2.741766322219739149e-01
2.742149827499465453e-01
3.936440908603370814e-01
3.324503303174263236e-01
4.132714911286733961e-01
3.928592600614040364e-01
3.823708565162566853e-01
3.660261258785520999e-01
3.885812620442198329e-01
5.300522567201455537e-01
3.892991011097939325e-01
3.315671369872328911e-01
3.614910725871755548e-01
4.421463090413433328e-01
3.846195048954471063e-01
3.809657213152172761e-01
3.756156065938067723e-01
3.286092127543747132e-01
4.771332158772455534e-01
3.736485825569028085e-01
3.042182507532057989e-01
3.674608687288012376e-01
3.565217597492527646e-01
3.312505515704176062e-01
3.594179887058763234e-01
3.830985624859727379e-01
5.734716083289491673e-01
4.757869967948461509e-01
3.850675303709023001e-01
3.827102427548051411e-01
4.118918952495116415e-01
4.178769359124147598e-01
2.849722252263495736e-01
5.280503787919491598e-01
3.963241899410775981e-01
3.074657898786682386e-01
3.874169291979320251e-01
3.774779009778257977e-01
3.034446513489981734e-01
4.417796586126072067e-01
2.910599225705277626e-01
3.847695846796787000e-01
4.417063194291060424e-01
3.327850949182365459e-01
3.984791120806838727e-01
4.173185631668985263e-01
5.481624764100322400e-01
2.970632113931357399e-01
3.615881240571179323e-01
3.382177275932707339e-01
4.302724659373834970e-01
6.098014261072300934e-01
2.987918472899288580e-01
4.485940599248778859e-01
3.401316919517918813e-01
4.400606805219851592e-01
3.611140773274726379e-01
3.772728817053345174e-01
4.275200911612698218e-01
4.141195960665398634e-01
2.826441057675908586e-01
4.642209677456778927e-01
4.039348896953751100e-01
3.714871275739320411e-01
4.142386878911189507e-01
3.494690489693605961e-01
3.723910472667885663e-01
3.653187676621095781e-01
4.020078553752364781e-01
3.265489411428294519e-01
3.907304201768929675e-01
3.839618759393295111e-01
3.813417083863770429e-01
3.404741402714155929e-01
3.839976612266814970e-01
3.457736403556725957e-01
2.976961307627613018e-01
5.362672112984110395e-01
3.644240777280526866e-01
3.537291481402903837e-01
3.436618815194907861e-01
4.285417592434899170e-01
3.745493253196396921e-01
4.703369894323952138e-01
4.095645577844705953e-01
4.172201022376174073e-01
4.186399183221307663e-01
3.011862099676022031e-01
3.176698546095403364e-01
3.326249170594457460e-01
4.587360557168516650e-01
3.730643074777130752e-01
4.406134835738315103e-01
4.382312696295385668e-01
4.272254232027487553e-01
5.145118223402237456e-01
3.404479612475314609e-01
4.276392278332620256e-01
4.365220100694953143e-01
4.083766380382559125e-01
3.779013754074828646e-01
3.659729942546539605e-01
4.172139824249623263e-01
3.964873449331376420e-01
3.838561751663087107e-01
3.597396658654608559e-01
3.350579165700002804e-01
5.179842131595868704e-01
4.557461500775059626e-01
3.566548850033006146e-01
3.221461850612268307e-01
4.116837084932656876e-01
4.384598274111065619e-01
4.316041401081762152e-01
4.274845055294579921e-01
3.163993227934034369e-01
3.123565899762962839e-01
4.266817862377762505e-01
3.326397651257844701e-01
3.680830774510265302e-01
2.871136323521004674e-01
4.933451770372857537e-01
3.918429205807246185e-01
3.864022265911961074e-01
3.424815799374527625e-01
4.184783179938872388e-01
4.320523387864405596e-01
3.918854681717708899e-01
3.120895503590480069e-01
3.284585844781803265e-01
3.896369270385207084e-01
3.878378079735078088e-01
3.541593390666786245e-01
3.380062540775478630e-01
4.491642676876834162e-01
3.291049305758882437e-01
4.308928336600198472e-01
4.519995688756409113e-01
2.763744578721884504e-01
4.108913176674653944e-01
4.482272057255026754e-01
3.712605949028468522e-01
3.531050504311011862e-01
3.672905457323548117e-01
2.552599895253204187e-01
2.716283882160845931e-01
4.549595591273437045e-01
4.162133980440385073e-01
5.974374462766437466e-01
4.077945131957169678e-01
2.319453247374886895e-01
4.567552000054255212e-01
5.154286263700791348e-01
4.016512082722051846e-01
3.629278983485700882e-01
2.683672677692598429e-01
3.526677186731897451e-01
5.081754223413373905e-01
4.358663194617554137e-01
3.153207725417076501e-01
3.724681771459514290e-01
3.504619567412039505e-01
4.483976853248653471e-01
3.362817484396825596e-01
3.950975255836062239e-01
2.600356040908022859e-01
3.700844754824742511e-01
4.820607721692000136e-01
5.604384177851982063e-01
3.879982206452454729e-01
3.868687981669124976e-01
3.783527876821793368e-01
4.312626428860301675e-01
4.365988880217481771e-01
3.030962741223574008e-01
3.133109897461489046e-01
4.039565803228866159e-01
4.095636813867528647e-01
3.464561723622985867e-01
3.408180350907926148e-01
3.637738310440476464e-01
2.778620451239123268e-01
6.394839132473377763e-01
4.015176074702265785e-01
3.876115230260796518e-01
3.887050017426468274e-01
3.707951607664249916e-01
2.632397464169378143e-01
3.384141402346121930e-01
3.952901721554700765e-01
3.883707568198958016e-01
3.554986619120704683e-01
3.488189175277935927e-01
4.729519742844783825e-01
3.841684652619287155e-01
2.871167128938816870e-01
4.409537477340125244e-01
3.710075867341970368e-01
4.786552069392130959e-01
4.289086644236993484e-01
3.565977756691146583e-01
4.449172072429613545e-01
4.396272632200157737e-01
3.398751591568925368e-01
3.919146204951376999e-01
3.648373219944589518e-01
3.822557682509327703e-01
4.402933319195480588e-01
3.652080575357343206e-01
3.426295986336809762e-01
4.717461148389316405e-01
4.030518590399409518e-01
4.100320847545091407e-01
3.528240550770778139e-01
3.544871402570003438e-01
2.937098396654129751e-01
4.462959039545799089e-01
3.416942061762173743e-01
3.666376795728129578e-01
4.465458157737093314e-01
3.389098713198228641e-01
4.037202150648193655e-01
3.939669721896248977e-01
3.302751319985130496e-01
3.753358641944724017e-01
2.758705833714268363e-01
3.566921817459459687e-01
3.266604610066354830e-01
3.494971870750435694e-01
3.412223377079272590e-01
3.551699109574633084e-01
4.167507876442745340e-01
5.504404238517001113e-01
3.670136051734194105e-01
4.053291618459565759e-01
3.693952375143266798e-01
4.563679769528911634e-01
3.858065091753646314e-01
5.432516937156794956e-01
4.656090619643627471e-01
3.677927385164951879e-01
4.661397641971314343e-01
4.031692747464373228e-01
5.047734603218475558e-01
4.092502439746839027e-01
3.892180597596570091e-01
3.450830897364256522e-01
4.058406793213197306e-01
3.177714597419141751e-01
4.379453941652596272e-01
3.502200852519247176e-01
4.160477047080655133e-01
3.414774841788520421e-01
3.292819888204563394e-01
4.927086086809024934e-01
4.594326616342309100e-01
3.675554502501011678e-01
4.142227626447819167e-01
3.859776148794022421e-01
4.942210837734095086e-01
4.050212238535985110e-01
3.369557779796704122e-01
3.988647329570733091e-01
4.025009218394196009e-01
5.177628344150667639e-01
3.558613201739682652e-01
3.812249609329266820e-01
3.159187330891874979e-01
3.599117812267547123e-01
4.782614824064563286e-01
4.440358875449808562e-01
3.272398932345884637e-01
4.788464509550045545e-01
3.493437207986863080e-01
4.366200983843840921e-01
3.826942216433405486e-01
4.685785155732516416e-01
3.597408666803321720e-01
3.678220698941663258e-01
4.070087347078593099e-01
3.673999275550012267e-01
3.634918835463676334e-01
3.509315950897295422e-01
3.842421527655406344e-01
4.344376506894770951e-01
5.217488971512903584e-01
3.476850688429125591e-01
3.291501015237797700e-01
3.209181934101602574e-01
4.859734956696737940e-01
4.870940052038907897e-01
3.737868213882045154e-01
3.144219809479321670e-01
4.638645421396721535e-01
4.559191198710557114e-01
2.749644893791170497e-01
4.580048218592293607e-01
3.388028533383192209e-01
3.202556307155111082e-01
3.280545821683255592e-01
3.673731222188976742e-01
3.905972656056447279e-01
4.704199617608059159e-01
3.668184979559985237e-01
3.534594115592483710e-01
3.907621245936905297e-01
4.676161918787560823e-01
4.406666725467972001e-01
4.515486804947209110e-01
4.766558768271947355e-01
3.383667231724973301e-01
3.640498900375759850e-01
4.457101537256122348e-01
3.724160859939324442e-01
4.529030887115413906e-01
3.297458897175048476e-01
3.306414911297035908e-01
4.138468834377204697e-01
5.360259629852069940e-01
4.371856466870284730e-01
3.537722972156240875e-01
3.575164580656654545e-01
3.786626051571043705e-01
4.700771013052528202e-01
4.559477700764063557e-01
3.520930613032686729e-01
4.396702944773150934e-01
3.329131137327869250e-01
4.664681981346608386e-01
4.221689750607897085e-01
3.904948115055982827e-01
4.041739137212937427e-01
3.896482173797502502e-01
3.193573053730437428e-01
3.546692282125137874e-01
3.834628421621343319e-01
5.198768082366964638e-01
3.920082822092168517e-01
3.316090849265191931e-01
5.229807064097563574e-01
4.254570282432243444e-01
3.700157637983365611e-01
4.547886382807793670e-01
3.347107740270916509e-01
3.124002699651384218e-01
4.569123693108437245e-01
4.878010559177255456e-01
4.432424821359887135e-01
2.952611670545801648e-01
3.434475089880433263e-01
5.605256450413339531e-01
4.785528712701953014e-01
2.765556345809417893e-01
4.177157143654393612e-01
3.774390237046176266e-01
6.121682680383639941e-01
3.076027685348578511e-01
5.000955338172106135e-01
3.730484021351064272e-01
4.549484726091829745e-01
4.213722781164151998e-01
3.985958937844975014e-01
3.658389835354582953e-01
3.667531308368228160e-01
3.791800416482977165e-01
4.635434804884283611e-01
3.030895777726776985e-01
3.399412612178664417e-01
4.961362052936905687e-01
4.168187773095375914e-01
3.259046706080543365e-01
3.879391915501838595e-01
3.166920339744355717e-01
4.807418926294914074e-01
3.637590666667950834e-01
2.905385137865911793e-01
3.265731208233887406e-01
5.096849303748628435e-01
4.435004263888558396e-01
2.909850265703585181e-01
4.044644433276475826e-01
4.077186542421792903e-01
4.025558721749023516e-01
3.257603701280770703e-01
4.673392042545000957e-01
3.923642615060181638e-01
3.946244415935747929e-01
4.025706563246980729e-01
3.886429349997549965e-01
4.523139689359735316e-01
3.190796726706386921e-01
3.582365002154703770e-01
4.763466938883911261e-01
4.671454901188006326e-01
3.055947712630944224e-01
4.117937133052403942e-01
3.688407180509696848e-01
3.941294739490847077e-01
3.442231660787806735e-01
3.391245676952639454e-01
3.396136145616095448e-01
4.020959384500541467e-01
4.928823329054087266e-01
5.123989042026121377e-01
3.553585243611458999e-01
4.111731850616655581e-01
2.702236139214422295e-01
4.790640886174594715e-01
3.326355083931024081e-01
3.654273155291304365e-01
3.630457814089349533e-01
3.322740845388837405e-01
5.108025087584678881e-01
3.850276195116170141e-01
3.680654857715228157e-01
4.132822044080431412e-01
4.580407650522895779e-01
3.674267404214104915e-01
2.787816785785204865e-01
3.236930730644990151e-01
4.394900794775088437e-01
4.340761023356471404e-01
3.775400776372989098e-01
3.354099661056482717e-01
3.343491971862614931e-01
5.055445022444228220e-01
3.524106372674178922e-01
3.957011870777357165e-01
4.817100066071385300e-01
3.450591910453716937e-01
3.699718352637070273e-01
3.576191444278544740e-01
4.060105130410994745e-01
3.182264694696833041e-01
3.140370660465660602e-01
3.430305616817055925e-01
4.794655712846288553e-01
3.421955827013015705e-01
3.573092063463845225e-01
3.905665399469300803e-01
3.336306930161092033e-01
4.213776680544608078e-01
3.877629819567727232e-01
4.280680545304029194e-01
2.819359588558791319e-01
3.156780430555220507e-01
3.890827302708341762e-01
4.662385478989456433e-01
5.246979465237548990e-01
3.351667822347382808e-01
4.084175265596138860e-01
2.943640010662902928e-01
4.639797837903661959e-01
4.749898660756820545e-01
3.048424530564564638e-01
3.571189632009644788e-01
3.810965341591986411e-01
4.325866199864568662e-01
4.899209524429090079e-01
4.460105114456845987e-01
5.315499535963903455e-01
3.768287322629745306e-01
3.797150140248312100e-01
3.105814896301475891e-01
3.373342531338068273e-01
4.471985127629237722e-01
4.409458730756858347e-01
3.820701091692043083e-01
3.608763736606002692e-01
4.635001491082332281e-01
3.323340049517370942e-01
4.245510688968058277e-01
3.785621053543896108e-01
6.756880711584821730e-01
3.595758316639421914e-01
3.464822098901937930e-01
4.842995159550280149e-01
3.510995779048804999e-01
3.409166639481317485e-01
3.826613547333639898e-01
4.244142861509978548e-01
4.843232162438314004e-01
2.769971556696435022e-01
4.937055149369895535e-01
4.948330963348070433e-01
3.657770131015204984e-01
3.781140675922735062e-01
4.318498548389200220e-01
3.490909198449626549e-01
3.774846189017369569e-01
3.344310662043826765e-01
5.154675605749299283e-01
4.769980285505029394e-01
4.694366084970050812e-01
4.229276918664906515e-01
2.784339015603392031e-01
3.721061463194785257e-01
4.247562443395277998e-01
4.023499244445987721e-01
4.803210817706741742e-01
4.356685804887666658e-01
3.699177501155360703e-01
4.980163755188983798e-01
4.138245733751337307e-01
4.183541281498741604e-01
3.809595963283826103e-01
3.899305807430075155e-01
4.217594906682062827e-01
3.305752989699474731e-01
4.940345049472770755e-01
3.574553034839086929e-01
4.420476514690802605e-01
3.440090132555622682e-01
3.287870007059827127e-01
3.137683894420061903e-01
6.058673141950500218e-01
4.263837403526081760e-01
3.847742787406834286e-01
4.457714982574247364e-01
3.304194407762439112e-01
4.387075584091146285e-01
3.034741734021341730e-01
3.454594313340314526e-01
6.734505149364724552e-01
4.103768608679949637e-01
3.476475895960323137e-01
3.286610063036535800e-01
4.360970983396524892e-01
5.025482908038944041e-01
3.749360912471812468e-01
4.172986621394839668e-01
3.141718503508732496e-01
4.459570802516881205e-01
3.912086148017285825e-01
3.651921176670651636e-01
3.849130305247749906e-01
4.494097447376060317e-01
4.837304230053279253e-01
4.300849230206539309e-01
4.057410623607933808e-01
3.996462202065173552e-01
5.508517575715555781e-01
3.011930669495052060e-01
4.710406525982820392e-01
3.938606012177131577e-01
4.509465156047621215e-01
3.232258923018251351e-01
3.326692125691690372e-01
2.736211654211769817e-01
5.327443257663271314e-01
4.239835960100269419e-01
4.375429441101117423e-01
3.241594112558954244e-01
3.901837317300108077e-01
3.633866780092995241e-01
4.525041923595223836e-01
4.271344029950380761e-01
3.515021557365379246e-01
2.815101993090953769e-01
3.686747137015170539e-01
4.234257152198940832e-01
6.082541462145683031e-01
3.307118761968822485e-01
4.486570783887156022e-01
4.480384610155931924e-01
3.173018638350224019e-01
4.127747698810341204e-01
3.803675656731887456e-01
3.750926624544940191e-01
3.671057853642738511e-01
3.640412764357076614e-01
3.872275536948466268e-01
5.992030788724648227e-01
3.941098717166008902e-01
3.242278755836037751e-01
3.370255499443442493e-01
5.341278062934406989e-01
3.405442029627712142e-01
4.416714728514082311e-01
3.528057916548428818e-01
3.070289213508343162e-01
4.181613618746352623e-01
4.361118859340437637e-01
3.358706736355026035e-01
3.493262071646253686e-01
3.320121555328203189e-01
4.964850135014739485e-01
5.076013225176974064e-01
3.025333446891417810e-01
4.562536873440301011e-01
5.662854615180186180e-01
5.498685015661517461e-01
2.906640775566247670e-01
5.159758338576253545e-01
4.366818630581115190e-01
3.912470103386621600e-01
3.575161874690724328e-01
4.501793364785003360e-01
3.926758009106797176e-01
3.705317455477934452e-01
3.780029038689818321e-01
3.993331058982210191e-01
4.857255794102176560e-01
3.101565841554340675e-01
4.335374066846651719e-01
3.408773062890118610e-01
2.915070439644509293e-01
2.936747653373121270e-01
3.749323511510987417e-01
3.355785677800283695e-01
4.885457551864607062e-01
3.801499619279919973e-01
3.754824645054279930e-01
3.729653526369349770e-01
5.330819886360957938e-01
2.976361973696093899e-01
4.590318770238417945e-01
3.650590068946758526e-01
3.847527573141083512e-01
4.624678123678755415e-01
4.738276713831513498e-01
3.880686292659424330e-01
2.915317979222755151e-01
3.387546217666486115e-01
3.860469354386976693e-01
4.707125773282869741e-01
4.232864842466099176e-01
3.648068376264674839e-01
3.691700563359048837e-01
5.064708032330004217e-01
2.835674964692571076e-01
5.046052527576204705e-01
3.611526310218816649e-01
5.550219609528534992e-01
3.065473099916352639e-01
4.036364685496944271e-01
3.158372253357538129e-01
4.376992603863045783e-01
4.888829858744841994e-01
3.338438038168270450e-01
3.874022578232651504e-01
4.055461224102044904e-01
4.121869997776779204e-01
3.685268995659070068e-01
4.651692676242547009e-01
4.432846799320519504e-01
3.622830754681807264e-01
3.342086955521983982e-01
3.726750561628603964e-01
4.176278488783877751e-01
3.259528878986931999e-01
3.771017030691851679e-01
4.233629476673648750e-01
3.646455278173338921e-01
4.835000554075102874e-01
3.549220645121039519e-01
2.530664979330434772e-01
3.165322136083790205e-01
5.553742916095304460e-01
4.435215581391732664e-01
3.388374041357408162e-01
4.259777803770836702e-01
3.653179618420215324e-01
4.508506558870067904e-01
3.594583570253142568e-01
5.602907554395833989e-01
4.472351404558094212e-01
4.428191818795003676e-01
4.010633761177588852e-01
3.579549082177225783e-01
3.264058066406008152e-01
3.300198711306854826e-01
4.341014160817240342e-01
3.776626750769193630e-01
4.893513075432125436e-01
3.787693917911771346e-01
3.352260783257342003e-01
3.511854727709665669e-01
3.548683698845773171e-01
3.237499437125605506e-01
5.911455088887437315e-01
3.029832476901965221e-01
3.185087610909951295e-01
4.246814852411255892e-01
4.493717976922007584e-01
4.055808002203951657e-01
3.490195462874102761e-01
3.628137138201079082e-01
4.363955571238294917e-01
4.515632784791802634e-01
4.304753875674154351e-01
3.507870899968522083e-01
3.812147775112480486e-01
4.187807570076864105e-01
3.873744737140017436e-01
4.519872231025199305e-01
4.183157318983646289e-01
4.436607200827582531e-01
3.442980124512834972e-01
3.636367828693516935e-01
3.771788784315160958e-01
3.578903044759343399e-01
5.281946922808354872e-01
3.991529945362284337e-01
3.407840724560958212e-01
3.964830255390432434e-01
4.471721004428310109e-01
3.990646481002043111e-01
2.947371755192210729e-01
3.279977245732991764e-01
3.435681587819152671e-01
4.381652535983117658e-01
3.765276385772408640e-01
4.499620362239579174e-01
3.361921656998164143e-01
4.464129064374949829e-01
4.522424083975294939e-01
2.838467088178081577e-01
3.279288455536963354e-01
4.546171221279351471e-01
4.831906295880518676e-01
3.169426508303427314e-01
3.505744267203366737e-01
2.828281751007771794e-01
3.337328451587094902e-01
3.947217945056334387e-01
4.365791604834237671e-01
3.618419729762664683e-01
3.600857676115379324e-01
4.234466215545260037e-01
3.947662301024925102e-01
3.402461348338482461e-01
3.834564425420842193e-01
4.564181044053529646e-01
3.289102536569708524e-01
5.259314979424178915e-01
3.649857826988991971e-01
5.053037764179711955e-01
4.801173604726637900e-01
3.630460008665513105e-01
3.587214918069087655e-01
5.117916615829796179e-01
3.788009335845502479e-01
3.439043882419360876e-01
4.068777419492863312e-01
3.942317261573088372e-01
3.274125177061112391e-01
3.381104079609783541e-01
4.190572224407890234e-01
3.571754358672156737e-01
4.209260306841208221e-01
5.319705699244031694e-01
3.493908015707761772e-01
4.732261106822675534e-01
3.469707063137972836e-01
3.834057782369099665e-01
3.364069140277343162e-01
3.941962636639579909e-01
5.271335971464572445e-01
3.639249226017750027e-01
4.271560907173173050e-01
3.658108382107416734e-01
3.670511257218727619e-01
3.533957791056085984e-01
3.958731561336653604e-01
4.878490153347159186e-01
3.385785857792911746e-01
3.593513713809520782e-01
4.997240980454599191e-01
3.521414526955511937e-01
3.351736670357202685e-01
3.959251635185563334e-01
4.403216669767623936e-01
3.291320167709412270e-01
4.329866494432083601e-01
3.211772857842397633e-01
3.952613724118659855e-01
4.207897993514059798e-01
4.545265731152002830e-01
4.824993475566641821e-01
5.165286825606634213e-01
4.522634958916099679e-01
3.490456049445506692e-01
2.892734186341877067e-01
4.156805430235933074e-01
3.525566654401336431e-01
4.320520187805051981e-01
3.329767564579943495e-01
3.535309711180646963e-01
4.995514689076664405e-01
3.287368255302194897e-01
4.279255618777487169e-01
3.303414280662076430e-01
4.253634474754592332e-01
3.170860036603408427e-01
4.035918867731581594e-01
3.297034473671880406e-01
4.527934366635198993e-01
4.055724520426099433e-01
4.865444040419755201e-01
4.546919526818027357e-01
4.047364710946377286e-01
4.117124497504712211e-01
5.140702503515418575e-01
3.443045240422540343e-01
4.361738045515090589e-01
3.435736659474802335e-01
3.221311234456573636e-01
5.462800617162292260e-01
4.210833154539420642e-01
3.134620526140232677e-01
5.699411961599949450e-01
3.692570085577882022e-01
5.506999548142910150e-01
3.669467793741729156e-01
5.048931645655355682e-01
4.256090250073103487e-01
3.558754502708053047e-01
3.573191920619059325e-01
3.514847641549206370e-01
4.781625635791787454e-01
3.882256234626803582e-01
4.686791545615390242e-01
3.562213658373843961e-01
4.577800863082380767e-01
4.529403759502587667e-01
3.911946740250031862e-01
4.344041828151095630e-01
3.568696315820072407e-01
2.807921282204094982e-01
4.329641321220737415e-01
4.091549913234500124e-01
4.141671091229847668e-01
3.149027361555512550e-01
3.106156639774482198e-01
4.143901945113231400e-01
4.355098595810008577e-01
3.354738190816211607e-01
2.799559678484593306e-01
3.644858053617984206e-01
3.266321010541785586e-01
4.251924592510862855e-01
3.980492866599386059e-01
5.814118592912833616e-01
4.738438970160885333e-01
4.025984259924810793e-01
3.685715124497570550e-01
2.821698995146927347e-01
3.514783602807121099e-01
4.694746791333043179e-01
2.918220975262996175e-01
3.710039649955343410e-01
3.347398086623183944e-01
4.541054211028033860e-01
3.542276832468960190e-01
3.536722886244467734e-01
3.137561715311321664e-01
3.722366211107862033e-01
4.098339319417123594e-01
4.296142700000107895e-01
4.761956905147972652e-01
3.176482394470773185e-01
3.366027171982861610e-01
5.177446354495967018e-01
5.062990650319131314e-01
4.012827161092951678e-01
4.407164430148226564e-01
4.049018961303278985e-01
4.830090392577193747e-01
4.477140341145240954e-01
3.612202175136312032e-01
4.605896050861855717e-01
4.219715651700242098e-01
3.936182361355541892e-01
2.614027531855190878e-01
3.513171838839205807e-01
3.879610047550882124e-01
4.073699431453662867e-01
3.316009517936256978e-01
2.983708322512609867e-01
3.634110681444102098e-01
4.261351373014356514e-01
5.169006198492656079e-01
3.393029713408009518e-01
3.294600557708002309e-01
3.970959259970566202e-01
3.225589602716809057e-01
4.083351418442386360e-01
4.200514179068076115e-01
4.807268282680043914e-01
3.278270578858813455e-01
3.660172268525695438e-01
3.365074478600773578e-01
4.354055304770232948e-01
5.066037477436240444e-01
2.781543517359382767e-01
3.508171956774376321e-01
3.346790746768220082e-01
4.378513988506281263e-01
4.949695415261516351e-01
4.201927397264837993e-01
2.667430916107477734e-01
3.401519822544139537e-01
3.196869175229397064e-01
3.521517540036269156e-01
3.797915356340354487e-01
3.647559205999358900e-01
3.682767379066720359e-01
3.226736604011741227e-01
3.370103813945929394e-01
6.094993810334571327e-01
4.628860232961167220e-01
3.861526416566988806e-01
3.137586272318763081e-01
3.811040740985520703e-01
3.858741536623936930e-01
4.706719227926792759e-01
4.789649884967228655e-01
4.155522268895873728e-01
3.592783807824813658e-01
4.272613589786854460e-01
4.092659305074066722e-01
3.883188259038612977e-01
4.688078609294216714e-01
3.168050357814768958e-01
3.664493863002004637e-01
3.976653045261139274e-01
5.462471872724472544e-01
3.510309992966570425e-01
3.017972432753457945e-01
4.115285183454184814e-01
3.215842617812202930e-01
3.566651405334811953e-01
3.699015682099792146e-01
3.447388521198813116e-01
3.485090649626117476e-01
4.021713878289739363e-01
3.157297425106178612e-01
3.777078080388331371e-01
3.407674626323069500e-01
3.767007216727237817e-01
3.079059046525061127e-01
5.594214636560691511e-01
4.420118687803486490e-01
3.765415722202490878e-01
3.158575431598278360e-01
3.480902768938818337e-01
3.518305025107101858e-01
3.795958523524754491e-01
3.285109484581755224e-01
3.684454718288490138e-01
3.592431722286884010e-01
5.211294221158520035e-01
4.479462005849428885e-01
4.085228080732598577e-01
3.516824808865880447e-01
3.069504114100067849e-01
4.923938484031518126e-01
2.811684778539458862e-01
3.995906130940632961e-01
4.126411132012517413e-01
3.811978252594163674e-01
4.090555783122337141e-01
3.558777551824134910e-01
4.214244306097355564e-01
3.893420934548187384e-01
4.276617520387995253e-01
3.240478110759725805e-01
3.341538200522788382e-01
4.719194556162176202e-01
4.172181582189558036e-01
3.785256497643689766e-01
4.782616188421228154e-01
3.569080896160637950e-01
4.513577075810757400e-01
5.226987146410607687e-01
2.702645256041988908e-01
3.285184136878783745e-01
3.331564956130023125e-01
3.320862014248407434e-01
3.075624370270234054e-01
4.247284883146521528e-01
4.695212442994051161e-01
3.175795376778770551e-01
4.481866063087926455e-01
4.773952064632313586e-01
4.509735936719422300e-01
3.452242148212972261e-01
3.218874227150815837e-01
3.030584184376809986e-01
3.408793838369788554e-01
3.816349296425345372e-01
3.943128598566754128e-01
4.658872257657259430e-01
3.411924054839374221e-01
4.129293166995474107e-01
3.802379122575397785e-01
3.115259332882518994e-01
4.152337654737988104e-01
4.631395112856191432e-01
4.497426958851989953e-01
3.207279046450197124e-01
4.632277342123507502e-01
4.458325137771206315e-01
5.055436864456857027e-01
4.545028624953689755e-01
3.636139321578534256e-01
4.119480532554750662e-01
4.304998579024101879e-01
4.258828887807255548e-01
3.760407546770933584e-01
4.491991586792057345e-01
3.550918167392850266e-01
3.429370317579650274e-01
4.565348546640529692e-01
3.469784906603142205e-01
5.012855227721962903e-01
4.751119812671492637e-01
3.974433800521551263e-01
4.551025971465943454e-01
3.687714734675897055e-01
3.515946688332836634e-01
3.885243277705254239e-01
3.445398699542597809e-01
4.490904037130050153e-01
3.952925149762085977e-01
3.633459520241335561e-01
3.251438916623605180e-01
5.017781116180755063e-01
3.346419969982480924e-01
4.473484561804518256e-01
2.908862494863963533e-01
2.744368224176002014e-01
4.559030886232658397e-01
2.993906525751307002e-01
4.606788826831518802e-01
3.418462400618400010e-01
3.749986235834520953e-01
3.870140537685966553e-01
4.822212949365605184e-01
3.814458809280197871e-01
4.573023061796177569e-01
3.083436890012938303e-01
3.370463295772007095e-01
3.862975334883740341e-01
5.234756242839577745e-01
4.784215294676683605e-01
3.802546930446954465e-01
3.038851293302532453e-01
3.347724123932845353e-01
4.590884807798762957e-01
4.795952702355773534e-01
3.286915496260826020e-01
3.243111387073249197e-01
4.471311291188656556e-01
3.850934354369991430e-01
4.058277006339180981e-01
2.824750031453571730e-01
4.229011040138053734e-01
3.498801892492938714e-01
4.781624259866232296e-01
3.625392983068280728e-01
3.900598619367243725e-01
4.111120283529881014e-01
4.406793644964263623e-01
4.288492116147918920e-01
3.308318437422776981e-01
4.958638971166877130e-01
3.346129525137460647e-01
3.497798590354270765e-01
3.274038089602010482e-01
4.509191345611511248e-01
3.966138073749149728e-01
4.336237016597466742e-01
4.869803459990587613e-01
4.115861990252035474e-01
4.131241784339902412e-01
4.181540655754764080e-01
3.480609686294014460e-01
3.997759447462858051e-01
3.972694051694264372e-01
3.487923499854482245e-01
4.458718320750512665e-01
4.150358562705524501e-01
4.305683115164861130e-01
3.746194639053423980e-01
3.645471683991238221e-01
3.850459357858570519e-01
3.183402075465904257e-01
4.517700087690271760e-01
4.340437190507326348e-01
2.665066550497620645e-01
3.600191892579362452e-01
4.359455364925856613e-01
3.654456251808412270e-01
3.662199791407390048e-01
3.867311909989227803e-01
3.525679848799679328e-01
3.622045762730591867e-01
3.750480784292544167e-01
4.481273065722408133e-01
3.725744403815756667e-01
3.506428730718311182e-01
4.240468532651781586e-01
4.460111188406739036e-01
4.788956583195131955e-01
4.854988080589736077e-01
4.014233601326684386e-01
3.297573928993114967e-01
4.630530464254469236e-01
3.539089810390680935e-01
4.373883628632510012e-01
4.015755820859813752e-01
3.512910854800641580e-01
3.129411457676504194e-01
4.116476754069744448e-01
3.330356209111910437e-01
3.850290827802633209e-01
3.536034441088914959e-01
4.607400761354867313e-01
3.829164423896344593e-01
3.959911944104320680e-01
5.012939383873384891e-01
3.932862724549536226e-01
4.592816735466593303e-01
4.079313593508636093e-01
3.522348003915720671e-01
4.321195503554307038e-01
4.561884405488318417e-01
4.222920587646145085e-01
3.856896389863512242e-01
4.175916326326757910e-01
4.570839791515979300e-01
2.982300959499296078e-01
4.306759462933789639e-01
3.913727267843257196e-01
2.901253999694799468e-01
2.353758805396402864e-01
3.236169559025400821e-01
4.130988209446552206e-01
4.055302271604696029e-01
3.371897247965900402e-01
4.317811992945443378e-01
3.548652338690794217e-01
3.900886926096286400e-01
2.941957429163832294e-01
4.585242394864900706e-01
3.332815856325137549e-01
4.654812438337415648e-01
3.078084021270298676e-01
3.557975628348605257e-01
3.805927095259800108e-01
4.642774258386539454e-01
3.389174959934604381e-01
3.683559999020568076e-01
3.879971936682510836e-01
4.309343243191912642e-01
3.583152875626426370e-01
3.505847336006107096e-01
4.162701341232463159e-01
3.720290379974668382e-01
4.305782638626087788e-01
2.861608905402158731e-01
3.466053586654743168e-01
4.185702335254689044e-01
2.992453005866853588e-01
3.085625017698035988e-01
4.458504892661985797e-01
4.108164630100510917e-01
7.542258586988215274e-01
5.203422700519151345e-01
2.875074385955100342e-01
3.733692259178263417e-01
4.491621617363640850e-01
5.487180736961101424e-01
3.923766263013013234e-01
4.592085777029223936e-01
4.298481321307996428e-01
4.601241418688252205e-01
4.341128425465169971e-01
4.876868600275119370e-01
3.064325049385799860e-01
3.736988895003688915e-01
3.496089823511960848e-01
3.481168269189933717e-01
3.449577978950490453e-01
5.292679004983780189e-01
3.638211646441767977e-01
3.032952017587016158e-01
3.945740753434445747e-01
3.800237394960139792e-01
5.026741832891763462e-01
3.309339979066404092e-01
3.305576152586819916e-01
4.067959807975554676e-01
3.512317286058723176e-01
4.746172216467160476e-01
3.129775539876006873e-01
3.552578604767465675e-01
2.983540991617701921e-01
5.717603982221507453e-01
4.451642276513780860e-01
5.017785946401721597e-01
3.757966358582369715e-01
2.717937385603465539e-01
6.024573419858941792e-01
3.494554659458409818e-01
4.356939540313419790e-01
4.771390642333181997e-01
4.947179229944053125e-01
3.159813146305821552e-01
3.650180061685886490e-01
4.761428660025993631e-01
5.899320597886609230e-01
4.250478547216694492e-01
3.137193127914567059e-01
4.473375104799769963e-01
4.629286798766579225e-01
5.072816368038068902e-01
2.967524955058761793e-01
3.207733685332546103e-01
4.836547219383982577e-01
4.217994573053030494e-01
4.024999137842438790e-01
5.290223488603469360e-01
4.389752944639547794e-01
3.529373760182732966e-01
3.822863865769776659e-01
3.434276109945266775e-01
4.113599954176673235e-01
4.795673118104101795e-01
3.216516058010542300e-01
3.430525046708154391e-01
3.503799121353864954e-01
5.745409813298936186e-01
4.137100466843446900e-01
3.571286688776769136e-01
3.676035775713269449e-01
3.217223629975640709e-01
3.914842194161894384e-01
2.999716529841108814e-01
4.535532335447479690e-01
3.530334732076904070e-01
4.011217101862032397e-01
4.005410079326688910e-01
3.600441107244424788e-01
5.105633601996004689e-01
3.549939802147488166e-01
3.686527219000316768e-01
2.915882883522289970e-01
4.378312195243715399e-01
4.541517833923518488e-01
4.638177217278391939e-01
4.223650399993401638e-01
3.954443112001235217e-01
4.117264638092794637e-01
2.911953866370828869e-01
3.930758335995080954e-01
3.608084364608667993e-01
4.313857955972540403e-01
3.185760908647751743e-01
3.520134297996044270e-01
4.452025308617969523e-01
5.056033662630265990e-01
3.755643072422930051e-01
3.180610758316975706e-01
3.899592910845823268e-01
3.243974807150507567e-01
4.036742798630441054e-01
4.390063804785739321e-01
3.416472604541688218e-01
4.016540786202472679e-01
5.092494895310343272e-01
6.429464430861286939e-01
3.455078994095672207e-01
4.612025187993014641e-01
4.011151850138582886e-01
4.272335269450543427e-01
3.517547338358307241e-01
3.852416518761644926e-01
3.372288899861772826e-01
3.347809357388928375e-01
3.481077029864910743e-01
4.050710331627347949e-01
3.128925010058786205e-01
4.111296627437577289e-01
4.171315812243165944e-01
3.360119704597793189e-01
3.743623674686359926e-01
4.547741912335224734e-01
4.851694988197534086e-01
4.140797621813741558e-01
4.229157621274236001e-01
3.914918740012627296e-01
3.002830739742434751e-01
4.608378407983192426e-01
4.379926826531893580e-01
3.998407804243016561e-01
4.810570095809491020e-01
4.289001368953555549e-01
3.926869426135122798e-01
3.247858192836166058e-01
3.889322731530790445e-01
3.068340826446745995e-01
4.165686987307177236e-01
3.819369967471407112e-01
3.705370442012487220e-01
3.499118993113863318e-01
3.737882203302794748e-01
4.324455227378454225e-01
5.519694760187539018e-01
4.139348443594428884e-01
3.120056493823737398e-01
3.681478869319860792e-01
3.482110345528581230e-01
3.611597067634629288e-01
4.963852191609001707e-01
4.564313114476759026e-01
4.454247648319155650e-01
3.488685754115166127e-01
3.884457720118782431e-01
5.040666707831371607e-01
3.780098513250061965e-01
4.099097807870832888e-01
4.010586315113098821e-01
3.223361463789304326e-01
4.503752978236271187e-01
2.770972241100108646e-01
3.762375345151959816e-01
4.171743126616734298e-01
4.190653662469782104e-01
3.534665275579186861e-01
3.740375022190691179e-01
3.363710948542302792e-01
3.330530598063237702e-01
4.266559907614248526e-01
4.853550575281491697e-01
3.245770587716594324e-01
4.791562815660113661e-01
4.766368537315716636e-01
3.090141375513887345e-01
2.671484619088018153e-01
4.128813180398874794e-01
3.561573333194263391e-01
4.054670820341998438e-01
4.087546872816709698e-01
3.572230469731818570e-01
3.551435197119882647e-01
4.056003937823240979e-01
4.360708860005493293e-01
2.747913019240338373e-01
4.343270234772468874e-01
5.926445243016148501e-01
3.624095615953117355e-01
3.549050765590471834e-01
4.005248877134367502e-01
4.615445304376646352e-01
3.188112115537490299e-01
3.137368596544633514e-01
5.013136898440920808e-01
3.261620676270204355e-01
3.263909909000847209e-01
4.521959970808647755e-01
5.111617733883033754e-01
3.310921012496815252e-01
3.156139654887896717e-01
3.854562255853366537e-01
3.807696354563973595e-01
3.799325643077078318e-01
5.895999652655549150e-01
4.000751945802933918e-01
3.696432542840121238e-01
4.597598027666006115e-01
3.957451991510285150e-01
5.038720078672478397e-01
4.691878066372980327e-01
3.124683622816331052e-01
2.957749571250860021e-01
4.834871242061519192e-01
3.249415361698848592e-01
4.335417010511566915e-01
3.893665802317096691e-01
7.014052514928490467e-01
2.884064522485981774e-01
4.195125215439970412e-01
4.038206255833736713e-01
4.384742769515724281e-01
3.519819009778696883e-01
3.726650365214728144e-01
3.240233897333771873e-01
3.320582866238783182e-01
4.321095414987670136e-01
6.003177667431409681e-01
3.958059529111466190e-01
3.024824076299159059e-01
3.474458760628350573e-01
3.719223495565991411e-01
4.424569204072912321e-01
3.949716818474160451e-01
3.585103080189391278e-01
3.666165976502951396e-01
3.578963719456837445e-01
4.367937675653468799e-01
3.717895824667482585e-01
4.782800955317549896e-01
3.761573976797609187e-01
4.183871806956359629e-01
3.428255751584743938e-01
3.083064250344024759e-01
4.879230134628552706e-01
4.559880445896553058e-01
3.821350163519255938e-01
3.157858202975269979e-01
5.097556388023384288e-01
3.317309471912555097e-01
4.825115604942599723e-01
4.033208686251364417e-01
3.935804095931633717e-01
3.145441487014051241e-01
4.743430191168197529e-01
4.057379424007947488e-01
3.585571752588138650e-01
3.664977686718060568e-01
5.068694823829460461e-01
3.253810699822843877e-01
3.369678876966413217e-01
3.794474414428562481e-01
4.882230884593218301e-01
3.875274205278589901e-01
3.296818657626776061e-01
3.353830305305793846e-01
3.328167122055480376e-01
4.901010594155121303e-01
5.592545867185931829e-01
3.589722950455401795e-01
3.727972981545678022e-01
3.807982295953549201e-01
4.946511556005349641e-01
3.839949225752707362e-01
3.649135690470721727e-01
3.561522262708489150e-01
4.430481121206553685e-01
5.756193797867756867e-01
3.654914243522354167e-01
4.080452459742459626e-01
3.832813797529280309e-01
4.678479336832577773e-01
5.318903231362542838e-01
3.932048202371001833e-01
2.635161420296700530e-01
4.414444957961135008e-01
4.795802114252277204e-01
3.305740196285055776e-01
4.055687711078229118e-01
3.515854603816087609e-01
4.015848253082615615e-01
3.516962798839172732e-01
4.919010924081167468e-01
3.052694705140602816e-01
3.001537383181674401e-01
4.050693941347798255e-01
4.858143692893236443e-01
3.996195222035298089e-01
3.537630882445977343e-01
3.168974464872448271e-01
3.981848669586012246e-01
3.633718891044819266e-01
3.964379525979179197e-01
3.726068806372895281e-01
4.493424470662359393e-01
5.052490062332453125e-01
2.950474507716575601e-01
3.806164962507158078e-01
3.300450019632480969e-01
3.577662368619859978e-01
3.459604922333331944e-01
2.546251319710380878e-01
3.262353691204860628e-01
3.878551742089264009e-01
3.584756375743300416e-01
3.794269462564028306e-01
4.352239389380466172e-01
3.201699148164753317e-01
5.177283534427512546e-01
5.666335416156047522e-01
3.699291238061406251e-01
3.825662596227039081e-01
3.630443429982009307e-01
6.011909907501155059e-01
5.475993931060112452e-01
3.772849220714242224e-01
4.499843267199707952e-01
2.905497002295790998e-01
3.854744367767730107e-01
3.673891880432534895e-01
3.236304560398110541e-01
4.099858785808405126e-01
4.169130908438036243e-01
3.383142307216283062e-01
3.718730707328575247e-01
4.084023335545340361e-01
6.318765680800522144e-01
3.036052751748077871e-01
4.125099946767125658e-01
3.973530998699438821e-01
3.717020780071645381e-01
3.678391270696637627e-01
4.278681576969801115e-01
3.391100863060408366e-01
4.081338723284341219e-01
3.498539448797359230e-01
3.772594776578481190e-01
3.848318366993008222e-01
4.582142521960106407e-01
3.330354047050529953e-01
3.115994193579302296e-01
3.229894163114117034e-01
4.239913493577946446e-01
4.264578482887653177e-01
4.343805588810981111e-01
4.258059021802312327e-01
4.276365472641908694e-01
3.683900877419170050e-01
3.989034978328470094e-01
3.980306269168310540e-01
3.516074545033148202e-01
4.490052839471819213e-01
4.731350231898142078e-01
4.153578403571613342e-01
4.595968267675762386e-01
4.167068645661252679e-01
4.248091587371858324e-01
4.810691904327322188e-01
4.950524216229832963e-01
4.561963049965424011e-01
3.400456583781893416e-01
3.489118859059117672e-01
3.191989446341511605e-01
3.978820943934981424e-01
4.478814468280652439e-01
3.066366329446203465e-01
3.141554360957193315e-01
3.954011172761721093e-01
4.436936173643666881e-01
3.000630068647641147e-01
3.912072133864727408e-01
4.191950129404203862e-01
3.643934762369421820e-01
3.300567460027266087e-01
4.170740708153366505e-01
4.370812131516577659e-01
5.401034710419928553e-01
4.301273530527373046e-01
3.645258416137264756e-01
3.623062179233684788e-01
4.250508464380503004e-01
4.715531396668666830e-01
4.377716440154822974e-01
4.087126061701222279e-01
4.179620809132194581e-01
3.046651413177208778e-01
4.028840466693920930e-01
3.695724519785655859e-01
2.920125888737957753e-01
3.961996472514643375e-01
3.654307569518256416e-01
3.976084448343658040e-01
3.679034641407792350e-01
4.848871652998616999e-01
3.572034029260675037e-01
3.475441490081820906e-01
3.028611159093674843e-01
5.411844456848293738e-01
4.240878708015445309e-01
4.075907655844338562e-01
4.199579785106743457e-01
3.276783841273046005e-01
4.423339236760479576e-01
4.683605713493452227e-01
3.311446918089122615e-01
4.378554575784360803e-01
4.818828283449521632e-01
3.339982006528736669e-01
3.473436254923957245e-01
3.318112885606328000e-01
3.859951292002768430e-01
3.920563574479738467e-01
5.237313232580536049e-01
3.435939358784421693e-01
3.948346004069300808e-01
4.045322896469888962e-01
4.171010362232419055e-01
4.327423382027144050e-01
3.557863836010620173e-01
4.761353602455688505e-01
3.149053890566227420e-01
4.923181431913590256e-01
4.689656659147145024e-01
4.090527376147076177e-01
3.508894955744795707e-01
3.736820650478640538e-01
3.935134164603992235e-01
4.525327477397571019e-01
5.089702302699066205e-01
3.244336694703263690e-01
4.261809206588819121e-01
4.669556770793320544e-01
4.153207808753514585e-01
3.316295160118345464e-01
2.730930451807199733e-01
4.471535821717967374e-01
4.329444958219136330e-01
3.525316770577568981e-01
4.719507791236920990e-01
3.066435398619972719e-01
3.667760207025378971e-01
3.354091520405442783e-01
2.943314278879458068e-01
4.383800911798959588e-01
3.081172966603532570e-01
4.232328097513453069e-01
3.725708476721907303e-01
4.508247581444639884e-01
4.272397101820134546e-01
3.442710821562218748e-01
4.679547860322718633e-01
3.279564618296496037e-01
3.981032495582572106e-01
4.852116837333553812e-01
3.855745834939844352e-01
3.948153491365600232e-01
3.504246445063766702e-01
3.328300379503202344e-01
2.963488749203254669e-01
3.041010711462717175e-01
3.552390441263301168e-01
4.501745562065698758e-01
6.375352908584930312e-01
5.001517330937600425e-01
3.611296842719573519e-01
3.409976584461468230e-01
5.364143370013638723e-01
3.942706515994984229e-01
3.827211379216883258e-01
4.455039979964092178e-01
4.607234828245948544e-01
3.758092434412658722e-01
3.581699310686146109e-01
2.789226800924232696e-01
3.397305345684956124e-01
2.969987912992149703e-01
4.032355604251077752e-01
3.234027506635839266e-01
3.650709202642921092e-01
3.365440033855043866e-01
4.012663314626271349e-01
3.393270863869689014e-01
3.955821977868376194e-01
3.912991842873663195e-01
3.990282976046681807e-01
3.537715690791807255e-01
3.296974966847104338e-01
3.742008714271402026e-01
3.019120934710790571e-01
3.818845264655630345e-01
3.682612194243086723e-01
3.663642661621387964e-01
4.056788592470420007e-01
3.693844315479142826e-01
3.442822852488095497e-01
3.899854388433772745e-01
3.614649532471106430e-01
3.111749015744585956e-01
3.719035426234719166e-01
4.201699713969765937e-01
3.835275014758798839e-01
3.594874133323979204e-01
3.328621640950855110e-01
4.859410160935997980e-01
3.623405118711944817e-01
3.445552703416166485e-01
3.750194470854379958e-01
4.315818774812246739e-01
3.589223641908984574e-01
4.512083960754350587e-01
4.927683870406768807e-01
4.520223433764377075e-01
4.104190150812006554e-01
3.496637382964148943e-01
5.092866654113358260e-01
3.744176723612039903e-01
3.709976809433003786e-01
2.696944130602205170e-01
3.127164061603724954e-01
2.869111630041130678e-01
3.832380166819230327e-01
3.722664069769877071e-01
3.546083889638544373e-01
3.251041422886307153e-01
4.428527651488754491e-01
3.271807576739926282e-01
4.235401379384869380e-01
3.659851391079160243e-01
4.613600896039751764e-01
3.080269583869444383e-01
4.174406900455693847e-01
4.781128105983513676e-01
3.975397569576790691e-01
3.184434183512961369e-01
4.343002724769691736e-01
4.358320496991456294e-01
3.461322353128094553e-01
4.047935457635588041e-01
3.263726187135776446e-01
3.959668871731782391e-01
3.794443702969914067e-01
