8.665258801677388993e-06
8.900706603866346666e-06
6.798665498909701327e-06
1.039694518748761405e-05
8.261746502424870399e-06
8.078076190489858662e-06
7.577351922781276459e-06
9.926758306444190570e-06
9.742690419303492742e-06
8.415298205641044568e-06
7.704719329346846680e-06
8.208662457204753636e-06
1.056949148889028141e-05
8.937120571270055840e-06
8.699101717762502920e-06
8.017886420255374718e-06
6.822398656806517132e-06
7.198019566488952717e-06
9.118863033815160051e-06
8.541701752499556631e-06
7.539288747511856837e-06
7.160637694609205830e-06
8.804488912855392056e-06
8.213170121869373355e-06
9.305665213347874340e-06
1.017738723415196642e-05
9.079333135688553999e-06
9.895614981235436821e-06
7.915959891669347015e-06
7.008380650221784992e-06
7.624581613242064150e-06
9.109183719367090404e-06
8.669916306393269200e-06
8.609903089352436876e-06
8.444921257210500980e-06
7.016389718489038324e-06
8.401148665590176716e-06
8.365651831678617891e-06
1.067817440960264395e-05
6.664855358104692824e-06
8.170690901831827326e-06
7.864057419968446258e-06
9.526746586198450497e-06
9.066004593933395722e-06
7.374065110406426854e-06
7.935399671773848927e-06
8.819320580520498466e-06
8.703933787167757058e-06
8.612540419027814336e-06
8.628896634601360306e-06
7.087216001489305956e-06
8.005701692038607825e-06
8.283222478194963442e-06
8.946600729879074958e-06
9.799272449100483349e-06
7.921995281320576407e-06
7.547498090942594152e-06
8.465804503927829131e-06
1.010828014959413278e-05
7.146105634000418403e-06
8.250218686124790432e-06
8.757255112675162132e-06
9.249135897729188828e-06
8.618351007281037257e-06
8.745820738055549932e-06
7.638188747712423246e-06
1.010409649616738340e-05
9.009930829259097892e-06
8.272510202945351817e-06
9.830053294948850012e-06
7.931010763326393280e-06
8.724586005398120124e-06
7.734681787398018171e-06
8.835499210236045039e-06
1.010675838403756016e-05
8.511733433376130709e-06
8.002226685668749811e-06
8.582722870615096860e-06
8.384345525394137346e-06
9.205173055947634797e-06
9.601251236472005312e-06
8.945814834509126297e-06
7.266483817680728898e-06
7.984065688211428291e-06
9.849198471087685416e-06
8.954807246067457316e-06
8.893888891261414830e-06
8.724904023739337767e-06
9.255672514331594118e-06
9.574171589042460831e-06
8.484257224220298943e-06
9.742518429930052489e-06
1.098729416857817521e-05
8.821018263635326998e-06
8.035025973692201494e-06
8.923668291147358390e-06
7.832034978417764458e-06
8.583504011099364909e-06
9.956224212306364000e-06
8.176324193959801784e-06
7.263393940874338991e-06
9.067080057702031019e-06
9.088859176080859944e-06
7.522147915313328295e-06
7.486639548768773374e-06
8.945338077129267909e-06
8.837305270247989146e-06
9.322329373301302557e-06
1.032112096631426806e-05
9.188072453220093977e-06
8.779366455914692388e-06
7.790037879745387970e-06
7.908060814821700821e-06
1.113354544847926555e-05
8.967461088628325222e-06
7.951465098521340563e-06
8.124306885854987187e-06
7.745031719052609148e-06
8.955811691324662682e-06
8.884567356241992428e-06
8.123139955867013164e-06
7.898169938250720101e-06
8.083444675397099142e-06
8.712526758014640848e-06
8.753495189638887668e-06
9.669666805368553890e-06
8.128183999051808383e-06
8.861766823678420072e-06
8.936156400153919769e-06
1.054212955268096101e-05
9.788856619810260565e-06
8.937873369190240920e-06
8.782559475925738452e-06
7.439070807933071315e-06
7.714679268728085577e-06
9.109195057723710169e-06
9.591852343279040646e-06
9.616062806605037437e-06
8.062993374330049381e-06
7.135151160572102744e-06
7.846595032927309809e-06
1.025215055640312719e-05
8.866572107322190672e-06
8.067374090464765995e-06
8.641673359211638188e-06
7.572279455344519662e-06
9.316784496508312917e-06
9.306828627694336797e-06
1.003063168478923766e-05
7.898899504041975337e-06
8.462577244321530445e-06
9.392911474299405188e-06
9.526278973108111495e-06
8.069141796385956446e-06
8.841487414080448064e-06
8.597043632207179077e-06
1.010338067294660494e-05
8.039570335145625857e-06
8.621561821649037367e-06
1.046357793447201744e-05
9.737313022505766704e-06
7.895355820359916234e-06
8.160219512729206297e-06
9.502902851157427392e-06
9.272788530107129419e-06
8.609492897029391483e-06
8.373667668309636285e-06
7.274763930587090840e-06
1.002210276657645443e-05
9.597679730339442927e-06
8.907177510417988714e-06
7.594896636388056274e-06
9.580321667392112224e-06
8.366237932825271401e-06
8.173710515039332302e-06
8.857083694916142164e-06
1.021060223116160061e-05
1.133687610880611446e-05
7.810912281571115369e-06
8.240230528361081774e-06
9.893864471317758289e-06
1.019455665017053554e-05
9.190045476079509608e-06
8.217344808415235025e-06
7.966143838953510754e-06
7.102752678994220663e-06
9.102878839311532490e-06
9.340323053757963032e-06
8.482609241233182942e-06
8.116602887245401033e-06
6.631450375632967429e-06
9.163931676129938845e-06
8.506030049843135338e-06
8.813833167028543248e-06
7.502371113689762731e-06
8.228767945902584725e-06
8.399878537231916139e-06
7.373083380490793795e-06
9.611292592210483464e-06
1.035783180524559575e-05
9.004010127464873381e-06
7.720889720050745780e-06
1.008075806259285342e-05
9.066530653145500412e-06
8.616976011358608498e-06
8.059654066181626015e-06
7.522550531712879868e-06
7.264602364764342600e-06
8.825874102774456553e-06
8.896726849383477408e-06
7.518275289633022573e-06
7.914949665730100341e-06
8.493138147318932089e-06
8.563121810397933894e-06
9.005329054472378133e-06
8.470303157432598727e-06
6.913965625005981246e-06
7.994449039680618684e-06
8.009284675871838427e-06
6.510438601804604336e-06
7.670006479800301017e-06
7.758899471849567945e-06
9.060855541852971831e-06
8.633587046024583051e-06
1.071599184125724044e-05
7.178554835693551356e-06
8.093134931536206838e-06
8.332826697062640457e-06
9.157576430094922372e-06
9.310772915549148373e-06
6.150758317778168253e-06
8.262472624309412551e-06
8.071518875231851233e-06
9.068615271295761779e-06
9.321752135723807399e-06
9.040148777052961872e-06
7.931844819708382200e-06
8.633622274678193795e-06
7.641396474092733096e-06
7.951824162821394127e-06
8.073698786277291406e-06
9.422308173736420060e-06
8.337473571493667063e-06
1.082084575763024893e-05
7.833161598545701457e-06
7.610121282668591169e-06
8.778986258895898334e-06
9.739954614703804576e-06
9.712981529346695906e-06
9.009077282397730491e-06
1.095672203407351796e-05
9.726189731884694851e-06
8.043997423211102688e-06
8.255381807668785399e-06
9.463312600287746048e-06
8.520311178565401347e-06
8.535687825296295997e-06
8.141824471939454469e-06
7.109512912488115979e-06
8.279671778463097915e-06
7.396761133292546117e-06
8.616607030701077413e-06
1.086476713610851926e-05
9.466101097949675497e-06
7.947023676057999960e-06
8.026572543194136961e-06
8.627179306147324719e-06
9.165504653710592457e-06
1.054187041807809292e-05
8.240126919976680680e-06
8.340975358112064184e-06
7.825167173422429187e-06
9.027095140455753793e-06
1.011985824872871222e-05
9.075362939034153101e-06
6.160000413331383865e-06
8.344364833353601433e-06
1.042291927904131989e-05
8.589820536399646520e-06
7.727971437496152936e-06
6.596245116188212647e-06
7.287676413814807160e-06
7.981677136901583802e-06
8.220325934978658629e-06
1.128914179832569036e-05
9.526189394515566737e-06
8.364477686691627678e-06
8.178891539300919958e-06
8.565741150557748730e-06
7.472500763745784073e-06
8.624783237430200475e-06
9.523782668737283314e-06
8.065676668368361270e-06
7.450038843353100306e-06
7.578758190884744894e-06
9.741327504615294100e-06
8.644787829626074675e-06
8.319904124377652907e-06
7.789873380439165564e-06
8.383243921671466761e-06
8.256570291161149480e-06
1.043826344867149050e-05
7.243130730139472057e-06
7.875582476367955340e-06
8.764969515204407258e-06
7.105417032523654967e-06
8.063374101518213619e-06
8.638022691577911490e-06
8.986252008083765014e-06
8.604067554931405223e-06
7.432519758221481627e-06
6.736735333238042062e-06
8.390083796947395787e-06
8.807643505911174427e-06
8.011934511172681049e-06
8.338043305325358386e-06
9.183415530176778567e-06
8.554111382332400262e-06
9.196778077667152552e-06
8.432320886345510128e-06
8.644460423051593726e-06
9.149433509328051118e-06
1.023229734735415979e-05
6.923397710760300183e-06
8.888538686524229162e-06
8.685800120130248608e-06
6.990267743335786940e-06
8.279257764834585981e-06
8.771162050538958764e-06
9.382802536119217416e-06
7.191784276876562675e-06
8.129097724043915716e-06
9.910399358217746352e-06
8.540492892136835481e-06
7.855320889195844031e-06
6.321814604030096999e-06
1.053029368226679119e-05
8.855368664926759707e-06
8.639446641053324878e-06
7.268700412424337014e-06
8.811170173831747951e-06
8.757092979392454532e-06
1.051397804557910491e-05
9.709908764723986180e-06
9.725031674551078340e-06
8.667564683038225465e-06
7.046170390822955118e-06
8.324541427892063035e-06
9.629766809934324658e-06
9.343977608550862698e-06
8.023635353639312892e-06
8.627676229926930661e-06
7.374148313073538204e-06
7.818458121983100107e-06
9.292657043409029786e-06
8.620851860760193631e-06
7.355997849420377044e-06
7.876630219171339237e-06
9.059541492776113835e-06
8.216674959453568294e-06
1.028481626734138478e-05
7.810664650204495686e-06
7.962912523150749239e-06
8.575208970564524383e-06
9.295958834557043574e-06
9.621727901435153034e-06
9.171270955945467874e-06
8.988319281675780613e-06
8.785023550456594639e-06
7.382585629836758134e-06
8.031203322803690540e-06
8.912656265787063313e-06
9.138293279345332900e-06
9.462986642559216555e-06
7.907763737418777299e-06
7.468698891583680726e-06
8.445464743700538998e-06
9.567920311379311517e-06
8.668427924596396698e-06
6.569466086514940511e-06
8.142239263293381260e-06
8.240986295093644050e-06
8.197635550349535426e-06
9.496218356099423789e-06
9.392067286778378764e-06
8.495241432669750587e-06
1.008753684736283919e-05
9.751942617457357639e-06
8.195814938025253578e-06
8.947473943528088956e-06
8.639834402223935098e-06
7.373345821574935763e-06
8.365010207264516348e-06
9.213561739935547453e-06
1.008301538865676752e-05
8.447671057543506277e-06
8.110635746499696684e-06
9.353374100131987804e-06
9.402671594844848310e-06
8.075108169986376934e-06
8.210774259236989787e-06
7.506409401582552354e-06
1.012295752865333556e-05
9.274556234466164111e-06
8.241831113184178961e-06
7.811849463568945961e-06
8.158444198881630138e-06
9.969273376472095061e-06
8.083663548037420762e-06
8.600706836401830210e-06
8.606891509787905104e-06
9.292466094182213310e-06
9.414238103584878208e-06
8.137923779426763587e-06
8.354641439963048183e-06
9.330925445493579409e-06
9.487080944937366990e-06
9.100420294349393751e-06
8.270813330674694293e-06
8.849490306309124594e-06
7.175961533985110857e-06
7.981176380727515116e-06
8.782174142109920280e-06
9.263504984819247501e-06
6.636845356311322219e-06
8.565880484249639614e-06
8.527356505084393243e-06
9.694716308893148790e-06
1.123252265967485969e-05
8.852359131706199555e-06
8.596563878967439988e-06
7.724142530708926122e-06
7.153846481355435736e-06
8.316072758000089314e-06
9.825245450811876722e-06
7.516055346428546509e-06
7.624479469638319342e-06
7.722952868704640065e-06
9.551414746565576247e-06
8.964270388003788386e-06
9.156421263645372891e-06
6.845236678633452296e-06
7.645730036680566010e-06
8.413626641793343531e-06
8.829388701587108287e-06
9.221833658588786438e-06
7.399183042480957513e-06
8.414025974242385914e-06
9.851515586493923582e-06
1.104229304061860286e-05
8.996135069426900569e-06
8.317671195830018399e-06
7.167473052580650043e-06
7.696316289196917813e-06
8.645414716955939226e-06
9.211414825050131123e-06
7.259869752037513513e-06
7.182813210338666992e-06
8.123938164970140083e-06
8.778722529506968064e-06
8.904594739512149918e-06
8.412713399045270468e-06
7.942480809137488618e-06
9.186839399039621823e-06
9.343483852292935190e-06
1.033050566892746068e-05
7.012538904199135620e-06
8.191373729617223520e-06
9.042601847942914606e-06
7.770728001671897261e-06
9.119380823457434940e-06
9.018042014334744070e-06
1.000832521127860315e-05
7.773581456673708047e-06
7.739155857978068749e-06
1.072323132239519593e-05
8.145370844927056898e-06
7.860801004875561039e-06
8.489732012533218126e-06
9.274119672783638526e-06
9.372962678236161483e-06
8.918828518213877893e-06
8.701767418448490846e-06
7.799408318509069472e-06
9.364636722775197881e-06
9.562156332734386986e-06
9.293625441764248723e-06
8.322110979421264666e-06
8.098555772550959279e-06
7.326872391088214677e-06
8.182277191104917258e-06
8.111886003180664021e-06
9.068585655086028939e-06
9.256457143720829575e-06
7.332723534003843134e-06
8.186382175387017310e-06
9.735627051241904552e-06
9.356767618359672202e-06
7.956151537124155562e-06
7.955557997076454573e-06
7.416299938035316221e-06
9.664931399577780306e-06
9.437847222569216375e-06
8.480888436910081381e-06
7.580593121541402952e-06
7.673175097928011256e-06
9.493849937986743241e-06
8.391179204692655018e-06
9.391718158667532499e-06
8.008373233798212561e-06
7.819086593790913826e-06
8.374851069615611178e-06
7.850981913711292337e-06
9.706520423664276502e-06
9.315991901386098359e-06
8.776003833674170625e-06
8.610809994667939095e-06
7.870418246104341303e-06
6.325278681318428786e-06
8.760101882422456878e-06
9.268582360992474474e-06
8.453639077461608419e-06
7.999651019606479957e-06
6.831612920976310733e-06
1.060431244649565816e-05
8.575970988774038117e-06
8.445476885193814454e-06
7.606856966053326576e-06
8.148828160407815336e-06
8.698744845880610369e-06
9.825561262773695859e-06
6.971785673830551290e-06
8.285630660361799712e-06
6.976518169394969962e-06
8.494832325846250940e-06
8.681331167901475441e-06
9.019122731433227864e-06
8.244792708563003790e-06
7.129208035654568318e-06
7.653986453885159376e-06
9.221533120762046324e-06
8.970924851309919606e-06
8.188924111277604427e-06
8.543558372539111070e-06
9.183517876219719796e-06
1.010246239170205298e-05
8.600727480993436907e-06
7.690953836711575831e-06
9.259398585560872261e-06
9.453849894398468816e-06
9.334595702678863272e-06
7.693597048876501862e-06
8.864551261147346383e-06
8.728900973002918465e-06
7.023666988192200544e-06
8.902880210400496578e-06
9.085419303729524605e-06
1.079735606715633193e-05
6.660657695551629344e-06
8.044688457755590005e-06
8.149221235350193805e-06
9.385586551625606252e-06
8.636679094379400045e-06
6.520081550411378319e-06
8.609950126125013879e-06
8.357392867782900144e-06
1.021990433006866262e-05
9.954915576260147468e-06
8.251652848482591275e-06
7.894148773398070062e-06
9.699123839908193592e-06
9.171933138902877772e-06
9.425406128454741280e-06
8.276544773802429011e-06
8.949442548775474754e-06
9.359979407562326229e-06
9.328010101729800619e-06
8.474735119621238063e-06
8.331510715444925857e-06
8.916409597210670502e-06
8.330752132244813202e-06
9.289675235978085276e-06
9.299037808381202270e-06
9.570708943066896598e-06
7.222224632022125833e-06
8.794465197011546855e-06
7.414466847213652656e-06
9.293571363665629657e-06
9.523040902829729397e-06
7.914012070474288379e-06
7.723871545950078188e-06
7.977155762892628601e-06
8.603471352915707129e-06
8.046420792606924290e-06
1.006611095518023770e-05
8.948345343917723136e-06
7.833546222328004830e-06
8.303100964266373087e-06
7.783435388496267213e-06
9.156035031752409841e-06
9.870558335930685226e-06
8.578690109142809897e-06
6.511637136129067996e-06
8.097221115973438847e-06
8.865688374442412989e-06
8.653671840263138583e-06
9.072182512122921658e-06
8.107949412951290848e-06
7.139020867181465962e-06
7.717705739433599119e-06
8.907267023955794261e-06
8.769633185813194257e-06
7.789751480783951555e-06
7.936333917022826522e-06
8.626961195685404343e-06
8.425796452983385046e-06
7.936131926546638753e-06
8.588553541334778075e-06
9.618848398097109510e-06
8.101456265995901022e-06
7.094122414093744281e-06
7.503198211124865338e-06
9.086471987953041957e-06
8.922404850157255823e-06
7.586638857633362270e-06
7.436635050515676162e-06
9.193612763047616994e-06
8.983259308996572608e-06
9.317263308508801702e-06
7.589880750110808645e-06
7.714589397934176735e-06
8.605794433569689236e-06
9.008135825469040290e-06
8.773469818136240525e-06
7.453126231874690077e-06
8.762176508713139544e-06
8.800260080133502850e-06
8.415220990728702056e-06
7.952059604223203409e-06
7.598205085586375571e-06
8.732488348147201106e-06
8.477654437117280978e-06
7.817329525443773212e-06
7.579065222471939908e-06
8.316692790664731793e-06
8.811287862311957195e-06
9.023865409474372649e-06
8.852065669840460184e-06
8.075871779563131492e-06
6.695980487574715218e-06
9.173534573353362109e-06
9.041139571419033345e-06
7.570347242334134404e-06
8.365017286586591259e-06
8.283203997433429033e-06
9.086064179566553974e-06
9.880880788419415034e-06
8.637968341327899544e-06
8.558392911681672098e-06
1.069701365593637323e-05
7.625200705636749160e-06
7.394877205726471703e-06
8.502964482221617978e-06
9.746057156975595364e-06
8.893394291007214171e-06
7.405650489033207461e-06
8.216804957144391086e-06
8.212645199585622590e-06
9.032334964000517639e-06
8.449470276401308452e-06
9.077499150993514169e-06
7.310826361803055599e-06
7.747142520685407191e-06
8.633882919699615351e-06
8.649727830402282106e-06
7.788651228794574681e-06
6.851301102418677295e-06
8.574408580718077911e-06
1.017077034596521225e-05
8.758854925797323948e-06
8.805798298949889857e-06
8.621301809474187723e-06
8.338710845407336182e-06
7.700633976866693448e-06
8.005672159940773001e-06
9.674340616030417604e-06
7.044296244834893246e-06
8.282375192632951619e-06
8.804757176944172852e-06
9.046509310688998423e-06
9.937993542980490662e-06
7.895588146208298359e-06
7.923643897824609583e-06
8.634649075954668518e-06
9.504306865147076704e-06
9.617102992748677656e-06
7.506197728053257658e-06
8.013986942776938550e-06
7.931582118897817802e-06
1.033523770174461652e-05
6.736672096346474398e-06
9.035967980524563128e-06
8.801299319630712255e-06
9.591467768169398498e-06
7.492144954994306602e-06
7.622513562482180426e-06
8.329111852463812177e-06
9.731522469692227513e-06
8.709311196277781222e-06
6.859613816492430728e-06
8.338157209749125416e-06
8.041358347716829149e-06
9.147617748413689086e-06
9.363064738680536731e-06
8.946859883267810752e-06
8.118568895256218155e-06
7.925855001912607200e-06
8.784744817731065015e-06
9.672300908881684251e-06
9.100203737813089826e-06
8.578104176067232378e-06
8.249928884382130178e-06
8.025807128510914932e-06
8.420965131715981881e-06
9.397135272006790067e-06
9.744554196116407020e-06
7.269270532370326458e-06
7.797856479864422228e-06
9.734499320089597243e-06
9.410184339815167744e-06
7.993217628035621092e-06
8.483218743399036649e-06
7.011047875501709054e-06
9.976808785526482566e-06
9.466701599782062883e-06
8.334561935368825554e-06
7.521369229457306920e-06
8.011838030455624304e-06
9.523936181536754030e-06
7.847354737954208932e-06
9.177723407660922994e-06
7.627494337534573001e-06
6.911102284307046074e-06
7.822162858894556568e-06
8.472196151419918359e-06
8.098455238293245442e-06
9.612155014902495532e-06
8.965035447796358434e-06
8.486713831455025548e-06
8.177556572530256043e-06
7.444606003879311377e-06
9.019248797635643868e-06
9.333112552747529716e-06
8.241425943870741579e-06
8.965550071235841093e-06
8.527988869804780072e-06
8.089813965615041396e-06
6.108216471891192536e-06
9.134916322498233364e-06
8.950352213235594670e-06
7.298902365178524595e-06
7.778749220833506664e-06
8.087351457852489796e-06
8.542508453334710165e-06
8.023181547724933765e-06
8.617083830613097743e-06
1.028353205517593447e-05
7.642003129473856992e-06
7.374690964981928588e-06
9.239974223651150470e-06
8.378045586800605442e-06
8.667197577350762907e-06
7.647744603222121444e-06
7.630353196409608911e-06
9.050804879321432312e-06
9.110237566949306817e-06
9.547496734787206031e-06
7.379725104467176206e-06
7.618859338341182018e-06
8.322482988849833299e-06
9.542837622268413546e-06
8.519948662594002255e-06
7.734911776060361042e-06
8.160059985960836084e-06
8.451166296369758894e-06
8.640007677650590837e-06
7.990834164871381390e-06
7.993800338378977550e-06
9.039344668333705401e-06
7.743934728940054388e-06
7.311736490353712314e-06
8.110415820004199263e-06
9.133876393721161456e-06
8.723506137479197160e-06
8.406162419782042889e-06
6.719574750575996058e-06
8.756715125842680120e-06
8.685547524641523399e-06
1.071222246513777772e-05
7.554442819819048292e-06
8.530066389276937230e-06
8.036444656660654396e-06
9.582940072898303710e-06
9.178952418023908879e-06
8.061097292862305497e-06
8.400336695317792873e-06
7.558704057183367327e-06
7.083371219549361549e-06
7.956411803622821105e-06
9.852856006446828523e-06
8.369591864002612683e-06
7.312248046535717065e-06
7.984302550653779077e-06
8.359322900701180025e-06
8.665651084881700211e-06
9.652070081343460512e-06
1.054909959858850151e-05
7.981879707638583167e-06
8.730837859427953784e-06
9.314274213364101632e-06
9.253372431096424370e-06
9.347210366115878095e-06
8.191041364220378202e-06
7.476952629854280745e-06
9.339285453281583559e-06
9.837752738855941553e-06
8.192663557927652035e-06
7.076896372425063926e-06
8.134583648469461220e-06
8.554712963850702432e-06
8.504080530471548241e-06
1.043504277769375016e-05
9.599489657035955933e-06
8.206571227176866662e-06
8.044937867430770548e-06
7.638359729416270455e-06
9.096555130916279523e-06
1.066698260219585000e-05
8.734988618219275883e-06
8.744759030007730384e-06
9.411110830992844682e-06
8.633966395317031739e-06
9.200881581224684241e-06
7.681887209221599662e-06
7.244468127044678395e-06
7.691344430713427025e-06
8.974536097629454934e-06
8.868517769579464834e-06
7.697297125981183939e-06
9.044678108800560255e-06
8.079744418995776054e-06
8.356251869915897298e-06
9.008094236687837385e-06
9.266617439454728558e-06
7.741157461881039047e-06
7.233838658146672581e-06
7.453251241826565999e-06
8.946951563057467592e-06
8.703140290738213761e-06
8.855626573376525743e-06
7.065213274598987189e-06
7.881552575374703315e-06
8.843148422599661824e-06
8.517877614777745346e-06
9.650423001973279681e-06
7.653016770848565962e-06
7.340762745841403508e-06
8.259638699716696138e-06
1.041885490888414380e-05
8.802013212316392885e-06
8.138947046761092028e-06
8.741708175708892245e-06
8.720049645400552494e-06
8.442246277118639123e-06
7.941918037018263970e-06
7.411174719348171796e-06
9.162736236505230703e-06
9.155877693553924980e-06
7.786456000976095740e-06
7.388253655915693620e-06
9.048440637081850885e-06
9.287665162848030405e-06
8.523619562744117208e-06
7.467661089207765615e-06
9.398038192649867505e-06
9.578898560119913352e-06
7.872956867019711483e-06
8.381295333055369299e-06
8.237097231816439065e-06
9.332434417671675545e-06
9.953607719621412620e-06
8.838468008816844851e-06
8.978572950087846869e-06
1.050540141261951214e-05
7.424684075952725058e-06
8.448557745975468787e-06
9.893862399518520452e-06
8.719263614739790992e-06
8.151973817426137446e-06
8.145281128941920872e-06
8.339633708463348665e-06
9.168423580364620315e-06
8.806892130349151587e-06
8.075575977713265923e-06
8.111674302366839742e-06
9.873574612639288400e-06
1.031473982925084718e-05
8.522537229748557302e-06
8.140693202570362713e-06
8.399337930965627240e-06
7.817561232087511520e-06
8.783325761925713836e-06
8.610658127301806978e-06
9.699270362502367929e-06
9.521117467073861415e-06
7.142118998988509761e-06
8.264212132037949585e-06
8.782281718244476295e-06
1.058312613410863757e-05
9.606519500479878320e-06
8.279734802027514530e-06
8.049698918145869108e-06
7.002881778429057844e-06
8.792163047686102370e-06
7.711689133650214328e-06
7.126401565290368539e-06
9.220519476518553557e-06
9.602985777348214158e-06
8.787621831661135091e-06
7.741282064199692307e-06
7.328764012678961636e-06
9.537100163419674740e-06
8.749587406436500959e-06
8.915780275082229071e-06
7.633003909492812355e-06
1.057121441781743740e-05
8.283915490835341852e-06
8.442822294559873170e-06
7.936098352171789375e-06
9.326667451378448161e-06
9.542467464310227764e-06
9.244242857489862314e-06
7.788673154357656579e-06
8.419459377226784546e-06
8.766834793925072604e-06
8.775369495847174260e-06
8.227645479792028451e-06
7.319079941328782530e-06
7.441004579171843695e-06
9.025996420770308486e-06
7.147849513110451321e-06
6.982600116162201583e-06
8.709395398358366541e-06
8.915179993666159599e-06
8.663271382646281350e-06
8.836159693584512447e-06
9.647529679332647777e-06
8.428447405304498571e-06
7.180794811743613456e-06
7.727455882924333990e-06
9.088313717648205067e-06
8.199640924648713767e-06
8.364163139218046305e-06
7.578393985427045038e-06
6.195808712360603403e-06
9.376257937986463576e-06
1.026926032845747843e-05
7.136403991426995823e-06
8.125426253726289672e-06
8.703626906420365475e-06
9.443661740487893961e-06
8.951590938371268023e-06
7.339748860293682419e-06
8.516773828148997184e-06
8.182653188767834986e-06
8.877055900182687860e-06
9.759448563590742144e-06
9.480357289406328769e-06
8.715416254401897131e-06
8.900418292349960363e-06
7.804379727114862773e-06
7.944240684814755788e-06
8.150207802834896284e-06
9.037609382581803243e-06
8.593499454949240073e-06
9.711802660636817831e-06
8.338803396126276236e-06
8.130932072884248851e-06
8.767770581163122502e-06
9.958904634708001100e-06
7.269824037335880007e-06
8.337748008790876674e-06
8.444423026188874244e-06
8.994237813002574190e-06
9.369813531106786834e-06
8.377640645799637223e-06
8.098365968273873327e-06
6.451365758133517230e-06
1.091273649937055583e-05
9.075910355805823289e-06
8.108327637141515625e-06
9.664600221525672491e-06
8.451606406035062346e-06
7.785348836080798832e-06
8.392929782267125787e-06
7.541223017287946162e-06
8.561098166634792313e-06
9.404701957032993772e-06
9.717530332029536088e-06
8.110238440610511253e-06
8.348723531423375146e-06
9.206866074990400329e-06
1.031023754379357279e-05
7.299066208734644752e-06
8.353447936179987478e-06
8.741395755421826455e-06
8.519543653732039096e-06
7.444141140897060578e-06
8.178254916398584534e-06
8.091065840228025597e-06
8.579565752712551484e-06
7.155609552951423477e-06
7.678770140718863907e-06
8.761299725157380453e-06
8.496593294893656733e-06
7.235887244379417754e-06
7.341102141585626657e-06
8.618546016848875878e-06
8.605116492778410676e-06
8.773257099548135187e-06
1.116553329336102200e-05
8.082188211476934607e-06
7.347607699734233403e-06
8.685171161415209805e-06
9.516727116882203852e-06
7.212320734385273361e-06
8.387084358009656954e-06
8.670582284620321345e-06
1.019647566930188705e-05
9.789369985966950467e-06
8.496186540943343084e-06
8.669886898443643992e-06
6.912865203436669628e-06
8.240336165909434196e-06
7.076487448839112475e-06
8.139583876770929919e-06
1.018903394222984564e-05
8.825871945591697240e-06
7.663703034646216460e-06
8.625571299120145924e-06
1.086676942911520139e-05
9.996022408147939027e-06
7.797809319411501034e-06
1.041017959371096967e-05
9.858062169259684200e-06
8.919771991747362013e-06
8.229878499984894132e-06
7.580426076321052193e-06
8.894699511457818098e-06
1.000524315123818130e-05
8.174633315321961762e-06
6.639522955744195594e-06
7.745573075063477347e-06
7.805507562475319489e-06
8.395706180755678653e-06
7.876323817031747408e-06
9.544519591293868204e-06
8.813838690973476922e-06
8.522112342197252151e-06
8.836446410898975772e-06
7.677834334583901978e-06
1.093988766616767865e-05
9.169526048638205958e-06
8.358799338649799049e-06
7.845671154486237020e-06
8.427725982201481422e-06
9.712632501054635351e-06
9.231009125989138997e-06
8.195948949329470576e-06
8.669777481342342271e-06
7.485703742184531618e-06
7.772799940343953537e-06
8.553961724790802064e-06
9.258548241460608401e-06
7.328016834641408763e-06
8.803761476147835104e-06
8.148220235007286178e-06
8.245948087992428435e-06
7.995952652493568594e-06
8.551237705545591973e-06
1.061210795708147564e-05
8.561317030160029757e-06
7.896659007244880807e-06
7.600101908508186754e-06
9.478763456200805452e-06
8.981083842207569570e-06
8.484143390050174701e-06
9.084478681177064689e-06
7.463541517892100531e-06
7.757650905783008651e-06
8.259843702375579088e-06
8.893066492000540861e-06
9.148093414782685294e-06
1.015336934464588192e-05
8.121075345618222117e-06
8.522017464520031358e-06
7.792604773768522304e-06
7.669122044518478928e-06
9.686160198984691410e-06
8.937144466510119341e-06
9.210971730838156182e-06
7.414516164591642870e-06
9.564871676607912009e-06
9.323944604121766296e-06
7.961092216670237297e-06
7.505631789731494888e-06
8.263286760860322449e-06
9.851721611507455523e-06
8.561155202697859644e-06
7.595015037953584121e-06
8.692309667428798785e-06
8.135252867985310311e-06
9.125836312573458616e-06
1.034363301674175762e-05
8.010189117235478755e-06
8.337948258722984728e-06
6.986554007295616907e-06
6.715431741723596480e-06
8.325613267085530333e-06
8.167859529064369650e-06
8.799382639141525866e-06
1.047254858589590638e-05
8.225390598253275599e-06
6.664206818827532165e-06
8.860686506974743175e-06
1.009173436020742524e-05
9.151235337224035462e-06
7.716558316999183714e-06
8.532041384258010462e-06
8.475305954996193949e-06
9.288762418127466335e-06
9.948568546637490508e-06
8.053243688881889530e-06
7.363095861374408875e-06
9.944112896911928788e-06
9.387351119398516650e-06
9.016592877485158120e-06
8.155382272245612394e-06
8.269464991156332570e-06
7.523559034207556637e-06
8.088739331458943418e-06
8.252000825349007078e-06
9.124415019427272851e-06
9.970085957219001468e-06
9.238495575335310992e-06
7.222296538864614189e-06
8.476930505898769836e-06
9.087923947240796640e-06
9.575148213939845210e-06
9.042178492674888665e-06
8.361147867608187842e-06
8.108183636019025283e-06
8.228270489252974490e-06
9.980966901654195653e-06
8.338947663927376248e-06
7.969769188111704112e-06
7.085183024823904485e-06
8.396799016725691711e-06
8.802878956533050043e-06
7.427790792192601643e-06
9.519436340757421916e-06
8.209859782430493444e-06
8.093469581478426417e-06
6.941152972460950891e-06
1.035312686876259359e-05
9.243061964029957174e-06
8.769355025453490497e-06
7.349603491879793607e-06
8.325170401000310888e-06
9.177910255675670001e-06
8.900243873277787998e-06
8.902622322300705570e-06
7.797618480444941971e-06
7.664254870255131003e-06
8.677535359242932833e-06
8.907463587895044467e-06
7.318178767495274811e-06
7.705704068382935668e-06
7.978419110602899203e-06
8.747090961424639006e-06
8.174964151218190345e-06
9.259619488083854359e-06
8.745119759453266520e-06
9.572696708707286248e-06
8.215773893653530204e-06
7.894586681171804590e-06
7.077502240404173708e-06
9.960526303083840153e-06
9.072446481254781687e-06
9.096986337400637466e-06
8.328117583195032597e-06
8.907930197018035912e-06
8.817096077046450331e-06
9.997152130327631887e-06
7.644467726934264063e-06
7.911688425691484490e-06
8.500871658734068079e-06
9.031133670902143640e-06
9.188932245181903071e-06
8.333843213212200064e-06
8.402601113127930709e-06
8.906254303166902448e-06
9.247305602616768053e-06
8.744300253013705245e-06
8.805915851794005137e-06
8.490492715960632140e-06
7.955174842144034232e-06
7.645781575368505389e-06
7.889220071001466490e-06
8.193370745575843757e-06
9.133260212869852393e-06
9.794152119361191605e-06
7.941869499179430946e-06
7.524583147307108614e-06
8.892640808760886314e-06
9.367289448903915367e-06
7.705767037169889132e-06
8.230810373950905734e-06
8.040404766185671161e-06
9.674655788959856060e-06
7.801520536583555441e-06
7.878305879850507756e-06
9.366564098602550678e-06
1.050551682746537323e-05
7.612305338272295296e-06
9.444832271737917782e-06
7.151988371501995500e-06
8.111262285022664104e-06
8.511425973041962469e-06
9.217706179581450354e-06
8.981959754537339970e-06
8.907669510784753161e-06
8.502250291991652063e-06
8.159002438309869950e-06
9.984748002116536217e-06
1.015781179377829651e-05
8.786324344000899820e-06
8.397551425782808526e-06
7.167907694183382395e-06
7.063077145045095796e-06
8.872188191091783207e-06
1.106152782325292543e-05
8.157890011862114940e-06
7.012683465634185693e-06
7.756366679840582699e-06
8.198740549216787475e-06
9.260112509152696353e-06
9.933688102495828211e-06
7.633239846420903320e-06
7.097552784362344877e-06
9.456215645295352857e-06
8.657038654515169788e-06
7.129027039699574879e-06
8.624841952158394021e-06
8.294041660081656993e-06
7.478109860725590664e-06
7.399329238136951681e-06
1.092121660043402965e-05
8.642598327909552897e-06
7.086635679143806273e-06
7.514434693076100788e-06
8.789955020734850643e-06
8.615658933680334691e-06
1.046753438894343881e-05
9.248550099506535222e-06
9.860392280675930193e-06
8.584375961008203372e-06
6.725615459322525470e-06
8.445337369008551416e-06
9.386423076375475193e-06
9.343310178043093061e-06
8.633062733444739521e-06
8.525715181906542381e-06
6.771171748161199764e-06
7.333740077190318336e-06
8.903249025363746451e-06
8.860331215339148548e-06
7.925078392534410147e-06
8.070053844788964496e-06
7.965838030150840606e-06
8.979760447607897092e-06
8.723562165107768507e-06
8.088737393280115239e-06
7.705911694232503401e-06
8.825152348782416354e-06
9.209956783799245415e-06
1.008432808183454415e-05
9.258749549761546179e-06
9.141257756443250341e-06
9.065803288206994258e-06
7.819846729420759030e-06
7.735651104758938115e-06
8.960816481454886973e-06
8.948687614815401074e-06
9.481139058369717778e-06
8.074615512101337430e-06
8.175460255165680748e-06
9.454399842177763964e-06
8.913330482053333532e-06
7.531104261333204852e-06
7.615193663122059928e-06
8.844483443328387851e-06
8.328128957605003286e-06
9.512176194236055375e-06
8.010073672063649415e-06
1.058062777218456966e-05
9.437960188078501421e-06
8.459192409177035957e-06
8.390312753961693198e-06
6.498369384134083003e-06
8.553413449754415933e-06
9.025769582163358808e-06
1.021644216877481216e-05
7.142115551149369139e-06
8.100811062680486057e-06
8.033123888584225357e-06
8.969228735173226049e-06
9.964963571076393458e-06
7.948356132429262429e-06
8.099511267772514821e-06
7.806712187124599812e-06
1.109324172981283654e-05
9.207728809501147631e-06
8.202931705201368508e-06
8.152882128359911792e-06
8.330323583564858524e-06
1.012728336758236556e-05
8.373616567564405399e-06
8.237361531795134821e-06
9.136963420973666714e-06
1.003236355301763279e-05
9.890952686377318807e-06
8.191005180384467151e-06
8.613799568874560387e-06
9.784939276787538065e-06
9.419460234700299461e-06
9.004918472419741300e-06
8.305696784852837803e-06
8.269079545654985138e-06
8.554386996620389424e-06
8.355552940818795473e-06
8.332866030234469833e-06
1.075596437530540965e-05
8.505665247150097176e-06
8.751179884113506271e-06
7.887852471291876083e-06
8.619153366848616077e-06
9.164035864252074808e-06
9.554186790998084843e-06
9.318031325196235936e-06
9.178313258796292592e-06
8.264740074373478994e-06
8.031262668002040690e-06
9.128059063912003076e-06
9.149697251928467668e-06
8.400033526661516536e-06
7.514195909267000318e-06
7.466561595854323711e-06
9.833087562022408592e-06
8.396920642988641760e-06
8.437773381384570560e-06
7.899501772069437641e-06
7.565709440216165120e-06
8.922549398632721284e-06
8.889724400410131008e-06
1.054738277852374251e-05
7.481431538026872873e-06
8.710184522590711908e-06
1.011062057225666951e-05
9.226783318006070002e-06
9.050589720952227860e-06
8.962252664852012616e-06
9.378878033956308181e-06
8.434926421162622213e-06
8.172227638850656519e-06
8.119577532510712976e-06
8.618792636454170953e-06
8.973166508011080851e-06
7.494129210385241423e-06
7.738085843188744427e-06
8.433062456320528238e-06
8.960528500002130770e-06
9.299211994669057707e-06
9.914336573016648108e-06
8.202226546751119546e-06
8.180036426552896763e-06
8.644111507125355249e-06
1.110479702892001477e-05
9.150433185321242414e-06
8.006103016292496807e-06
8.209894898897524446e-06
8.587233158624036199e-06
1.002961817249974090e-05
7.651623344279534123e-06
1.000943076832656768e-05
9.397361566798956772e-06
9.301743209250130270e-06
8.347880844706622534e-06
6.868647612101774502e-06
8.455657291257547535e-06
9.403416950955915127e-06
9.031822534977336552e-06
7.734806925274531495e-06
7.892481276940233338e-06
8.530180144541578522e-06
8.408243516891940211e-06
9.747808497816342284e-06
1.100475105554924674e-05
8.315931770905980638e-06
8.115650145095186133e-06
1.028274561095225974e-05
9.939602268020297299e-06
8.359108541440854074e-06
8.600311977229317429e-06
7.639012858293015690e-06
8.406252793425007732e-06
7.046865638298687854e-06
8.738584504593511091e-06
9.974970133103616029e-06
9.355455914092819140e-06
7.599347063312464913e-06
8.244263714705669368e-06
8.295393263658657095e-06
9.007110584894955510e-06
9.858157333205441945e-06
7.649713102540137759e-06
7.893323164962904565e-06
8.644398481589795477e-06
8.043150288052021806e-06
8.357384460345783177e-06
8.059909519801070421e-06
8.865596970112998534e-06
1.050286510075511451e-05
7.952831445445225866e-06
8.261749254216766081e-06
6.724075206045040742e-06
9.423180261106679689e-06
8.691341313303016245e-06
9.043207468172779969e-06
9.830708710143142004e-06
1.019984357402161717e-05
8.586126869164278442e-06
8.694571531099756667e-06
6.777839613576338318e-06
9.228394311823813901e-06
1.080038155098417368e-05
9.142497860033613227e-06
7.608440693013090035e-06
8.484205383721410082e-06
9.294073913851394540e-06
8.393118957259393040e-06
9.369054737435365016e-06
7.733238415193485237e-06
7.804963504730664579e-06
8.464111077735590770e-06
7.990636054977033780e-06
7.861108601921932862e-06
7.847391443073628353e-06
9.220735879761740011e-06
8.542286092492687184e-06
6.516838832232720879e-06
9.019209501758709041e-06
8.993739028444699583e-06
7.999501073950514326e-06
7.849817907848463216e-06
7.306679407504919104e-06
9.214112896393926002e-06
8.448795927230412072e-06
8.585054087244716473e-06
7.128032275698839091e-06
7.683475939227213481e-06
8.274976361360168237e-06
8.894821344917754562e-06
1.012735586613684792e-05
8.030837058886225804e-06
6.951905668312339277e-06
8.426465587315820808e-06
8.839591684598183924e-06
8.903840886031089992e-06
6.214459268292175135e-06
8.052062105024450055e-06
8.479777110672632125e-06
6.663635649028751757e-06
7.465276421770241188e-06
8.351939970169644148e-06
9.259845896070285410e-06
6.834436076603098628e-06
7.297856953430427476e-06
9.019428864446560939e-06
8.550712834985520192e-06
9.565951923545310242e-06
8.529308508983949645e-06
7.555377152710870529e-06
1.029098334300259071e-05
9.330486986899613237e-06
7.964078698194987968e-06
7.618676230138447498e-06
7.685878602499456852e-06
9.588807980569212213e-06
1.007271882345414214e-05
7.987926393616401677e-06
7.947002123527506360e-06
7.551125517486086510e-06
6.842371472677214466e-06
7.812136099666840985e-06
8.917597675492486240e-06
9.329559341480571133e-06
8.702822819444002607e-06
7.040706694507273763e-06
8.277501487401207260e-06
8.450103836505856269e-06
8.632526505912899761e-06
9.192180269053087105e-06
9.258105366955449473e-06
8.429016125800825653e-06
7.844471112187953490e-06
9.511964803045712736e-06
9.826243286436220847e-06
8.524244135634080567e-06
8.349502042263417774e-06
8.358985981971761727e-06
8.713077245679299245e-06
1.031986040979445839e-05
8.112384484294389345e-06
7.462779307298465976e-06
7.814636794789709952e-06
7.324598373446106058e-06
8.333232033717894038e-06
8.183720712005372575e-06
9.377263511614337193e-06
1.171341466232080651e-05
7.773214641689411578e-06
8.086720299940810565e-06
7.044795331434664257e-06
9.701712372911056137e-06
9.363190365200074346e-06
8.517037387708873545e-06
7.691638867815813680e-06
8.197663983213747694e-06
8.512577197182281285e-06
8.820468147631941051e-06
8.002007855929428937e-06
7.498886551007851492e-06
7.502839542939861037e-06
8.821009736068165474e-06
9.095597450293649872e-06
7.546392291304302897e-06
6.686942792329271027e-06
9.692137869981230883e-06
7.295257283558109589e-06
8.573440073423317355e-06
7.697780761644456760e-06
8.530827365420035779e-06
9.897264999229827005e-06
8.156010935930412215e-06
7.698846712389447881e-06
1.048336494740690222e-05
8.291105494753770317e-06
8.240329280002264145e-06
7.581696942173778020e-06
8.418525454110615050e-06
7.796518341319681411e-06
1.065691329573241079e-05
7.852772418001391797e-06
6.652395931985730141e-06
8.010085209895798116e-06
8.703729722099799349e-06
7.306279217333777707e-06
9.329283246026302259e-06
8.800709997783652885e-06
6.944061672818714116e-06
7.383575213604859132e-06
7.036375147992002462e-06
7.432716108564192120e-06
8.550676240216921253e-06
8.659086483443219324e-06
8.680781692846963534e-06
1.070635987117311438e-05
8.008931804896280557e-06
7.872938988755849866e-06
9.041584498006735877e-06
9.550468367831518269e-06
9.879662239919519872e-06
7.523464656245995897e-06
8.073338561831195837e-06
8.195856102094228139e-06
9.382092726737071561e-06
9.557973849459745888e-06
9.062951761385119745e-06
9.097045946514084532e-06
7.602442481726877606e-06
7.685781861020739091e-06
8.050609749667619669e-06
9.412708553489185776e-06
9.114295808080202335e-06
7.607378150172721814e-06
7.828764618384499266e-06
8.454169638801297895e-06
8.072040988935945990e-06
8.297995403523681035e-06
8.522683595854275548e-06
9.838841880321164420e-06
1.000803147387356442e-05
8.224627674053792742e-06
6.765478228625756674e-06
1.030403208943212972e-05
9.215513359682463737e-06
8.136429988455085897e-06
7.636709823523710978e-06
7.932579698093126952e-06
8.067763675402685940e-06
8.274844871398708349e-06
7.723516362091828214e-06
8.925069896152376529e-06
8.986597660903923118e-06
9.184537036336305109e-06
8.268769806575980164e-06
8.246440138196317734e-06
9.608639794776013403e-06
9.324440486741792218e-06
8.593265349791026218e-06
8.156588978617019888e-06
7.807575128836080803e-06
9.017678151175939876e-06
1.022047168964017387e-05
8.239674746154959325e-06
7.828958375142116262e-06
7.502790168688825291e-06
8.803972497527602826e-06
7.928043338559775729e-06
9.533043778921577164e-06
8.727617491527265423e-06
8.702012556714593510e-06
7.512537787819431984e-06
9.615710691042970862e-06
9.627028146442329643e-06
7.663631276800277726e-06
8.408785702742918071e-06
9.317124963246970393e-06
8.246524652763640657e-06
9.422149409205363927e-06
8.777510285397393305e-06
7.664339600184153550e-06
6.974142190396294327e-06
8.825286514995638965e-06
8.456283190216021400e-06
6.872917057100384649e-06
7.567225625429665341e-06
8.632903695792100665e-06
8.648377198684932595e-06
9.456357690394399127e-06
9.310289456736403995e-06
8.790938892511607927e-06
1.063298425906845832e-05
8.053416888726435050e-06
7.293839770118678213e-06
7.922967096137038351e-06
9.551038466103673551e-06
8.613858614815557020e-06
9.031122287597429150e-06
8.390945935914468493e-06
7.499643317209760571e-06
8.804153070161156209e-06
8.994115662799850942e-06
9.301754796459658055e-06
7.643759141018956912e-06
6.683419523770357855e-06
8.287039902156637282e-06
9.969644149999598164e-06
8.677198984761610765e-06
7.288481715161906564e-06
8.488218330448081805e-06
7.836782360479036563e-06
8.623675328326233454e-06
9.547241938158467292e-06
9.844377058984212189e-06
9.439679550962747973e-06
7.045882278114378290e-06
6.837359603781935988e-06
8.386380836680048257e-06
8.961566921852090221e-06
8.583717323556052487e-06
9.550810667091277906e-06
8.600804705383595291e-06
7.890022694370616094e-06
9.160382686673866038e-06
9.119143473141616400e-06
8.681149904610558672e-06
8.385948783968645782e-06
6.879809946283312242e-06
7.510504372938368196e-06
8.648107515718198910e-06
8.754964763389665020e-06
7.238974857203613399e-06
8.277852120842781622e-06
8.700719324197364376e-06
8.425972737199588047e-06
7.694793120881795212e-06
8.316556437399046087e-06
1.058195999775166478e-05
7.843925792519251469e-06
7.077270076061973445e-06
7.751051834771381657e-06
9.995029724612121758e-06
8.927801119817330706e-06
8.679841321303984628e-06
7.474153855168409158e-06
7.930046788250008752e-06
9.234599184517215328e-06
9.176917088996345705e-06
9.555157801873568937e-06
7.848241587662606629e-06
7.812952691040462769e-06
7.715284303116234072e-06
9.335096976532919919e-06
8.833296397765653561e-06
7.407271653982849368e-06
8.050835275560498872e-06
8.325947011688944143e-06
8.489017063163488492e-06
7.355873187296341667e-06
7.542606469626790051e-06
9.001126008623693651e-06
8.441682614038559305e-06
7.045351949678600865e-06
6.644945528120125880e-06
8.253076230526645466e-06
8.409992743871295769e-06
8.518012975666181002e-06
9.182877097570416578e-06
8.822056932721979373e-06
7.185617701649679369e-06
8.557645665366096931e-06
9.173631803917167268e-06
1.039427118509582709e-05
7.419675755756892248e-06
8.118777576679576293e-06
1.025335168366499807e-05
9.337664596271367631e-06
8.348180078835607226e-06
8.461847099205141947e-06
7.401751406284085665e-06
7.461090223640153009e-06
7.195003174417024402e-06
7.685349320704561266e-06
9.840037143743139670e-06
8.503158239681913178e-06
8.160274480418933389e-06
8.303839408817158762e-06
8.573426762432601996e-06
9.260284855946233950e-06
1.008639653264572818e-05
8.130024963905957755e-06
9.499053352495332597e-06
8.958146964808351011e-06
7.823751807348520751e-06
8.366259373341117700e-06
7.781019606027200653e-06
8.749522621596210866e-06
9.403772358232706594e-06
8.082656141519596016e-06
7.413065297175430707e-06
7.293347576515752338e-06
8.279337211187746615e-06
8.215654997758501995e-06
1.072408563015556535e-05
9.109626006922647251e-06
8.655848217021994996e-06
7.956645089243854599e-06
9.369235192516069840e-06
9.096162801479329481e-06
8.362989211632695656e-06
9.778481997404040937e-06
7.718248368976248855e-06
7.445803167329031731e-06
7.626236486733716390e-06
9.328185231065328479e-06
8.973219214434446949e-06
9.054989575006668374e-06
7.956115087502202586e-06
7.237887112047172563e-06
8.450364272348127588e-06
8.746124667047910524e-06
7.360042993820567660e-06
9.741420289224311937e-06
8.954818475457642166e-06
8.287375947493448090e-06
9.670862495942464789e-06
8.895669048458301333e-06
7.701847315180314154e-06
7.700805402106678649e-06
7.981538385310024599e-06
8.438951232791410968e-06
9.258129610560919591e-06
7.205171870746988071e-06
7.399004693473859656e-06
8.585874265022976152e-06
8.775873406620022613e-06
8.610964818086057994e-06
9.355568204439211266e-06
8.531657754164077745e-06
6.841291376900936529e-06
9.304504670268903973e-06
7.342488195085544461e-06
1.014290121601752011e-05
8.977975788603816015e-06
8.966325189967561313e-06
8.050566437410316904e-06
7.850066861110451810e-06
9.351319420027048596e-06
8.890674705311306099e-06
1.021255959162436060e-05
7.155036821676597796e-06
7.883906877502012161e-06
8.176775134618706757e-06
1.061805235387087300e-05
8.412295699747265678e-06
7.839404426773731167e-06
7.937351748663621834e-06
8.295838349626814899e-06
8.998563776758107627e-06
1.016325329006534470e-05
9.903865896657518760e-06
7.948011765627023949e-06
8.114878212541785316e-06
6.918583167291548480e-06
7.762207421960315673e-06
8.628161431651684484e-06
8.655672398539234746e-06
8.633399409995515364e-06
9.475867345011655815e-06
8.277321395723330705e-06
7.584597684729819520e-06
8.780450234884834904e-06
9.808016283101440492e-06
9.377809741394743502e-06
8.105205667048019397e-06
7.837215130001454083e-06
8.091644379940505472e-06
9.738721105458821907e-06
9.571090007918985434e-06
8.393078414208283704e-06
7.471392190979918009e-06
9.533578163328419410e-06
9.838997829880061102e-06
9.266870211087311092e-06
7.362181584922129731e-06
9.102766266464732816e-06
7.584205350336140243e-06
8.092907700662456454e-06
8.688134057151197144e-06
9.253634295509529501e-06
1.007666715789841290e-05
1.012158703963475622e-05
8.300886998009912894e-06
8.320965634200006602e-06
1.033364097814765715e-05
9.776300346890571378e-06
8.872185371427267905e-06
8.522808851931187342e-06
7.804072273995780470e-06
6.596482694803190075e-06
9.089266106242515727e-06
9.556428749740317481e-06
8.255885941282968031e-06
7.467055563563613924e-06
6.806337111576959035e-06
9.209198866868945451e-06
6.731603865251005506e-06
1.079774532884925056e-05
7.201003515751118648e-06
7.874873192701488901e-06
7.539355314446909488e-06
8.992896564964749075e-06
1.006893489586328784e-05
9.074814794096433863e-06
7.839651870850024442e-06
8.345665454123202457e-06
8.733761879180970729e-06
8.634524725292632826e-06
8.428251534176774083e-06
7.471009573995921031e-06
8.729847472926115421e-06
9.201444075570395809e-06
7.082109132130180508e-06
6.901084847423818513e-06
8.494842340446196022e-06
8.735631396301548620e-06
8.762004437776635223e-06
1.001258862218698261e-05
8.485937237297017834e-06
9.594215771098696396e-06
7.965846573312341169e-06
9.262375075956764308e-06
8.369437836010488278e-06
8.171265417926557725e-06
7.589647827044161858e-06
9.272000700756529080e-06
7.952547454292322154e-06
8.373819449122450382e-06
9.309509399326545048e-06
8.441998980173164797e-06
7.893438018339356282e-06
8.482388489715167229e-06
8.031519083629480129e-06
9.596943357117622398e-06
9.838917447641113537e-06
9.461250747156072283e-06
9.077213261872191336e-06
8.396901897991383053e-06
7.692595593370922766e-06
8.458337455492358231e-06
8.966135290156009404e-06
8.432592608433543468e-06
9.781473226650481005e-06
7.962515243239422249e-06
8.885361995955828374e-06
9.556955460456885274e-06
7.145433136872144239e-06
8.086671693680275589e-06
8.037452587113093911e-06
8.950044298463184970e-06
9.608575134784386822e-06
8.090077970001424048e-06
8.519775658471369329e-06
7.101193635822512799e-06
9.944962830443102123e-06
9.443098105288247497e-06
8.058509280214782783e-06
9.554391430106640593e-06
8.821687630743018131e-06
7.574800603606863164e-06
8.630992473370768496e-06
7.970676744280673793e-06
9.976055707117921837e-06
1.018076292994929915e-05
7.993972132745089308e-06
8.213469364463979710e-06
7.381958955095666530e-06
9.501968882898355757e-06
8.581584300365937225e-06
7.602875081795600479e-06
8.323022935252841510e-06
9.604198665211959845e-06
9.458234169132909733e-06
8.492409657919975172e-06
9.355720628766555423e-06
8.457096691804493106e-06
8.617586816537184814e-06
1.006832350720816137e-05
1.061797613441082862e-05
8.632504267948899943e-06
8.478776208406573400e-06
8.285086910327119720e-06
7.850289012815454278e-06
8.487349014732510028e-06
1.081297894347412248e-05
8.279169768789842863e-06
7.036050329346276371e-06
7.723258996313564124e-06
8.896999946791070456e-06
9.007610332237257902e-06
8.771195251455765358e-06
7.671675423808157587e-06
7.246308819701464715e-06
8.878389729329831133e-06
8.971514022159193737e-06
9.403453557485368333e-06
9.474527584360572385e-06
8.389984440596812238e-06
7.561461471145471175e-06
7.992119096488824325e-06
1.069220588823527363e-05
8.256575064091006949e-06
8.696123450076151431e-06
8.086008715359527919e-06
7.263475019493743246e-06
7.526039135146730463e-06
8.778545958907367055e-06
8.500734595505525369e-06
7.528339600288642634e-06
7.421091112638318873e-06
8.235833124525524096e-06
8.776586429218426682e-06
8.828207218645709473e-06
9.852230787612692244e-06
8.392658389308567179e-06
8.203300381958070802e-06
8.250085255790670091e-06
9.308365990644603273e-06
