7.024556484034824444e-07
7.298943331282880909e-07
5.572895508740062266e-07
8.478769237176362780e-07
6.379241385339026143e-07
6.418853574538762303e-07
6.054553397780259702e-07
7.923979818428634374e-07
8.196678380619179754e-07
6.789954033647045730e-07
6.320097105274876632e-07
6.291375524789382576e-07
8.581695020071830588e-07
7.118365242699453146e-07
7.130896659174034823e-07
6.524822315654841949e-07
5.411084551724308808e-07
5.697150969532790896e-07
7.441178455905884683e-07
6.982878343805439171e-07
6.044609542785306056e-07
5.658439491195270638e-07
6.975658813583372943e-07
6.809931574398909729e-07
7.856582775353202753e-07
8.200438921908991633e-07
7.317034789067215965e-07
8.434319045725750560e-07
6.528782657832882783e-07
5.568567171711683391e-07
6.072942759243449034e-07
7.630389278906660571e-07
6.774006915951771595e-07
6.749920918882644987e-07
6.719267995612045289e-07
5.743058143848238709e-07
7.020484421857658426e-07
6.718794138025435408e-07
9.307060059885826490e-07
5.079077123844485200e-07
6.612432935385867908e-07
6.472842744969371331e-07
7.850605068757831506e-07
7.052699664752430261e-07
5.874644837444503790e-07
6.694957721893721306e-07
7.240323464542459742e-07
7.129013553836304627e-07
7.024062161903321539e-07
6.937548507351063768e-07
5.771280073739523443e-07
6.161878419287498857e-07
6.769358271704299925e-07
7.584060087028135155e-07
7.781081561081398016e-07
6.431269909660400200e-07
6.292405770786470790e-07
7.053187289703036739e-07
8.248925614548012608e-07
5.675043143635417217e-07
6.605060653695232546e-07
6.772967457733609940e-07
7.696908796619545189e-07
6.887239548848195491e-07
6.988563675137847772e-07
6.059245428126054791e-07
7.980710630012357054e-07
7.285536426115459016e-07
6.622965804757753125e-07
7.758437935175709979e-07
6.095745726843932378e-07
7.126561027108763964e-07
6.416247388797877964e-07
6.781906162150981650e-07
8.110537476117752503e-07
6.826005900664323248e-07
6.443964090174149146e-07
7.317401551578803698e-07
6.482124208024754634e-07
7.188265316949851346e-07
7.798024119598689513e-07
6.990473000550567734e-07
6.041348563717379683e-07
6.501158331468722036e-07
7.904578520106855215e-07
7.534835449329356267e-07
6.843487640983225522e-07
7.089662129269111703e-07
7.557463486805420717e-07
7.519161544844103048e-07
6.525418693634869795e-07
7.745553644450947834e-07
8.798769607280632508e-07
7.024060229169224533e-07
6.564227391856765908e-07
7.333250552596840737e-07
6.070085399685945909e-07
6.767606671359679164e-07
8.162382407997921498e-07
6.658914096796680429e-07
5.696607001974273708e-07
7.211439026571603251e-07
7.449002011770787436e-07
5.532000641819774825e-07
5.884478357070050999e-07
7.276191327198210670e-07
6.949474953778168538e-07
7.920396557590497917e-07
8.201567133861601976e-07
7.096784564208756865e-07
7.160998815901788932e-07
6.193641290977052021e-07
6.217044716250273398e-07
8.821622314777074173e-07
6.828209560007119803e-07
6.341072741602408621e-07
6.078431232064731433e-07
6.242426110823532863e-07
7.440960388891516872e-07
7.335241926105530275e-07
6.513202375706986633e-07
6.186619728597749853e-07
6.288989464391574812e-07
7.195666203319018121e-07
7.017868965380339544e-07
7.960517725272264005e-07
6.322895870843047558e-07
6.609259354842937884e-07
7.212696764315548050e-07
8.444931518166053620e-07
7.805729258510104323e-07
6.948062549037460676e-07
6.961365018215450359e-07
5.874446102032786083e-07
6.133286109916962622e-07
7.436350765595096639e-07
7.364488339403586755e-07
8.210223027588986017e-07
6.304201662949542593e-07
5.730379668049075982e-07
6.323433129851318821e-07
8.081307557339423061e-07
6.742976566866138176e-07
6.415457367397392985e-07
6.759446949434695381e-07
6.395931657515734639e-07
7.320961098456884063e-07
7.579655703189732596e-07
8.473173909410333830e-07
6.446419442378204265e-07
6.540108894579312238e-07
7.713015316545242485e-07
8.471350633038006869e-07
6.387455249963772319e-07
7.191926046741381631e-07
6.910680572853092836e-07
8.531997303681414996e-07
6.055486909760859130e-07
7.042355766873878344e-07
8.694150533145887385e-07
7.866370653846313110e-07
5.882719299454814383e-07
6.503759109110368919e-07
8.043036613174051769e-07
7.572501137105057623e-07
6.815566653848106633e-07
6.779489053862413636e-07
5.664605874749957116e-07
7.827997666822161579e-07
7.617933155487795725e-07
7.037041837698546550e-07
6.049524428151871470e-07
7.602539359392039246e-07
6.664898783703493954e-07
6.589061797950275843e-07
7.127011648377313176e-07
8.566135201091376568e-07
9.695178273053642392e-07
6.086203939066587224e-07
6.711325545884401960e-07
7.774981571802516340e-07
8.146057154260949285e-07
7.326312703135411214e-07
6.523678552705427061e-07
6.673261740701713050e-07
5.874643367331568849e-07
6.956809862713942497e-07
8.110481172185866973e-07
6.660646621577526804e-07
6.387920191011619750e-07
5.227217685039543943e-07
7.145806297542152247e-07
7.123949462345520359e-07
7.008641439091229878e-07
5.973029038849802654e-07
6.673752830008724171e-07
6.672179258008223819e-07
5.940739086063708363e-07
7.344340546699915019e-07
8.687075638049713578e-07
6.889333893461650813e-07
6.259574649182717934e-07
8.081906996523478049e-07
7.595875695909069231e-07
6.736330604641172644e-07
6.595134939108014249e-07
6.044700830732510873e-07
5.854635103060677620e-07
7.067242237890232979e-07
7.297816993405526501e-07
5.758145704790112931e-07
6.533532475663544817e-07
6.997529959587746067e-07
7.153860189377111695e-07
7.124904889938803687e-07
6.741326865751187660e-07
5.720089164617553889e-07
6.266578195396826524e-07
6.430005541651375683e-07
5.483736007568571470e-07
6.115755751893181272e-07
6.375953124702022625e-07
6.997405295815779080e-07
6.935566802567232969e-07
8.293020421524120813e-07
5.758701037344875049e-07
5.952340532558383626e-07
6.577043636813065217e-07
7.461966731725172648e-07
7.453209408805942205e-07
5.006030091110808856e-07
6.582722029613416033e-07
6.379713277664626810e-07
7.187253475596030502e-07
7.131744067188520018e-07
7.086763822382834658e-07
6.453355341311270855e-07
6.856277429831199016e-07
6.360530607337453781e-07
6.330035992930549200e-07
6.548631679029570032e-07
7.652278832766005419e-07
6.801541741203996581e-07
8.600038273368440759e-07
5.963461883922425933e-07
6.121719790010255855e-07
7.194097550315928127e-07
7.749128650005803882e-07
7.755343493522830245e-07
6.975419696835925206e-07
9.117052660546141787e-07
7.716450659815739099e-07
6.417513890347717567e-07
7.035785670865612557e-07
8.041097672652575992e-07
6.665533796504429246e-07
6.612880554778560720e-07
6.662731815549053604e-07
5.413514443005710812e-07
6.229692168685713415e-07
6.021248923819759716e-07
6.994049311198350677e-07
8.795616134542972247e-07
7.141196849567432056e-07
6.511395400465671896e-07
6.762107967962290431e-07
6.769887336891238099e-07
7.429341136593432445e-07
9.033334983204156892e-07
6.608759868523884422e-07
6.385321968760858724e-07
6.180666005251255167e-07
7.315946208348942029e-07
7.722464807173099964e-07
7.385501567113544050e-07
4.906874254289381578e-07
6.527391142481643705e-07
8.803391968160242907e-07
7.032355891763602298e-07
6.343850334285367715e-07
5.430749898534683303e-07
5.792487750897706747e-07
6.612544248700135625e-07
6.223377681189618097e-07
9.816186545602423737e-07
8.102365044475328804e-07
6.747231865663942154e-07
6.638082926168726130e-07
6.695577083257507848e-07
6.070372973958681040e-07
6.819628483699414359e-07
7.564680554473865326e-07
6.450661942135088980e-07
5.890634636030295665e-07
5.983400375979381581e-07
7.897332676427426929e-07
6.869199501428534731e-07
6.463503600749927996e-07
6.244749090162888134e-07
6.887729058266362308e-07
6.391349435329334009e-07
8.482155017085806406e-07
5.613473111933940534e-07
6.315581930104604152e-07
7.027395960206171211e-07
5.696675430979437160e-07
6.368786223573685475e-07
7.014973365445634634e-07
7.397534504855502133e-07
7.002404405933331695e-07
5.687284927302359649e-07
5.295335600080685720e-07
6.862711059905445766e-07
6.906051085035804667e-07
6.381258944098504361e-07
6.516488618649136402e-07
7.685636116979972529e-07
6.809115995481302178e-07
7.481423994346644279e-07
6.806075465068847879e-07
6.828885717823962867e-07
7.494189749945368334e-07
8.609598052671771496e-07
5.644576416389560537e-07
7.432923569480964225e-07
7.278297060718362476e-07
5.600760794512797658e-07
6.715417968458456653e-07
6.992467234879006016e-07
7.551564092449510663e-07
5.700342596534247412e-07
6.821681510096739528e-07
7.854779591705506376e-07
7.322865718338319952e-07
6.275112211552953060e-07
5.421917206231386396e-07
8.686688154756056102e-07
7.077213323980658879e-07
6.831307635432669923e-07
5.674712718017813139e-07
6.977102403289275525e-07
7.217611525040424358e-07
8.065086423050014608e-07
7.561854749340130568e-07
8.212471063427186981e-07
6.545901987746559579e-07
5.563741270638151847e-07
6.730911238773757301e-07
7.797763850890878822e-07
7.675656902048550435e-07
6.254132470870507002e-07
6.998617865051527035e-07
5.946933792026219428e-07
6.300977055321368525e-07
7.135450048696797653e-07
7.084518026544243714e-07
6.175650241242239388e-07
6.383611302017828650e-07
7.404141630446222888e-07
6.882313994729274079e-07
8.140349150404282266e-07
5.977074704865308586e-07
6.334503712091738535e-07
7.014354433303912358e-07
7.412818896643862281e-07
7.569998571202970218e-07
7.820464929318862446e-07
6.759237458133322719e-07
6.936859895857065757e-07
5.725473006856518639e-07
6.227580435936987806e-07
7.643624141190106357e-07
7.430406275757019433e-07
7.843738048948226621e-07
6.397926590136864088e-07
6.019806734212327676e-07
6.693193903767803965e-07
7.610105220155708453e-07
7.103094085023896760e-07
5.455830499058928845e-07
6.568873953446675807e-07
6.649964682289187915e-07
6.866665737516260181e-07
7.484064807422475658e-07
7.298227897956198064e-07
6.826430737764152880e-07
7.887316535766602522e-07
7.588636228211282613e-07
6.579735048747489375e-07
7.179022399024598306e-07
6.950100626837900984e-07
5.602126479595145602e-07
6.628329042702320572e-07
7.539213086859956758e-07
8.313713551611595104e-07
6.883584217376580120e-07
6.600993679670972949e-07
7.274332724293052096e-07
7.315717679166463332e-07
6.705888325253221276e-07
6.674326335766148835e-07
6.229800005966224635e-07
8.643782876460994158e-07
7.245482642299427260e-07
6.988612558880443226e-07
5.942459593395205802e-07
6.513255827840007366e-07
7.627415015638469678e-07
6.440806524532824988e-07
6.936553496401703974e-07
6.586179943790276363e-07
7.088196237934019173e-07
7.541176018718414953e-07
6.992433040594885807e-07
6.502539963037641525e-07
7.143830686081770482e-07
7.607576695852873313e-07
7.392702460494934262e-07
6.155109707067434946e-07
7.109086049631186236e-07
5.706590268879073855e-07
6.346725044612138161e-07
7.330806883055996983e-07
7.626337812218300389e-07
5.564110809032474974e-07
6.982019646580399609e-07
6.851749878768034275e-07
7.904508198316412936e-07
9.286368636030609740e-07
7.438523655020044356e-07
6.710519790413538384e-07
6.147979177237797940e-07
5.631788790431121782e-07
6.323075331938701449e-07
8.133206898911638842e-07
6.108435574256390006e-07
6.035490715976574938e-07
6.120348851512585320e-07
7.561590969288379259e-07
7.544941768631575787e-07
7.627472455701813760e-07
5.406623847601986145e-07
6.133556438784580337e-07
6.689054652408352757e-07
7.002570921107963411e-07
7.440687457571734638e-07
5.826521962851929937e-07
6.987635038484523030e-07
7.719786735288993485e-07
8.883869020649891998e-07
7.268214140492825343e-07
6.442707573948027229e-07
5.601274147551085542e-07
5.916005199672469934e-07
6.758275734602023388e-07
7.281537245012364330e-07
5.886869688850863513e-07
5.715137991209612054e-07
6.568793739507860577e-07
7.257583968097455643e-07
7.050229908641283911e-07
6.466778042992124224e-07
6.233271273386789948e-07
7.150451489254432263e-07
7.284696229142057465e-07
9.160714265582078491e-07
5.465338794364894714e-07
6.645490652163334337e-07
7.550733038744448541e-07
6.047750328250126029e-07
7.359511028396956265e-07
7.414171775060063202e-07
8.116503283543581565e-07
6.380019365255300551e-07
6.282602172313608906e-07
8.587392058844901737e-07
6.799247842600120686e-07
6.049063081222004202e-07
6.778724688457781477e-07
7.590515957330885131e-07
7.345900376574742701e-07
7.213177699907594664e-07
6.855981577111764160e-07
5.994184479896189081e-07
7.358158028136800182e-07
7.460374870484975779e-07
7.144073567985104468e-07
6.727896684673883777e-07
6.492498810191666206e-07
5.821680563196000035e-07
6.873286142122818117e-07
6.484932322023530245e-07
7.292745913830232124e-07
7.998433473397792851e-07
5.824023342089077824e-07
6.447018904068882866e-07
7.802621410149194905e-07
7.668600016276090387e-07
6.644565575183149318e-07
6.668663475337197205e-07
5.977152304495659028e-07
7.533436885864838448e-07
7.875480621823146756e-07
6.493735452191913140e-07
6.218440188305810581e-07
6.181357293619368277e-07
7.399132630316528179e-07
6.989964679407260089e-07
7.285023493083628105e-07
6.509767631905066900e-07
6.265015016149055769e-07
7.033598356193255069e-07
6.545250484129723510e-07
7.555076290606674068e-07
7.744072215066431107e-07
6.848657977436361825e-07
6.344965287745330966e-07
6.304935871202619148e-07
5.044507321193622971e-07
7.316287776673741933e-07
7.221473836305127714e-07
6.658900108425067462e-07
6.067066815731657436e-07
5.266790729244549058e-07
8.695580358429252921e-07
6.794983117057038365e-07
6.696933457504423070e-07
5.961401255629921679e-07
6.469357991995177130e-07
7.203216336722048458e-07
7.885137348452857337e-07
5.815779024601604524e-07
6.655488649770358113e-07
5.513961467640375057e-07
6.825517901002583820e-07
6.845277510013518086e-07
7.021608712517506512e-07
6.883812139451282367e-07
5.562119115844626591e-07
5.972329482465463647e-07
7.359812926061720662e-07
7.124513706108744941e-07
6.666637122283300997e-07
6.371384909710572863e-07
7.836705875061643775e-07
8.226160822128281109e-07
6.880086900326448522e-07
6.081676150391261490e-07
7.360786972093220071e-07
7.861927366635463405e-07
7.370802462961261319e-07
6.332763031219401862e-07
7.180182674296933887e-07
6.627482648968701205e-07
5.648032440359921143e-07
7.058669733568666654e-07
6.741663105936068464e-07
8.658575537672493421e-07
5.424246052056750428e-07
6.386374745803200619e-07
6.269110500367206159e-07
7.448598617146840884e-07
6.873334018445217096e-07
5.246363645312323934e-07
6.787755427597043490e-07
6.791592668748544184e-07
8.001634731025802807e-07
7.986007777207560351e-07
6.509573559334592006e-07
5.924837956620377992e-07
8.145874482498310949e-07
7.410940711906084311e-07
7.785483433744470787e-07
6.710459724274071243e-07
6.814217626219523734e-07
7.249803730543066709e-07
7.924474528203089524e-07
6.378580201707348824e-07
6.562895216986960561e-07
7.925434861838086057e-07
6.294396148677465883e-07
7.897339210147316507e-07
7.532913338540086430e-07
7.813075617610803249e-07
6.041827393517415857e-07
6.882793353022878902e-07
5.817462068172981530e-07
7.418164967195839787e-07
7.513067103655204444e-07
6.601181255116976183e-07
6.146682343366288767e-07
6.349541241115803738e-07
6.634779204765607817e-07
6.308607075686069138e-07
8.040320433083005441e-07
7.330485624538580287e-07
6.419360193640069575e-07
6.699693217396904025e-07
6.339597964725496706e-07
7.566816259197515085e-07
8.006587859380341543e-07
6.725030967051816375e-07
5.127285038813372873e-07
6.370217371836968530e-07
7.345675216726614211e-07
6.672851243691887159e-07
7.393156298779260438e-07
6.152340113122570835e-07
5.805425546992137164e-07
6.175836857425620496e-07
6.936508375598243900e-07
6.971528403679550276e-07
6.246877058828245399e-07
6.254753098958839744e-07
6.969343850838065574e-07
6.607352418746250663e-07
6.361572837657189400e-07
7.411216367293933194e-07
7.701679929915542271e-07
6.428311988956954114e-07
5.792669046227799329e-07
6.020115814544912971e-07
7.379048887395669190e-07
6.851261244914028985e-07
6.032985227553523719e-07
5.977095446185070681e-07
7.346577596198704757e-07
7.313968113303743722e-07
7.549240834057189093e-07
6.007565843288882660e-07
6.038313057153796720e-07
7.063488366677244714e-07
7.382777972299013847e-07
7.227355557248883555e-07
5.461143258722477716e-07
6.809864343410782973e-07
7.402789191137785526e-07
6.440154456483244305e-07
6.239156554214622127e-07
5.944047343947212667e-07
7.158181145297018485e-07
6.569998033818822039e-07
6.443647144993899078e-07
6.102870548415083351e-07
6.746242181346210007e-07
6.782161288358066679e-07
7.478770286363373823e-07
7.000402018756522864e-07
6.792414046063720904e-07
5.385361596956537534e-07
7.581208288847959534e-07
7.601748956646547155e-07
5.988851335827920841e-07
6.814068429374882219e-07
6.627191956464924832e-07
7.395526460932239611e-07
7.833220512229716074e-07
6.644965254623573235e-07
7.039285736158147002e-07
8.627372825026605276e-07
6.018547400637736879e-07
5.966397292233372275e-07
6.704924279132263817e-07
8.349382937600403731e-07
6.858513978265488872e-07
5.994945607623837579e-07
6.683610172476095091e-07
6.672632688864158536e-07
6.888116468801466155e-07
6.738539992505299157e-07
7.037755755224521008e-07
5.796912971570676666e-07
6.268929763803245890e-07
7.168746506609116643e-07
7.003212819397645278e-07
6.051317909327834405e-07
5.479680138504020153e-07
6.437782915951670712e-07
8.354851173428040748e-07
6.620074299631844852e-07
7.185673079076921332e-07
6.783751579265288142e-07
6.727411461659572617e-07
6.158769845947961156e-07
6.827419955484809600e-07
7.492684402376439252e-07
5.718583273747821215e-07
6.657118276508130602e-07
7.271076012947412442e-07
7.282912882812235467e-07
8.654863955120973812e-07
5.992007131183100261e-07
6.308321431550754104e-07
6.751964446963598967e-07
7.395893383171314131e-07
8.246822956606472222e-07
5.814694189291577525e-07
6.610363514338717096e-07
6.521409146664086193e-07
8.428054550895762668e-07
5.437459450399030766e-07
7.246087181387215336e-07
7.457248076685222395e-07
7.807672547261420898e-07
5.998368474766209931e-07
6.227924457960159498e-07
6.836974981298813232e-07
7.827844307182581063e-07
7.116849674843894452e-07
5.378582945746640823e-07
6.770374528422243955e-07
6.468322850832316871e-07
7.202098130060581104e-07
7.370805680408589923e-07
7.188974692574668238e-07
6.494839532451146151e-07
6.451883997117049664e-07
7.596610729197331881e-07
7.969335546471765866e-07
7.410029044672955077e-07
6.639563961232927661e-07
6.711619368652794309e-07
6.519149536142385276e-07
6.657966390989705359e-07
7.620536871368952467e-07
7.456072403840928185e-07
6.099015320351741290e-07
6.408612702106770890e-07
8.174148815745901825e-07
7.797616571551220846e-07
6.471028375835885866e-07
6.631279157789251355e-07
5.740285042980311749e-07
8.116539024145331185e-07
7.333561916950812158e-07
6.949986152078044672e-07
6.051641457373345589e-07
6.373930067343423776e-07
7.758754442545376624e-07
6.703028848755186054e-07
7.181685234866820700e-07
6.287894711256124924e-07
5.857822744874137129e-07
5.967277129202388110e-07
6.425919978903000025e-07
6.373046390609308011e-07
7.552418753827790102e-07
7.773796672224801915e-07
6.740026051736953821e-07
6.474792204114992478e-07
5.933108487949446191e-07
7.097747923708708360e-07
7.550908190514146088e-07
6.596963640013691793e-07
7.109437122201980773e-07
6.930995222010118693e-07
6.548926889640735443e-07
4.875006740417034563e-07
7.504325422637175010e-07
6.868964458880584172e-07
5.705118130041946695e-07
6.357695581108870082e-07
6.636270270960349901e-07
7.057440197128486207e-07
6.625037454142854449e-07
6.452121975753537674e-07
9.255912022374067496e-07
5.998845621859297412e-07
5.764191711711935971e-07
7.191820456478082753e-07
6.936645591061137462e-07
6.776552438653146151e-07
6.328250933814826459e-07
6.176470101413814274e-07
6.993640160283233458e-07
7.159841469807417445e-07
7.393053400989567987e-07
5.948285881573855507e-07
5.987501902632275973e-07
6.747837585469409644e-07
7.596486573193986559e-07
7.184710716421592566e-07
6.195132908718927189e-07
6.184291067284731095e-07
6.759406289093703946e-07
6.891601064909877556e-07
6.329051609989598338e-07
6.153862955914330398e-07
7.023845461714461324e-07
6.285806668378931061e-07
5.865196121991064324e-07
6.049133522386093580e-07
7.411814369655375067e-07
6.647121070980095944e-07
6.738180622076579543e-07
5.243335714081230469e-07
6.937758428408652378e-07
7.042254626146257441e-07
8.689733295196450624e-07
5.662103991493356183e-07
6.830158478618134146e-07
6.301349188109397529e-07
7.514174297397978670e-07
7.625266558047332091e-07
6.415897473812594808e-07
6.838160727026615647e-07
5.869740049261080127e-07
5.229491663329857508e-07
6.351246099531131059e-07
7.812812500661871546e-07
6.982575247518963493e-07
6.153909131572368800e-07
6.220880601009509063e-07
6.616970582607787577e-07
6.883618991723222995e-07
7.904203048883687348e-07
8.100426518715075415e-07
6.357204110260376203e-07
7.062680988358724608e-07
7.323104876265885900e-07
7.241276584817784050e-07
7.066461254747032738e-07
6.519572860192075552e-07
5.935413113028980794e-07
7.555429529949580028e-07
7.552936790499137858e-07
7.044539880568307746e-07
5.718719442298140767e-07
6.574403593277268095e-07
6.804757238270695577e-07
6.874952149998596989e-07
8.216121915403307511e-07
8.001656661090333095e-07
6.389591816927636761e-07
6.137884142310487336e-07
6.250049576692318709e-07
7.410852386586505018e-07
8.334942943063676811e-07
7.363916148189886625e-07
6.886022913760894157e-07
7.419677023643864748e-07
7.419642673304066167e-07
7.407887587264070374e-07
6.513460319341715887e-07
5.547066137256225444e-07
5.802107342645837058e-07
7.385538765042539441e-07
6.968376297642965294e-07
6.273523171573792015e-07
7.285588806500348095e-07
6.508929155721014181e-07
6.684650544126429078e-07
6.959664502358367805e-07
7.469950294301013862e-07
6.555758526409857103e-07
5.739565345182626271e-07
5.873155507002546827e-07
7.294583701308994510e-07
7.154453557134040261e-07
7.303621280134837852e-07
5.538959997434235548e-07
6.352891546110574244e-07
7.197678541377620109e-07
6.747529759271255992e-07
7.844407117707769402e-07
6.259677173150518035e-07
5.787866203925358510e-07
6.875765180238362898e-07
8.144227981169158467e-07
7.171446202327522181e-07
6.175838035885813110e-07
6.948132067301518723e-07
7.249914922722621126e-07
6.388477629854682677e-07
5.951047943110712101e-07
5.790899671881887166e-07
7.703771298056728661e-07
7.070677087576435901e-07
6.106663076975775825e-07
5.988492888813030039e-07
7.422745222734535567e-07
7.218421288742494398e-07
6.421934046059842798e-07
5.952799696336081871e-07
7.463542099828137891e-07
7.351075325501471219e-07
6.103542895479481580e-07
6.867657236476689179e-07
6.693534215666460002e-07
7.573220901896109911e-07
8.464753350159433425e-07
7.393215251573571274e-07
7.088788504141306500e-07
8.730092996655956362e-07
5.961263369670874020e-07
6.716657637505572325e-07
7.782146098508413878e-07
7.070581089571261064e-07
6.020715506217511430e-07
6.538608255688310983e-07
6.474103606142483159e-07
7.259879844392824538e-07
6.981200243573239605e-07
6.547926225955926836e-07
6.183746310075238379e-07
7.756114327348191884e-07
8.720603409158854009e-07
6.996125065045104926e-07
6.528252657251044398e-07
6.501775712778095411e-07
6.404731332958385387e-07
6.905036647823827860e-07
6.974093392194110542e-07
7.598345623026599336e-07
7.853887960081997492e-07
5.676102688887794470e-07
6.645746127236825854e-07
6.725213197980451770e-07
8.817790248836563277e-07
7.700407148010225688e-07
6.772029710506743084e-07
6.858236603364418290e-07
5.542895060415466256e-07
7.274654446523254097e-07
6.060297015118191902e-07
5.778385739969886458e-07
7.119302558336376191e-07
7.848125688923513763e-07
6.692352992530763150e-07
6.070970701064282496e-07
6.104063192481204736e-07
7.525844950523594276e-07
6.829958759967641591e-07
7.233843180315825794e-07
6.092928062465941472e-07
8.458658845958789316e-07
6.561899103596135479e-07
6.688547839869857094e-07
6.289918036106276913e-07
7.418853462183172762e-07
8.164641621334538028e-07
7.666585762043314322e-07
6.016855669710506866e-07
6.795596343009366456e-07
7.128915208107062795e-07
6.909905153624735992e-07
6.591456189497772586e-07
5.795110422059925369e-07
5.870250724217833917e-07
6.933692134993440524e-07
5.912441044581693892e-07
5.659307192226144465e-07
6.551764886067556801e-07
7.084291176747882924e-07
7.450793827795358897e-07
7.226307488637353978e-07
7.470788973375570415e-07
6.918408759280081629e-07
5.905829461351008860e-07
6.230970319149501046e-07
7.628543842236131507e-07
6.865104116831946264e-07
6.867447686843435458e-07
6.194383576451225958e-07
4.887553423829121308e-07
7.945820966023218913e-07
8.235989575391043546e-07
5.664339897144368627e-07
6.305277440606647024e-07
7.086012869804183873e-07
7.785371895931842164e-07
7.275995268024142210e-07
5.827061050591064492e-07
6.528483475362014606e-07
6.400320849383720407e-07
7.131743354654085808e-07
7.660844128133553988e-07
7.041971957781876530e-07
6.942288829146684331e-07
6.786419531769904836e-07
6.270615681975102178e-07
6.412589131167178980e-07
6.703195560715515866e-07
7.350731669863098606e-07
7.075528516463847901e-07
7.569524173476680528e-07
6.517653817211684494e-07
6.523939208696466750e-07
7.168724281726181208e-07
7.922251199582252617e-07
5.828719449034901699e-07
6.837453329461650503e-07
6.790273680488521432e-07
7.344992807992063450e-07
7.571987230342808567e-07
6.457495800625229765e-07
6.379641479541998054e-07
5.242717003266458101e-07
9.059898939687953734e-07
6.878838941329605947e-07
6.335189170692272218e-07
7.848954341698191484e-07
6.827366288682325224e-07
6.144813173416348510e-07
6.574722238119265957e-07
6.244956203991635422e-07
7.136028554374776058e-07
7.853992159718677528e-07
8.244486723972218720e-07
6.291827948221988913e-07
6.612565470137468693e-07
7.308210338952652438e-07
8.392282207390077979e-07
5.918305455265734284e-07
6.512131557741794077e-07
7.374768402710790068e-07
6.942431833930769752e-07
5.765531320234068459e-07
6.647749161519864387e-07
6.326476686595262182e-07
7.116785137770752090e-07
5.511606349231758527e-07
6.137472901204263432e-07
7.387778621222017364e-07
6.883584009330429199e-07
5.788136771845340986e-07
6.092053710845182483e-07
6.981078430790927665e-07
6.586481189242499405e-07
7.272414314232804115e-07
9.379692593501824120e-07
6.627308911247894023e-07
6.080700169112683492e-07
7.019379983619547424e-07
7.434202765828956929e-07
5.602717168859556510e-07
6.797686640545266632e-07
6.725388142904256788e-07
8.347882694338407929e-07
7.889566240108703719e-07
6.889180319622749116e-07
7.151760078539555854e-07
5.454189362510743046e-07
6.555404817548435788e-07
5.921268143716255205e-07
6.493212241546525328e-07
8.089343677017377236e-07
7.415703131459394486e-07
6.431612879862192077e-07
6.928552566767779168e-07
9.187431646071034231e-07
8.023527065279717334e-07
6.199840560559749740e-07
8.296518276470405583e-07
8.171390481042088334e-07
7.298275102515362125e-07
6.339478557862303118e-07
6.223668309803950248e-07
6.991160375871787505e-07
8.465775205640064746e-07
6.419124658054984256e-07
5.284900166773784895e-07
6.297729522408404995e-07
5.951357162398531468e-07
6.472812430932182711e-07
6.182784647647275912e-07
7.811376177745070251e-07
7.880368915781078274e-07
6.830641766738670512e-07
7.292041998492409801e-07
6.106316642066001340e-07
8.830132707685494358e-07
7.608702646910873141e-07
6.374816015182613429e-07
6.318204419006284944e-07
6.495322000972962460e-07
8.019926830529694586e-07
7.315028375657461433e-07
6.631535269022939439e-07
6.744821031403074547e-07
6.213745672940239376e-07
6.049994835522778249e-07
6.582817325190968612e-07
7.280206203538898386e-07
5.724770256913930880e-07
6.989493404155636118e-07
6.606409940582181867e-07
6.277934763412985803e-07
6.336693644232311342e-07
6.704423412764642833e-07
8.438958306767115560e-07
6.928509680404345780e-07
5.900585647903585119e-07
6.049569977901880345e-07
8.367326117923631089e-07
6.703304970106781712e-07
6.906139662261933210e-07
6.870454636928640645e-07
6.009072153334621089e-07
6.266038680811864286e-07
6.817056945384993747e-07
7.286076527153818093e-07
7.200937656989928007e-07
8.013216413570037426e-07
6.387373057270201630e-07
6.992829973441913796e-07
5.919319518503064818e-07
6.203902590205675995e-07
7.629803349662946180e-07
7.100372831666801109e-07
7.170245910457997352e-07
5.812671911219984111e-07
7.692901383473233184e-07
7.643425066189560502e-07
6.300859902725161334e-07
5.893151155029845755e-07
6.382346607692561930e-07
7.895198183260233188e-07
6.820286454666305911e-07
6.083204922477321182e-07
6.633179154333173267e-07
6.814476618209981617e-07
7.732953852185382696e-07
8.639904375607247399e-07
6.327554967537217097e-07
6.622764330913093606e-07
5.618904942354382103e-07
5.291214108767475996e-07
6.568601054403737302e-07
6.841744309845510166e-07
6.693375151192315560e-07
8.771984932284194602e-07
6.560567204362712807e-07
5.427316954835212382e-07
7.378602843065867405e-07
7.814040320201726825e-07
7.544367091159510790e-07
6.071670859047918234e-07
6.995789756832383837e-07
6.843555273702312143e-07
7.301510981119450086e-07
8.039184093568383715e-07
6.479599598156905016e-07
5.872740190978399927e-07
7.900669323801640251e-07
7.398355853401779723e-07
7.227067107677517960e-07
6.297324720817458084e-07
6.491174657841619211e-07
6.204818083374972093e-07
6.424945169897960110e-07
6.565981891430795200e-07
7.065185756808366874e-07
7.741061820916022807e-07
7.390022556792714686e-07
5.908312913356785500e-07
6.491429523727824982e-07
7.520797825789331479e-07
7.704628810330429673e-07
7.203527891658096316e-07
6.667535872727172923e-07
6.678204864387376258e-07
6.736577986770045476e-07
8.005173491750307190e-07
6.742715716104098960e-07
6.286586504476309117e-07
5.655186624801303174e-07
6.899689785193137580e-07
7.138399301713950547e-07
6.093227304471914774e-07
7.603308610585483793e-07
6.381175717039065898e-07
6.736211996541883485e-07
5.532765307791371693e-07
8.550554810251816016e-07
7.645466764835132595e-07
7.204575403603477779e-07
5.977008901906987323e-07
6.486788434716338156e-07
7.494680008171280766e-07
7.257758080406345181e-07
7.482247319996562357e-07
6.320807133927372799e-07
6.086211864568613754e-07
6.973604735778623549e-07
7.116304257704670254e-07
6.112929925817632624e-07
6.147762473657968376e-07
6.604001900391706269e-07
6.983639487530780832e-07
6.723203788397250869e-07
7.398501556875625083e-07
6.960307858565844697e-07
7.288179529981497856e-07
6.113347376514439210e-07
6.352719027007868998e-07
5.831675545140241887e-07
8.019244731284055857e-07
6.785604552124178294e-07
7.358170974444929120e-07
6.366016178126459627e-07
6.730157894848933793e-07
6.988362327840668667e-07
8.018294220837034733e-07
5.995627081361955721e-07
6.500194534629336490e-07
6.854536067985022920e-07
6.958769780584413602e-07
7.720566286237238180e-07
6.660383013407934143e-07
6.682510751740219663e-07
6.656662876143231738e-07
7.598489740869814975e-07
7.311910262852069395e-07
7.169906487227802398e-07
6.816120025781320511e-07
6.394844947505366802e-07
6.142392211056826659e-07
6.173885419555227797e-07
6.816091213010286418e-07
7.304370131918112847e-07
8.137653316199191324e-07
6.328720908264223986e-07
6.183358347242905069e-07
7.033071869494954778e-07
7.636871854504606816e-07
5.943418055701282384e-07
6.292785594926733204e-07
6.466922265426332916e-07
8.249281225020847941e-07
6.596537229373829435e-07
6.540709285239574398e-07
7.264005701582969013e-07
9.005750514977724926e-07
6.286449393080457319e-07
7.391089909566677514e-07
5.566028041534679721e-07
6.538860930207735387e-07
6.346086718772870974e-07
7.113514012611125971e-07
7.793468948288495419e-07
6.940043622807556231e-07
7.099151058113374154e-07
6.711133131802402792e-07
7.746092077101955235e-07
8.025293115372896900e-07
6.722321358729567022e-07
6.666709478710135824e-07
6.213718627322919479e-07
5.550425370950085263e-07
6.992894103201527660e-07
9.120037882413439234e-07
6.726303594667962975e-07
5.484351959733565754e-07
6.073194749148116890e-07
6.829790608298602245e-07
7.138285667792960596e-07
7.851193444563986976e-07
6.227528799204929938e-07
5.662243635309888032e-07
8.036059060858256723e-07
6.982035900353761637e-07
5.954268707140051592e-07
6.745021993396584062e-07
6.685766450740748589e-07
6.032860736954380775e-07
5.989418335307998870e-07
8.980009956529191781e-07
6.824464108155744879e-07
5.746927443768156504e-07
5.915181002591993696e-07
7.050369941084107611e-07
7.130150146582937112e-07
8.669831440818511972e-07
7.620472986642706766e-07
8.025820265062795018e-07
6.993268687883831918e-07
5.501305123550872969e-07
7.018413159308133423e-07
7.337231967545646183e-07
7.503203352878248749e-07
7.261563508606437939e-07
6.577286316665074203e-07
5.399009294283241190e-07
5.764759491827107310e-07
7.106451887576790600e-07
7.233984307306426281e-07
6.236161224626954363e-07
6.101878165064381985e-07
6.355683224629778004e-07
7.414029424966259913e-07
6.658356463110687937e-07
6.534409864968861334e-07
6.217250212560551354e-07
7.199265979372650434e-07
6.899263767515001451e-07
8.240113978988676745e-07
7.762812458131664823e-07
7.041188379853303437e-07
7.303978816994701383e-07
6.036731689326099655e-07
5.718064122376976058e-07
7.316033872017191138e-07
6.925266878944144557e-07
7.427023499438004770e-07
6.510206325447134204e-07
6.540314919026186336e-07
7.754780526343009740e-07
7.031051093320683549e-07
6.013265674294126562e-07
6.262355583240533732e-07
7.149526952422738313e-07
6.397899296649842794e-07
7.746782274490034565e-07
6.237736334299479185e-07
8.769606462803782816e-07
7.843639683685845984e-07
6.493815503370615874e-07
7.054506610320763134e-07
5.194310800336019426e-07
7.142680728866695334e-07
7.011593730033951878e-07
8.044198877949052821e-07
5.621300415455191899e-07
6.291264774276533310e-07
6.239762984962641869e-07
7.457424179409402465e-07
8.098194173834763635e-07
6.555678919288149438e-07
6.331013231312764015e-07
6.012304641764556308e-07
9.103353687010188304e-07
7.461734671504004876e-07
6.809753742704137347e-07
6.533264168295209217e-07
6.408593075629097840e-07
8.229590096476465369e-07
6.800871204937739711e-07
6.641299167295284256e-07
7.225644516548091752e-07
7.903920644529042768e-07
8.478434026825229027e-07
6.515122836665164736e-07
6.890368255817187808e-07
7.343129868969471111e-07
7.705432668329056076e-07
7.379940916979201256e-07
6.489474304499708401e-07
6.731383724875510279e-07
6.863734975515941063e-07
6.719314668569653413e-07
6.305163565111904986e-07
9.114794048984390742e-07
7.050453534455609375e-07
7.424403123362728111e-07
6.350111566702251735e-07
6.762928624432019779e-07
6.926150297841158010e-07
7.534604195467684061e-07
7.286668885761843818e-07
7.263189299318440146e-07
6.456203361669749512e-07
6.524059845879777609e-07
7.292612841249589647e-07
7.174351111796830023e-07
6.837431718515525249e-07
5.665846263244025353e-07
6.131471930296675306e-07
7.535767178425979930e-07
6.881491857542038929e-07
7.019943847184088461e-07
6.344527359336724419e-07
6.041793328970838725e-07
7.122555917101299708e-07
6.868479176469550835e-07
9.009352790080921226e-07
6.315925820108773875e-07
6.936915863224104876e-07
8.038177831263446640e-07
7.415606782117277457e-07
7.038951058979951887e-07
7.407968261355657076e-07
7.237666194617759917e-07
6.665563384600178878e-07
6.564916747199112568e-07
6.436169157878846578e-07
7.151291501488912519e-07
7.133932045267955580e-07
5.855424314976571797e-07
6.037914186989664439e-07
6.611611525062045933e-07
7.150466410088355381e-07
7.533837882784115937e-07
7.829050363748053094e-07
6.563815142516524743e-07
6.516344618869312712e-07
6.876955042726756750e-07
8.992834151599620561e-07
7.552658933294739429e-07
6.306779371964257370e-07
6.588393602193047676e-07
6.993004741875031777e-07
7.980757042916188231e-07
6.060484135492204685e-07
7.511060539615352147e-07
7.337133453256061165e-07
7.140716786449173731e-07
6.474527298540619348e-07
5.555692267395698666e-07
6.784034698429772714e-07
7.658649349322377994e-07
7.075259320245804166e-07
6.014145390097221228e-07
6.407262864993236143e-07
6.718814524301886892e-07
6.586610823438973922e-07
7.473291678302226833e-07
8.933824671129304813e-07
6.744826593996397257e-07
6.572523225840061270e-07
8.699448413374279139e-07
8.392614698824329364e-07
6.696115004308379223e-07
6.623942529731597626e-07
6.385672168431196476e-07
6.692166800090106639e-07
5.533769126741710633e-07
7.189497381432761705e-07
8.318970982430563021e-07
7.435500902539469030e-07
6.255009926152331512e-07
6.530759896712881996e-07
6.499826560369665300e-07
7.512861732660920524e-07
8.178368765231266680e-07
6.467345073486906540e-07
6.298420268626066781e-07
7.284187333294254766e-07
6.196708933795169761e-07
6.805735391860902123e-07
6.407059313734262087e-07
7.113195987253252353e-07
8.317916165990509209e-07
6.456119023200222687e-07
6.818782038794805641e-07
5.194723790866287391e-07
7.820633188266639442e-07
7.139525262139179741e-07
7.416530688330074969e-07
8.150942896499690073e-07
8.732564099466017984e-07
6.560561794625809145e-07
6.848572859737291222e-07
5.203247339213139845e-07
7.041874062211245367e-07
9.157816833791120708e-07
7.113304162817186894e-07
6.112609523694884717e-07
6.553979988675554400e-07
7.560766392779350303e-07
6.488953636838196059e-07
7.210373533576902973e-07
6.382267428593123891e-07
5.969723281916994963e-07
6.870071864644229424e-07
6.790588047393330750e-07
6.170428495300562612e-07
6.288857175824486435e-07
7.465502419621691816e-07
7.094616946502547053e-07
5.175554490113934323e-07
7.104739005913003541e-07
7.312635598858635227e-07
6.725892467168255411e-07
6.345940934748962128e-07
5.643387903507534196e-07
7.374853853464092210e-07
6.783501245008877015e-07
6.950960101929114915e-07
5.602626832600248282e-07
6.053685474728162235e-07
6.833762476639660592e-07
7.361571272364143630e-07
8.133970247745185844e-07
5.969298907268244239e-07
5.583044181955978560e-07
6.332993473150092238e-07
7.038809590579864049e-07
7.623015045353714556e-07
4.876355575009644225e-07
6.726935819955997109e-07
6.381658875479946476e-07
5.656102424892423374e-07
5.721819915427565856e-07
6.868035781410395534e-07
7.485237204334546878e-07
5.498012394281000412e-07
5.699760149521247146e-07
7.431106494946959477e-07
6.822011615516016034e-07
7.288599887089276523e-07
6.861938759173340414e-07
6.057578286584079231e-07
8.531608892625536842e-07
7.989066376907200330e-07
6.179931976094338994e-07
6.214608866703565838e-07
6.395299007160256612e-07
7.111582038042204772e-07
7.751846679774683704e-07
6.557681397754491084e-07
6.346216907228567959e-07
6.207958434815616384e-07
5.521376123321865616e-07
5.991521315762206480e-07
7.395410968722062060e-07
7.133460509864140021e-07
7.096637597408617021e-07
5.448805607913720425e-07
6.417802526853684320e-07
6.954931943690893477e-07
6.844621430650254165e-07
7.320794516382496442e-07
7.711345582490238889e-07
6.836814912169534079e-07
6.411999801214712260e-07
7.583940008087420368e-07
7.835173067360549940e-07
6.764138116471839015e-07
6.966206686958891704e-07
6.254426446492577188e-07
6.993264973724222827e-07
8.265093906845943864e-07
6.776277578020154523e-07
5.908448871621392666e-07
6.239010086582681861e-07
5.947807449056682026e-07
6.624112703929590336e-07
6.592456694427864099e-07
7.087529558643026944e-07
9.570660960905276581e-07
6.379157962045754841e-07
6.461560551108603009e-07
5.543155214467857473e-07
8.260353988566292871e-07
7.399581275035350922e-07
6.976994420210300230e-07
6.156166585369548876e-07
6.536074873515062097e-07
6.906667266835266952e-07
6.967755406548872727e-07
6.455509784584277382e-07
6.258775273841977527e-07
6.062374179592205633e-07
7.177043985141641332e-07
7.249754896308902218e-07
5.548216406406810118e-07
5.162997777017771425e-07
7.793683726274659606e-07
5.982182646156039800e-07
6.936990623561844582e-07
6.119565216170003597e-07
7.457175961307017344e-07
7.971943280242019912e-07
6.498514997004096883e-07
6.235337227922547716e-07
8.651564830497576798e-07
6.819969352112979718e-07
6.568254413239422104e-07
5.959390711663775398e-07
6.624621836302722879e-07
6.593656271686843084e-07
8.574414129875006764e-07
6.222941823034358143e-07
5.206789183664901065e-07
6.385870235645787500e-07
6.787512646187446431e-07
5.771806786793548958e-07
7.490753859431306577e-07
6.868410031614699041e-07
5.452995423224148581e-07
5.860720772459032169e-07
5.496076756303126784e-07
5.721082958718558978e-07
6.667445222046272176e-07
6.948675180485419998e-07
6.892501303208503128e-07
8.980807857134420816e-07
6.506955220312419949e-07
6.243681913970681089e-07
7.123719417390602999e-07
7.774315290812085244e-07
7.901587176124724056e-07
6.032471331777774798e-07
6.471929659168309197e-07
6.284763657507936159e-07
7.747205727272516377e-07
7.551785888776373360e-07
7.460169365200368923e-07
7.422802290633091851e-07
5.953650677806399267e-07
6.148676557562452194e-07
6.331765352964472774e-07
7.690582743045215974e-07
7.269756500322168570e-07
5.731431248564767415e-07
6.429541147362516435e-07
6.843578916189220985e-07
6.705170254258326913e-07
6.560550440135456795e-07
6.959828398075352625e-07
8.288911978295571295e-07
8.287469128985395661e-07
6.555295385529487320e-07
5.396474713477388178e-07
8.131173741536563505e-07
7.415244743216363719e-07
7.008940540940355464e-07
6.227393395392915450e-07
6.322794078685522568e-07
5.897706745666308191e-07
6.759173330206637331e-07
6.079103410776996705e-07
6.835110440165904498e-07
7.537704012056537543e-07
7.587561177048744507e-07
6.609186620823439194e-07
6.940209203287314939e-07
7.268801597894864840e-07
7.265468526003047103e-07
6.733246445433195512e-07
6.653049334509415038e-07
6.210900295962245965e-07
6.885098319493411185e-07
8.860121745476458456e-07
6.769234591915333168e-07
6.153388179551803667e-07
5.909725855982949566e-07
7.006852958755865755e-07
6.235606072016339545e-07
7.498002288784579595e-07
7.162774703476349607e-07
7.239076973017987247e-07
6.016507076169698135e-07
8.110774815515658342e-07
7.846961807383848703e-07
6.017128691431739633e-07
6.614339052130795998e-07
7.730637293404120489e-07
6.940023332694342321e-07
7.556700453422457740e-07
6.701055653970678852e-07
6.056476691794320599e-07
5.485528626501704508e-07
7.367154756660911377e-07
6.998399677682280572e-07
5.409424810559754563e-07
6.039538504226176076e-07
6.632852141558529062e-07
6.685929763455840186e-07
7.546461051492461501e-07
7.351189222044521423e-07
6.969942709985418638e-07
8.863775764473314088e-07
6.675078144357360200e-07
5.845620194202393625e-07
5.828895051720697715e-07
8.159055345325451294e-07
6.898600010906820916e-07
6.848656100615370241e-07
6.696013625929299233e-07
6.085093287763148398e-07
7.255405307723317756e-07
7.123401635628504756e-07
7.419247203670300017e-07
6.256891318636124102e-07
5.325762037928000340e-07
6.644506473621840506e-07
8.024154409237404994e-07
6.850765959296389097e-07
6.002107331033746120e-07
6.604046164683403718e-07
6.648145079561215523e-07
7.084973384063558540e-07
7.383969063389102643e-07
8.130206083165376870e-07
7.327314399944901630e-07
5.693188593559338411e-07
5.419324198921671206e-07
6.807073716196490216e-07
7.326682272039421702e-07
6.968254418873479099e-07
7.876010716781517885e-07
6.577886352387370180e-07
6.062348794696587122e-07
7.043026708248836951e-07
7.306655002444015621e-07
6.694132818714765186e-07
6.675295169774585382e-07
5.555012893050223167e-07
5.978050690868872474e-07
7.149242052872885410e-07
7.229564948618225104e-07
5.634728628710443278e-07
6.466556929273541019e-07
7.026996287693440247e-07
6.707125574341936545e-07
6.100252644381708214e-07
7.131942136807566528e-07
8.507116563572847415e-07
6.396459208191609146e-07
5.713625301239951098e-07
6.228448834655849627e-07
7.948631317151929976e-07
7.096177792587492566e-07
6.966213667690689963e-07
5.823833544623021071e-07
6.205855814839589824e-07
7.386790123852627820e-07
7.466833130725668086e-07
7.641304952024586584e-07
6.135075451866601021e-07
6.215163415703737600e-07
6.252684550469869231e-07
8.021412599248760915e-07
7.132614248082173974e-07
5.713525852729875993e-07
6.526223460962646229e-07
6.818084474959513629e-07
6.930771357124811742e-07
6.141020039720538851e-07
5.856873959680092358e-07
7.178541720335994997e-07
7.370738902652453476e-07
5.810205891417718913e-07
5.134300696614010690e-07
6.622146028937486305e-07
6.907035606283717170e-07
7.090497748395453221e-07
7.204143365721049348e-07
6.937709616644946371e-07
5.417577436989428622e-07
6.860952835312014906e-07
7.788344672224603371e-07
8.313157102349410101e-07
5.993943278274925279e-07
6.839857458175546084e-07
8.540500134874215579e-07
7.634017726498801417e-07
6.521411114555902448e-07
6.858622945782605905e-07
5.859607435655138008e-07
5.981736244131137238e-07
5.826482102115816416e-07
6.066063559427098877e-07
8.194455351526207772e-07
6.989410546695116191e-07
6.571182734047233860e-07
6.819797527280017596e-07
7.086548810578503455e-07
7.923805446937794549e-07
8.390243039464819177e-07
6.252827813188678570e-07
7.582526538979897005e-07
7.194048652843233530e-07
6.312764720851723252e-07
6.779358030221985795e-07
6.078226248224176820e-07
6.650805803323469922e-07
7.737316028153495426e-07
6.648551096006413117e-07
5.839228490960604334e-07
5.414812597909303715e-07
6.227600109707810554e-07
6.506704745059975919e-07
8.408485214451303163e-07
7.095031999409347066e-07
7.051617079745546516e-07
6.522674135927864155e-07
7.563728801676820908e-07
7.183718336184241266e-07
6.611295719206941322e-07
8.320371787083019852e-07
6.446252688227613336e-07
5.978751887680058508e-07
5.853482132424242308e-07
7.986141363804745975e-07
7.043602401703415674e-07
6.891927277491289468e-07
6.360549032181874608e-07
5.944865905252555496e-07
7.096021775788569267e-07
7.119108579137837083e-07
5.894072495033025915e-07
7.830694936858118168e-07
7.147874108938403966e-07
6.507502921012773746e-07
7.622002243021034603e-07
7.363662309109395233e-07
6.506725159898348738e-07
6.158397406932302373e-07
6.575280480835237472e-07
6.395283503327798757e-07
7.256836183665318745e-07
5.941223379607512326e-07
5.840551941320786284e-07
6.972982441596432243e-07
7.298464562806016296e-07
6.973705866738659668e-07
7.680728969929178998e-07
6.465484407983453164e-07
5.299030236632192350e-07
6.999786117185674728e-07
5.814529644989432890e-07
7.969764795314077911e-07
6.745723022863817044e-07
6.723121960293485152e-07
6.593101402215607612e-07
6.152224037722102995e-07
7.467684753168585974e-07
7.146830125873574331e-07
8.180435745054180276e-07
5.778200149958927075e-07
6.352081839134657493e-07
6.702346865627119307e-07
8.449379085309094806e-07
6.875410805768695929e-07
6.198870837669893204e-07
6.540160067334702275e-07
6.775797124874788670e-07
7.169332566501593099e-07
7.991315442473349694e-07
8.173344405237340103e-07
6.211850705341337116e-07
6.611726199748825203e-07
5.496006975304175225e-07
6.108168958976532500e-07
7.068518909192755736e-07
6.801793232514213214e-07
6.913608228204580649e-07
7.363560397044095813e-07
6.433231568691339225e-07
6.011840689049060238e-07
6.821207696255205501e-07
7.887662821401134911e-07
7.417637353704493191e-07
6.310752583629668668e-07
6.366230053255980760e-07
6.558949962296065941e-07
7.802921967451846796e-07
7.558386393868547801e-07
6.830059328133798913e-07
6.039710375173717782e-07
7.697813499654022264e-07
7.789718729815429516e-07
7.508211126250329237e-07
5.886429041416845326e-07
7.225999499232852873e-07
6.001479322071041083e-07
6.663463223689119455e-07
6.974006511692107300e-07
7.103683389547439139e-07
8.039016092122663032e-07
8.299442944095513798e-07
6.617079299772179066e-07
6.396817327844155114e-07
8.289892676153222687e-07
7.868211058557045915e-07
7.285568834944325893e-07
6.976318483341769581e-07
6.114537659394480386e-07
5.195150450961241656e-07
7.426070006336718863e-07
7.292806123596044755e-07
6.842366703381632749e-07
5.819594649393733218e-07
5.751709759201936953e-07
7.084801876176189360e-07
5.512944496882360814e-07
8.890689523055084950e-07
6.132400281714563560e-07
6.451014473922864028e-07
6.343089925149531672e-07
7.284679607051908439e-07
8.059017990697249443e-07
7.133094222275253255e-07
6.339791009865120437e-07
6.573520764948035672e-07
6.998872042905322194e-07
6.858053335187673760e-07
6.389055535450876816e-07
5.876354076663196341e-07
7.279087439398259402e-07
7.891368081904466752e-07
5.709239490943119946e-07
5.515797034592286544e-07
6.898651894093869989e-07
6.587019338922723016e-07
7.225030173857331958e-07
7.920023479611393381e-07
6.999935136626175112e-07
8.051587784098223917e-07
6.108845538034789634e-07
7.586374226399894426e-07
6.474851397202030300e-07
6.444363521214761389e-07
6.166338783380932228e-07
7.102977745594367532e-07
6.521053996429977118e-07
6.632684847673566765e-07
7.766357192663109504e-07
7.277943834586149762e-07
6.024905354503773961e-07
7.114760758182905966e-07
6.454769602253461977e-07
7.598269025788546733e-07
8.190840960388654004e-07
7.889744061107687203e-07
7.540241692336369988e-07
7.128793819385226099e-07
6.387544279432082351e-07
6.125642233051139666e-07
6.747371141766620937e-07
7.065529177940985006e-07
7.990592905321179841e-07
6.024579922600573571e-07
6.924013329723947704e-07
7.682936626299291935e-07
5.682876880951605975e-07
6.264416270685785029e-07
6.227676481892808961e-07
7.151277208863837816e-07
7.817739024113093109e-07
6.756096614409380758e-07
6.996333006875077699e-07
5.658046787945209012e-07
8.088651982419834039e-07
7.512682454027575122e-07
6.412682111827417399e-07
7.354596700657387730e-07
7.027479582341777899e-07
6.272711028986664927e-07
6.929240122958707611e-07
6.261577045078791810e-07
7.788251026606439430e-07
8.502730753209432062e-07
6.555378321069261862e-07
6.866358807322294333e-07
5.998504975322393638e-07
7.512347303176395687e-07
6.840830586674414191e-07
6.112853431382541579e-07
6.565164372153791944e-07
8.135462632908147060e-07
7.746122512972953680e-07
7.077948138754467231e-07
7.834135274517245050e-07
6.678028746697717491e-07
6.998388571328853692e-07
7.849274612425327201e-07
8.391121368898909287e-07
7.101130129891788049e-07
6.558159533450672360e-07
6.596342537873933115e-07
6.371097535646839601e-07
6.902444193738016296e-07
8.358395476075384015e-07
6.707579413592691315e-07
5.432607202523938748e-07
6.069043682397657296e-07
7.134922798469993574e-07
6.956001395095030594e-07
6.993024180783511878e-07
6.254134540816781918e-07
5.812745641191909844e-07
7.394524881740888747e-07
7.293472830876787563e-07
7.516992607458701118e-07
8.218958876548662949e-07
6.905668851702437214e-07
6.028606883193840371e-07
6.294746258092493814e-07
8.764423812310129763e-07
6.609772555172557854e-07
7.289560631344295249e-07
6.181117766847109457e-07
5.895576109245561610e-07
5.891001779822732000e-07
7.369859659001660647e-07
6.675143022713026028e-07
6.040346681561785111e-07
5.884437357088737108e-07
6.696008458492882868e-07
6.815141905970773079e-07
6.941337228305427885e-07
8.085277912245804976e-07
6.403133643994729351e-07
6.527009666178411031e-07
6.694729202517315511e-07
7.488200436544234800e-07
