2.993726765017996087e-07
3.031821008993640060e-07
2.383388929440219317e-07
3.473585354333678252e-07
2.703793788962938259e-07
2.677374903171589814e-07
2.543658204318355002e-07
3.301540639623549442e-07
3.240534464910833918e-07
2.860794686135663220e-07
2.686364430995282935e-07
2.666330792387872680e-07
3.433637418747688196e-07
2.933764972642015363e-07
3.029842849898835778e-07
2.793445899505558672e-07
2.385575431496316203e-07
2.463833856872311394e-07
3.085159316429519747e-07
2.885829342187521973e-07
2.625119965484136262e-07
2.490007230525512956e-07
2.973354240167606758e-07
2.857098973367121458e-07
3.214008369799165029e-07
3.274708325833961732e-07
3.024173184240426295e-07
3.417140163862438644e-07
2.776033168066275789e-07
2.434321415826511351e-07
2.644580797359134413e-07
3.137054075059707202e-07
2.866308693967660040e-07
2.860479357788389308e-07
2.930314978942793348e-07
2.483040334503217164e-07
2.929550400192479283e-07
2.829222060714823843e-07
3.669455526802950395e-07
2.227686131585592475e-07
2.818211358113818131e-07
2.716605585239952255e-07
3.215185943440893653e-07
2.879142299896039216e-07
2.556614562884546766e-07
2.792164217289214245e-07
3.042551061547260074e-07
2.928976543255106809e-07
2.982852373680463373e-07
2.858489606050911890e-07
2.493439051297065907e-07
2.637681340828994781e-07
2.857314471596546590e-07
3.102831533184527293e-07
3.136935936489258729e-07
2.729364682022948736e-07
2.635394480565903230e-07
2.977252091832962800e-07
3.377558074490194827e-07
2.461058497784041162e-07
2.836919820971833303e-07
2.899781198148466077e-07
3.216159509230436888e-07
2.920402301001338531e-07
2.950610871112638347e-07
2.672443207978911166e-07
3.236970360018072125e-07
3.081725013942661554e-07
2.856218993664038403e-07
3.228843828248720811e-07
2.586378900751533830e-07
3.005181072406119467e-07
2.725411625605039991e-07
2.886219512603679584e-07
3.307790304925545059e-07
2.910011812108623880e-07
2.786859710231557224e-07
2.989443008053047522e-07
2.832246720514031718e-07
3.029459130658977277e-07
3.159234288143183975e-07
2.913807412450631427e-07
2.556898741473563645e-07
2.793414799209430606e-07
3.220807754411613760e-07
3.050600690922544268e-07
2.882063636788221565e-07
2.964941432776405890e-07
3.054674050946080265e-07
3.106535243640039561e-07
2.844369941148749517e-07
3.101870712086519185e-07
3.492878259883587777e-07
2.996966638492716374e-07
2.705182560923032876e-07
3.113587011366706748e-07
2.593999327645460978e-07
2.894929816175626634e-07
3.285757639791527534e-07
2.800411289183201141e-07
2.475260333459724632e-07
3.042092205933069528e-07
3.047947994278489506e-07
2.431118363075117653e-07
2.576533290672560969e-07
3.034898877954979144e-07
2.964780833845830273e-07
3.284274829267156211e-07
3.369693277526148990e-07
2.945108359574495877e-07
3.003808576730990517e-07
2.665133035177731746e-07
2.724129704660068384e-07
3.574396710446389283e-07
2.920121744161425526e-07
2.750793815386388160e-07
2.653870094016399144e-07
2.677655275967728230e-07
3.073030245596822774e-07
3.000562653311945464e-07
2.794481736070591108e-07
2.705738314755733654e-07
2.750043951749146021e-07
2.888960448890525005e-07
3.030243040779138675e-07
3.315988771547891110e-07
2.780229530666792433e-07
2.806025688758504468e-07
3.038386545419579781e-07
3.463732679885820953e-07
3.203622995867812467e-07
2.985998151830416007e-07
2.897005802473481191e-07
2.608082244139533993e-07
2.657264823140010243e-07
3.099169041109668789e-07
3.148972231734290751e-07
3.335566497340857071e-07
2.669906310631008806e-07
2.528213939115108231e-07
2.634459972276698874e-07
3.317932853517903987e-07
2.895006433383726636e-07
2.804786746040706934e-07
2.835274792244751251e-07
2.694500620422691483e-07
3.074266175916694056e-07
3.108631054742732879e-07
3.377723700500940653e-07
2.691419652228830825e-07
2.845213031071287810e-07
3.226166107933471497e-07
3.346713962969664691e-07
2.703236309740321311e-07
2.993725969125649287e-07
2.859476274818640843e-07
3.363202723040981860e-07
2.578063329746139886e-07
2.943481893779194530e-07
3.409612148364432491e-07
3.288322488176409725e-07
2.565675766836824535e-07
2.754299018617111649e-07
3.278641123602204142e-07
3.169803548244728440e-07
2.891319288805227785e-07
2.848254983766323705e-07
2.433166575664185360e-07
3.225059802998538684e-07
3.130778448097772181e-07
2.975841528812950811e-07
2.668328696623566756e-07
3.192756884821990348e-07
2.873168574815467954e-07
2.778501093324701080e-07
2.973429761505063562e-07
3.501756989885045371e-07
3.763258210622038929e-07
2.617904325433697256e-07
2.917395796489046868e-07
3.191647546742208558e-07
3.253288505439631024e-07
3.055317941840021910e-07
2.749436414282909583e-07
2.784660195134002116e-07
2.497347792709369066e-07
2.885008606917740501e-07
3.240292163656146632e-07
2.837039268444141663e-07
2.750291985769119144e-07
2.299044516344034709e-07
2.964182195873878100e-07
2.957648971725468305e-07
2.893169480250941907e-07
2.587861035717199773e-07
2.851390718709842225e-07
2.907452097744088363e-07
2.570965751936104594e-07
3.097703984187903093e-07
3.492330512313315412e-07
2.919021320550401128e-07
2.660413796494755799e-07
3.252590239136027937e-07
3.178294042710778498e-07
2.840619646788900197e-07
2.836514890410710166e-07
2.609156066768681363e-07
2.492476290365397444e-07
2.949915798222508082e-07
3.031637308723631506e-07
2.514334000065793490e-07
2.760900490123437036e-07
2.923549721383873205e-07
2.959617550428192871e-07
2.933962710083033507e-07
2.870309619912962523e-07
2.468208037115444526e-07
2.688413792247909406e-07
2.762611950460102016e-07
2.388385470191776299e-07
2.661396398845569703e-07
2.698870024235534459e-07
2.966061051801327393e-07
2.928951999748194980e-07
3.430965867166812988e-07
2.527747381846272300e-07
2.583475336443482647e-07
2.847925596090494748e-07
3.033399456221022107e-07
3.061652402147372907e-07
2.204828024270250689e-07
2.733146029416263258e-07
2.786947083361973771e-07
2.966174444583327680e-07
2.973318960413991308e-07
2.897047551139543041e-07
2.747976065231218806e-07
2.831593728700388922e-07
2.681622332818045140e-07
2.719362095896503373e-07
2.814338989611089669e-07
3.106339168720122537e-07
2.862409447865271974e-07
3.478643188931025261e-07
2.563766581998977872e-07
2.626896898732206800e-07
2.945061663091017217e-07
3.238732888723051979e-07
3.100365523071284573e-07
2.969417962782876596e-07
3.502389297899689970e-07
3.125491248879243908e-07
2.720961829132370707e-07
2.886152112584836894e-07
3.284140123201820629e-07
2.864065846554873300e-07
2.854354361051112380e-07
2.793026701366892706e-07
2.357972450774034514e-07
2.653792063177996577e-07
2.570030309522228106e-07
2.908584427791687319e-07
3.493846350430114340e-07
3.038662685766815723e-07
2.779111226428437162e-07
2.757436732686848751e-07
2.875683667512420198e-07
3.126944276888041697e-07
3.625849333764189626e-07
2.810846001868255939e-07
2.751995754505637935e-07
2.723976505905723111e-07
2.997651151635877426e-07
3.266038959078717972e-07
3.071750513948425248e-07
2.168046401160918269e-07
2.799079704552290872e-07
3.477254502553087167e-07
2.970741907089831517e-07
2.681986081322270964e-07
2.379133530709594483e-07
2.467762571363925455e-07
2.836507752415301555e-07
2.643602680797511552e-07
3.723754836654986751e-07
3.224418679508117055e-07
2.847086867448175220e-07
2.850406327259368618e-07
2.854142713834516508e-07
2.571067659200340800e-07
2.858392680340386697e-07
3.228576984682329655e-07
2.770420616462032451e-07
2.532840311082826406e-07
2.653875862655516061e-07
3.146080319890163029e-07
2.861076380369470681e-07
2.748800956915678956e-07
2.689511683138522674e-07
2.898570877148770113e-07
2.760311020243525063e-07
3.540469314216050991e-07
2.400118590358071103e-07
2.733183054932181339e-07
2.966278214686164916e-07
2.415883373415595615e-07
2.736226118751535208e-07
3.005637981718285734e-07
2.955104364553945293e-07
2.881625711001447217e-07
2.501933595687287326e-07
2.299980916458815797e-07
2.909767695803300734e-07
2.949459004927537747e-07
2.749370079101845948e-07
2.730606859136237473e-07
3.144360779576434978e-07
2.912904796444927055e-07
3.086641440610928435e-07
2.941429406262697274e-07
2.934323288605365338e-07
3.040033553743807970e-07
3.490942238919893573e-07
2.433336140025591807e-07
3.112080007902830532e-07
3.024842556981001723e-07
2.438617365724161427e-07
2.843202505433128210e-07
2.970838693518186980e-07
3.104310006206603040e-07
2.497297278709312564e-07
2.856379278526292473e-07
3.189535272265196553e-07
2.945119562278187851e-07
2.704726913659419304e-07
2.369043136173554494e-07
3.585906907897108380e-07
2.988629083637458894e-07
2.900266253809589409e-07
2.487218854293528235e-07
2.942346182022804986e-07
3.021602934382571808e-07
3.383623480492607506e-07
3.170325655357224130e-07
3.341176739902005268e-07
2.827482624180720726e-07
2.447661614024234850e-07
2.835373009029645538e-07
3.207045706722194428e-07
3.190577448366596740e-07
2.686902579614549605e-07
2.955210233877919529e-07
2.600234941320770968e-07
2.736144918624355649e-07
3.025726662161855440e-07
2.884825765731942632e-07
2.621470805084326884e-07
2.756134837242359334e-07
2.980715737618166253e-07
2.860772998866692988e-07
3.379197468435411891e-07
2.576411021264786388e-07
2.728509376154101688e-07
2.889703903982338750e-07
3.095618273015665832e-07
3.087573194290286289e-07
3.090857770763620889e-07
2.854446406823426807e-07
2.813378051712584501e-07
2.542094631523546073e-07
2.698449592980403237e-07
3.077426185922147274e-07
3.111514386618213636e-07
3.159570355784097585e-07
2.730474807495027586e-07
2.558520097474925336e-07
2.795032148536601266e-07
3.093248509415945778e-07
2.979429165978463589e-07
2.351936975295695987e-07
2.776608073450011536e-07
2.812053668438607956e-07
2.848222362534915933e-07
3.067734964865000596e-07
3.037482048179609237e-07
2.872194874706573964e-07
3.194325428522241527e-07
3.137203433016118157e-07
2.831222831188764484e-07
2.946084426484374192e-07
2.975068386223107518e-07
2.440869849583814918e-07
2.782258702004204073e-07
3.141907357588589374e-07
3.247295573073044577e-07
2.949149227308578778e-07
2.782531300634839203e-07
3.098138365047346891e-07
3.045095872135346261e-07
2.863737867385848956e-07
2.857703982221514486e-07
2.625169452751440745e-07
3.335873945159173203e-07
3.006981161407229115e-07
2.872373945955838513e-07
2.607934939480587916e-07
2.767981188193083340e-07
3.164529176624908831e-07
2.737397330647911373e-07
2.969745152733908008e-07
2.777143597236169114e-07
3.028071324273293084e-07
3.062972492927605366e-07
2.848555285327131570e-07
2.779931547099925151e-07
3.061341332736319418e-07
3.105636779548022664e-07
3.085892144335761480e-07
2.645595442559286441e-07
2.979868175463463935e-07
2.455789702885111499e-07
2.739224598702682059e-07
3.092649818213703048e-07
3.054745665509699857e-07
2.410017368905904502e-07
2.930310014507403265e-07
2.918158592692177643e-07
3.174756333999631829e-07
3.670953089366209468e-07
3.068655916043919835e-07
2.811920514712576004e-07
2.639170035455884046e-07
2.463142337204504802e-07
2.651290479379067477e-07
3.350561408004738864e-07
2.637650186473408723e-07
2.635631998275911816e-07
2.583941807541829909e-07
3.183643408646853459e-07
3.154345950316824784e-07
3.172122666270234256e-07
2.393880993663211705e-07
2.630076267232261001e-07
2.884773367838192201e-07
2.942767505470423870e-07
3.039431157533706686e-07
2.524810046135086478e-07
2.926114218784556369e-07
3.164872880968966048e-07
3.629857126344680765e-07
3.089543851724266278e-07
2.730206305045862100e-07
2.450603910386589420e-07
2.561181959990566308e-07
2.832818445415555954e-07
2.957213193298685877e-07
2.565607973381749347e-07
2.504226993233775239e-07
2.809369974136812419e-07
2.994245878764128477e-07
2.997697648433573879e-07
2.734825526477849410e-07
2.740235939350396954e-07
3.003084836395455795e-07
3.029911188788418081e-07
3.543285762893963700e-07
2.407980853519301465e-07
2.784435831714009528e-07
3.082615713090896447e-07
2.588932494935381901e-07
3.090902181612628114e-07
3.106863415381746118e-07
3.279620421273272920e-07
2.709174888947393119e-07
2.688085046115338684e-07
3.454882543101341501e-07
2.835438280013978947e-07
2.627484232069198164e-07
2.891770353846778331e-07
3.225083428994365612e-07
3.108050855146820740e-07
3.024260948235613015e-07
2.881022261318683860e-07
2.536772846447458361e-07
3.103362798975833044e-07
3.142072487137617648e-07
2.999637231375052107e-07
2.876781417781383302e-07
2.740036113831201635e-07
2.513695612076074074e-07
2.842164189925988047e-07
2.792528149307039796e-07
2.922010185632801620e-07
3.276729686725082556e-07
2.496911302908957615e-07
2.775535799184914589e-07
3.196525788391454441e-07
3.117829540812719893e-07
2.792551105251727326e-07
2.791239032399041861e-07
2.597990925820374973e-07
3.156785837681700242e-07
3.261451300204315017e-07
2.698447515286140076e-07
2.620645774373616890e-07
2.624935145042533299e-07
3.087860756267371515e-07
2.907238751477422128e-07
3.082862827638348060e-07
2.788654704882702766e-07
2.674003521972996808e-07
2.921844432830490129e-07
2.747932160417380319e-07
3.162944468675145378e-07
3.079499199156658287e-07
2.857930962859686737e-07
2.732944169420993316e-07
2.693353256082655665e-07
2.233758856516068632e-07
3.011522360552501904e-07
2.998751769770124625e-07
2.819775507911113500e-07
2.597762545347476006e-07
2.319749332867863303e-07
3.434708059246283647e-07
2.860701051088598575e-07
2.831371971530568181e-07
2.615088290701907659e-07
2.749909252511642971e-07
3.010570873325595794e-07
3.294094920314194628e-07
2.468286472897096825e-07
2.870424705201401900e-07
2.441105337693482813e-07
2.927214758934605638e-07
2.890028848476598972e-07
2.935502641876816260e-07
2.878063373719968937e-07
2.473899336212411899e-07
2.539304098050765460e-07
3.163134167051794480e-07
3.013259018886992582e-07
2.873053675102884597e-07
2.734392465718312643e-07
3.178395836752188407e-07
3.308544319740269105e-07
2.816152277395100559e-07
2.664722142279876139e-07
3.048136391694293598e-07
3.150011698204539074e-07
3.062186381770031856e-07
2.688040942143650862e-07
2.943161778160332950e-07
2.812051365744338685e-07
2.427673651362119703e-07
2.898386939658553944e-07
2.888614080484877982e-07
3.536376430671637920e-07
2.336889319802955657e-07
2.761015678690002808e-07
2.673239587629996542e-07
3.085694457672829041e-07
2.839874622426565120e-07
2.292861948093465405e-07
2.915257401621432513e-07
2.847847903508607912e-07
3.295484606796360576e-07
3.270672296553234873e-07
2.806013251681539338e-07
2.561743985072499315e-07
3.328192947251427538e-07
3.082344466379843513e-07
3.216201949961584508e-07
2.853680225913792844e-07
2.869164529574268819e-07
3.024121395522073503e-07
3.193696607816202633e-07
2.764532559269355959e-07
2.766724351740083545e-07
3.141898861604418505e-07
2.695804518415117788e-07
3.182697559249058362e-07
3.130695451563902614e-07
3.271482202354291181e-07
2.532157405456422586e-07
2.929676748655917984e-07
2.555392939092836751e-07
3.088939469129021756e-07
3.238949343971581599e-07
2.772583506650681209e-07
2.595929487736509465e-07
2.699809375548904338e-07
2.824239472121835347e-07
2.670827888084294558e-07
3.333544178974300699e-07
3.047606702668893671e-07
2.761617948730066323e-07
2.875490870655073320e-07
2.710530003930230876e-07
3.032771175422420882e-07
3.345247323762698957e-07
2.784931563225286143e-07
2.299276098860367800e-07
2.709310591299682936e-07
3.067680235642617596e-07
2.857661447700363675e-07
3.089589373825533155e-07
2.658215702252324778e-07
2.501830623065398712e-07
2.642210810321720286e-07
2.877341225235393320e-07
2.945356710265506800e-07
2.737482420007721251e-07
2.700885530371178809e-07
2.898558637976680831e-07
2.856095379604565774e-07
2.731957746141916442e-07
2.965011202151110855e-07
3.195024645038991197e-07
2.764547126306168337e-07
2.522486405951662070e-07
2.604912657725113143e-07
3.079264442138206527e-07
2.894680928567200640e-07
2.620517375042135624e-07
2.579004395566192351e-07
3.089440725567448698e-07
3.100548323492998227e-07
3.132191813366830385e-07
2.611214000801685925e-07
2.600302881027693616e-07
2.992429716800420980e-07
3.080988549773555684e-07
3.070769770639051022e-07
2.405427967699068253e-07
2.900050399058927814e-07
3.042178993142193745e-07
2.764066235180644654e-07
2.692585982488660754e-07
2.569370376094332920e-07
2.989022558784626182e-07
2.778389589427220315e-07
2.786680719891213316e-07
2.628582949877308552e-07
2.876728835285605336e-07
2.854157736768529539e-07
3.132507577607447701e-07
2.854137613242711557e-07
2.781781893734271425e-07
2.328953828003824270e-07
3.175992487271257558e-07
3.094311250817922443e-07
2.619236231662308171e-07
2.872002063699002248e-07
2.805487422750472120e-07
3.007104059950106991e-07
3.211319317828135374e-07
2.841901685260996608e-07
2.854428175880422425e-07
3.447483063002701715e-07
2.618381130359610532e-07
2.554003442790139245e-07
2.885504050038335782e-07
3.302470632509633381e-07
2.878269456108634189e-07
2.540055731366455432e-07
2.787757770983031426e-07
2.855182173436691881e-07
2.874056107258799331e-07
2.761205438720236729e-07
2.958619197061837857e-07
2.547504810677814551e-07
2.721514807299468223e-07
2.967813290795688901e-07
2.927272964043378342e-07
2.618072073374032061e-07
2.403237225873515708e-07
2.797513261226587810e-07
3.451823196935011508e-07
2.855721307535615177e-07
3.035816732860790813e-07
2.852823132224372547e-07
2.858501478531859923e-07
2.688413851695718787e-07
2.877571470236742046e-07
3.192569906207815546e-07
2.466648808676841204e-07
2.793901262195231958e-07
3.007135612394623528e-07
3.057355846654757283e-07
3.339456547211894280e-07
2.573629931533216199e-07
2.719641928798346366e-07
2.849115012415606876e-07
3.078752075856216975e-07
3.355916464176579616e-07
2.514755371278443067e-07
2.809611860794126311e-07
2.739163806234140831e-07
3.427947132662151608e-07
2.373067097696050553e-07
3.062120294622555671e-07
3.045456389299114318e-07
3.158594248955206592e-07
2.631255751611147622e-07
2.672713992893813714e-07
2.873855251549028980e-07
3.184022085045252304e-07
2.958663730891853566e-07
2.379847279561640755e-07
2.867860217258188876e-07
2.752506058245393560e-07
2.964316859240898498e-07
3.035267249281905026e-07
2.936022323146153323e-07
2.776888309656004452e-07
2.775516088133375037e-07
3.030436954053369255e-07
3.279827207765320885e-07
3.064682676474176995e-07
2.830300715140734609e-07
2.850959544369057013e-07
2.789044886309076375e-07
2.844274694478373740e-07
3.180824726842135947e-07
3.083367681966203773e-07
2.587168350174298571e-07
2.664580504142983056e-07
3.338957825966803334e-07
3.239385998168548849e-07
2.772006996650058995e-07
2.813058085997439112e-07
2.499208397874280097e-07
3.321863892621559452e-07
3.064304100413962240e-07
2.858860808860386512e-07
2.578504009801424986e-07
2.709215823599924053e-07
3.247815740930264714e-07
2.751723953319859353e-07
3.057384316673020415e-07
2.723611093728708760e-07
2.494346321159540972e-07
2.556110332889588171e-07
2.727284972793644180e-07
2.645038527478091419e-07
3.135882041617666575e-07
3.040156100092141324e-07
2.894398865003503953e-07
2.752019835456797172e-07
2.572729971198081444e-07
2.914109787398863376e-07
3.156442876770186906e-07
2.757491627424661427e-07
2.930361208393734297e-07
2.896018460367856602e-07
2.770513173869902645e-07
2.156819017213701271e-07
3.112674883312567456e-07
2.902351178216029060e-07
2.510078501639787017e-07
2.694138897735480751e-07
2.749212654621598230e-07
2.916566973729262546e-07
2.778142039252232176e-07
2.733136324704168963e-07
3.528069687281977787e-07
2.595336638355267937e-07
2.522208434624544247e-07
2.941630759066023582e-07
2.850316400461058813e-07
2.868560743154404843e-07
2.663961175411214922e-07
2.662799436314014185e-07
2.916096843493483833e-07
2.981690166059702356e-07
3.133846990665858589e-07
2.598468425189700127e-07
2.563151720770134709e-07
2.876447661287436916e-07
3.160915447749214948e-07
2.967720205346653002e-07
2.674185772994306680e-07
2.636402593301059285e-07
2.928376438121518593e-07
2.847809038716192760e-07
2.721985486620020303e-07
2.669336761252144611e-07
2.956483589950214647e-07
2.690791767599412315e-07
2.550418341392068159e-07
2.603960562844271678e-07
3.107498065707319490e-07
2.868941515510287802e-07
2.800187338443049174e-07
2.342647353687407639e-07
2.990986670184019034e-07
2.919747303670438793e-07
3.566268902551061859e-07
2.473464528330502815e-07
2.860887855471105211e-07
2.688813060489558928e-07
3.078692985048183069e-07
3.029709930967387012e-07
2.759463007982223605e-07
2.844307270268870525e-07
2.596118895876906262e-07
2.277710662564824067e-07
2.746813579159941026e-07
3.168927042931130936e-07
2.905120749913624693e-07
2.599399295813809066e-07
2.645117651606423141e-07
2.845408812709692794e-07
2.884632647157514813e-07
3.127514181706189054e-07
3.328361074494153210e-07
2.737087344448906029e-07
3.015564220282319251e-07
3.046647238787514292e-07
3.021129308443969122e-07
3.002074657376244300e-07
2.824016739093190599e-07
2.575874062502541697e-07
3.191990003361998424e-07
3.159293941615884450e-07
2.875565560760813623e-07
2.493151256616602727e-07
2.791654161552542296e-07
2.939070175188889372e-07
2.914515854896201010e-07
3.393055021871177583e-07
3.210156067940984115e-07
2.698655062509770507e-07
2.624797291964203510e-07
2.700979381692116141e-07
3.035015330210545261e-07
3.399391125323392103e-07
3.011399819153014131e-07
2.940062940154583250e-07
3.070643964288948249e-07
3.022947141295699313e-07
3.080917439198420707e-07
2.711749375460988446e-07
2.430866951019268265e-07
2.543460156076562960e-07
3.114075649698482363e-07
2.925818586585247127e-07
2.652257611519835208e-07
3.109836901807524777e-07
2.684587546985158741e-07
2.875469795339849792e-07
2.984023196296230617e-07
3.035632756036297926e-07
2.742749125134594721e-07
2.471907977164677000e-07
2.546700938721396489e-07
3.038650288131002752e-07
2.978942586971162319e-07
2.954105132990381836e-07
2.445228530979818544e-07
2.722252340276364807e-07
3.034096048236412138e-07
2.904238499827624748e-07
3.198995624691788007e-07
2.670210604824389427e-07
2.485111384486607446e-07
2.875503823264210472e-07
3.376112619829988730e-07
3.026961322688122339e-07
2.671184784886292829e-07
2.942503817507205202e-07
3.029457722844940795e-07
2.757739412041335533e-07
2.638531504124738260e-07
2.495222519269946970e-07
3.170870922103536199e-07
2.971826126386571946e-07
2.693155772359907130e-07
2.563423433894039226e-07
3.094300329274744443e-07
3.080580006691615520e-07
2.763937831957579038e-07
2.597742689378328411e-07
3.124258253122347624e-07
3.077256917121352241e-07
2.649911532289310286e-07
2.944773919093319949e-07
2.814941209414049951e-07
3.210215047756051486e-07
3.397694970481649465e-07
3.089651808607254784e-07
3.051547408257978230e-07
3.448530659178299415e-07
2.559378993637079565e-07
2.804045799996106166e-07
3.281573712382976194e-07
2.965194264370349010e-07
2.654442040964594536e-07
2.763701766097000154e-07
2.790120498264827398e-07
3.018374887975222319e-07
2.984326593015232582e-07
2.699483200404809742e-07
2.648534161162504508e-07
3.217773659448023445e-07
3.444086846430674026e-07
2.890087273446616301e-07
2.842409092147017009e-07
2.752246910457089901e-07
2.729738558193445485e-07
2.872820908131827844e-07
2.951634293535068730e-07
3.113335268318466010e-07
3.233633007213814443e-07
2.488078239646133031e-07
2.769703750420170247e-07
2.884679007773579697e-07
3.439815396038698634e-07
3.165754551182658870e-07
2.887234401023495241e-07
2.868734008408285624e-07
2.457479243684626410e-07
3.074053980298096900e-07
2.578899991545068413e-07
2.486170983549021663e-07
3.038441221108764772e-07
3.262166447381420124e-07
2.905249697056453169e-07
2.632656662436447416e-07
2.599877509031264649e-07
3.113453178803719505e-07
2.883192435018214243e-07
2.971573568167257242e-07
2.646203742409680918e-07
3.485362251112123428e-07
2.866009024262054609e-07
2.860240311846556449e-07
2.743289983562086022e-07
3.035093474656753776e-07
3.350657229715043742e-07
3.163174977497624785e-07
2.623163937946657448e-07
2.858356426212707588e-07
2.959102669370256645e-07
2.952449988512934837e-07
2.820504335861019036e-07
2.534084688503267858e-07
2.536759271695468539e-07
2.878240406431176365e-07
2.565518199531901425e-07
2.448213527115787458e-07
2.827137948127310445e-07
3.049464391435864187e-07
2.972445249986740592e-07
2.993396144481380357e-07
3.095175952744022451e-07
2.911986286128808663e-07
2.522551061829680554e-07
2.676451962706847126e-07
3.120216204068384058e-07
2.866471704271627854e-07
2.897807607398285355e-07
2.642842732002443297e-07
2.180556444007129798e-07
3.267208896475550989e-07
3.327238866018446415e-07
2.503889676517868955e-07
2.679351826568506465e-07
3.020081911712762474e-07
3.115613912428812270e-07
3.039559668452505860e-07
2.569160819708925354e-07
2.778350715000398311e-07
2.755500743745035536e-07
2.990509704277630660e-07
3.151121438644402805e-07
3.007226883914746652e-07
2.861419723707883020e-07
2.860425476764647186e-07
2.732363352452310432e-07
2.743963205200056100e-07
2.849454015210838301e-07
3.137605525038475587e-07
2.943796275457949339e-07
3.184447739090688338e-07
2.793461246642063304e-07
2.785420427626444846e-07
2.977867633501329062e-07
3.253085860039605658e-07
2.502083713136072605e-07
2.863610820702003292e-07
2.845859955727147229e-07
3.018447523587622749e-07
3.160528194369578109e-07
2.731660907696526308e-07
2.696626531385587440e-07
2.302811133788676552e-07
3.576596695933298025e-07
2.895720661420963894e-07
2.697064959309515078e-07
3.220298651223490577e-07
2.810876161665049379e-07
2.643162967671899649e-07
2.852816142752627346e-07
2.625089780658411262e-07
2.935476925219265848e-07
3.195994534067983767e-07
3.288208576536151848e-07
2.694969439567507655e-07
2.779454633487581170e-07
3.129361546793480779e-07
3.382549404130261041e-07
2.538648370485953867e-07
2.720195092139255184e-07
3.088625056697739475e-07
2.914006688390719128e-07
2.538835182750114783e-07
2.832439939344130442e-07
2.730985977261305578e-07
2.962852881627453321e-07
2.444697241930127321e-07
2.652524503946151963e-07
3.032812610544502638e-07
2.942485634952350242e-07
2.538107697509699924e-07
2.566092710985848632e-07
2.967277251735017194e-07
2.765549270691656437e-07
3.051536295674736255e-07
3.635446552762525263e-07
2.787292314089466316e-07
2.580796705943101452e-07
2.954410991323972518e-07
3.043337308114528557e-07
2.469752242831182132e-07
2.817615578841764932e-07
2.860525737631734695e-07
3.297388117628253403e-07
3.235287830114126226e-07
2.934061876556918213e-07
2.989496100034786865e-07
2.433571112087627898e-07
2.836058480939913383e-07
2.531053585638904965e-07
2.769004005718924722e-07
3.320508147348029348e-07
3.036203639179013963e-07
2.698591526118817285e-07
2.882107175036069509e-07
3.536465724190984551e-07
3.291247359945029143e-07
2.679386565858455180e-07
3.435965990217297079e-07
3.263588271552200040e-07
3.039400462324425848e-07
2.672287497622307147e-07
2.670240516758045445e-07
2.873210246327388163e-07
3.466388763840411762e-07
2.757177654297248303e-07
2.287130773293169397e-07
2.701470658936775837e-07
2.593134490765148435e-07
2.696594559639136759e-07
2.634716731761637386e-07
3.202191399001638746e-07
3.092603583744556697e-07
2.956572560829795171e-07
3.065852427493783002e-07
2.660688680648178424e-07
3.501972317613852769e-07
3.122432595844307756e-07
2.706347158615323377e-07
2.730639080118996744e-07
2.732317322864601388e-07
3.259866975675004862e-07
3.039857114243972459e-07
2.849643585172255929e-07
2.833345581582401015e-07
2.608641178944681423e-07
2.594791993038185926e-07
2.805787064548139237e-07
2.964470306745773673e-07
2.533743530267871122e-07
2.944652474183532050e-07
2.805287092350591207e-07
2.714143619041308661e-07
2.756294225200339803e-07
2.821501045602652069e-07
3.468005490009927109e-07
2.904434898363178242e-07
2.577844410113705560e-07
2.618376033083160299e-07
3.353495761486237286e-07
2.941692049502816221e-07
2.783436115248384084e-07
2.921354327949341944e-07
2.613093826882095946e-07
2.707644831465537268e-07
2.903114243382189729e-07
3.071968029981591273e-07
2.992536873129169633e-07
3.321079976540033111e-07
2.709873568479120723e-07
2.881590493727938102e-07
2.541130239082041822e-07
2.616046485136519884e-07
3.177955757292393997e-07
2.968269013106618005e-07
3.023135433786164743e-07
2.523259221090773699e-07
3.226594575204918937e-07
3.141411038426696259e-07
2.685918938727748439e-07
2.613006670461729056e-07
2.731246449060831721e-07
3.283242045514120640e-07
2.842486960812564021e-07
2.608412370764349684e-07
2.888793322812422442e-07
2.813007621240651497e-07
3.160240774939111182e-07
3.429098513528983643e-07
2.673018007291994769e-07
2.793982807228683808e-07
2.396812136209776867e-07
2.345742963123016648e-07
2.773954221699271431e-07
2.879876744325225048e-07
2.806057820956834042e-07
3.497623226186982580e-07
2.803617183203239739e-07
2.364077914423314490e-07
3.072936303191295426e-07
3.278144262182863031e-07
3.084655003185337711e-07
2.637981184737604782e-07
2.897149301186923526e-07
2.920015803064686252e-07
3.047985420018164437e-07
3.305066877216808183e-07
2.793646927410914213e-07
2.511325806674877321e-07
3.268994388755871907e-07
3.053415333334146232e-07
3.078345322472426701e-07
2.730466794760696766e-07
2.822396378102495074e-07
2.656904737409101620e-07
2.773883606082600283e-07
2.788734139787517597e-07
2.984465986704954751e-07
3.232128989283749218e-07
3.059356266733408084e-07
2.532936989151342187e-07
2.751413153332223045e-07
3.151452122591293571e-07
3.216010643248595977e-07
3.053592067173699454e-07
2.810037298110431683e-07
2.861932410362276533e-07
2.836642400017042454e-07
3.251402647504595081e-07
2.865055566097738989e-07
2.771475243866840748e-07
2.472795284172327165e-07
2.949283912755782994e-07
2.990108433022333889e-07
2.576487768755856747e-07
3.208383542854606028e-07
2.717005013664157015e-07
2.753484667498513034e-07
2.361463103992314190e-07
3.503564417664981422e-07
3.094264624074787675e-07
2.985363923250474242e-07
2.564818684757514910e-07
2.762754605422582953e-07
3.053611570708983957e-07
2.973664818236820639e-07
3.141808078784422399e-07
2.672809941666782444e-07
2.622613307639666770e-07
2.984244612259778858e-07
3.038488539862965253e-07
2.571492183766727643e-07
2.673180304066628885e-07
2.806264954129520504e-07
2.912197687093194077e-07
2.860139824645579697e-07
3.022408813979566769e-07
2.893277456793520649e-07
3.124113697939045718e-07
2.621115483860990708e-07
2.745248939781472026e-07
2.475152752183885938e-07
3.305541855257243850e-07
2.876991771017501449e-07
2.991126393543744187e-07
2.763792770859248371e-07
2.879264156916744292e-07
2.883665083274829677e-07
3.242280847819396533e-07
2.586768318270694691e-07
2.761214921527791468e-07
2.849778876675862773e-07
2.878642707149054055e-07
3.155797890498555120e-07
2.749071745332031478e-07
2.889535458992295511e-07
2.816646600943802875e-07
3.079742858385674389e-07
2.993745946272958738e-07
3.011535026240930993e-07
2.816912895105244859e-07
2.756504430651820198e-07
2.638983399580670393e-07
2.646921787322501188e-07
2.870909445911098253e-07
2.967868120920466226e-07
3.307577216180844116e-07
2.726391501342836522e-07
2.609239231946726025e-07
2.936689348099441865e-07
3.061908600683063916e-07
2.561861319751582881e-07
2.682729969679184933e-07
2.675514668618635489e-07
3.244737654162055657e-07
2.761199442998542912e-07
2.735363410725373750e-07
3.055522160797443649e-07
3.549043780412775377e-07
2.601321968344170392e-07
3.053723949869776029e-07
2.457535725321920985e-07
2.816362592007956267e-07
2.717191879546709985e-07
2.990859862761022586e-07
3.105932642868907594e-07
2.915567917618478539e-07
2.979607676053334512e-07
2.836167634992102545e-07
3.230759223514787920e-07
3.254686832119545921e-07
2.906940333119428416e-07
2.851319545248423734e-07
2.622913208509146068e-07
2.434367039450854474e-07
2.953654390362237900e-07
3.595774814657425637e-07
2.878205397625812103e-07
2.373337160050779906e-07
2.652553377127618735e-07
2.896743194699361782e-07
2.958008076260118800e-07
3.152439616978396654e-07
2.608938621104421733e-07
2.489940271113894430e-07
3.234854991990558377e-07
2.940895044991984529e-07
2.518794339564046050e-07
2.933292531910161836e-07
2.841421088505112075e-07
2.548166834731969010e-07
2.605978103909536031e-07
3.535869746474613573e-07
2.792774271696951436e-07
2.485208916515765021e-07
2.555441103825407821e-07
2.988354963763099657e-07
2.952516726367799182e-07
3.457191942825827272e-07
3.154710031449071051e-07
3.242324874605806312e-07
2.945106463235459615e-07
2.375626724457543401e-07
2.930456089989626495e-07
3.028910979507885442e-07
3.072546747963907162e-07
3.048722498776894074e-07
2.739278470902448924e-07
2.348144701783909208e-07
2.492162457328994283e-07
3.010710325086768684e-07
3.023063351807167605e-07
2.651988359569128950e-07
2.644544609577001787e-07
2.765434220604926966e-07
3.047521172166636452e-07
2.835987327078607533e-07
2.843789875279096720e-07
2.673829819674855488e-07
3.076694726784158904e-07
2.926579733696562232e-07
3.376496627130976102e-07
3.223317823579928179e-07
3.032359174575148604e-07
3.000939196373188766e-07
2.621013541575573257e-07
2.486078136311796850e-07
3.040175489754388981e-07
2.982973014254796520e-07
3.041306666088166749e-07
2.772840619055733724e-07
2.747627090944391311e-07
3.203235227362176550e-07
2.904286495794751016e-07
2.609249258499465898e-07
2.629102642230755180e-07
3.031042611877629641e-07
2.692222120741280371e-07
3.222266998282938628e-07
2.639108589194335923e-07
3.474875718473200650e-07
3.183587151292447313e-07
2.835354075901425962e-07
2.901115026608081919e-07
2.291978329564424044e-07
2.997030386539193078e-07
2.929456410816226917e-07
3.331474875653053206e-07
2.445916320761396188e-07
2.660448762986024317e-07
2.606947587474281080e-07
3.128812728591684297e-07
3.361642537270733715e-07
2.759530886292287061e-07
2.723343491177100551e-07
2.537036931908343571e-07
3.572877498572511083e-07
3.085098417768571213e-07
2.837790003252435948e-07
2.865960659980565975e-07
2.740746280604184611e-07
3.368235658787411320e-07
2.890237662745149933e-07
2.819167958256493291e-07
3.022444734407566762e-07
3.360634004644379636e-07
3.347280160803345468e-07
2.774612254139485956e-07
2.983505483386942212e-07
3.116606675366676449e-07
3.052818185221854575e-07
3.041238677750867608e-07
2.768819185678186983e-07
2.829349115443326807e-07
2.904610852565540904e-07
2.925926295391068867e-07
2.718360046907928375e-07
3.554612389371164618e-07
2.905426203957385916e-07
3.097290637000336058e-07
2.710222060980037859e-07
2.845943121057651998e-07
2.941564069370882403e-07
3.065254132569659365e-07
3.021984966816957587e-07
3.027502217285752726e-07
2.743485395370008485e-07
2.745016103784724195e-07
3.034866884925332769e-07
3.037520183743256356e-07
2.888746341215386864e-07
2.447385122801438739e-07
2.600156808006864487e-07
3.157895023104463540e-07
2.834452735526067489e-07
2.843160468079570917e-07
2.721394141638782094e-07
2.659274547066237122e-07
3.033878748329960061e-07
2.877313564160436232e-07
3.587104617464511650e-07
2.625031401082575701e-07
2.931706418913659832e-07
3.318265208257081019e-07
3.034405582619276097e-07
2.909832606238251502e-07
3.131646022185628207e-07
3.073083736610233385e-07
2.890479648031406367e-07
2.850338562102395765e-07
2.787101394374813605e-07
2.969516625187270690e-07
2.991380466009098655e-07
2.553631980325429383e-07
2.605748304617843181e-07
2.840809876571378686e-07
2.988535719230444558e-07
3.165870621483998426e-07
3.188041400881979993e-07
2.855203639555980848e-07
2.814168414741673136e-07
2.965988193840062509e-07
3.641304765644738188e-07
3.028602863488197932e-07
2.725340386182750265e-07
2.841163699689473420e-07
2.957031491545131252e-07
3.259573954624192297e-07
2.652339701868207943e-07
3.198392950277726958e-07
3.081229198387528657e-07
2.951362870548293546e-07
2.812201783558549359e-07
2.445130920996809052e-07
2.844127137053039385e-07
3.199522692846453441e-07
2.912902316109826002e-07
2.642020863765893594e-07
2.720361870004811990e-07
2.903178088297460216e-07
2.784291787761633103e-07
3.083107311019100187e-07
3.520890292762570923e-07
2.827228648885717535e-07
2.799850654827048592e-07
3.499797088822941487e-07
3.444884897774025586e-07
2.871156657087835026e-07
2.889165580749577343e-07
2.695419781043979676e-07
2.749695153634109304e-07
2.466567430303949341e-07
2.944687934014728959e-07
3.333640713730095527e-07
3.049387542292180834e-07
2.677605246554335173e-07
2.766903796033515439e-07
2.781283575246210646e-07
3.129618166286134724e-07
3.379912770224650586e-07
2.676944966117176529e-07
2.681224128447791077e-07
2.969606240184272222e-07
2.685983029393801232e-07
2.842532721796864774e-07
2.691778935180318632e-07
2.986998462954951382e-07
3.377939544980923304e-07
2.694933525722778489e-07
2.890061622216792352e-07
2.280097480212280492e-07
3.214261498667179336e-07
2.942867952953147987e-07
3.122929922113746368e-07
3.300311792446943584e-07
3.526670586604908972e-07
2.819548901264018902e-07
2.882098880072253254e-07
2.336655001284498818e-07
2.965973725512504103e-07
3.579350995078413535e-07
3.008834728814895857e-07
2.647484251636492958e-07
2.788739973221675541e-07
3.147147162781084963e-07
2.747045954574366860e-07
3.083717730624666952e-07
2.712020849043062802e-07
2.587819279942163508e-07
2.946383546023651061e-07
2.747624341198331871e-07
2.683452479281436124e-07
2.673415154058143852e-07
3.110562633034865356e-07
2.968648424474739148e-07
2.312797763785554339e-07
2.952177562896117136e-07
3.102248762379548884e-07
2.790703507126625746e-07
2.706099353182964411e-07
2.418348385558522584e-07
2.975016318597640618e-07
2.804431502843708047e-07
2.862818473421934985e-07
2.481228935392115260e-07
2.680834569493503903e-07
2.880613192288747281e-07
3.049152206688307991e-07
3.420747711442261403e-07
2.591993937100882735e-07
2.440308437537885787e-07
2.767647679327088795e-07
2.864806433528897662e-07
3.097577960561783894e-07
2.163716565764027936e-07
2.829414607940835082e-07
2.747660659669804733e-07
2.422744241735851277e-07
2.491108413428429567e-07
2.906361889104729122e-07
3.095802993044630509e-07
2.384990857106766183e-07
2.486577059489510658e-07
3.059582746824726639e-07
2.910516354557972208e-07
3.057257842970659207e-07
2.961574555469997481e-07
2.637671239452282376e-07
3.341220955949244493e-07
3.232353445372812300e-07
2.609547088397609537e-07
2.659644002245109071e-07
2.665510033459782306e-07
3.027595384923031301e-07
3.205028827157335397e-07
2.717209138951069147e-07
2.718078063588121880e-07
2.632210586426767431e-07
2.379939626908363938e-07
2.588980906399316733e-07
3.093369688155378292e-07
3.030296001097201076e-07
2.997037335221436722e-07
2.416412215835464818e-07
2.678878420502041248e-07
2.928859098972439027e-07
2.882185226233582354e-07
2.991970219196125791e-07
3.057908685890026366e-07
2.848038515354627328e-07
2.745008420561117638e-07
3.104649459352316095e-07
3.157996926059676914e-07
2.865198249656708676e-07
2.896717550237129382e-07
2.701869899075461415e-07
2.938266081231316529e-07
3.342089243698760880e-07
2.811309335433394217e-07
2.561226442071313216e-07
2.643227455673032599e-07
2.554526150653305238e-07
2.821884915598183616e-07
2.822938061692032064e-07
2.968297568788600051e-07
3.754238905219859979e-07
2.686510014691891171e-07
2.725313211880409372e-07
2.388788720680013039e-07
3.333283829236653826e-07
3.036128454799326272e-07
2.921436195068768171e-07
2.694475865419854651e-07
2.805915666926212922e-07
2.909484531952655999e-07
2.936569207037930531e-07
2.736272719438908432e-07
2.689753510146398404e-07
2.585771592115091505e-07
3.016462121148296375e-07
3.025276795806812610e-07
2.410586580588415441e-07
2.265565329416393589e-07
3.228525198068389986e-07
2.575863565796354278e-07
2.953702389783783167e-07
2.606005630446955149e-07
3.048087746699354449e-07
3.195033316031012048e-07
2.797554272567350972e-07
2.639587127659357122e-07
3.515176084872919853e-07
2.875207324462814682e-07
2.736956212840660707e-07
2.609409698304998969e-07
2.820521028899931508e-07
2.762164721299947104e-07
3.396413372808144196e-07
2.591349399604129008e-07
2.322152497597331476e-07
2.707715360765948554e-07
2.852461143978321338e-07
2.543928544413268965e-07
3.192874247527045740e-07
2.904966471641529475e-07
2.424956935887823436e-07
2.549979548986761589e-07
2.410542208438614042e-07
2.462616957284082500e-07
2.833295052727783722e-07
2.952050958119262399e-07
2.839222612186994733e-07
3.532888774130675398e-07
2.691228909223373181e-07
2.677182809862911712e-07
3.021016164561803645e-07
3.171403733375256055e-07
3.206144664310106616e-07
2.617562258111388677e-07
2.812910224768101996e-07
2.740665509244588497e-07
3.167249966659675954e-07
3.207859362039076483e-07
3.069329542647817365e-07
3.100810263762998370e-07
2.574520587801689275e-07
2.670496093442168357e-07
2.708879425298882590e-07
3.127299163376202735e-07
3.035790240638894478e-07
2.481338720071867594e-07
2.691740566813182205e-07
2.918338364913277395e-07
2.765468680600361524e-07
2.814741470420739267e-07
2.918415861846746568e-07
3.428678194938879464e-07
3.376039141046367485e-07
2.760453572734399495e-07
2.363051888864496696e-07
3.324438753238700937e-07
3.075968599844118077e-07
2.852240167238825280e-07
2.670356292425422867e-07
2.626659856829520803e-07
2.575380821540240933e-07
2.816223613082244284e-07
2.658574209030891488e-07
2.916238666561513279e-07
3.095763650281660088e-07
3.151551687870280407e-07
2.808867525642467026e-07
2.851358423034809753e-07
3.032281899588424522e-07
2.981971203339323552e-07
2.889512236993587279e-07
2.863276670244029707e-07
2.694756272267088123e-07
2.899215850115239597e-07
3.551766825262881616e-07
2.858040610525173587e-07
2.669148888381109860e-07
2.612534770973101096e-07
2.936976244483158511e-07
2.724459329780119230e-07
3.100331552452738886e-07
3.029563094408805025e-07
3.078022387182154971e-07
2.630213651191266711e-07
3.201939293924780321e-07
3.283644447758864519e-07
2.620600816969139678e-07
2.890036465202755333e-07
3.080430792068240015e-07
2.890532893051952655e-07
3.110138556796599631e-07
2.917470888230996873e-07
2.606064602729445870e-07
2.420964219533394116e-07
3.053902808123644911e-07
2.893923978835675817e-07
2.428653672905018929e-07
2.622215445164787803e-07
2.878595785824013680e-07
2.860432447645458621e-07
3.166454248281481793e-07
3.023357304511987427e-07
2.863425496800024345e-07
3.556853830666791331e-07
2.831312456150832826e-07
2.505121237499902979e-07
2.535745244483103585e-07
3.253661440258046961e-07
2.870227883883847636e-07
2.962676070640194319e-07
2.902562890061776145e-07
2.619825000159699428e-07
2.990755750256381960e-07
2.970320462021828112e-07
3.034103188005205456e-07
2.695769808657806577e-07
2.348675098671191439e-07
2.846194343354069171e-07
3.316898358651459109e-07
2.915851677486571879e-07
2.565616383118484956e-07
2.785118806827083049e-07
2.770832314154398138e-07
2.932023481264128372e-07
3.061283545928957599e-07
3.202733933789321217e-07
3.075319247670554010e-07
2.479816324847755029e-07
2.396906547742106538e-07
2.910647563997904531e-07
3.056542288128576279e-07
2.931446877544506562e-07
3.204845755281854410e-07
2.814398497689627600e-07
2.674020211684458932e-07
3.001145065133441513e-07
3.132041240015475852e-07
2.832262557649004998e-07
2.862704530204632942e-07
2.446099449303997563e-07
2.597199461704544370e-07
2.936375485874095405e-07
2.977670589123188793e-07
2.437785136799947502e-07
2.744521733059130630e-07
2.989135308914067946e-07
2.713925842936648935e-07
2.620185986159902678e-07
2.930359536290609487e-07
3.406720353669291830e-07
2.694977668607875650e-07
2.466725138992315461e-07
2.706315800305676153e-07
3.252113933703744296e-07
2.986400251233860362e-07
2.964188688514102281e-07
2.469457662630528230e-07
2.697496100957786259e-07
3.143077229635791306e-07
3.106787922969211912e-07
3.184150910793075314e-07
2.652595123443892076e-07
2.685040538084820298e-07
2.668828005248017195e-07
3.164660880068244100e-07
2.980505100417470735e-07
2.473093051944217248e-07
2.744649246349042975e-07
2.874122396284540568e-07
2.875694226009809880e-07
2.590972287939269863e-07
2.563068152685977316e-07
3.073092854647002915e-07
2.986875868678893481e-07
2.507624517447441374e-07
2.291655852734610455e-07
2.847740908714605719e-07
2.826738042497558281e-07
2.955738353545464790e-07
3.007141722881408528e-07
2.995355350145859043e-07
2.340612482824239658e-07
2.874348260652522519e-07
3.135454254814695937e-07
3.379682789825470504e-07
2.609462455610509088e-07
2.835160063207542820e-07
3.430372786104922262e-07
3.205665494633963660e-07
2.737100760232918095e-07
2.853195530097598144e-07
2.525031125840475645e-07
2.583057107551141400e-07
2.520062972833061625e-07
2.572907750383370307e-07
3.327994100647775256e-07
2.901290412200560693e-07
2.836344621296793072e-07
2.853251618875431953e-07
2.931806314683661748e-07
3.195009195593239336e-07
3.367434176523332033e-07
2.684751283862541589e-07
3.148548522889016716e-07
3.058501589047413481e-07
2.659034635953779573e-07
2.870601778400559214e-07
2.687853377948893733e-07
2.868618054745770478e-07
3.226026259345966556e-07
2.824672892399927833e-07
2.541171628797120379e-07
2.370781175587503142e-07
2.686612923052580744e-07
2.742821394426691808e-07
3.471506133980363811e-07
3.008421052604526243e-07
2.983125527911918985e-07
2.803505176377544673e-07
3.073209178335037329e-07
2.947902127021573148e-07
2.750760673115192619e-07
3.368128941068933601e-07
2.717700261388587625e-07
2.573710047869628763e-07
2.546648254515922920e-07
3.182964427961825903e-07
2.955396404147239829e-07
2.941887451496546442e-07
2.761772148588265914e-07
2.535885078664600915e-07
2.935887985886461335e-07
2.981807551317784475e-07
2.580101252219049461e-07
3.271739019631668291e-07
2.950838265838401448e-07
2.785272729879118878e-07
3.124033025137566427e-07
2.997951406075897798e-07
2.666552254493533841e-07
2.660406626779567383e-07
2.786742976999263694e-07
2.687164436213254554e-07
3.056789866930032311e-07
2.589737651094516863e-07
2.573049507041760405e-07
2.959475324609451594e-07
2.996895869041792287e-07
2.963134888855828307e-07
3.150313943014106493e-07
2.792961808231254749e-07
2.369323591567779095e-07
2.995863503484865524e-07
2.545501601563456700e-07
3.324107561598169981e-07
2.885866321762668454e-07
2.853442828518668133e-07
2.818066525447673194e-07
2.651875137449573631e-07
3.214648941542176339e-07
3.051219332918304774e-07
3.304477621028269731e-07
2.535998728277431549e-07
2.737757178240881829e-07
2.865488603185437621e-07
3.471287963218131074e-07
2.917977212778653968e-07
2.630953993605747317e-07
2.744300491024853440e-07
2.870533919078206755e-07
2.960138120494272569e-07
3.260101931879233692e-07
3.271886260704457176e-07
2.681132340780651126e-07
2.817770683429978701e-07
2.428659787185556502e-07
2.697398366174115459e-07
3.004755992486771981e-07
2.841217863958889052e-07
2.965208595846035618e-07
3.054713122478892110e-07
2.743644266034175807e-07
2.628460303912327653e-07
2.903288593825844766e-07
3.282014692606264486e-07
3.030456978772154430e-07
2.789167064616101138e-07
2.728424415363118945e-07
2.783788397459897045e-07
3.172684704092422116e-07
3.178772790015401320e-07
2.940001924811506804e-07
2.573067579596960132e-07
3.241085092965016594e-07
3.154708370979408024e-07
3.132116623291637040e-07
2.551101302188364224e-07
3.035116507644636454e-07
2.587361945057583540e-07
2.755257403583414555e-07
2.938388498907676371e-07
3.007975843192844283e-07
3.297940412275527922e-07
3.353439839662908249e-07
2.714448674478863265e-07
2.717830816487571144e-07
3.384482334565613588e-07
3.230201252880020747e-07
3.077686365615297301e-07
2.913191103316951291e-07
2.621711964884000131e-07
2.295338392579452700e-07
3.153667305682161121e-07
3.063395261181134538e-07
2.883947406631975676e-07
2.557968686773143007e-07
2.441848254250006205e-07
3.028313564036152903e-07
2.395063867250782268e-07
3.617600603531103381e-07
2.647255254232609162e-07
2.637429312126875337e-07
2.682625048637891371e-07
3.015926106296711979e-07
3.261986145248601517e-07
2.998665126932458019e-07
2.698974468491955295e-07
2.794908852450953402e-07
2.820042035611569026e-07
2.914957831237633046e-07
2.713549990225094042e-07
2.528413345184034350e-07
2.984811929844831469e-07
3.234164409691516695e-07
2.491704857525514111e-07
2.405884956214554265e-07
2.954439108183971981e-07
2.811422150432331733e-07
2.977739919956799475e-07
3.266555724336939644e-07
2.919459891821085092e-07
3.187978587776711477e-07
2.643741974985815479e-07
3.140619875942211966e-07
2.732574125487116841e-07
2.808326049768424706e-07
2.626016088984716620e-07
3.000415282974561759e-07
2.781025068821737173e-07
2.755484652866382715e-07
3.186870923258633055e-07
2.961827523294990190e-07
2.584739800381512598e-07
2.933582314813841926e-07
2.748553924710050327e-07
3.197388101128037195e-07
3.351944244891267257e-07
3.242012662013053651e-07
3.109581034600942951e-07
2.937736901873844480e-07
2.727503622784827213e-07
2.675451138595204802e-07
2.886179191736397108e-07
2.874818131416898612e-07
3.247169000540561502e-07
2.575485761427374885e-07
2.958214874986647128e-07
3.218895252949433341e-07
2.442608448961683053e-07
2.624772583185459151e-07
2.652596584089513825e-07
2.985825528710261187e-07
3.141989814306410304e-07
2.837992171575011762e-07
2.966569749634116138e-07
2.493281600194726710e-07
3.261186655706833520e-07
3.151218511849567609e-07
2.719958892083712864e-07
3.033214510151203470e-07
2.994426820390951510e-07
2.613185609825090687e-07
2.930098189051024320e-07
2.633707315518906298e-07
3.239386025157858227e-07
3.280264484082503318e-07
2.829218867306859382e-07
2.880004630561958418e-07
2.596892034749186535e-07
3.134298134317885756e-07
2.819442655160528727e-07
2.593051321186131807e-07
2.781597919031692950e-07
3.128912371536217915e-07
3.245517790717504395e-07
2.961332778984991666e-07
3.154135265953799573e-07
2.884353919760359763e-07
2.982845195671207217e-07
3.235555597687371431e-07
3.414393475400573868e-07
2.925468531598738972e-07
2.782933239500445114e-07
2.807623396223470771e-07
2.721558659437294926e-07
2.951024970378194328e-07
3.472439710010616861e-07
2.856967144115423547e-07
2.361220667273353627e-07
2.650314254628008749e-07
2.987133528710425089e-07
2.918048578215653090e-07
2.866667156970953113e-07
2.708840757283910140e-07
2.511263533430964706e-07
3.065904388933893615e-07
3.056106263536632970e-07
3.111247329042389144e-07
3.328696180332593107e-07
2.845997273099031600e-07
2.598410512030973549e-07
2.750474869852683046e-07
3.500918113380905391e-07
2.845964190305513939e-07
3.057389783033486326e-07
2.642217879846083464e-07
2.513544582617493363e-07
2.534844234930462528e-07
3.035947398552468566e-07
2.812865449451607179e-07
2.621722627798493883e-07
2.569677114921432012e-07
2.883009103795290200e-07
2.831016789695243796e-07
2.993349285547348509e-07
3.256230609920149805e-07
2.729582251721015277e-07
2.827190447246487626e-07
2.773309255161411439e-07
3.139069582105681683e-07
