2.293925683613642824e-07
2.430475957387216865e-07
1.836530255724591655e-07
2.851719010056902804e-07
2.089476401321380831e-07
2.112738833223526442e-07
1.993593848116850665e-07
2.640528277415342756e-07
2.850990750550072839e-07
2.227197987180424359e-07
2.081932200223938248e-07
2.046524471899147447e-07
2.942641989668042239e-07
2.384178965626644831e-07
2.340098125573473835e-07
2.120937321006655781e-07
1.727469466747413314e-07
1.835029735655438680e-07
2.485267898646612528e-07
2.341471258925556104e-07
1.964268777970596906e-07
1.825541921189792668e-07
2.297990870629563093e-07
2.243132440023215485e-07
2.698630221028999046e-07
2.783736898630979448e-07
2.465735014943790495e-07
2.889227491556052879e-07
2.130988410969117396e-07
1.787652217955734001e-07
1.953653143787120871e-07
2.578401507641131858e-07
2.211434979559194693e-07
2.206597483836112470e-07
2.206382193353733455e-07
1.869547347080526119e-07
2.325028078937022281e-07
2.196284399053788967e-07
3.284422701147253954e-07
1.608573836143047244e-07
2.190366855215121506e-07
2.124340396800903410e-07
2.647654579023552024e-07
2.364861266389862744e-07
1.886899559282290753e-07
2.222124577433255634e-07
2.394791861223928029e-07
2.384098239200103366e-07
2.309410631258291200e-07
2.311278054018342408e-07
1.857145033820593884e-07
1.983973816788068624e-07
2.214028947881085179e-07
2.578460738147708833e-07
2.625608063717407927e-07
2.106542410171626103e-07
2.069370772205154029e-07
2.345720586224615798e-07
2.765306445790173319e-07
1.816967969939493464e-07
2.130364727229086275e-07
2.199844167097583342e-07
2.573229645587982588e-07
2.264899455342326506e-07
2.307510731618502875e-07
1.961244967763333198e-07
2.663646712460055930e-07
2.384444642761704370e-07
2.151724190275097513e-07
2.547839467539187506e-07
1.985174615395472371e-07
2.353821050962851402e-07
2.105809833868696091e-07
2.218073565955225707e-07
2.745317655606810260e-07
2.233269439475263955e-07
2.076905670274921428e-07
2.520045390967986946e-07
2.093088069535560715e-07
2.328833014443079444e-07
2.642595640123560586e-07
2.296204059662638468e-07
1.986461246998655162e-07
2.130337020005085685e-07
2.659640863838684291e-07
2.569946081084977341e-07
2.242392146059457802e-07
2.378782876016486041e-07
2.594272104937365952e-07
2.497883782656017997e-07
2.095294836461680321e-07
2.619250734141660617e-07
2.970269874011862326e-07
2.278928363722230719e-07
2.204304839696944363e-07
2.454451191732445421e-07
1.964687306796728793e-07
2.189183320808208020e-07
2.771603717197136754e-07
2.212307772082238753e-07
1.838776810375138532e-07
2.368419139604604523e-07
2.513721082435467784e-07
1.738946992031631583e-07
1.873360869193939380e-07
2.417658968961217515e-07
2.275307701900093032e-07
2.713133062607479099e-07
2.751487122292013569e-07
2.320820689256747767e-07
2.369275747948646171e-07
2.017260969071609244e-07
1.984801276809791246e-07
2.974575164882814138e-07
2.217250638753358902e-07
2.036175336527574347e-07
1.931539905209619766e-07
2.025271991818864071e-07
2.526184719993399074e-07
2.491832632105751334e-07
2.130498650152451689e-07
1.992442781707822337e-07
2.013689977382607585e-07
2.456430296762274803e-07
2.288140482948985858e-07
2.664312069094793046e-07
2.014357145122389656e-07
2.128231578404746488e-07
2.367921526382134805e-07
2.850913846034504765e-07
2.639679554047476468e-07
2.240427699691802059e-07
2.301322558328326095e-07
1.895823172108633415e-07
1.979627788115125934e-07
2.495741988375635016e-07
2.390435327504407007e-07
2.787013959135371622e-07
2.055595078708094341e-07
1.838436154509205782e-07
2.091706927365750154e-07
2.708395148585803282e-07
2.166275191786387736e-07
2.082517296026739481e-07
2.229537019032726260e-07
2.115161576404875762e-07
2.404111420944761824e-07
2.542165207684198046e-07
2.945011216574592842e-07
2.136369650201832082e-07
2.092792077958343987e-07
2.581683613888455873e-07
3.039747883213656162e-07
2.085237231630825581e-07
2.409048781716310631e-07
2.304669225917597725e-07
2.981132865253132862e-07
1.949590254162911803e-07
2.311699468217194345e-07
3.013716469981563768e-07
2.646870193885870145e-07
1.873028707267868246e-07
2.152606817067384487e-07
2.738719038296733489e-07
2.513075965234525505e-07
2.239346389211974947e-07
2.227947415566533151e-07
1.823745028440594483e-07
2.603863082914966135e-07
2.539906326541110585e-07
2.303939579904082235e-07
1.966463063316402899e-07
2.524954039954644779e-07
2.169544303686043035e-07
2.169164141427277528e-07
2.359847894901867884e-07
2.928506400526729794e-07
3.448710279077212270e-07
1.962423992974545282e-07
2.184296339269710960e-07
2.607833965529413813e-07
2.779370342149589098e-07
2.447502533928451815e-07
2.136189295308418305e-07
2.213309766763491156e-07
1.930071307347507602e-07
2.312460674569069985e-07
2.840312466080564215e-07
2.158459008233121540e-07
2.081716658372092662e-07
1.654822050919605952e-07
2.354260231703404009e-07
2.377545534644870803e-07
2.324823768048947432e-07
1.943292714643710924e-07
2.194787312531476876e-07
2.164972617626700573e-07
1.907403983565861144e-07
2.395208940749209415e-07
2.982390856735308131e-07
2.225898763677534990e-07
2.049200533124891865e-07
2.745058244569148570e-07
2.580963541417017009e-07
2.190413519891592642e-07
2.143829294173084387e-07
1.941028337863337498e-07
1.894120411298756599e-07
2.330495327493160058e-07
2.439391497925855992e-07
1.833752684340013968e-07
2.162495318829737068e-07
2.302676033886752260e-07
2.426837486628615050e-07
2.367787225815903475e-07
2.199109941313735075e-07
1.861482647691705141e-07
2.039330872030300140e-07
2.116653630350909633e-07
1.738530944206215121e-07
1.994629781403804549e-07
2.121644652391596592e-07
2.298623906909029466e-07
2.280177822928345636e-07
2.736330526969045126e-07
1.845755294236004986e-07
1.889587882474315489e-07
2.120209339923463578e-07
2.528833625548794699e-07
2.498189186929535138e-07
1.592863067541120426e-07
2.161852339591936601e-07
2.048782935636185230e-07
2.398244990533005550e-07
2.342714163033150810e-07
2.342846229907419220e-07
2.110991796708617052e-07
2.282949051552048843e-07
2.099647451106326037e-07
2.045951177114483975e-07
2.140560879220426571e-07
2.580194877448534261e-07
2.251735510431341877e-07
2.911998567294588125e-07
1.904377941960888633e-07
1.998401699258613529e-07
2.422055947333893968e-07
2.582653361708726626e-07
2.623886518471345242e-07
2.263935742081364815e-07
3.210299983071856596e-07
2.576138686803750235e-07
2.112212208790171362e-07
2.387068526632190293e-07
2.726031462186626897e-07
2.148168583141135111e-07
2.130769712454204612e-07
2.217417061247105867e-07
1.722277811487002322e-07
2.012963398498693862e-07
1.987720816507322717e-07
2.327118517155994421e-07
3.029688618649304523e-07
2.291648530765093863e-07
2.143661408069231118e-07
2.286294423687020506e-07
2.207897443389903460e-07
2.440531136679660344e-07
3.168964994491851101e-07
2.162004564069755647e-07
2.053061325425521061e-07
1.979983635268231700e-07
2.445149712142381277e-07
2.506587755497548751e-07
2.460423872667212268e-07
1.552426265926128132e-07
2.104704589667585646e-07
3.085744783886040596e-07
2.333129250540654368e-07
2.084900701469990991e-07
1.729096937801780951e-07
1.883819883883961402e-07
2.148137347234560763e-07
2.003628488044328910e-07
3.536490200597198848e-07
2.801599320875236036e-07
2.226882769414171244e-07
2.175651192097161574e-07
2.170666462423832759e-07
1.984987447782930545e-07
2.240632355485787623e-07
2.446493624043738190e-07
2.092340031085590417e-07
1.893918459632932217e-07
1.923817591427195800e-07
2.692911808326669941e-07
2.291093331969336322e-07
2.091868391171805536e-07
2.032233582637418343e-07
2.276474607567223222e-07
2.046975051690503082e-07
2.816668086654257699e-07
1.821005206011675290e-07
2.043061259647735246e-07
2.317991354426240116e-07
1.859102691351057767e-07
2.050480903041712053e-07
2.310536921507963955e-07
2.541955463858078666e-07
2.351536044847134480e-07
1.790262029413407975e-07
1.684724902331020960e-07
2.247328444032322527e-07
2.240934820401264869e-07
2.071746674980630595e-07
2.137076992220748502e-07
2.617988657676793411e-07
2.208751083623866010e-07
2.490861070996880244e-07
2.246597504497140060e-07
2.221413299426522263e-07
2.527431841324706932e-07
2.979620076015216953e-07
1.809148495911323136e-07
2.508587100659098472e-07
2.435645022509145758e-07
1.805401271172806962e-07
2.204506154498560479e-07
2.290504734582009887e-07
2.523983882644811004e-07
1.837213216197791766e-07
2.290927849002632069e-07
2.632792089807208436e-07
2.523188970744311091e-07
2.043693290433640875e-07
1.712762620681115095e-07
2.940634050166210538e-07
2.327918428393175560e-07
2.231168453902094628e-07
1.828658714996562385e-07
2.294971747683595770e-07
2.397528216527330939e-07
2.648975703631482991e-07
2.489494660131570001e-07
2.792053594820205327e-07
2.092792988040846179e-07
1.791258322749723964e-07
2.213864540217571004e-07
2.611200495688961966e-07
2.583972582601801893e-07
2.005454619380664416e-07
2.315292583057800233e-07
1.932913876318882804e-07
2.068697913159749555e-07
2.343127089663616665e-07
2.382599940944120877e-07
2.029961499642134551e-07
2.081489507657814414e-07
2.512574529237989706e-07
2.309434780012250137e-07
2.708083218375453562e-07
1.905254814727637284e-07
2.061113253030679645e-07
2.342603917011631239e-07
2.454945595031261662e-07
2.525460463463334271e-07
2.730143346406001978e-07
2.193868764122133264e-07
2.317725624890073865e-07
1.809467346422201690e-07
2.007902276867758121e-07
2.638747975041499109e-07
2.478928163479652401e-07
2.681910092874966163e-07
2.095792209557362100e-07
1.976811897578743709e-07
2.212184306262313243e-07
2.578305299314524725e-07
2.341926703474922015e-07
1.750879722500730213e-07
2.191796344945904825e-07
2.170691567278356451e-07
2.286602694237400709e-07
2.476296021759510175e-07
2.401640629692983604e-07
2.248221735715951890e-07
2.633578757504996906e-07
2.510898613571615859e-07
2.127093492379426700e-07
2.414060259213310470e-07
2.275595868038114115e-07
1.788110709082563180e-07
2.174810102485676916e-07
2.490969143738222710e-07
2.878857350458155417e-07
2.259069835311987701e-07
2.172815826403056813e-07
2.365399908117193390e-07
2.378295443401842007e-07
2.228291055598329534e-07
2.187761760870299648e-07
2.044918104560543986e-07
3.085112239092720188e-07
2.401578157676711642e-07
2.367227367800680214e-07
1.876607060363762213e-07
2.130324966415301785e-07
2.515645142473326415e-07
2.106428067619216738e-07
2.289251515516187574e-07
2.133550821937767862e-07
2.292367355218855545e-07
2.557167338558086556e-07
2.386997461332426949e-07
2.091356523610180771e-07
2.299982785325361207e-07
2.562190675479655232e-07
2.490339471679278004e-07
1.968437169688039798e-07
2.361569202791798518e-07
1.845564516827134490e-07
2.041948995971257368e-07
2.459104198362380890e-07
2.607808989907664031e-07
1.783493556596937390e-07
2.294270570993816100e-07
2.233680554167321431e-07
2.664454517276516169e-07
3.221729530068864281e-07
2.540928112453437816e-07
2.213750192054955116e-07
1.994719571092453371e-07
1.796880408367137833e-07
2.063434257945683254e-07
2.742020969350028643e-07
1.970788339452415640e-07
1.949376796147197307e-07
2.011937766954953413e-07
2.494419500041139548e-07
2.545013044549137893e-07
2.567907405144458802e-07
1.728615159514763355e-07
1.988628577705461197e-07
2.164633757682143159e-07
2.308729622396196385e-07
2.491924091441576758e-07
1.884922907995812462e-07
2.342359479919081657e-07
2.579854545145915963e-07
3.022221965147308983e-07
2.388349597261294407e-07
2.088119233405226131e-07
1.782877042004593729e-07
1.893282991749569969e-07
2.220405883600261766e-07
2.461521844005461034e-07
1.892855415520197570e-07
1.838691065005038318e-07
2.145602381820989017e-07
2.443051955795291252e-07
2.292115724609276265e-07
2.100506201045786621e-07
2.027599591760299973e-07
2.350891930627901357e-07
2.406266580791038294e-07
3.314813558499152344e-07
1.723129510335435338e-07
2.196021494548534050e-07
2.561455048277594241e-07
1.958841699598679398e-07
2.442938080062520250e-07
2.501058028455059845e-07
2.755357727287091214e-07
2.102470966539251260e-07
2.054789925052742714e-07
2.928666291497858674e-07
2.279802954008991508e-07
1.922139795448316622e-07
2.222707376880556804e-07
2.524368097214760569e-07
2.421732927390532743e-07
2.385135221882859487e-07
2.263260816764516957e-07
1.948496271510641419e-07
2.410819603579471253e-07
2.436494828612595157e-07
2.339518185064056134e-07
2.202287761708471949e-07
2.133595901598432113e-07
1.871692320343068406e-07
2.324141472634306973e-07
2.100493217883701752e-07
2.461503035258950211e-07
2.710734263090495445e-07
1.880797373257520892e-07
2.097475891990188063e-07
2.616878797517280739e-07
2.590187320840578081e-07
2.210693437057715216e-07
2.224369482422494296e-07
1.941970746026600300e-07
2.456101806381184166e-07
2.637722856089784826e-07
2.123698977834522310e-07
2.072626846719623673e-07
2.013153682222443571e-07
2.431122929810981066e-07
2.343659494834602766e-07
2.379554066928037119e-07
2.137691021577361027e-07
2.039951539385271371e-07
2.385502943152861338e-07
2.172058122062279314e-07
2.492379302807452941e-07
2.648546302131487534e-07
2.230540585651382437e-07
2.015907194497067140e-07
2.067101373954036057e-07
1.602428552830785345e-07
2.463969277961022914e-07
2.386712319546432135e-07
2.188787083434913521e-07
1.959574416135549830e-07
1.685094470081686506e-07
2.998051565409098803e-07
2.240842132581370379e-07
2.182106688453549561e-07
1.899494829980903452e-07
2.134100294749027092e-07
2.419998028344851000e-07
2.619653683365738240e-07
1.910907026532670712e-07
2.198731008029642235e-07
1.756157301491832831e-07
2.229922063263708691e-07
2.250988793527970913e-07
2.325287759841127442e-07
2.290233881772814581e-07
1.767676163054957418e-07
1.947602577312529244e-07
2.413617544910848165e-07
2.323363088360003189e-07
2.170966647226562709e-07
2.040518795321047384e-07
2.686081960195154688e-07
2.791555824767175352e-07
2.312654473628628068e-07
1.968019557983757085e-07
2.447857799846797697e-07
2.691690588290321654e-07
2.448003105228848017e-07
2.099343971334103526e-07
2.417770592508460121e-07
2.143424837316425021e-07
1.829636106407456808e-07
2.356784542282816860e-07
2.161059733673311348e-07
2.922744112010107345e-07
1.753618044052364001e-07
2.087032086729018723e-07
2.022872474508930676e-07
2.469105664035674916e-07
2.278978071790131954e-07
1.690813410350992685e-07
2.215336879069077540e-07
2.254584705994298549e-07
2.656114818840689133e-07
2.697094657235802403e-07
2.082217816549111010e-07
1.888140041925612414e-07
2.749060051599782442e-07
2.488006987725324773e-07
2.631928166614078612e-07
2.189828683592965999e-07
2.213112176367922579e-07
2.366681816546627720e-07
2.711066046252272186e-07
2.045275273672269999e-07
2.149619545244306370e-07
2.784101847639732094e-07
2.031905439784257496e-07
2.704164846013805412e-07
2.520151381293016918e-07
2.619488819196525266e-07
1.974246685371842943e-07
2.244990346128119741e-07
1.862068553788440068e-07
2.466103440493181623e-07
2.441027855235934823e-07
2.181911965075491774e-07
2.038175017295170210e-07
2.075384027314953680e-07
2.169524460965036806e-07
2.054535901861297491e-07
2.688439635191531571e-07
2.437342579083151555e-07
2.093042509998710293e-07
2.195227146716162566e-07
2.083519566707094448e-07
2.585739764662242343e-07
2.665073820116885267e-07
2.217086804680092027e-07
1.619773993042251575e-07
2.061792716560792027e-07
2.441794275362908036e-07
2.155072226794840698e-07
2.459783500184263347e-07
1.966952342125724776e-07
1.876123831156438853e-07
2.018948192551413065e-07
2.284314281466806226e-07
2.288517386372873857e-07
2.005919895036917555e-07
2.016434723869424043e-07
2.308147544671965600e-07
2.127252281105959013e-07
2.083457048169818229e-07
2.560903620449045006e-07
2.551989949439978503e-07
2.086730898438860714e-07
1.858938243796724670e-07
1.948785261241784533e-07
2.458672286543917350e-07
2.225095537026757608e-07
1.928497230014984384e-07
1.945595754560675362e-07
2.415465046759598334e-07
2.413925706156056243e-07
2.528759547862573399e-07
1.949345388998626666e-07
1.935589939275797660e-07
2.317998626469894409e-07
2.453979223416398269e-07
2.380159596274025075e-07
1.724560512516066030e-07
2.200818158180118934e-07
2.509928168485163109e-07
2.078491036406690136e-07
2.021776908286799264e-07
1.904274286970628052e-07
2.402392229064435960e-07
2.141615488859219078e-07
2.106442209746534103e-07
1.984256175753673191e-07
2.211153334251563248e-07
2.204790757186799330e-07
2.500561086242174569e-07
2.340809051019091706e-07
2.287204690762545182e-07
1.731553569233502307e-07
2.538207055544237171e-07
2.557994816385494168e-07
1.917292529623864436e-07
2.243612105324580402e-07
2.177826370251678821e-07
2.500657077281295921e-07
2.633668580340923808e-07
2.145231242427035477e-07
2.388974216174793591e-07
2.923182391330868531e-07
1.953236442882381005e-07
1.933305314523674136e-07
2.173485099527446330e-07
2.942139945206631800e-07
2.255960864178607534e-07
1.969725316966679156e-07
2.220484882673039320e-07
2.201514418752285916e-07
2.260171268815792773e-07
2.239832473091938105e-07
2.308067136259037215e-07
1.874211145014233459e-07
2.042853419117033292e-07
2.408330564521219290e-07
2.329769330457366333e-07
1.951558746035785491e-07
1.746536871068996339e-07
2.061652173902271654e-07
2.824839878956399687e-07
2.117590007242273152e-07
2.369827184160635446e-07
2.230517304515969966e-07
2.212271042521703703e-07
2.015908960134850970e-07
2.256775979977851298e-07
2.435912909612328346e-07
1.849805164910774346e-07
2.200281300252733837e-07
2.446485028882434585e-07
2.405981878185442761e-07
3.069493970805766713e-07
1.921894455996553877e-07
2.070008531599044262e-07
2.224396385160378120e-07
2.424317373533783162e-07
2.830790970376991843e-07
1.857721760593111865e-07
2.154028820542811621e-07
2.145624892389537512e-07
2.846979778814703641e-07
1.741489678302371766e-07
2.384473457300021886e-07
2.559205567841196114e-07
2.657875459945271530e-07
1.913275641011268510e-07
2.034822942168156617e-07
2.266652172377177765e-07
2.645401411751648720e-07
2.365759469479602081e-07
1.697358383276713604e-07
2.243776372653319649e-07
2.100958768185424689e-07
2.396122374796163405e-07
2.450901648049196262e-07
2.405281660557541586e-07
2.106886531410622201e-07
2.103897024346185321e-07
2.616602770289060324e-07
2.692518515389134862e-07
2.470637410458002442e-07
2.161109810625493656e-07
2.207322284827290802e-07
2.139280456734656122e-07
2.147117095267691550e-07
2.520103520262388021e-07
2.452606177105112758e-07
1.987412891605912087e-07
2.127822997979037179e-07
2.784710091184809425e-07
2.619243354584797249e-07
2.100354658223569522e-07
2.166383275429107495e-07
1.849993457774571930e-07
2.704398829208435840e-07
2.426574094645290165e-07
2.341999915451506826e-07
1.975130340518322695e-07
2.077181093753610418e-07
2.589508344653342062e-07
2.243359471991805892e-07
2.343369759346104940e-07
2.020525372557869341e-07
1.890272184373903563e-07
1.917258123725973381e-07
2.090196716366935164e-07
2.104837905103445769e-07
2.503661618751625227e-07
2.741692730795269531e-07
2.188044856099694067e-07
2.121000037141627643e-07
1.902324414962323635e-07
2.376506222513703615e-07
2.514203235725961429e-07
2.178722472195026356e-07
2.373763763131810172e-07
2.292397643813492123e-07
2.142514859985498200e-07
1.529903093968069619e-07
2.505545835163530634e-07
2.225707937560092566e-07
1.821447383837094952e-07
2.113094324419032115e-07
2.225013573135187498e-07
2.360626152161886631e-07
2.197097280200065139e-07
2.084951853483547648e-07
3.365078735812029864e-07
1.918379105962440325e-07
1.826475081517048688e-07
2.376926589728432404e-07
2.335016552510350632e-07
2.199857723002564397e-07
2.097922524104973301e-07
2.032847265454405092e-07
2.300681709335226084e-07
2.368369196700262115e-07
2.413247694446580797e-07
1.908655106119941481e-07
1.949640594523606721e-07
2.236138023633189037e-07
2.516224433542532069e-07
2.396099797491443566e-07
2.022150877820657443e-07
1.992480605043994821e-07
2.181927322100166123e-07
2.294921638146625345e-07
2.052138076771260940e-07
1.987610519210729064e-07
2.301001924059791171e-07
2.049142012451871521e-07
1.893868664032673212e-07
1.953611084444039020e-07
2.467499821480330863e-07
2.134392965849655572e-07
2.244065836398613426e-07
1.665769722412410459e-07
2.246242045203988439e-07
2.322150881677049202e-07
2.932390711413232276e-07
1.792031804931799948e-07
2.250204721949363784e-07
2.026221027612018535e-07
2.502546659525044201e-07
2.643777861368885228e-07
2.062094067948378845e-07
2.280916671434664552e-07
1.880886024814428299e-07
1.655549282146677216e-07
2.049316147229281160e-07
2.650224091327429573e-07
2.338686712782132512e-07
2.023715543446122616e-07
2.021175320287099238e-07
2.146218633073933987e-07
2.278701269241130203e-07
2.716679954496832565e-07
2.652054217457525196e-07
2.055928375391133606e-07
2.326231339056297706e-07
2.440782245337536449e-07
2.388968636939106235e-07
2.302870219701515679e-07
2.096287555855935963e-07
1.911428696884693136e-07
2.511588648690509754e-07
2.464901738828982524e-07
2.418295177277760920e-07
1.858215757590879000e-07
2.164854720972156001e-07
2.222136524707965710e-07
2.284642684094627077e-07
2.734889143048773601e-07
2.760503376310047563e-07
2.089211700816759491e-07
1.981414561040151301e-07
2.038482990584968226e-07
2.491516791409110579e-07
2.781519386647738785e-07
2.488779016391013390e-07
2.268631036333611184e-07
2.466053443028624081e-07
2.536945190848566856e-07
2.484856282214668156e-07
2.173264294352410419e-07
1.775986524273185755e-07
1.842257585737810916e-07
2.445474621611199679e-07
2.293045988334336465e-07
2.042943641781372886e-07
2.404891867160334423e-07
2.168645442491470555e-07
2.185522360042007206e-07
2.243666234167415291e-07
2.504110703366899789e-07
2.182400213274063425e-07
1.852906027362409585e-07
1.882939044086076359e-07
2.422608386518001868e-07
2.387389139370935731e-07
2.490548814540339532e-07
1.753789464811077137e-07
2.063042397719817641e-07
2.388566362207641913e-07
2.193791785628023125e-07
2.665579022367188011e-07
2.060804105526947765e-07
1.857352790478603210e-07
2.308527582937874534e-07
2.707272869050459605e-07
2.375154396699717184e-07
1.980013779814958195e-07
2.263520266952411252e-07
2.433547151037783934e-07
2.050051078226254210e-07
1.884628819956891122e-07
1.866857979514034335e-07
2.618358437427757670e-07
2.310077030722564972e-07
1.954635573723593797e-07
1.966374106589128001e-07
2.477585073366763533e-07
2.343134930799397966e-07
2.066191497644753094e-07
1.934307361583342826e-07
2.440913121535738019e-07
2.415193093894899851e-07
1.968848331299343335e-07
2.251040717924756293e-07
2.203239923326262704e-07
2.509633400103564183e-07
2.914271607215945453e-07
2.501362735299050509e-07
2.301552522473942888e-07
3.009448784680977301e-07
1.929218995489353877e-07
2.213138014224886373e-07
2.547391465110524475e-07
2.342153926506595311e-07
1.919615713836504585e-07
2.150538463775324960e-07
2.086317198132833411e-07
2.419715722318835017e-07
2.252849288583299304e-07
2.181138853037199387e-07
1.991419974240383913e-07
2.578125202767620198e-07
3.083828530701757653e-07
2.318380138513475564e-07
2.125340399675172678e-07
2.117914256868004130e-07
2.098448600190623763e-07
2.283928734533815202e-07
2.287147224316913914e-07
2.544327670839876722e-07
2.632936009883790358e-07
1.811150871461693411e-07
2.208564522529476236e-07
2.172020772380822239e-07
3.094720682833876990e-07
2.571741993347780242e-07
2.231521221641840799e-07
2.299255213041188151e-07
1.768002474808765829e-07
2.441748783902361870e-07
1.959555919478922670e-07
1.887702902739836945e-07
2.305000645773390067e-07
2.619599220360101030e-07
2.143450165245116892e-07
1.962257928517155434e-07
2.013840875294515986e-07
2.502545268041231724e-07
2.238956056199720065e-07
2.438912235060007388e-07
2.000344903106547667e-07
2.831944505911049920e-07
2.122290911799899484e-07
2.187371127406534353e-07
2.035976759032950263e-07
2.484185922687534674e-07
2.789152259620932166e-07
2.617372553039099240e-07
1.940743950267956207e-07
2.256856475049720224e-07
2.379667851252985302e-07
2.243044616339792788e-07
2.148074027093005211e-07
1.864318897053563958e-07
1.896728930412564233e-07
2.268671589045521554e-07
1.901866666687841945e-07
1.821725799360544764e-07
2.100108327858209596e-07
2.306384298044650134e-07
2.573598112275687146e-07
2.423338080773873881e-07
2.453584173517687560e-07
2.292497251907434550e-07
1.924222289687453157e-07
2.024941058252880203e-07
2.572944660681447508e-07
2.284867806363559438e-07
2.270382519917620608e-07
2.028939924539105975e-07
1.546908253487092691e-07
2.724093074092816775e-07
2.781121503948371133e-07
1.804312369538160006e-07
2.056200465860682296e-07
2.335922174817886722e-07
2.681337468185089961e-07
2.421044411537529377e-07
1.843854421547781269e-07
2.115241195553267284e-07
2.073547740458835567e-07
2.349883281620444817e-07
2.566364791888946865e-07
2.262892638788335519e-07
2.314645452614372541e-07
2.218785821585332178e-07
2.029159758791398674e-07
2.098879518718848285e-07
2.212019684111481655e-07
2.431478043412822584e-07
2.344623086345077528e-07
2.483745760911707845e-07
2.118573952564787104e-07
2.145405932192761517e-07
2.406624371586256980e-07
2.649722992266428801e-07
1.897537144440389316e-07
2.267946636442300014e-07
2.252991131937226266e-07
2.454278472049317534e-07
2.494753136882076781e-07
2.108391519893855340e-07
2.076934891821198188e-07
1.675707587742778276e-07
3.150682215436113794e-07
2.227321161046036021e-07
2.049580028627605577e-07
2.631234686454285411e-07
2.265947488848478705e-07
1.988918180225015163e-07
2.102585674653697691e-07
2.076559604201515068e-07
2.410025177097351789e-07
2.660327772409967246e-07
2.819125917744568249e-07
2.031389052034882070e-07
2.168032982543126773e-07
2.396168215651529093e-07
2.854416142516632017e-07
1.923459464596524708e-07
2.144672936754755970e-07
2.415410946126490598e-07
2.289247937568950729e-07
1.829194613421403538e-07
2.179091346276885037e-07
2.035726350555945760e-07
2.377451290688331602e-07
1.742605452062804136e-07
2.000250987093209320e-07
2.509550078263210446e-07
2.250467525204744992e-07
1.838538838300589352e-07
2.010056571436586341e-07
2.311231368902271423e-07
2.140984797869370247e-07
2.400470447475477162e-07
3.314149191204171459e-07
2.205175678711616145e-07
1.975281687308720608e-07
2.303363163713664684e-07
2.487613903858597960e-07
1.785176360271976859e-07
2.265178038725292119e-07
2.181750054687435577e-07
2.881209896789113625e-07
2.659121727576422460e-07
2.263209633472678683e-07
2.407003022104813496e-07
1.735375627981031638e-07
2.144409803449455530e-07
1.934818874922525872e-07
2.116261270597964789e-07
2.704730004477315468e-07
2.552882638878569745e-07
2.143373765769738922e-07
2.313581074210968617e-07
3.265338110942630213e-07
2.686493559680668116e-07
1.981813149927081290e-07
2.767755832650525827e-07
2.825114034020201675e-07
2.447487874772207564e-07
2.048146154442965255e-07
2.048918514375006118e-07
2.334509588226409365e-07
2.889199438607345265e-07
2.080439783365427398e-07
1.709747489466250627e-07
2.039584143224236988e-07
1.910803066660294306e-07
2.129696252871602331e-07
1.993583060801520832e-07
2.634072374754493179e-07
2.758273198705129301e-07
2.224480234208037565e-07
2.449346491947292084e-07
1.974049872732975286e-07
3.022279761680995552e-07
2.576176272199245026e-07
2.045222868680009717e-07
2.064081954431439711e-07
2.131742768212017202e-07
2.725661487350119544e-07
2.424845313944860703e-07
2.164245236329651403e-07
2.213000539419868329e-07
2.081230403013530969e-07
1.955104257137163024e-07
2.133417377826672885e-07
2.451061896381785465e-07
1.822601053710918336e-07
2.287567122185575315e-07
2.160267950646559078e-07
2.005759942347406365e-07
2.056505705326096270e-07
2.207492089519399634e-07
2.820935480459476326e-07
2.302595933468128007e-07
1.871723913136546781e-07
1.964488095153940676e-07
2.863852696161489741e-07
2.120244306012188951e-07
2.355305431072823639e-07
2.230898880496688856e-07
1.948237714855465372e-07
2.042537457426974920e-07
2.249927575026469801e-07
2.424292773737721399e-07
2.393121080569226395e-07
2.669164210923209246e-07
2.083361416183877873e-07
2.348904138837676249e-07
1.916849263692056559e-07
2.039277528131060204e-07
2.530298494656365813e-07
2.336333374267181158e-07
2.350353829617924345e-07
1.873932825630387148e-07
2.557660569641513525e-07
2.592787338483206353e-07
2.048396256868264222e-07
1.904026059405487835e-07
2.063870499548873725e-07
2.621198669333799202e-07
2.260034582346339060e-07
1.965199783257900623e-07
2.100733929703531858e-07
2.290519057723305223e-07
2.602230849814867756e-07
2.975764391715021439e-07
2.059469526818789354e-07
2.176872466127235978e-07
1.828234653297242917e-07
1.663225279615363214e-07
2.159102445892304402e-07
2.269997106830270015e-07
2.173074623045554706e-07
3.054023767250933543e-07
2.126914726532924777e-07
1.739486854812839753e-07
2.467839589128028334e-07
2.555696926535914266e-07
2.534100168983133236e-07
1.951370058686313350e-07
2.359148763699702324e-07
2.257666116826675052e-07
2.408486793714180861e-07
2.712885948696338223e-07
2.102509234490488059e-07
1.908281210169166331e-07
2.634497443207256549e-07
2.448004465540047032e-07
2.389064032827545149e-07
2.025797997325384883e-07
2.092790424736945972e-07
2.029569623527764409e-07
2.077380847900558375e-07
2.150938266434111081e-07
2.298115174572138414e-07
2.566691622714498784e-07
2.464263356365599871e-07
1.898895521078426246e-07
2.104581290622413399e-07
2.494176812717519109e-07
2.577974283700077940e-07
2.379424818168214776e-07
2.194245206198123890e-07
2.181104735472967144e-07
2.219044755439314208e-07
2.688581794096180909e-07
2.236929991431769566e-07
2.010774640042586271e-07
1.812090609834266633e-07
2.248308368585836418e-07
2.356161917190682008e-07
2.008316480919006412e-07
2.498209456595546284e-07
2.073576727942565984e-07
2.267161900506019644e-07
1.805544506925108785e-07
2.869717112381115966e-07
2.595779339454122426e-07
2.401167783268922166e-07
1.960946743855653397e-07
2.092084690631147380e-07
2.535657411301565872e-07
2.454249957169749531e-07
2.506022178464632408e-07
2.058879164438389216e-07
1.951612987660680907e-07
2.280783204549743330e-07
2.330686577006822577e-07
2.026000214137059505e-07
1.983447208692942804e-07
2.185517728057862318e-07
2.310625087181605615e-07
2.189501422579792340e-07
2.488000027117408861e-07
2.318958220865451317e-07
2.357042127270450448e-07
1.949959352577752442e-07
2.065833978114410481e-07
1.927175451965826186e-07
2.687080859163516524e-07
2.194718446607719752e-07
2.480019117241692244e-07
2.048676613939088800e-07
2.171223295715509983e-07
2.323398040657714251e-07
2.724343571693981596e-07
1.944805613962251534e-07
2.149095595426737848e-07
2.271260968361367643e-07
2.273062172684647670e-07
2.625953706560582209e-07
2.211640873626855111e-07
2.184336866192416819e-07
2.148547212163396471e-07
2.593400030545940288e-07
2.437084955044224103e-07
2.361193206448117135e-07
2.261750748274150578e-07
2.082111379763685567e-07
2.006216877546929996e-07
2.005569628080225090e-07
2.255343812316858173e-07
2.458801259195211324e-07
2.760538723595400788e-07
2.034111233645129959e-07
2.037604371619482425e-07
2.321543345942514451e-07
2.584795787468338997e-07
1.902957549172290092e-07
2.037114850042710603e-07
2.158991608365175274e-07
2.865068798455808651e-07
2.212245080144060313e-07
2.182652895599839821e-07
2.389710535160470244e-07
3.141854447645541992e-07
2.098110686959144149e-07
2.446570202929710789e-07
1.756547376502737506e-07
2.132313253383946120e-07
2.034484579735920572e-07
2.332292578145138265e-07
2.698652778118103399e-07
2.245786559922543717e-07
2.393073473097292983e-07
2.217271081810644682e-07
2.559637300304450656e-07
2.700833203912122979e-07
2.154617692012135863e-07
2.160977511313472854e-07
2.036607804917723033e-07
1.788095687573379209e-07
2.308731285642076865e-07
3.169257185951014180e-07
2.231238345027571073e-07
1.758455502651832061e-07
1.949321299043723723e-07
2.258764482328875144e-07
2.355846690705740889e-07
2.600779959595396382e-07
2.061020272510483301e-07
1.799498412341389109e-07
2.747667431205516965e-07
2.283598630662924719e-07
1.949051030119151996e-07
2.172246827913803936e-07
2.214700222201624027e-07
1.976118729214313402e-07
1.937822163091914809e-07
3.118367724238780592e-07
2.289699005975247278e-07
1.860573337761392012e-07
1.904986324012092315e-07
2.331294571778009368e-07
2.394653052835632598e-07
2.995073155556876677e-07
2.546843570001249678e-07
2.723947240354340381e-07
2.291988582470500243e-07
1.767491813361823059e-07
2.341596145065099825e-07
2.439680415776243455e-07
2.516993969206699054e-07
2.437175832326443042e-07
2.144960291360539688e-07
1.730918065391026526e-07
1.856819035900555920e-07
2.340085451421565123e-07
2.411409637881610869e-07
2.025000590140134676e-07
1.940649407510730926e-07
2.042964641208326719e-07
2.483842422521956826e-07
2.166645021459605139e-07
2.112465840158389722e-07
2.023474300209459370e-07
2.359142305239754195e-07
2.199423016046259929e-07
2.776633650036072917e-07
2.623225095627349989e-07
2.272708397021976940e-07
2.453977942331347067e-07
1.941699405330145056e-07
1.814102094009320589e-07
2.433731959189573049e-07
2.223705011612625691e-07
2.496122351215574112e-07
2.162809351829985089e-07
2.151333733257425618e-07
2.607040681186721067e-07
2.346365424985795192e-07
1.950679345383667121e-07
2.064702618314138606e-07
2.356325752147932583e-07
2.075609354579132548e-07
2.590361545245007941e-07
2.032552395020539998e-07
3.027253310406282684e-07
2.640259108022508471e-07
2.079683684055030058e-07
2.367305136354257314e-07
1.653893091509063398e-07
2.391339885138519140e-07
2.290009103541586280e-07
2.688953042195452665e-07
1.802152747708125724e-07
2.048523043845004465e-07
2.041423992405620097e-07
2.484737059543085523e-07
2.686661546212028541e-07
2.181646428602384491e-07
2.036155229033131000e-07
1.966130307994351398e-07
3.165936675785313568e-07
2.484907519684132929e-07
2.262715700537557066e-07
2.121185224401503560e-07
2.064911663638306536e-07
2.795434921400698037e-07
2.241861043396618794e-07
2.172109705994739322e-07
2.387019417872116027e-07
2.604808249002535478e-07
2.995483041274332425e-07
2.123429514558228051e-07
2.240399638220736503e-07
2.389371236432723825e-07
2.657232555098909396e-07
2.500238740205856888e-07
2.104976457498145217e-07
2.225734226684291014e-07
2.248232043801718387e-07
2.204840924053878448e-07
2.029714671725070988e-07
3.211966028589977108e-07
2.346539526888014381e-07
2.500010596674320701e-07
2.074078119744053706e-07
2.216227826443937368e-07
2.229456160786916372e-07
2.535757209428669535e-07
2.410847585120269566e-07
2.413168169828268710e-07
2.098396561674987283e-07
2.172662995199594142e-07
2.424761928139045244e-07
2.328676258308652661e-07
2.265165164220522256e-07
1.812929833902978784e-07
2.031212635795604407e-07
2.459772945055472345e-07
2.297519201727209822e-07
2.397381259695775209e-07
2.076006328660148720e-07
1.972980761033424221e-07
2.331766888467658711e-07
2.260046299820840345e-07
3.143113668653700380e-07
2.104216438519808689e-07
2.284719749139237158e-07
2.709717786291890316e-07
2.499776529960141032e-07
2.313658106646356063e-07
2.479890512951577735e-07
2.344982792333817367e-07
2.155393246677661723e-07
2.130599017632065582e-07
2.086621067625533023e-07
2.389019094338039980e-07
2.369799300131428074e-07
1.875127261287117435e-07
1.943520341145545454e-07
2.149456620511107250e-07
2.386087632899422928e-07
2.492754645221319961e-07
2.615514804529355473e-07
2.131955104694418271e-07
2.110070922060414470e-07
2.232577415263482189e-07
3.068254955612048210e-07
2.601417802415169895e-07
2.039024320153327791e-07
2.156293614357784839e-07
2.330727200628185330e-07
2.707716246154403721e-07
1.957044907208562930e-07
2.464871875492219257e-07
2.415184108241899617e-07
2.348688099167488731e-07
2.093144281273036338e-07
1.783228529517535832e-07
2.257612235104259127e-07
2.558317853749525263e-07
2.367888683830297690e-07
1.924330439779751987e-07
2.096057175632519590e-07
2.171254668133746935e-07
2.144629163269484633e-07
2.455765437217409579e-07
3.058878638164008727e-07
2.226851999556886586e-07
2.162481075457488166e-07
2.980132922826814539e-07
2.869045087605328335e-07
2.177380838256319425e-07
2.128572772016219892e-07
2.109038195656917999e-07
2.246118795204159420e-07
1.780318214073980205e-07
2.404363337477119153e-07
2.859333945183815135e-07
2.495269449429490692e-07
2.050711290292485657e-07
2.125293161928031134e-07
2.103425050458056597e-07
2.505736644430358745e-07
2.755916569819129583e-07
2.165681084413513665e-07
2.056711226449263680e-07
2.469830988645649612e-07
1.995932667729722688e-07
2.258323565094383852e-07
2.113597760970384927e-07
2.366156487612123892e-07
2.830652083169123354e-07
2.125990738488237438e-07
2.279962406400004091e-07
1.660415112477138045e-07
2.638118905835384722e-07
2.421704796011890404e-07
2.473650442583649998e-07
2.785708832833405801e-07
3.046585048384907814e-07
2.122285015192663523e-07
2.271131438250164892e-07
1.627940137733307735e-07
2.276688455900961888e-07
3.220017195760892760e-07
2.336281823064059410e-07
1.992158042897736826e-07
2.126720945183295403e-07
2.497900255765941737e-07
2.099527734562551419e-07
2.336047827553436520e-07
2.085345463558451338e-07
1.903761059302805834e-07
2.220772856310351373e-07
2.301787142999922635e-07
1.990785676362952757e-07
2.053759653917187287e-07
2.487047335171903371e-07
2.354993458093936262e-07
1.637831971726310634e-07
2.341993455614031662e-07
2.391897661014111896e-07
2.247280045799515876e-07
2.082752230076020070e-07
1.824322000218494394e-07
2.492315302233119320e-07
2.237574116687651939e-07
2.317496696381475395e-07
1.799041483841190141e-07
1.926683870278648853e-07
2.226970654360209528e-07
2.458383542052432774e-07
2.709862000635051302e-07
1.888791587472060356e-07
1.791464870297843532e-07
2.016539724008962649e-07
2.341440428451358339e-07
2.624049984293078419e-07
1.537758763231488797e-07
2.238937598528588983e-07
2.044328005820492287e-07
1.825390871747862964e-07
1.823836852412306913e-07
2.260421773473075299e-07
2.521698111575013993e-07
1.775176022591370254e-07
1.816260795102626100e-07
2.500744700951386123e-07
2.230514236123668392e-07
2.380037015940445005e-07
2.220368475401697113e-07
1.947235996718663402e-07
2.970419925278516541e-07
2.754974771552039166e-07
2.031113701373513061e-07
2.011812943177545248e-07
2.115692370285112808e-07
2.283382226472078438e-07
2.533764229372696442e-07
2.203305277605204638e-07
2.072582195166631672e-07
2.049437607783866857e-07
1.795858259550154384e-07
1.920697686870079136e-07
2.478935111871573915e-07
2.311942577652645205e-07
2.328971732156886978e-07
1.712618688371620616e-07
2.108510621273673912e-07
2.310698375759424429e-07
2.243160623919849525e-07
2.435472010240740973e-07
2.655382186538024198e-07
2.289773253998881857e-07
2.087090662963090069e-07
2.532004240404192677e-07
2.625805054594098570e-07
2.204930610206555311e-07
2.332273113853231404e-07
2.002617567225469090e-07
2.304893058883680109e-07
2.764973945797472976e-07
2.285704947809734366e-07
1.901747178313951835e-07
2.056649486509378375e-07
1.946768616093266920e-07
2.162056481011804058e-07
2.139821879659302805e-07
2.301282686831915236e-07
3.340355570507415304e-07
2.083052722280314260e-07
2.123893890783670301e-07
1.796536182291397955e-07
2.854626316954092634e-07
2.459716581504511078e-07
2.316990320995933921e-07
1.968610822653625164e-07
2.134945639296860748e-07
2.267524394765950741e-07
2.290812805476354886e-07
2.117915558613715957e-07
2.033924357622562407e-07
1.975226014858299312e-07
2.379774667487397868e-07
2.397810116076582154e-07
1.763922389725864427e-07
1.629931227279102321e-07
2.623593475873052644e-07
1.919006328646466871e-07
2.267957239949541911e-07
1.990174415605189173e-07
2.544134226906755211e-07
2.681917941661051371e-07
2.111635455440863607e-07
2.050222415699736535e-07
2.927887918162094961e-07
2.228368777219313452e-07
2.164872866084586036e-07
1.922795739722888557e-07
2.146779177561261173e-07
2.156064616126453086e-07
2.946321600013579383e-07
2.057869704295515424e-07
1.652458088082855189e-07
2.075844003370405603e-07
2.219516783673438404e-07
1.842251475667954591e-07
2.460640079814219220e-07
2.253861134774921827e-07
1.737082120614589744e-07
1.893064851253301186e-07
1.742702887605946881e-07
1.838002698955160687e-07
2.179646836218978316e-07
2.280496777930635550e-07
2.279589545948847403e-07
3.123723863542096539e-07
2.181770957256185921e-07
2.042514264300854032e-07
2.337613767138168053e-07
2.635180176109149161e-07
2.652360236833459321e-07
1.939042288867000762e-07
2.088144931843815707e-07
2.000887691477889008e-07
2.616412488510492927e-07
2.493135728634266752e-07
2.523677101299977800e-07
2.459915526733382663e-07
1.912322189347302898e-07
2.009612802056354644e-07
2.040509433149836641e-07
2.620062829404397314e-07
2.422569693314114510e-07
1.847742488088824083e-07
2.140053200859881501e-07
2.235724729076504664e-07
2.242545672737420528e-07
2.125171139382702634e-07
2.300673964694711595e-07
2.836075082614420623e-07
2.788466781215703561e-07
2.151051151155867642e-07
1.751780911346719864e-07
2.703053315706766365e-07
2.475602908337627147e-07
2.377919341899440562e-07
2.046612683968168054e-07
2.091401357053977280e-07
1.876974411222049123e-07
2.248816723137667220e-07
1.941635387344430340e-07
2.216169406754057940e-07
2.559124454647694615e-07
2.537671753881796336e-07
2.166418782046282537e-07
2.347723954480909207e-07
2.374460592457812704e-07
2.418406592487819496e-07
2.163459732391506786e-07
2.181766861645406048e-07
2.004427775452682503e-07
2.264267245344746907e-07
3.130442239109182058e-07
2.240065453530326313e-07
1.974085221731178950e-07
1.894410566988025257e-07
2.323894802428852664e-07
2.008478441825771473e-07
2.490270036076893700e-07
2.380374505666259397e-07
2.412656047306303750e-07
1.939523837460024852e-07
2.793350560408261121e-07
2.610935549914769913e-07
1.940507756912659700e-07
2.123703499490015897e-07
2.664082974659818131e-07
2.323757298276123731e-07
2.542882929863195025e-07
2.145027355515572198e-07
1.972390501937776923e-07
1.732746701115594691e-07
2.508036555282547110e-07
2.329655744784470760e-07
1.715629575927010762e-07
1.964431845659069075e-07
2.125923862010529573e-07
2.150339575052844232e-07
2.516300506643957628e-07
2.433285012166941205e-07
2.336378102996587795e-07
3.061580670404055486e-07
2.214051047880990382e-07
1.905776139557511613e-07
1.846339204782140085e-07
2.834747884051748098e-07
2.287058886885368575e-07
2.203140645336745019e-07
2.179930567336695019e-07
1.991212231595664373e-07
2.428596383524046722e-07
2.337994658371122399e-07
2.490409331519840299e-07
2.040469603778453979e-07
1.685115990936860212e-07
2.174543884105302814e-07
2.674035647409367073e-07
2.226129471287816213e-07
1.981268667030230011e-07
2.170107734724996550e-07
2.224715741546477270e-07
2.390301207711568497e-07
2.434797491737082428e-07
2.809028240181095719e-07
2.398104068220564521e-07
1.838321088402031843e-07
1.728606918249366297e-07
2.233878216383696108e-07
2.448713916451544614e-07
2.283482883401533572e-07
2.674774046909646021e-07
2.120323424893486672e-07
1.944985190558314908e-07
2.283059979463221712e-07
2.387376253205788819e-07
2.195090338577991572e-07
2.163005729305516482e-07
1.774963220936087014e-07
1.939324994752286318e-07
2.399925090806820217e-07
2.425659348367980911e-07
1.811146424586659215e-07
2.113830830937887994e-07
2.310948219294725778e-07
2.238217502007122890e-07
1.969804870358899249e-07
2.426910137467103980e-07
2.885718092283294771e-07
2.096163738121799954e-07
1.850383104320575355e-07
2.022310514424396719e-07
2.664094215103390236e-07
2.333553117290867632e-07
2.268360416069980477e-07
1.886397145294553031e-07
1.993602229671615862e-07
2.426039064881257079e-07
2.497096921477343764e-07
2.526114524383201311e-07
1.971503696419115084e-07
2.033727837456049450e-07
2.013475918769499221e-07
2.792591715636500124e-07
2.361070707644903280e-07
1.832603943833504767e-07
2.171161478783613349e-07
2.237783001449462468e-07
2.311135705714109038e-07
2.018635015147444929e-07
1.876911809989685565e-07
2.341959758020457074e-07
2.549752048657444252e-07
1.881753317859957652e-07
1.615709737686771249e-07
2.159332811503534491e-07
2.314516099023414836e-07
2.363180602253156525e-07
2.364362526619612524e-07
2.246138909677592828e-07
1.727837810183412215e-07
2.284382640916982271e-07
2.674385449389497106e-07
2.791922128984867885e-07
1.929466060897050646e-07
2.288902192207853917e-07
2.917472185025890326e-07
2.559018129140751985e-07
2.135193598118210197e-07
2.275620424111324052e-07
1.889349631154517443e-07
1.931537721679558905e-07
1.895468810868555144e-07
1.961721618432934222e-07
2.792221977799977643e-07
2.316405686691128800e-07
2.163183665072963132e-07
2.277920536006419018e-07
2.375576286428232457e-07
2.723683423355384608e-07
2.873616890285008449e-07
2.024612747397491738e-07
2.507584758245211181e-07
2.360045824921020222e-07
2.059923181736989004e-07
2.246461155800961046e-07
1.941347784281137446e-07
2.137273719004949019e-07
2.577068453022282241e-07
2.174306866385836272e-07
1.873299621092257374e-07
1.716003013315704464e-07
1.999004466212173383e-07
2.144088908720006156e-07
2.792549910095076953e-07
2.311395835361104059e-07
2.331443220038834771e-07
2.154400757417120331e-07
2.549284384868571396e-07
2.385217121162454889e-07
2.183739576614404549e-07
2.843442905783875159e-07
2.133165809364805947e-07
1.948044470837529060e-07
1.859564587993418107e-07
2.780014554830879949e-07
2.321426310432972019e-07
2.231024599919444082e-07
2.064572656908550426e-07
1.944929695749827067e-07
2.356111641220860522e-07
2.337075771845277073e-07
1.899594064709214443e-07
2.599857506812455998e-07
2.365625163989732341e-07
2.108848145654305829e-07
2.558305490664054390e-07
2.517102086803859205e-07
2.208829815658601658e-07
2.004087089582555508e-07
2.173506137629492547e-07
2.066305155316614119e-07
2.377769572105987828e-07
1.915931114850148701e-07
1.874782304209678245e-07
2.310995924302525830e-07
2.473325368655261312e-07
2.277957066165682816e-07
2.592962143043287504e-07
2.065271491596441822e-07
1.692380637784401265e-07
2.253415126353297514e-07
1.851113338569077758e-07
2.644303551958597031e-07
2.174301945076337781e-07
2.182738812156328614e-07
2.162102798328718084e-07
1.986332048754544775e-07
2.454976797288115192e-07
2.355565081602171934e-07
2.775969618062930298e-07
1.856060233354262964e-07
2.073270058101526356e-07
2.236009184419273289e-07
2.821735332989245406e-07
2.258816358359210232e-07
2.019924167515887454e-07
2.159176036150469853e-07
2.231515894025226859e-07
2.400878966480925611e-07
2.665069539361023067e-07
2.817940780577949708e-07
2.000854100866930145e-07
2.154922595813935895e-07
1.754308023202775312e-07
1.964592341930981549e-07
2.334518187438212876e-07
2.233015356768870873e-07
2.245402825216769661e-07
2.408638704810721079e-07
2.096966776653334162e-07
1.937524006551003854e-07
2.219185600623088112e-07
2.602484064354571029e-07
2.487684148922257954e-07
2.024068414274775962e-07
2.091802743707204194e-07
2.152637455275619403e-07
2.645526055432624178e-07
2.475582766861602355e-07
2.246886376016286439e-07
1.954282136679179306e-07
2.546252003192381445e-07
2.618160580579798208e-07
2.505636600028514607e-07
1.913573052554476723e-07
2.397553593192603999e-07
1.943812474350838943e-07
2.227808619163304467e-07
2.314957610770319328e-07
2.323422468481924254e-07
2.701107983663236023e-07
2.815505844263020779e-07
2.206671255007371621e-07
2.083618070114918925e-07
2.796735165334582381e-07
2.640663183188449520e-07
2.430229103389146470e-07
2.321051802576787159e-07
1.980291964447972787e-07
1.655480094588585800e-07
2.464063754681791181e-07
2.394118667594225200e-07
2.257993572190919478e-07
1.862357444976961767e-07
1.860312376675469233e-07
2.308584890945366213e-07
1.774925800213024535e-07
2.994512407443177049e-07
1.975382394392476739e-07
2.177527603039467425e-07
2.102385393471648471e-07
2.406277462419161907e-07
2.736691962049177409e-07
2.355239309582371726e-07
2.083040754890848617e-07
2.133411299086391316e-07
2.359031658616812252e-07
2.250473911009226313e-07
2.063710238334955537e-07
1.892443224467560671e-07
2.464727576533994203e-07
2.713053346315927380e-07
1.829479837521942905e-07
1.783411644920169359e-07
2.270087785034592646e-07
2.127434026276204612e-07
2.403749194159118424e-07
2.621875689840691796e-07
2.320423093408860969e-07
2.812512756551461298e-07
1.962710693079627929e-07
2.555816679783051356e-07
2.096816329953488924e-07
2.077424739457309768e-07
2.041165201911739662e-07
2.297690236024131425e-07
2.157676018979640710e-07
2.206180506371413527e-07
2.617925157599923524e-07
2.467132380167381752e-07
1.940800529999186139e-07
2.418706383245798684e-07
2.096759740383154189e-07
2.510079025913229470e-07
2.799750658371794542e-07
2.684799309079121071e-07
2.546843588945025077e-07
2.412994119714295866e-07
2.088030429306787616e-07
1.919235623020665781e-07
2.174391179850479332e-07
2.394134465461341321e-07
2.692367555564661583e-07
1.942537612301396394e-07
2.273414557546461175e-07
2.523610373689102390e-07
1.837856536077097046e-07
2.042453552153898418e-07
2.009125254270988320e-07
2.349439574952490921e-07
2.708960026791621078e-07
2.260264185573389668e-07
2.329793363130955770e-07
1.805199839007138942e-07
2.765319961094395052e-07
2.494050465117149277e-07
2.092809005778479025e-07
2.426799892522385366e-07
2.306815640172295044e-07
2.081093795717315686e-07
2.292721853499071658e-07
2.052557244298459536e-07
2.572003600370677326e-07
2.989883058555801961e-07
2.135193049909298809e-07
2.317532532205260224e-07
1.945295410681434679e-07
2.494374254904687820e-07
2.274878095426913364e-07
2.004730539581980061e-07
2.157995867556570914e-07
2.868875943015004287e-07
2.587427696206813770e-07
2.367605791030563478e-07
2.674116858704780861e-07
2.168686171547114098e-07
2.301688392128975751e-07
2.614116830887316511e-07
2.816445021255160405e-07
2.377794256342723075e-07
2.137779421474659727e-07
2.155950192333922610e-07
2.088863556733968038e-07
2.275845980129956628e-07
2.773596840050430310e-07
2.216635323241821822e-07
1.723820518347395753e-07
1.953593537540886631e-07
2.336748632151854767e-07
2.277885881531710492e-07
2.324149363152680318e-07
2.010507148515590542e-07
1.876946096867529247e-07
2.463377326804549177e-07
2.427177060239903377e-07
2.510672351278816062e-07
2.820558715220265409e-07
2.315491603961428593e-07
1.932110407525969346e-07
2.022200978974554700e-07
3.001456306967029966e-07
2.123096619289811757e-07
2.437296662733631338e-07
1.993641502925454857e-07
1.918777426256216680e-07
1.898914989361414447e-07
2.506861871687107145e-07
2.198436665422104321e-07
1.937224447063767886e-07
1.885292847667571515e-07
2.183416218729906017e-07
2.232860986260436030e-07
2.233481001664827786e-07
2.767667563819339265e-07
2.066313486239843809e-07
2.138051149600797025e-07
2.213296654214408588e-07
2.466410104748625534e-07
