4.707912976232539763e-04
3.115622155372490556e-04
3.265454579222947808e-04
3.960684312617973406e-04
3.807196288515682695e-04
2.420153039884401257e-04
4.245797506196355821e-04
3.403891021937146687e-04
5.363215943515695647e-04
2.942383422894784967e-04
3.649795547991615575e-04
3.914536633336325911e-04
3.578414060715438675e-04
3.613473060420922030e-04
3.610059944917447228e-04
3.509195243838142495e-04
3.659468820623911411e-04
2.915179440686155267e-04
4.457671587174835085e-04
3.058432184380126110e-04
3.188396454220475819e-04
3.516891929452970822e-04
4.181614851016645230e-04
3.896896104286151283e-04
3.866121722623747656e-04
3.612560148166828861e-04
4.561074889010583388e-04
5.643645476124710273e-04
3.333149398025182786e-04
2.577900162485587425e-04
3.999616027403440736e-04
4.353698874528867430e-04
4.131419695952814040e-04
4.099131199326775353e-04
2.364054523436418974e-04
3.126202732940169728e-04
3.442290085645496639e-04
4.940768213193051867e-04
4.737124225808040561e-04
3.869483090273425296e-04
3.464949190683317272e-04
3.018253838754282213e-04
4.919586379758719144e-04
3.942417167387655963e-04
2.977898128253528330e-04
3.993505550970276731e-04
3.901209046745752551e-04
3.618693060435813880e-04
2.350848776444489649e-04
3.898467713793928773e-04
2.785103674461248389e-04
3.595523323711514508e-04
3.655089795861013739e-04
4.242905601457714736e-04
3.367709276104652902e-04
3.540995490786033573e-04
3.307254726067077044e-04
4.705012485645593029e-04
3.572296468974568034e-04
3.096390039942236339e-04
3.104558513675575158e-04
3.732271907770886351e-04
3.785370451997977057e-04
5.108293262281603415e-04
3.197068830653958769e-04
2.609285283552538687e-04
2.788947841461403981e-04
3.626806481005472320e-04
3.484600263818550146e-04
4.057802427571379129e-04
4.014690732971565399e-04
3.479497179295049200e-04
2.898459192772145725e-04
5.225781686981842162e-04
4.507383781734723618e-04
4.986568302106967297e-04
2.954444734299542692e-04
4.014563661562540390e-04
2.584274789420207383e-04
2.593688232425598976e-04
3.959497572379405781e-04
4.562157162118730611e-04
4.029520961647669458e-04
3.721847627948126247e-04
3.302892867363310713e-04
3.378552744976566166e-04
3.628738761215048194e-04
4.319240027384883981e-04
4.640270662287384164e-04
3.063814851132211792e-04
3.543904129358968480e-04
3.889445761622817386e-04
3.798453321339362592e-04
3.174034828356324346e-04
4.238447163761066452e-04
2.788023308767415649e-04
3.809956186313952090e-04
3.289178526873801447e-04
5.586329989741487239e-04
3.637393695764794136e-04
2.900363869845432323e-04
4.830300971783001445e-04
4.146448893742953295e-04
2.409748412935850629e-04
3.847031347952675783e-04
2.279125138716183352e-04
3.945038572532864104e-04
5.678154283440990657e-04
3.571334310046887371e-04
3.096183585788860959e-04
3.499684373584715765e-04
3.163003864210967714e-04
4.195290599759972329e-04
3.218106416006443144e-04
4.255380345136285450e-04
2.982094456083204969e-04
2.991652104666758794e-04
4.067992235212048065e-04
3.662726539671921997e-04
5.018357632275533779e-04
3.376435585798759765e-04
3.204179955521001006e-04
3.959876242873099864e-04
3.981552846543507892e-04
3.329454029374132170e-04
4.524933595693971444e-04
2.533444438145540287e-04
4.096819929739298704e-04
4.936533136895831370e-04
3.785793208983928007e-04
3.620767001905892324e-04
3.588084452008307476e-04
4.994368624143367963e-04
3.097902526269368396e-04
3.169164075063898378e-04
4.378462646095454113e-04
2.021387874924843165e-04
3.251777685466798631e-04
2.897224805503254594e-04
3.951644062713573083e-04
4.134753137465688806e-04
3.551207183815158425e-04
3.539031492734852585e-04
2.854199872145631619e-04
4.824852701780781516e-04
3.946749006384825441e-04
3.534295856531735201e-04
4.062236904061147010e-04
3.888674959518948295e-04
3.504215540352384885e-04
2.823347622413767584e-04
4.154174561691211507e-04
4.385411882486847353e-04
3.273692474445863486e-04
3.606065217914295861e-04
4.673457457718938708e-04
4.351184451028868570e-04
2.527616152094823172e-04
3.145198637178055852e-04
4.275639462769204816e-04
4.593591955425782277e-04
3.905113219215802290e-04
3.386860616214507698e-04
5.565660365536317412e-04
3.186482087687189354e-04
4.132580726802188376e-04
2.401077959827731939e-04
2.917466807401585872e-04
3.898671770302322291e-04
3.797639599861883913e-04
4.167430772463522363e-04
3.311623662214912005e-04
2.998552426774000611e-04
2.164511427416862738e-04
3.832780555981422184e-04
3.659012056977424955e-04
4.887899296558319154e-04
3.807532116415402357e-04
3.446802069456871356e-04
4.145253069405235684e-04
2.552915544279501570e-04
5.116549788355514083e-04
4.581748773890362563e-04
5.153344305651794263e-04
4.407433749247710304e-04
3.537044304334377941e-04
3.322163391312712207e-04
5.103498851341057695e-04
3.083889717314707772e-04
3.888931463450107269e-04
3.335604992147747140e-04
2.733626603769595802e-04
3.576525056424965389e-04
4.248795665952347827e-04
1.919066052418971161e-04
3.788149098294693552e-04
2.404607871108563495e-04
3.473348029345076516e-04
4.442626528475167791e-04
4.680356522048240565e-04
3.201119094278381968e-04
2.677888154672894297e-04
4.249110526945204980e-04
4.839698072501276383e-04
3.084568793111080055e-04
3.174879981030734755e-04
2.971182405397762181e-04
3.861266638660866514e-04
3.261356291693916828e-04
4.072322310636623376e-04
3.152438023656197906e-04
4.070357502104529320e-04
2.868887536341100416e-04
4.716937251027414932e-04
3.553981768780880104e-04
4.039366500845268759e-04
2.679027664058259393e-04
3.478827502252359802e-04
4.342868027409634187e-04
3.610829083694005689e-04
3.537984153345588492e-04
3.346066063131128226e-04
5.191419431405439435e-04
3.199280379397788452e-04
2.597818167049462915e-04
3.153334030356615375e-04
3.694691023386499065e-04
3.491093719850383204e-04
4.466339162114512621e-04
3.139713481180198907e-04
3.825399239479357295e-04
2.959638814693066702e-04
3.830271972025606816e-04
4.175884183450494528e-04
3.829726838395200363e-04
3.042015119987410217e-04
3.601997815605273543e-04
3.507458952511478085e-04
4.092056025112572452e-04
2.992831742476590676e-04
2.905517964816263705e-04
3.313957271036630935e-04
3.878627912170802918e-04
2.927649198185601227e-04
3.562770456781487677e-04
2.938100395023540592e-04
3.747569513598186298e-04
3.171565474043729939e-04
4.004841890873583432e-04
3.790871587940830914e-04
4.276389204873663839e-04
3.030920582615670433e-04
3.595055289278699623e-04
4.092257840193373394e-04
3.419516282051164049e-04
3.780291007680137744e-04
3.756733415395129049e-04
2.907587977124932938e-04
2.740870542134459138e-04
4.529545473997992496e-04
3.070962229736176803e-04
3.742612894822830070e-04
3.545783344037974376e-04
3.161119480754101671e-04
3.029607659362617482e-04
2.965036046654233532e-04
3.809472338181459669e-04
3.568635285393827400e-04
5.104583748264403774e-04
3.192969749016215625e-04
3.357310433771279815e-04
3.228030056259978018e-04
3.914581415473569162e-04
2.341836978386401490e-04
3.584704675683234162e-04
3.118779739464839097e-04
4.303435733241646965e-04
4.631576264426346475e-04
3.203704432514145736e-04
3.145118423233447661e-04
3.657866395950993741e-04
3.850510613413821387e-04
3.134820770323977859e-04
4.467059040669913946e-04
3.629524045836582868e-04
4.695541740873862818e-04
4.176334917190419938e-04
2.898131139041889627e-04
3.104232429888077239e-04
3.614244133299372806e-04
3.441011647464074655e-04
4.152989745780561489e-04
3.392092242577362258e-04
2.927957145623993679e-04
2.816697653893529877e-04
3.144687959877414166e-04
3.827087253403489773e-04
4.010946728153779069e-04
2.231553678998403670e-04
3.698038998326848553e-04
2.972034177455696430e-04
3.064124012035062284e-04
3.249603434669281901e-04
3.533942153936748317e-04
3.614351672581186080e-04
2.563779994232333694e-04
2.649933401827504471e-04
4.480345776390851509e-04
3.551737813634271625e-04
3.778574239310725897e-04
3.502970295487787991e-04
3.211530637931590891e-04
3.513747835548367915e-04
2.965767891387988500e-04
2.801882549235857754e-04
3.654462139785736945e-04
3.499952231226879950e-04
4.453630250261718881e-04
3.701239177430836022e-04
3.039707151919802692e-04
2.689667737101959408e-04
4.392635896065040404e-04
5.697242999884735920e-04
4.371665068883251047e-04
4.979107285102843871e-04
3.376732234874532928e-04
3.245845475207879255e-04
4.461069830359221827e-04
3.672498200827050254e-04
4.413450861257976797e-04
3.069162413802245786e-04
3.261023746010661929e-04
4.886663501825481200e-04
4.549619362106276685e-04
2.851184006815869255e-04
3.007482313006431228e-04
4.003297325051830783e-04
3.859354068677107031e-04
3.580537569262347937e-04
2.886135306802094214e-04
3.208633659802050250e-04
4.215637201534054037e-04
5.255210003785048840e-04
3.859118930618244282e-04
3.686418031017991027e-04
3.863182898858083070e-04
3.378198474056752520e-04
4.076191539407941007e-04
2.978812209975360836e-04
3.909877496881849872e-04
1.867468993726359666e-04
3.131204850944122411e-04
2.862724291483965196e-04
4.941980971938975164e-04
3.045692416735462779e-04
4.749424427625232670e-04
2.014858793090037558e-04
4.420208436934799337e-04
6.545123263809995897e-04
3.656160247817674897e-04
4.949401755874110673e-04
2.926215495500264865e-04
3.169171132687220943e-04
3.397494576760147923e-04
4.084890849032710440e-04
3.882380715931975758e-04
2.947552086153991044e-04
3.369788012548462024e-04
4.182956312094974365e-04
2.000372260410036461e-04
3.675704166806860007e-04
3.821893269943956546e-04
3.536878240714775505e-04
4.271713904014787298e-04
3.438711561556436879e-04
3.746216247700355690e-04
3.477220860618971537e-04
3.570175528225256046e-04
3.676745137665273855e-04
3.776103913268372657e-04
4.114225783645978512e-04
3.380290051204362461e-04
3.108740168682492481e-04
5.670525264675236200e-04
3.065177699393184301e-04
3.502095720677553974e-04
4.865375529619678750e-04
4.270214336530835791e-04
3.726877915207788970e-04
3.217427741318121173e-04
3.865564172474434952e-04
2.427111935923386397e-04
3.164040942719190488e-04
3.701069603857286088e-04
4.482339356374688989e-04
3.602218567655687343e-04
3.421661171752387264e-04
4.285858617033379064e-04
3.102466821082188906e-04
4.595875685169999321e-04
2.705459111775720526e-04
2.503809690636144805e-04
4.568228743037913231e-04
3.390887242355829939e-04
3.183355305849399101e-04
3.379058969157423039e-04
3.607134670166535668e-04
2.905652264787458123e-04
2.862589776215387449e-04
4.134872715290693369e-04
3.847366399137573429e-04
3.839185562051084118e-04
3.320512574479237474e-04
3.770108335364224985e-04
3.271704665651110899e-04
3.327755011065248710e-04
4.731470959173202442e-04
3.517646902295826520e-04
3.553902931410904734e-04
3.155686857053907005e-04
4.175291309807107405e-04
3.407292844643799046e-04
2.824908481748307585e-04
4.324148533283538845e-04
3.151133117158498045e-04
3.747961252845551311e-04
3.845212924717322442e-04
3.268110908911194316e-04
6.498418672166370036e-04
4.589209391449368706e-04
4.155347742094903638e-04
2.671033412628726501e-04
2.736296435826405279e-04
3.384657527542000977e-04
3.513860746275557353e-04
4.033017489045948663e-04
3.581905455363072473e-04
3.224964218851385017e-04
2.774834997529344286e-04
3.265425744834373075e-04
4.389354072680997222e-04
3.179472335644181963e-04
3.822278670473569376e-04
3.076103541448258144e-04
3.842707901251757145e-04
3.047032673531642651e-04
3.299509406221357607e-04
4.144648718293039214e-04
3.122680972376293382e-04
4.552545221530262089e-04
2.970521838272194119e-04
3.096520859447568952e-04
3.522273660660757140e-04
3.368933680987441412e-04
5.247699830448585316e-04
3.592775499491907562e-04
3.370631428937245441e-04
2.263048277005615257e-04
2.445272820192031550e-04
2.794165794431110561e-04
3.333328386682867135e-04
2.761229198274777049e-04
3.286268162138591357e-04
3.290875627825841409e-04
3.304437719990309798e-04
4.533381200034448597e-04
3.438527417782319515e-04
3.571486534008144688e-04
4.191502102457725300e-04
3.025791604141782830e-04
3.735312742236862648e-04
3.347608663643654209e-04
3.242267912253345413e-04
3.803256731380373233e-04
3.672035619074843289e-04
3.984310463330070187e-04
4.817840485856583039e-04
2.578812118592546470e-04
3.653285656042483290e-04
4.178256188881527265e-04
4.349547173643370781e-04
4.047789083770434045e-04
3.833366285575959633e-04
2.936481846630812449e-04
2.570294678244328199e-04
4.232896298663404327e-04
4.705680759391911178e-04
4.885145644518722923e-04
3.424378800244985460e-04
2.359130421079200452e-04
3.173520227353638506e-04
4.003767359206646071e-04
4.348628405475115830e-04
5.273901653417434202e-04
4.911114399692213415e-04
3.119718907375039637e-04
3.819904328541345005e-04
4.262274152190626887e-04
3.804499676836582906e-04
3.612193201843616345e-04
3.222195516622970604e-04
3.858312302222452928e-04
3.187721664341138222e-04
3.641103269702910747e-04
3.354271202819853392e-04
4.289925834207808722e-04
4.179958191710595968e-04
3.978672059423757194e-04
3.251421008805477830e-04
3.574369812250659186e-04
3.588020010567032525e-04
3.681695549906686070e-04
4.093721851267149254e-04
2.657792817913890012e-04
4.035040933160637024e-04
4.472315229161454172e-04
3.176391598975070586e-04
3.542028554703564674e-04
3.825801824256458102e-04
3.303445274528576969e-04
3.435575094796635667e-04
4.038793763582883929e-04
4.283121452602972547e-04
2.494485418543593833e-04
3.576216373442570387e-04
3.181365683686851291e-04
4.305352617933033547e-04
3.004676476730427557e-04
3.607908348331909597e-04
3.946056619824635497e-04
4.404625752894307023e-04
2.913071167091073658e-04
4.905683183857194101e-04
2.864548072073771177e-04
4.066222128966045721e-04
3.884377499477262015e-04
3.737832778128030720e-04
3.668051767832009209e-04
3.654135665898128609e-04
3.109964324399095803e-04
4.388352197310120269e-04
2.881803320918501356e-04
2.917780036875714314e-04
3.072175225745570146e-04
5.088115130921537976e-04
4.828288223478713640e-04
4.177210759886236177e-04
3.717774624055047300e-04
3.068083145398430044e-04
3.463474952498159795e-04
4.050928241863987252e-04
4.307289925938996653e-04
4.778681974310674250e-04
2.953561913036007098e-04
2.671392547292996702e-04
3.901575426851690179e-04
3.349189396465704805e-04
4.505320655898971904e-04
4.125451981445620118e-04
3.254919179578248428e-04
3.025039993344782064e-04
4.638733193690686347e-04
3.785448988553151298e-04
2.881485774226079442e-04
3.939460756829880872e-04
4.531273000897260181e-04
3.715584514881236570e-04
3.343234545478257881e-04
2.172307562424327491e-04
3.686012320165898905e-04
2.758611260016026186e-04
4.777967595711667646e-04
3.564474593662596822e-04
4.312918880727765461e-04
3.671815125021599666e-04
4.568537567568007360e-04
3.666453916358655262e-04
3.095500599869275508e-04
3.821020572978736890e-04
4.238059131896049605e-04
3.706074655992594620e-04
4.143423446749628855e-04
4.179787006871840574e-04
4.714469044318149622e-04
3.265076864799191028e-04
3.398480078098021920e-04
3.041159787601682208e-04
4.040110643171109005e-04
2.883145837002520505e-04
4.496961171622205979e-04
2.389360058454314292e-04
3.411832878356996137e-04
2.966787516804040995e-04
3.326498184017169122e-04
4.218342862548525043e-04
4.316921779650419134e-04
4.681538031997587801e-04
3.268559224351852833e-04
2.806957068675544750e-04
3.121265354211033680e-04
3.955033201101986135e-04
4.330921341437176655e-04
3.254039068128741275e-04
3.091606493171119609e-04
4.908094030716980173e-04
3.082049682929320199e-04
2.800569964194886299e-04
2.481658696624321897e-04
3.435413778820028117e-04
2.816527765138779576e-04
3.905357833901976694e-04
3.142400222087844263e-04
3.315010569411531776e-04
3.264039930875572417e-04
3.286913383657058844e-04
2.780786932994326372e-04
4.043308292264283536e-04
3.169214622483733238e-04
2.824980520186487249e-04
3.172121014810848046e-04
2.895764035404356528e-04
3.301606896774836038e-04
3.935496825203242026e-04
4.439130749630853167e-04
3.365498375210834161e-04
3.727212109808292814e-04
3.587137037730657907e-04
3.490075982454834535e-04
4.256276545924105319e-04
3.436882572845151784e-04
2.574640833139041156e-04
2.824446005582849275e-04
3.985316165929490991e-04
5.495274138668348584e-04
2.960704324522822660e-04
3.073821692889217266e-04
3.707225262093327050e-04
3.534224018757757047e-04
4.562421650901088335e-04
3.359678756296852458e-04
4.383328901950114993e-04
4.255047397646799577e-04
3.373201360623670508e-04
3.483909873453942623e-04
4.371296083278791407e-04
3.609846270995874392e-04
3.641683591912966609e-04
3.580126621785584056e-04
3.990270504339209147e-04
3.868323153188069118e-04
3.019891029367552686e-04
4.645445366982080141e-04
2.867372580059938643e-04
3.763524171135598827e-04
4.260027797881591523e-04
3.532639621978340321e-04
3.858885763752479604e-04
2.842303892814056210e-04
4.019663806079105516e-04
5.497897158354015518e-04
3.741674983950223120e-04
2.578410047904863942e-04
2.483605429082206455e-04
3.414040707763576067e-04
3.696510710480430204e-04
3.393789916535708251e-04
4.502867796114307965e-04
3.529667191656217159e-04
3.615838584351945212e-04
2.881418298443349634e-04
3.408406639272147155e-04
3.470529535715427289e-04
4.174827349276265666e-04
3.247671645156301797e-04
3.317504207024036460e-04
2.684962287019788084e-04
3.128862297011922159e-04
3.673447562517835521e-04
3.260730500054225120e-04
3.113892230324666506e-04
3.699060014878973487e-04
3.242379265663320755e-04
2.900331279989851424e-04
3.144797747144991991e-04
4.423555934072328729e-04
3.557103352625643681e-04
3.858406125838395899e-04
3.327843714277451456e-04
3.400101198784213907e-04
3.531015510207170978e-04
4.872574019837494020e-04
3.218553656807901335e-04
3.500647005023552606e-04
3.869626361610109403e-04
2.116083137193745995e-04
4.166331157231387204e-04
3.150521490005548601e-04
4.563985516859931160e-04
3.551192006943579282e-04
3.715212816637163671e-04
3.896942161930135235e-04
3.731487013946035969e-04
2.487759014201597232e-04
4.153093805059677622e-04
3.133751851718381636e-04
4.783279731330515876e-04
3.298416291494703028e-04
3.676939973607186354e-04
3.918035663497849161e-04
2.522441716356386911e-04
3.757457056734064024e-04
3.760942628554665539e-04
3.713310896577616559e-04
4.152616146060918710e-04
3.594457114992513462e-04
2.873491068792040034e-04
3.034175351176009454e-04
3.171036442065749148e-04
4.550812050154325571e-04
5.277921881391404611e-04
4.384627547689738062e-04
3.219897672895523800e-04
3.525044248307448135e-04
2.894220028098513724e-04
3.787738669263106869e-04
4.223200342881916524e-04
3.191822960723642651e-04
4.978929863531893337e-04
3.547136917311306988e-04
4.368597084912039094e-04
4.099666610711127251e-04
4.279242716015771030e-04
4.074307120874753234e-04
5.023216328574743421e-04
3.664407462356106802e-04
2.996850460999135471e-04
4.222113033453037644e-04
3.641237633576184323e-04
3.314362007429289014e-04
3.740865814843187943e-04
3.449188569488354536e-04
3.656285052932150420e-04
3.014598674222287327e-04
3.193036224410664647e-04
2.839930099245489923e-04
3.917679826607156071e-04
3.599073954630222687e-04
5.135435868765806300e-04
3.314319120438676534e-04
3.715588502035361770e-04
3.141909677777771320e-04
3.803133553452645683e-04
3.302084823414453427e-04
4.227678444430911357e-04
4.048452006819017374e-04
3.696571964911701379e-04
3.241129129637202919e-04
2.649328936426088637e-04
3.059364690227528525e-04
2.871052356296103971e-04
3.709928149632276545e-04
3.773300220618133619e-04
2.463059877175652833e-04
3.178938312000050112e-04
3.362439577513233577e-04
2.634735321262741590e-04
3.020647929220902374e-04
3.942265508289661689e-04
2.497733370824039905e-04
4.552429896554096678e-04
3.878336954865685892e-04
3.109622256631288306e-04
3.619063166050465424e-04
3.559484949869220300e-04
5.471889916002316062e-04
3.609389756744843395e-04
3.287497706481155597e-04
2.454623550499852912e-04
3.453168884911201665e-04
3.928800235530348676e-04
3.920216046365783739e-04
3.700356356716749152e-04
3.065340640373061276e-04
3.182347131681240323e-04
3.737892416902246053e-04
4.001322848614015945e-04
4.132563965109218901e-04
2.441284066220144656e-04
4.081919564023388041e-04
3.781987050967478069e-04
2.794149534796229657e-04
3.267066786153618335e-04
3.944459400857149435e-04
2.169336491953749392e-04
3.703943234508495102e-04
4.043292989070925835e-04
2.918711573845837975e-04
2.468276251274322680e-04
3.927870155639798656e-04
3.445900139501300381e-04
4.727781202735404005e-04
3.297911192877958013e-04
4.316676383138286048e-04
4.380764250140781017e-04
2.914632592548507665e-04
3.263798859951633170e-04
3.161321865546843539e-04
2.339591709104072467e-04
3.065382624885817312e-04
4.373699476989476444e-04
4.710587352377214017e-04
2.510401279983805124e-04
3.423636749440271427e-04
3.007040430054661040e-04
2.985600661254146746e-04
3.584944236640320793e-04
4.350667931181213745e-04
2.448404600180519920e-04
4.795965417377159325e-04
3.224882551696190564e-04
4.020195026691611114e-04
4.491471823577078740e-04
3.425465114977741996e-04
4.112296499724338826e-04
2.846894754432723420e-04
3.153722406039212965e-04
4.354356477581264556e-04
3.266145062737293471e-04
3.707591442252365904e-04
3.997901301650690640e-04
3.896538617026823036e-04
3.590018468964877398e-04
3.428724599942956715e-04
3.806970149817222337e-04
2.702316740772114294e-04
3.015817702095839213e-04
4.041442171624701337e-04
5.821754387443406516e-04
4.230375223205513620e-04
3.598959543501570563e-04
4.755826890628867746e-04
3.714659844286140062e-04
3.540480242783032539e-04
3.097152911914009734e-04
3.236734199271157743e-04
2.258931332149751706e-04
4.223327385638565379e-04
3.612969112779619357e-04
3.090872573908993288e-04
3.022304281704316846e-04
2.663805549110589239e-04
3.820133561148164581e-04
2.344200856018963618e-04
3.917460434958593119e-04
4.106711167700487480e-04
3.003673701910664464e-04
3.551513656400898762e-04
3.449989923887744072e-04
4.406205678105754877e-04
3.617165500631727357e-04
3.467839085127069360e-04
2.788513135154375598e-04
3.759928027189529546e-04
2.773014063727162189e-04
3.586754751354718509e-04
3.414900881945085657e-04
3.055152693930835968e-04
4.019908630020836053e-04
3.855594474478823475e-04
3.916833464835546672e-04
3.006558797505226891e-04
3.037508416944885046e-04
4.889330522033740996e-04
3.277496833586997140e-04
3.957208883837868489e-04
2.163129335716351708e-04
4.019996221747453697e-04
4.452984972483763223e-04
2.474096856545407149e-04
3.474104451295589543e-04
3.161026132498624209e-04
3.729114769571502288e-04
3.957750886543870655e-04
4.377885165218302344e-04
3.028504770187636979e-04
4.842396532952587341e-04
2.982399719420983125e-04
3.355185402972485462e-04
4.160576643964776175e-04
3.302953679735076025e-04
4.216534386893557528e-04
3.064972579711551016e-04
2.847349938325735032e-04
4.896298445829746267e-04
3.903593842131035602e-04
3.112507015765704965e-04
3.491958699728399764e-04
3.821667560068490554e-04
3.578044695677612798e-04
3.638114112108463156e-04
3.388674960965538312e-04
3.479435098026275480e-04
2.450004794998892222e-04
3.254675604755439796e-04
4.031708520669696652e-04
3.523290198495383210e-04
4.710460869826828051e-04
4.465192658766581855e-04
3.436074585704713687e-04
5.296497147847760564e-04
3.203624165820443391e-04
3.230471076727330060e-04
3.538145391844307029e-04
4.425339742097336086e-04
4.137080755299423710e-04
3.346436308426808015e-04
3.101615843870584254e-04
3.395110337654477632e-04
4.544436233021845097e-04
2.948998848886445062e-04
5.104744583551680754e-04
3.446550526837067617e-04
2.693001373901479645e-04
3.409671870825992665e-04
4.405554065305740960e-04
3.828866569404865269e-04
3.296789779259561666e-04
2.565190717515122040e-04
4.331264642163534947e-04
3.556277282442176033e-04
3.677648323522365848e-04
4.719487358756019649e-04
3.844798800190057085e-04
3.457265055097974091e-04
4.008662591429781202e-04
3.124890997071768099e-04
3.644376162785484372e-04
3.432784138945171588e-04
2.774973501030214194e-04
3.283377427029263379e-04
4.008905155635232348e-04
3.110634532084396759e-04
4.889918978863613255e-04
3.821209155245744536e-04
2.685668945468095955e-04
3.731365470873750632e-04
3.610115992465277824e-04
2.909375573170925504e-04
2.783825404053548837e-04
3.998429010908839004e-04
3.325073800895656764e-04
4.027608529902448973e-04
3.621913311221005931e-04
3.427165325827333567e-04
2.778253993516351388e-04
4.453473895394009156e-04
3.246426022547815133e-04
3.265448337142154043e-04
2.866258876857384337e-04
3.044061080886928481e-04
4.398748223148078100e-04
2.581968183294734991e-04
4.530523620562587920e-04
3.302165148092324454e-04
3.920485610177921565e-04
3.735229131795285689e-04
4.499895309470689484e-04
3.142501227707681830e-04
3.311306665458231568e-04
3.118670578102632099e-04
4.079783199582875963e-04
3.735715635857515316e-04
3.320551091963089957e-04
3.955466080197205469e-04
2.531567083621097869e-04
3.144247262230630193e-04
3.582739702748777397e-04
5.170185097660468139e-04
3.752990485196935791e-04
4.118257869679905515e-04
3.180559342420641658e-04
3.497405812512837807e-04
4.516562360213386361e-04
3.133444949363492428e-04
4.217640392032938595e-04
4.217069248723046546e-04
2.100423536885526405e-04
3.302956448105283578e-04
3.578613982455690172e-04
3.364794535147972105e-04
2.472203394115456165e-04
3.836863247854072263e-04
4.258854937148730539e-04
2.940764439669448535e-04
2.506352231335272547e-04
3.829035806626204471e-04
3.121941747430593910e-04
2.897495807482398694e-04
4.110560999142594588e-04
3.993659903985467526e-04
3.629107330739730864e-04
3.443268376422861502e-04
3.330453018554894095e-04
3.389196587702515370e-04
3.802446706169426336e-04
3.140985782868175886e-04
3.597213552254820254e-04
4.642786159742256624e-04
4.355815514289811878e-04
3.387533917146432123e-04
3.074278518139109476e-04
2.668516557107306910e-04
2.736188645997100180e-04
2.504122024298885939e-04
5.154815536910760951e-04
4.535503938896679995e-04
3.581824537856406494e-04
3.053348448012510228e-04
2.773816379255857208e-04
2.911179381028047722e-04
4.030070459840471219e-04
2.999843707420352633e-04
2.631090854119594920e-04
4.311864526926378937e-04
3.560383302106170239e-04
2.785852965450497771e-04
3.064614281045964289e-04
3.599226390025867255e-04
3.901135448984417264e-04
3.195553849696037337e-04
4.284272155496629672e-04
3.922056289678013609e-04
4.104677377925081572e-04
3.776202434233056618e-04
3.713935620113853193e-04
2.973515702281491024e-04
4.289752672240754465e-04
3.296098655778521456e-04
3.165817961898899748e-04
6.488417710568202164e-04
2.862988643985740289e-04
4.503598253851132322e-04
4.063368460795363816e-04
3.551646922933185814e-04
3.189427593488761603e-04
3.487565183362366502e-04
4.177123869730492412e-04
4.504039568399216846e-04
4.595307292456087640e-04
3.146860894116303912e-04
4.392139447763078984e-04
4.991732987570504567e-04
4.386169513323758483e-04
3.644694911704329083e-04
3.811151955022810435e-04
5.655553331005348143e-04
3.699593405236556594e-04
3.747435859338283932e-04
3.151129088717824012e-04
3.694131784073130336e-04
4.365850616415027966e-04
3.694718516160094422e-04
2.653862183499319902e-04
2.779507606481425156e-04
3.421076580428337338e-04
4.026922293181225011e-04
3.302755193124230250e-04
4.393057000155891375e-04
4.064867405612694368e-04
3.009714423960690804e-04
3.661500064295669307e-04
3.252031750756788180e-04
4.296890438042736565e-04
3.541361065700930405e-04
3.119578315999656693e-04
3.445395450334980863e-04
4.154266556392090920e-04
4.203520203473171775e-04
3.330868285364739284e-04
3.222473403046823351e-04
4.056265121589757339e-04
3.501689998232183432e-04
3.280039964750691229e-04
3.083329599089916235e-04
3.236008143619169904e-04
3.899607282456135659e-04
3.811937328614191140e-04
4.826185044687289765e-04
3.016125985428619598e-04
3.146167367837014706e-04
2.436741048692149406e-04
2.920462002582089570e-04
3.028436277467803526e-04
3.554864633593786080e-04
5.621631442248979389e-04
3.304570141823157873e-04
3.328713681312768101e-04
3.457718804017658474e-04
3.981861902501006929e-04
4.029447909746260441e-04
3.378625731149887605e-04
4.626423574562131004e-04
3.159851014935765819e-04
2.214316201667932598e-04
4.188975995147676884e-04
3.749976764861847928e-04
3.621625784630501041e-04
3.729803307502940930e-04
4.597996691813933424e-04
3.821933732658055441e-04
3.209485860455428682e-04
3.331861983879926296e-04
4.257711604467361109e-04
3.836538428227143646e-04
2.903571348213952437e-04
2.636907549379018155e-04
2.590079028004278489e-04
5.166842290293130946e-04
3.545920835975804463e-04
3.118562492548450664e-04
2.131581757055502286e-04
3.935623246878304656e-04
3.264200288947233740e-04
4.379753410027356587e-04
3.674352537351181433e-04
4.116418358353102777e-04
3.474631074288212136e-04
3.666135055363415295e-04
3.787689555284996161e-04
3.302442295685611463e-04
2.426270188988556857e-04
3.665467342632156423e-04
3.399642636577684691e-04
2.838607606698790643e-04
4.104492214508321862e-04
3.863221239635901850e-04
3.600242359427694664e-04
2.959982893668052103e-04
3.280785590622494418e-04
3.611774831810147992e-04
3.271527462262983519e-04
4.541204706466691211e-04
3.719134065099041634e-04
2.142467173495109234e-04
3.629124266752606180e-04
3.555606055171010773e-04
5.195935899741473867e-04
2.723937898795296278e-04
3.402115315959435742e-04
3.985696134436633644e-04
3.392533815898397765e-04
2.507375910027579173e-04
3.177823293782788437e-04
3.605053027999754198e-04
5.218081139969650952e-04
3.790751608132988601e-04
3.226891456291097640e-04
3.561000205622461695e-04
3.191641852790517400e-04
3.860007168977838167e-04
2.973420412339848953e-04
3.574898919295176080e-04
2.383968935870745464e-04
3.458134224327265391e-04
3.342051058175861010e-04
2.841667326989265720e-04
3.305703737546397875e-04
3.828023634945268623e-04
3.563314290768624607e-04
4.219040530306933530e-04
2.813365490054915447e-04
3.464596450426477383e-04
3.248125235655931219e-04
3.191648625469084457e-04
3.927237677234498496e-04
4.156524828186240815e-04
4.191279052867403067e-04
3.595819272091421866e-04
5.162423242807139163e-04
3.308442481254805084e-04
3.492840910609213887e-04
4.751602021571672786e-04
3.934822183246931338e-04
3.449827724258710659e-04
4.184313338275822010e-04
3.491267292429045652e-04
2.572002911763768100e-04
4.496869970787959153e-04
4.003065713228561701e-04
4.661119030232045626e-04
2.941310456563972758e-04
2.930553299703283696e-04
4.049074471926946903e-04
3.456020201354614158e-04
2.873876055520773452e-04
3.172909019427359585e-04
3.503290914493955546e-04
4.323956449052464702e-04
2.719611206197993392e-04
3.718521428487261645e-04
4.046255617040286500e-04
2.919421263133738275e-04
3.587519810327622228e-04
3.643854915106555827e-04
2.949173841713375460e-04
2.659139357977519515e-04
3.686001064830296569e-04
4.082254912939470553e-04
5.305747167095310442e-04
3.723113043529164114e-04
3.118171134223361794e-04
2.676275863761622435e-04
3.732377291149479464e-04
4.017993157943249277e-04
3.791176790818161116e-04
4.671753594602899421e-04
2.505072619018511911e-04
3.405524108114930471e-04
3.688848812843114103e-04
3.280378023071293600e-04
3.774342994072351753e-04
4.497619072907454280e-04
3.162594526417343110e-04
3.590884261322100594e-04
4.131129852367352250e-04
3.758212920983176257e-04
2.685069779624384687e-04
3.403892543329429133e-04
3.983036889325396765e-04
3.093378026460769591e-04
2.894324694650328238e-04
3.179522474365213940e-04
3.985726807071817345e-04
4.620328018130071272e-04
4.086329428659753182e-04
2.299156037788389071e-04
3.275034109530906064e-04
5.475709668724871746e-04
3.466450429183059794e-04
3.552220393886140423e-04
4.426255248961887814e-04
3.193143296433668152e-04
3.163885525858291118e-04
3.306740479592979766e-04
4.003713888591962596e-04
2.939352913583764414e-04
3.114015855713399479e-04
3.437591047912564148e-04
4.952160558883402170e-04
3.126719925896918515e-04
3.667808218306183509e-04
4.561276796349181869e-04
3.136809317111065331e-04
3.215697779218592103e-04
3.929510576328007119e-04
5.196006321258781705e-04
3.992929090719333292e-04
2.376501912259491411e-04
4.121831309248923949e-04
3.945874062661228025e-04
5.463589851563352418e-04
2.519160257513401117e-04
4.402405437964364288e-04
3.811408892981901818e-04
3.203123825108964437e-04
3.346285171486615222e-04
4.226706504321120234e-04
4.812740162415268005e-04
4.049456957585706365e-04
2.866070255745923321e-04
3.361778962794998945e-04
3.760384561230099474e-04
4.913365229100197414e-04
4.013345662160814980e-04
4.953079475689075141e-04
3.318382044285518215e-04
2.903658148803775875e-04
4.428156419026762981e-04
4.104557747724650965e-04
4.117954006152029682e-04
4.045341953274398912e-04
3.782442843417026549e-04
3.277334754446299290e-04
2.839958431642157955e-04
3.179829499901297668e-04
3.059754803347852358e-04
4.537203469344299822e-04
3.526156849097312768e-04
3.555476925299311361e-04
3.890272030648273915e-04
3.700938074671844742e-04
3.377783939542716610e-04
2.918003107499960390e-04
2.296120201611986076e-04
4.397151791912486726e-04
3.835507879962117106e-04
3.044272590440676271e-04
3.966030430018927747e-04
2.939799185645099221e-04
3.731973020905744775e-04
3.227668369270752157e-04
3.796265725655183134e-04
4.852149011980388081e-04
3.317437449505635958e-04
3.524025967141623263e-04
2.723566237573572541e-04
3.823418600777688968e-04
3.429194909360300703e-04
2.413232036303254854e-04
4.267280273231402487e-04
3.672566175970614862e-04
3.010820296822124052e-04
2.975707123471882745e-04
3.588083377464130965e-04
3.518099979115276821e-04
5.169403462112398193e-04
2.981792664932163620e-04
2.887126014192089728e-04
3.456053769556214706e-04
2.893408379761355483e-04
3.188876412849816718e-04
2.115073832954268848e-04
3.567662839868986188e-04
3.448588219909523795e-04
4.425679802840008846e-04
3.541194032869046464e-04
4.109959523696400641e-04
4.285035504528047026e-04
3.869085294098610996e-04
2.938592249938401209e-04
4.270588089501472823e-04
4.246157368110070498e-04
2.720995489155285212e-04
3.512517809444508864e-04
3.703173884744363742e-04
4.466775029849842085e-04
3.263629957387669022e-04
2.867396474050662902e-04
3.052783603268533429e-04
3.505886731635470791e-04
4.436209348410497162e-04
4.542212965500731672e-04
3.625553552158525825e-04
4.577176453307567230e-04
3.184018968395050070e-04
4.184198077885437983e-04
4.455540860525846240e-04
3.766393953751062543e-04
3.897971095589981535e-04
5.207324423295609872e-04
3.009875969310110331e-04
4.097951181275119115e-04
4.083233758538478688e-04
4.323499213002530506e-04
4.309365870777442020e-04
2.730727486587580517e-04
3.583443838562395695e-04
2.450520377360857383e-04
3.438331888296674373e-04
3.428318362341125389e-04
3.802674659913543869e-04
4.656220969082233165e-04
3.528498095831822542e-04
4.190340777670255529e-04
4.094741526743947229e-04
3.465544179335342456e-04
2.769020918579301023e-04
4.310830872842176336e-04
3.762613470977162048e-04
4.057672912881346377e-04
3.412183881003676643e-04
4.209904865238730479e-04
2.935865188667915776e-04
4.869743747011235258e-04
2.681578017452412020e-04
4.926364113262124205e-04
3.597409956327885026e-04
2.837037896329982069e-04
4.719597342556634714e-04
3.850923667832894691e-04
3.171785197097716285e-04
3.578611275440717206e-04
4.352222694632650979e-04
3.851505527558526563e-04
3.560661958143277947e-04
2.436195548923599386e-04
3.178270047839805218e-04
3.939931456763555071e-04
3.409139809466679499e-04
4.641544672935474323e-04
3.469374545721378681e-04
4.426475469279970380e-04
3.747577525320966722e-04
3.735632511853711557e-04
5.024288785708521049e-04
3.382476553802031939e-04
3.154646039185161075e-04
5.001530861836410956e-04
2.972000548753427280e-04
3.624805570045766165e-04
2.573846291573097340e-04
4.670667651533392650e-04
3.693769272199747184e-04
3.426650042716622067e-04
2.507782400471762047e-04
4.614629788989956568e-04
3.624073494048033503e-04
3.995298542771375037e-04
2.673684226531130616e-04
3.680805604889379355e-04
3.918370206241812053e-04
3.085960204878973059e-04
3.405158337968661338e-04
3.373165589743459705e-04
3.175958102802643236e-04
3.236249328109536464e-04
2.785271425804303029e-04
4.537248112510217308e-04
2.777629149727351928e-04
4.365636736255248279e-04
5.062640423665931743e-04
4.177729818938084590e-04
3.261339291566447344e-04
2.873363209817357262e-04
3.213995825661323147e-04
3.275209171034504005e-04
2.029576677445180197e-04
4.697786171615309873e-04
4.557436182190220263e-04
3.108006002484144689e-04
2.992126224003728119e-04
3.484692315796239807e-04
3.123034239222927176e-04
4.706847355047665969e-04
4.086891519563042594e-04
4.798355399093106352e-04
2.729859919730072111e-04
3.394217591884232969e-04
2.631292564144765327e-04
3.822425369417601824e-04
4.019665424948615532e-04
2.997233739842716685e-04
3.699926113507893055e-04
3.630339008795868769e-04
3.117014464170867849e-04
2.714473114360405493e-04
3.935401225920560301e-04
4.626395611552321313e-04
3.850244791640960746e-04
5.062752927590315763e-04
3.947477187550851602e-04
3.869941458742749956e-04
3.136525237285839231e-04
2.650168150690236928e-04
3.179089198745953791e-04
3.125904924329907741e-04
3.669448872162439017e-04
3.323519646630941865e-04
4.362627484472343426e-04
2.807660145335416895e-04
2.341432011063884029e-04
3.593061404072805747e-04
3.356501091946218775e-04
3.064374897659096928e-04
2.900499482981497637e-04
4.147914011285019084e-04
4.003844103255999346e-04
3.507277442452310409e-04
4.927539585289623285e-04
3.090567270581335234e-04
2.623400397749852384e-04
3.485328835781527856e-04
3.708040698920344572e-04
3.172183550081033427e-04
3.669436814775023587e-04
3.692503580923721103e-04
3.383568346773742526e-04
3.502439513506571344e-04
5.517575134561603437e-04
2.135673404025154303e-04
3.225650772581106882e-04
2.804059441693873230e-04
4.222429730041370329e-04
5.648580142150550279e-04
4.036457828313243972e-04
2.832865640268870965e-04
2.326041971385359348e-04
2.742961132765369585e-04
4.002798378371645225e-04
2.854731269042807130e-04
4.879787160870849424e-04
3.811814758921274848e-04
3.245506687308402898e-04
4.285275235204911710e-04
3.083037622832479770e-04
4.283054553502238081e-04
3.842946821119714836e-04
3.588640239793663153e-04
2.857569642631515509e-04
4.360561429070765674e-04
3.542514197174154796e-04
3.133158236772489022e-04
2.780207632377368712e-04
4.199011026678155776e-04
3.986886399069765438e-04
3.951779983167005481e-04
2.987680939307917841e-04
3.624804190022765994e-04
4.161717815042434367e-04
2.891232114117211539e-04
5.388898698149372770e-04
2.710767048089217607e-04
2.365326073431674213e-04
3.225305906430625254e-04
3.597227073138773725e-04
3.542352721975010831e-04
3.505129538664026202e-04
3.387126678632561999e-04
3.421860757724802700e-04
3.331476229664994586e-04
4.622004630273316046e-04
4.117881770029040416e-04
3.580900679697685213e-04
3.161906665036990673e-04
4.105276897698252906e-04
3.255755039704137264e-04
4.315112151524371897e-04
3.030221139111776503e-04
3.491231770332100972e-04
3.289808196989274253e-04
3.850465450281870239e-04
3.580621088242577394e-04
4.727155623824201634e-04
3.377183301104371761e-04
3.326103821886276985e-04
3.722926055141141427e-04
3.711148719730390463e-04
4.308719777629057852e-04
3.198379474081697186e-04
4.270639469382997325e-04
3.001877632951193754e-04
3.245962881767371598e-04
3.318583696024677513e-04
3.370430528582590347e-04
5.071184884911707777e-04
4.081119650739028007e-04
3.692829886733880779e-04
3.875691370407231590e-04
4.814370253717100822e-04
3.114694371445947017e-04
4.815831391025346127e-04
3.956226681772069651e-04
3.323210724622028558e-04
3.961854013587691524e-04
2.775138613207617949e-04
3.693785343148382099e-04
2.388202913936472694e-04
3.942937104032972107e-04
4.610472262606323739e-04
3.627537625276473082e-04
3.539279496682155141e-04
2.866699585918986511e-04
4.148107517709547810e-04
3.964070849359225407e-04
3.911391091767309528e-04
4.736670231721893092e-04
3.518185277378831771e-04
2.938489126875120294e-04
3.588311340547513969e-04
2.500672212757828290e-04
2.980880694078527930e-04
4.431576161389610990e-04
4.086088205980890203e-04
3.886431481519140078e-04
3.420384041123193664e-04
3.233351156072561969e-04
3.124972790159549936e-04
4.339691156781124120e-04
5.358374146039546291e-04
3.594593472947242986e-04
2.342854655734463699e-04
2.942601611235689326e-04
3.778099961767212461e-04
2.238431246650671061e-04
3.318756571316168382e-04
2.630401074386499115e-04
4.121980336308089798e-04
4.511997421977522599e-04
3.742126122919928384e-04
3.197938274529887426e-04
4.962604700351886094e-04
3.909680048353428479e-04
3.539786662122542185e-04
3.889614752886927395e-04
3.542609428670927913e-04
2.562902741594606511e-04
4.072190454620756785e-04
4.306619196163012295e-04
3.653238692055296808e-04
3.106706118115563106e-04
2.746904075727596818e-04
3.393421268665344401e-04
4.043519258338695898e-04
5.429354477817212397e-04
3.907908745750695006e-04
3.366074267910087819e-04
2.575818430799209249e-04
3.701191764909244936e-04
3.756985463877567013e-04
3.492196539899227684e-04
2.960299677355043152e-04
4.719962228312768395e-04
3.716944651162163164e-04
3.166929888336546977e-04
3.167637308851558534e-04
4.664827988738252159e-04
3.186625594117459227e-04
4.033307113893047527e-04
3.987746712189230679e-04
4.313317212408260899e-04
3.597741181960424596e-04
3.442200664515864287e-04
3.562749718849538743e-04
3.239234255581519722e-04
4.565997262469235715e-04
3.758408778063911126e-04
2.854066454243720809e-04
5.609224542997876158e-04
2.805896725500517624e-04
4.252755616564532493e-04
4.435805288491598904e-04
3.504424428403461701e-04
3.566765793248654758e-04
3.860515146027774310e-04
4.408097931940552650e-04
3.211698640863355791e-04
3.915521384521842142e-04
2.390860402413706818e-04
3.612789521767596182e-04
2.737714861732182931e-04
4.710765927369965980e-04
2.963563699726614003e-04
3.742197438406006217e-04
3.859335392707222948e-04
4.995788330986380152e-04
3.229965511771249191e-04
3.114447764904537176e-04
3.409548570549886942e-04
3.882598020547479859e-04
3.791643676349522427e-04
4.058241278571942290e-04
2.780340852305188517e-04
3.323486981149905632e-04
3.437126753846418540e-04
3.297577173637343539e-04
4.026223917365359998e-04
3.228644426856372971e-04
2.571861695969576938e-04
3.210626362623043959e-04
2.826733173284851530e-04
4.442769478716001252e-04
3.771449706002046390e-04
3.632281348062317691e-04
4.231339432564246985e-04
3.922042347748902306e-04
3.527593099825305448e-04
3.121927709323340117e-04
3.633993524432881312e-04
4.586085314704585144e-04
3.936027598350706801e-04
3.302125549013477739e-04
2.490486375530596942e-04
4.382945978622935688e-04
3.882032927415547891e-04
4.063544019402771696e-04
3.404812632858889758e-04
4.523268419816967316e-04
2.982540237746313192e-04
3.360803583586340483e-04
2.261418793115492346e-04
2.788940099931303635e-04
3.652288144466496553e-04
3.914556330812879936e-04
4.730122208979603820e-04
3.919928860485681990e-04
3.780785061330147931e-04
2.812722160727491026e-04
4.405343190440288471e-04
2.842544522708142303e-04
3.041991488808749194e-04
4.578808715771414870e-04
3.651653202449743965e-04
3.268035079627074004e-04
3.631135527301361608e-04
3.198787387394921074e-04
3.160551900246164124e-04
2.888541035394970270e-04
4.072612534884696516e-04
3.518667418149459456e-04
3.551991552671060828e-04
2.761902728981739988e-04
3.862417610942060005e-04
3.983919210477665940e-04
3.338393252046401808e-04
4.199183157654309741e-04
4.669327084476563141e-04
3.622037018046192621e-04
3.077659498021494654e-04
3.864827928307198080e-04
4.501100425762077895e-04
2.994058577273848694e-04
3.422478882635277323e-04
3.742620558229803416e-04
2.576378689219002119e-04
2.547900604072808129e-04
4.191441922469753213e-04
2.774511735880111091e-04
4.557077959013930424e-04
2.960975689380557869e-04
3.628183227778456789e-04
3.930315415121428098e-04
3.892489707399679260e-04
3.922408870709224939e-04
3.159428461645938965e-04
3.436619021863705206e-04
3.372700287772129545e-04
3.335393309577258441e-04
4.247550972672450614e-04
2.694350472371315219e-04
3.692225219225266780e-04
3.481263431285847162e-04
3.694326738126214719e-04
2.358133973056810578e-04
4.204351623017645121e-04
2.624150624131459954e-04
3.677466935708325062e-04
3.185810634997080057e-04
3.960772660504935892e-04
4.384075713737870211e-04
4.096405319297518341e-04
3.799311052940260668e-04
2.605607370949512770e-04
3.801433152996289578e-04
4.937761582603555823e-04
4.641112019853692555e-04
3.168306577923573546e-04
3.260321282971286971e-04
3.988470683921948191e-04
2.817330807652283211e-04
4.358840938905495671e-04
3.956502094594652294e-04
2.780591075157040648e-04
3.648205590448709633e-04
4.014606723203918725e-04
3.136645376759434928e-04
4.135181306379118182e-04
3.205037531299156678e-04
5.514031284479950848e-04
3.370370210821184106e-04
4.017625277267357982e-04
4.931291377670029121e-04
2.585092588128302450e-04
3.691994339979323865e-04
2.897793701093155281e-04
3.537918033792274023e-04
2.466245395057212685e-04
4.017511015716914292e-04
2.205979461152632304e-04
4.085372365445945624e-04
3.738324054396346594e-04
3.724067795691899481e-04
2.591120092672091063e-04
2.923654670704365233e-04
3.353073596447452660e-04
2.925588689491933616e-04
5.008374127635267705e-04
3.865936385784935403e-04
3.837729722796222624e-04
3.821538134588231810e-04
3.361266541145419505e-04
3.616074869781549131e-04
5.132173287535362781e-04
3.969007762958806575e-04
3.199613707588361841e-04
2.879269294635488589e-04
2.742623780439634273e-04
4.094604805773531943e-04
2.814458829132699064e-04
4.005591560128764304e-04
3.402067067044787520e-04
3.844324963111120895e-04
3.208149339195387039e-04
3.754341771573974323e-04
3.247712809631870265e-04
3.220011645011258109e-04
3.713851773468763973e-04
3.980383050929475145e-04
4.371860103395606946e-04
3.518448102248419992e-04
3.349725021430204194e-04
3.721891081530478073e-04
4.163932971552476562e-04
2.757056969085862363e-04
4.990910270271264231e-04
2.629785384522238638e-04
3.853603356370535337e-04
4.855433844236601779e-04
3.440888394055698356e-04
3.186650292050611523e-04
4.133635253170667352e-04
2.821156198338247204e-04
3.276763039764175487e-04
3.622550624323709256e-04
3.841149422310898248e-04
3.299721588185283066e-04
3.220547116840390698e-04
4.523611571869427437e-04
3.130639974265527902e-04
3.223770570367281442e-04
4.264877493830654463e-04
2.477581283155564718e-04
4.144878577776281740e-04
2.441684139361393366e-04
3.974495985720091469e-04
3.776030698180737498e-04
3.258607663375913399e-04
3.462687946786724208e-04
4.116749451757675165e-04
3.961097509096661107e-04
2.636976528881820143e-04
3.755070879884581754e-04
4.655645888778642402e-04
4.843038146852089981e-04
3.208740095637708004e-04
3.087572426090563781e-04
3.566881828474267315e-04
2.625268985951380372e-04
3.452524620745289698e-04
2.924955685358611684e-04
4.016479205494547910e-04
3.744571115676087448e-04
3.400452601232605791e-04
3.674410815801959756e-04
2.255987363518265228e-04
4.116423962913670588e-04
4.522385440851139199e-04
4.067951077094176084e-04
3.955241044580380476e-04
3.349659754281787694e-04
3.777733080500802663e-04
2.944711089216069566e-04
4.774918134496591664e-04
3.422911737433990552e-04
5.724572182465408055e-04
3.538702720916310170e-04
3.566444714041705098e-04
3.841031547399228118e-04
4.088596314831368555e-04
2.579980886976060146e-04
3.652568261419420208e-04
3.814879532890859230e-04
4.752506820166684334e-04
4.023627757885565718e-04
3.557340992270139409e-04
2.765804745891085837e-04
3.183373249560363886e-04
3.036503908111671006e-04
5.303154032080195516e-04
4.457537141144721584e-04
3.627392188302442332e-04
2.695755011691074957e-04
3.139130701458902641e-04
3.614995983018082053e-04
4.484410466367688263e-04
2.134035880457074816e-04
3.423800687693870338e-04
2.557464633454165060e-04
2.955533556675035809e-04
3.134772172806236630e-04
4.620987512668153383e-04
2.692095703488348014e-04
4.367245638177876931e-04
4.062601063627793458e-04
4.922554002439081481e-04
3.819902694171573867e-04
5.835262938719965172e-04
2.879945223869041001e-04
3.957217550940922077e-04
4.502922450516308201e-04
3.900819193051557844e-04
2.771117023568897401e-04
4.171653625127149908e-04
3.026804345476013483e-04
3.810331413769373066e-04
2.733844762534972479e-04
2.830857678163019981e-04
3.619509237071029287e-04
4.302183514295011748e-04
4.514010228634100417e-04
3.905485093455089143e-04
2.555762465718953145e-04
4.010205689318955516e-04
3.160268029032849407e-04
3.914706846685225513e-04
3.207589426036145004e-04
3.729080068581638050e-04
3.137129058129510756e-04
2.859941410280874554e-04
4.127789208130223323e-04
3.845899058531612128e-04
3.436724027663336299e-04
3.448645146078509172e-04
3.059358421572260802e-04
4.356436691683707152e-04
4.121127717093766999e-04
3.999466281798102346e-04
3.951065508634720737e-04
3.003767941406439634e-04
4.404262653263051985e-04
3.007512505901091906e-04
2.927431337673728150e-04
2.153462180223777880e-04
3.941998900564052310e-04
3.629621771195392353e-04
3.736862759640776797e-04
3.275635266095262843e-04
3.380277636400879260e-04
5.030812038028829392e-04
3.761638229793047637e-04
3.651710962862547032e-04
2.425184219170887481e-04
3.931304399273314329e-04
4.371657276865329855e-04
2.816864777431280029e-04
4.741850079068848510e-04
2.969056787518890893e-04
4.835273165148724515e-04
2.935457558283487839e-04
3.053563128427365879e-04
3.779499910043642732e-04
3.334782779455540587e-04
3.887004334776406251e-04
3.663854394354272245e-04
3.537783476489458857e-04
2.813582796643492403e-04
4.200111770726461789e-04
2.518286806722483851e-04
4.933750110604908463e-04
3.571344970916774447e-04
5.181397936152918986e-04
3.264711169812374125e-04
3.686457070436194717e-04
2.937636422671406752e-04
6.240212082828039755e-04
3.418730486646148433e-04
2.404890286115432367e-04
3.220824782878921582e-04
3.613574044387039656e-04
4.380441417834347200e-04
3.477505969152974328e-04
3.684277555520247549e-04
3.403419034004514241e-04
2.754652729976587869e-04
3.576415758967129268e-04
3.692506490304538419e-04
3.123820122975345102e-04
3.768037848736401920e-04
5.158176546878629615e-04
2.962289217262643751e-04
3.023601549974507994e-04
2.958926149053959349e-04
3.346061142177282535e-04
4.090750228310910852e-04
3.983321338373180666e-04
3.303445635864561973e-04
4.410087411216858885e-04
2.994048048342916823e-04
3.300180362815583347e-04
3.580316809415785969e-04
4.226045506855554052e-04
3.046057626020039536e-04
3.337179850937811547e-04
4.672796291400808759e-04
2.354951620370339177e-04
4.150418097019873700e-04
3.202334508305123076e-04
4.225816558387486500e-04
3.010200737616724846e-04
3.358476417161664908e-04
3.606844697277199413e-04
2.928198793783902453e-04
2.646025188425467920e-04
2.826651777612474315e-04
3.681631332244245667e-04
3.914605850513614652e-04
3.876453376340314029e-04
3.645115296290735965e-04
3.763718930362972199e-04
2.530546409028230611e-04
3.324752532568010462e-04
