6.087397201340621018e-07
6.147984387808438583e-07
4.835182233587424254e-07
7.026709067086726390e-07
5.495948173452330965e-07
5.449292608661336582e-07
5.168890963765372946e-07
6.711673591001390897e-07
6.536488326075020666e-07
5.818015875681961809e-07
5.452698613801253418e-07
5.453744119031376890e-07
6.958425931202128203e-07
5.965110935182804354e-07
6.141286001212649007e-07
5.697686875183987230e-07
4.894000883718416701e-07
5.010722000040901230e-07
6.256793602849631481e-07
5.854158240144041685e-07
5.315145962378178626e-07
5.052106870752248500e-07
6.020211978224675504e-07
5.827908408491444639e-07
6.466655279583923488e-07
6.648858464322330640e-07
6.129436734528918055e-07
6.899103158150395529e-07
5.640432533373790544e-07
4.954107486742086599e-07
5.402973670430955724e-07
6.329656830996826949e-07
5.843987137929949537e-07
5.821581266899948896e-07
5.915928304285950856e-07
5.030810183220458069e-07
5.935468735761495908e-07
5.753795806733839599e-07
7.394694855041889782e-07
4.549843722494203846e-07
5.730792384361288297e-07
5.518466327367090433e-07
6.505235915509409149e-07
5.872975614025776254e-07
5.208027738760435663e-07
5.663954449887698090e-07
6.163292678595726366e-07
5.946510051368941170e-07
6.084622989362500888e-07
5.791212232760459229e-07
5.088784266790326401e-07
5.377957592784867839e-07
5.803986740755704167e-07
6.257505273228368744e-07
6.375460507080937156e-07
5.552906086989364626e-07
5.355993103220951210e-07
6.012818830594186164e-07
6.850793964835072878e-07
5.029289008502187418e-07
5.806272985633728604e-07
5.914855074428179375e-07
6.521191212723819531e-07
5.937386357145315765e-07
5.968635944560168365e-07
5.423666490175092556e-07
6.597387938501842466e-07
6.259495892879047069e-07
5.802108087190629961e-07
6.562455869852085246e-07
5.282602502269399264e-07
6.082510489401295447e-07
5.556012479197622625e-07
5.883540852734108462e-07
6.682609713836674959e-07
5.903844822522131947e-07
5.679710824072194841e-07
6.011966868422432994e-07
5.766599408277976471e-07
6.206534136664408990e-07
6.411070849043913302e-07
5.943924099295219599e-07
5.177620107706127721e-07
5.664884813145491074e-07
6.573718887225595854e-07
6.158611142642522317e-07
5.895987793390919090e-07
5.984664483900061735e-07
6.193414378496048674e-07
6.320165531905606621e-07
5.777870439103922902e-07
6.317347144168743127e-07
7.114257846957729977e-07
6.112161780903427300e-07
5.476844099850206997e-07
6.262759204706673469e-07
5.277217187951064940e-07
5.882644366779809463e-07
6.643832306047613954e-07
5.704801669275295888e-07
5.035671715109662299e-07
6.174442927213128831e-07
6.155831970621700087e-07
5.003506127682291314e-07
5.274314951142356564e-07
6.184716895523057068e-07
6.029644628182191432e-07
6.596902225680655158e-07
6.845322251714676063e-07
6.009109360346601708e-07
6.084887721458226612e-07
5.413319916036754185e-07
5.554948036865904137e-07
7.276393094834783636e-07
5.963649935735690828e-07
5.596692420226876035e-07
5.429818693456201598e-07
5.461274673457723525e-07
6.229100464382162197e-07
6.060386249383920455e-07
5.667692416808004402e-07
5.496797963914059680e-07
5.598177270224165743e-07
5.837949112794742747e-07
6.141387639542523679e-07
6.713836050082691277e-07
5.690407511877055615e-07
5.762762098098875699e-07
6.177166914285878874e-07
7.035330076310505601e-07
6.495850532366034965e-07
6.088915405828566285e-07
5.868853666310107547e-07
5.279740020772369052e-07
5.390877930953960597e-07
6.295642026905227819e-07
6.455284071389104676e-07
6.733612317683321063e-07
5.432086136572877761e-07
5.128696317967626511e-07
5.335785084889063898e-07
6.757927573687575278e-07
5.934025036219061816e-07
5.679746260828135331e-07
5.771548665688075313e-07
5.474512922376242641e-07
6.255906355126180989e-07
6.309601909548433878e-07
6.810885916059625434e-07
5.460194425260268915e-07
5.835191473170028244e-07
6.536382359365903480e-07
6.702095140429019553e-07
5.501422847043075797e-07
6.036166366003911683e-07
5.820916367380176349e-07
6.790514353352976745e-07
5.265264711004020451e-07
5.998718465004618038e-07
6.910600883996256946e-07
6.636706340457017520e-07
5.251459173294955778e-07
5.601801230266515214e-07
6.613151792335352722e-07
6.428801928374944614e-07
5.874935370565480728e-07
5.766664186917068689e-07
4.973299252954454226e-07
6.575730842465802328e-07
6.355192437885140045e-07
6.061514502062145952e-07
5.388122195925126703e-07
6.496461537197750532e-07
5.839444190987695628e-07
5.657919234506347366e-07
6.021608722799545272e-07
7.058096669396634095e-07
7.577306019798560837e-07
5.339807065802499558e-07
5.908983049580118584e-07
6.511396781198543573e-07
6.621696122787461302e-07
6.204183298162461778e-07
5.588430424740785340e-07
5.643560317310398397e-07
5.051793175375515518e-07
5.899419396140679104e-07
6.499107996303724154e-07
5.811452843564085726e-07
5.589776383411804786e-07
4.693836630343992633e-07
6.028685665259037887e-07
6.015855399534199079e-07
5.874984216261493891e-07
5.259132226134788755e-07
5.769778132396987071e-07
5.921851568949531632e-07
5.226496634118983910e-07
6.324778162307418085e-07
7.082931423262808638e-07
5.955424185630446981e-07
5.419426637337971552e-07
6.605911979910768447e-07
6.372402147508472633e-07
5.778807767502113040e-07
5.775327541970232467e-07
5.319635078444447551e-07
5.076177188214943968e-07
6.008703377745809366e-07
6.121134442841828287e-07
5.123615518580585946e-07
5.591717088491658280e-07
5.929275909522496815e-07
5.961256198154819971e-07
5.987233567294917749e-07
5.848882077735731671e-07
5.014436555183148585e-07
5.484186671812979446e-07
5.584900335628843970e-07
4.889614070639520206e-07
5.384278874197957186e-07
5.465293349515865422e-07
6.050666492716804957e-07
5.971219341195178481e-07
7.001346350506305888e-07
5.150398369992504048e-07
5.304831226803379407e-07
5.779410064258247397e-07
6.158029736433440558e-07
6.235669092766814877e-07
4.504029819647120523e-07
5.549132473345181494e-07
5.673026168115629308e-07
6.037390463156712978e-07
6.074120169680659797e-07
5.901023147882994707e-07
5.572255516708699751e-07
5.761595982007405251e-07
5.424542070139932005e-07
5.540970321800804210e-07
5.715845964348888269e-07
6.292886134002014055e-07
5.815395250177163051e-07
7.073557296193287007e-07
5.245574438386173794e-07
5.311529429520681757e-07
5.969992762378208911e-07
6.576970323731030843e-07
6.317652424774333473e-07
6.053575415618338728e-07
7.095235733143201698e-07
6.361815933833093859e-07
5.508937252572467561e-07
5.860309102636511606e-07
6.620590560057355817e-07
5.854690039076027355e-07
5.830092216451624012e-07
5.672859791984044629e-07
4.821695488539689664e-07
5.439000769205810870e-07
5.199540006762783033e-07
5.897920991776415297e-07
7.107755881471195636e-07
6.223722523466663360e-07
5.632705329459416312e-07
5.601695896934232682e-07
5.872053320707683681e-07
6.365925380722630341e-07
7.294974754894972830e-07
5.721809217195959253e-07
5.608665413488470963e-07
5.563712438975457116e-07
6.102780551255093400e-07
6.684005052896730474e-07
6.219403369509264323e-07
4.424207871656250736e-07
5.690038958161320410e-07
7.003741216918900064e-07
6.019506350825013143e-07
5.466621162019271479e-07
4.845542572175946825e-07
5.024596042514479312e-07
5.768232137523159841e-07
5.404407381467450875e-07
7.495659638953617635e-07
6.479870084432334618e-07
5.791341376252034327e-07
5.781617284082059348e-07
5.810410619395225967e-07
5.220809202228842024e-07
5.821413837246885516e-07
6.575264425686392072e-07
5.655853272446805680e-07
5.164608858545973100e-07
5.392058417134318930e-07
6.370015354993041736e-07
5.808516038711334778e-07
5.608233694606577637e-07
5.455582892024443784e-07
5.907126237865083793e-07
5.645167521017048860e-07
7.199235999080803418e-07
4.878105832660748292e-07
5.560975515290454168e-07
6.011329987094831673e-07
4.892686487355993099e-07
5.577937626039167123e-07
6.081478728671928205e-07
5.982751934193973134e-07
5.856295304504810522e-07
5.126793244609380106e-07
4.688624996077859404e-07
5.918966948989671557e-07
6.003225414545083744e-07
5.583404031255757462e-07
5.563919902594713251e-07
6.343775798191861031e-07
5.949192086167920497e-07
6.250283131145227197e-07
5.953263262825712877e-07
5.972870898267072787e-07
6.162764401096394288e-07
7.017332225231382543e-07
4.963203471528170536e-07
6.261954287114658211e-07
6.109711683772996820e-07
4.974843191387673717e-07
5.770819988551819053e-07
6.028554595309946627e-07
6.305385739270442008e-07
5.086413060039923904e-07
5.755106742879983021e-07
6.498248692390310153e-07
5.937517058628761398e-07
5.492672755478649958e-07
4.862666665978861487e-07
7.258099701975645679e-07
6.088919181051179708e-07
5.872672715456597272e-07
5.044019215898549746e-07
5.982100025696821881e-07
6.145719904155323899e-07
6.922040224670452811e-07
6.453406769215918023e-07
6.747074190518284562e-07
5.775916335865319019e-07
4.972475536287033229e-07
5.741557996026734795e-07
6.493628181697681576e-07
6.472610542902727900e-07
5.480569386775422455e-07
5.996443036829878976e-07
5.256023835663560435e-07
5.523818794949948449e-07
6.180071941629965604e-07
5.850710040935414215e-07
5.306459183832865043e-07
5.576781024247733104e-07
6.020507121337512237e-07
5.776282747736079530e-07
6.865997564497524544e-07
5.275573325405644133e-07
5.524961801363637456e-07
5.871044215450967301e-07
6.297949198154879379e-07
6.283125987804123703e-07
6.251497653467852982e-07
5.853075856750151861e-07
5.720973441085808306e-07
5.186499948425593231e-07
5.502855030096456724e-07
6.207300265419823051e-07
6.275737160553423608e-07
6.390847196580730204e-07
5.550731274684742503e-07
5.189175220602251557e-07
5.685587334049446014e-07
6.301120672138196530e-07
6.051457112179783654e-07
4.792691733460928917e-07
5.608529058179735223e-07
5.727710716891521802e-07
5.751556366893539741e-07
6.247031080335253261e-07
6.173659017857467078e-07
5.830761644058074619e-07
6.532836909709803130e-07
6.403756931253379677e-07
5.749114153836557404e-07
5.977200976222877524e-07
6.021328688111881344e-07
4.981138186130158337e-07
5.669364297110580431e-07
6.361010719449028453e-07
6.582064026287669963e-07
6.003052046644639157e-07
5.646924537577889344e-07
6.312269828111975566e-07
6.228787753911937820e-07
5.787510786397646837e-07
5.777783812569112666e-07
5.314380229109066142e-07
6.724364245635916916e-07
6.131864085199558798e-07
5.785628047924605412e-07
5.321507872487292728e-07
5.632500945921742740e-07
6.465148671340959133e-07
5.566499955028961464e-07
6.020016519387117412e-07
5.678806750227092580e-07
6.203609796299776133e-07
6.220159595977123060e-07
5.736925094982516130e-07
5.677826177797638502e-07
6.260668695426615226e-07
6.303455238640284403e-07
6.256013669784760186e-07
5.427837749664220550e-07
6.023948125660945335e-07
4.980439862510634623e-07
5.582912503541083041e-07
6.217743963587230061e-07
6.192550899844013366e-07
4.928678115896513909e-07
5.941326474182921932e-07
5.933194788442551365e-07
6.425995367934999435e-07
7.411754833659312527e-07
6.185004811144133301e-07
5.724137038630157849e-07
5.367851777932374668e-07
5.023610919254378574e-07
5.424715167277543035e-07
6.764111594612814662e-07
5.407119837308578482e-07
5.352385104196540185e-07
5.259120730359732557e-07
6.467096748977732192e-07
6.341849210126196679e-07
6.413502154924374747e-07
4.883102954239660574e-07
5.343919679143095957e-07
5.879104605233385150e-07
5.976758217039587827e-07
6.166269053349360240e-07
5.139432271169424949e-07
5.920668176266410375e-07
6.458571308772228486e-07
7.373614453935765395e-07
6.267802716569593712e-07
5.558274482042945815e-07
5.005139373907187896e-07
5.218984817765890587e-07
5.777170005022649523e-07
6.029868470411046286e-07
5.235423985014135459e-07
5.091524211752906334e-07
5.691455535176910256e-07
6.055566464294831196e-07
6.122712963366335569e-07
5.577285815190669712e-07
5.528741262569086781e-07
6.111520099769280422e-07
6.190687906037101356e-07
7.100943450710630068e-07
4.931046129704272142e-07
5.653892714308451731e-07
6.245813446255320349e-07
5.266297269436436294e-07
6.272851883668087449e-07
6.262951991388989953e-07
6.632666623316314487e-07
5.491334455774516332e-07
5.435910843715027485e-07
7.033180756730452124e-07
5.753285523310593788e-07
5.383828485734596641e-07
5.867599143012963959e-07
6.507412521045169880e-07
6.356131863880720375e-07
6.139887873079512701e-07
5.864875785173544446e-07
5.182680124185694666e-07
6.307047673244467429e-07
6.406038525934329266e-07
6.116753627138265269e-07
5.822086197890258447e-07
5.564120152493531005e-07
5.118868492318612581e-07
5.748994981280750593e-07
5.701421010316935310e-07
5.929447551123696189e-07
6.633781427902149152e-07
5.079726132745168312e-07
5.637017111154728895e-07
6.485748859358970553e-07
6.331201947977512036e-07
5.632360046883795632e-07
5.628250609114029959e-07
5.286791787720981420e-07
6.436670106153677941e-07
6.612094451052441361e-07
5.510657277628706766e-07
5.289040786807619688e-07
5.331131540901508747e-07
6.284776380731894518e-07
5.892302809826227516e-07
6.275686470112200262e-07
5.642039212609185126e-07
5.416151706587188925e-07
5.891911141369682599e-07
5.553227135981182538e-07
6.442897012834569634e-07
6.232984773430350132e-07
5.832829576002549790e-07
5.622394595927358492e-07
5.466855071367805090e-07
4.532882352126223239e-07
6.089327798269824164e-07
6.132268267431714812e-07
5.748365146726767057e-07
5.320520818651656806e-07
4.712575215164678640e-07
6.989580636098625785e-07
5.826187284492463733e-07
5.762915741087295162e-07
5.343884638385935271e-07
5.582971426777496262e-07
6.083146884029812032e-07
6.670303865562947465e-07
5.018786096782884478e-07
5.802220321881362377e-07
4.990554137545762904e-07
5.957315355236712485e-07
5.866750832356767142e-07
5.979272904200457803e-07
5.827809681275912716e-07
5.052429575421146614e-07
5.156723129566840427e-07
6.422075084227265007e-07
6.145715488304193825e-07
5.827280353664769538e-07
5.613324807413028083e-07
6.444598504658972115e-07
6.694328054638794899e-07
5.703771113546993397e-07
5.427850783323572968e-07
6.210784614527341101e-07
6.389909006738607293e-07
6.224227524912640891e-07
5.432582072349971843e-07
5.973927814602835873e-07
5.748223214797540187e-07
4.924388695540552700e-07
5.879694297319641402e-07
5.932540541384351312e-07
7.186442765152312769e-07
4.744084373370440636e-07
5.594612356813934193e-07
5.458623356415405230e-07
6.296508855388559022e-07
5.793710814657116677e-07
4.651658264123481079e-07
5.929698580805837595e-07
5.777257447316332768e-07
6.714202169072750974e-07
6.645554278636536903e-07
5.756085361991337274e-07
5.232723216513762792e-07
6.734012685889836472e-07
6.235284602710107832e-07
6.510795247669867964e-07
5.805715257972665221e-07
5.876186642017420073e-07
6.154067288380404407e-07
6.462776048199093952e-07
5.649560058654214617e-07
5.624657223695740005e-07
6.317826895410784232e-07
5.509717383704075818e-07
6.436218186422637043e-07
6.334682372675494692e-07
6.619080233189567721e-07
5.146503081911886488e-07
5.955854153809870477e-07
5.218086239190635370e-07
6.281857097338171613e-07
6.594178704914838935e-07
5.626189290114319512e-07
5.289026628872165603e-07
5.476816488677936062e-07
5.743864987349594759e-07
5.451036058253233126e-07
6.747305676557540608e-07
6.203492051256141333e-07
5.600009844452912632e-07
5.822472773140932483e-07
5.507108557490889036e-07
6.128038160773391442e-07
6.782350724027558892e-07
5.679705190967904546e-07
4.672311856096605858e-07
5.528593867666094832e-07
6.252440390825976166e-07
5.823543143709506699e-07
6.264860122052942434e-07
5.439087772157227367e-07
5.078289709620363950e-07
5.347562450116342519e-07
5.865378242851729161e-07
5.989108895393411382e-07
5.582956254696711151e-07
5.510359212291427043e-07
5.902349014420525745e-07
5.817435820008489291e-07
5.536867868837050449e-07
5.958955544072386721e-07
6.486194257749871563e-07
5.624981710517307873e-07
5.148133201114846385e-07
5.294188294826994854e-07
6.264021717253084742e-07
5.920912094249976115e-07
5.347778732659330234e-07
5.233677560080627677e-07
6.288215811475746921e-07
6.280034178082685565e-07
6.365300558183735185e-07
5.307382482498571407e-07
5.308597887032504831e-07
6.073436102418963078e-07
6.238021830170279481e-07
6.231552340827903228e-07
4.940503462547677555e-07
5.917561497834535487e-07
6.128702978414584383e-07
5.628162522755845149e-07
5.465674821501773282e-07
5.247253672635995547e-07
6.039406595460071275e-07
5.663380797909176968e-07
5.664732685178278871e-07
5.337742795112338875e-07
5.840859349003452592e-07
5.815089766470794000e-07
6.333380128531355751e-07
5.811417385538611123e-07
5.655356418753833887e-07
4.742771817780544227e-07
6.436186707772208441e-07
6.271732151761804571e-07
5.329935187002597266e-07
5.829416838431235407e-07
5.672549516373069680e-07
6.114857328731740857e-07
6.518244239681184510e-07
5.837520035959708821e-07
5.787803344445010722e-07
6.999065575385420949e-07
5.313413265053596403e-07
5.204305748243113677e-07
5.864199078283110967e-07
6.647793617165719393e-07
5.864589771338497014e-07
5.146791274646744497e-07
5.670243355184356275e-07
5.775497521105946903e-07
5.888577619726978796e-07
5.617830748740000137e-07
6.031689334012250691e-07
5.163031435581052480e-07
5.522775353697973508e-07
6.012917905751108481e-07
5.927161107262675958e-07
5.340728360232763939e-07
4.894577485737310702e-07
5.725278412890656721e-07
6.983701724798856308e-07
5.822302408377428124e-07
6.154437517209430522e-07
5.799823181048282421e-07
5.806544387033607077e-07
5.436881969544329537e-07
5.846855225804103600e-07
6.500250188006491432e-07
5.034251844173762281e-07
5.670008414320206993e-07
6.088736061430433011e-07
6.227002840454053685e-07
6.694873693725134765e-07
5.266418637268575980e-07
5.495932789591979692e-07
5.794032550590337119e-07
6.290953179792088334e-07
6.758225668994900848e-07
5.144833847904446665e-07
5.723724605020457049e-07
5.555645218769982945e-07
6.963707380577456887e-07
4.820764226990606627e-07
6.213723114524504080e-07
6.115049789957923096e-07
6.398920819443434534e-07
5.360922455137576391e-07
5.423024752820314355e-07
5.815374805557474972e-07
6.472528724511223010e-07
6.009414870100326559e-07
4.871280848651541383e-07
5.797680864122587720e-07
5.595333606780812085e-07
6.043536006957834798e-07
6.168148037758435153e-07
5.954552906870246917e-07
5.628234225421263704e-07
5.641062903863648430e-07
6.127900465358738901e-07
6.636433757097191583e-07
6.228687341438994413e-07
5.777184069968384026e-07
5.774350765582709914e-07
5.645009932390914156e-07
5.809972524039725768e-07
6.453004007683978592e-07
6.313809614282278545e-07
5.243292145566618919e-07
5.402900581235172838e-07
6.750725352642268523e-07
6.537814505796479797e-07
5.632532078684882432e-07
5.729897441658018509e-07
5.084636261491834257e-07
6.744656884564790840e-07
6.263036370224626797e-07
5.758053906772991106e-07
5.253085696424615011e-07
5.507528755881415935e-07
6.578213770813893999e-07
5.587300446136633813e-07
6.218836288356866621e-07
5.558063582465947125e-07
5.092011901634820265e-07
5.215159031025825604e-07
5.583816749503890048e-07
5.378469912451937563e-07
6.384081819807021873e-07
6.108163179153929995e-07
5.894058491725006540e-07
5.607416930242170202e-07
5.236470306538830516e-07
5.935975596174495979e-07
6.428365781815341215e-07
5.614269666920997398e-07
5.948547061075864531e-07
5.883011060121540052e-07
5.627226248114392878e-07
4.419243702120284396e-07
6.315517529367434937e-07
5.914222570301304635e-07
5.098587081414919959e-07
5.430286659057431705e-07
5.556968422493793231e-07
5.916595489631275943e-07
5.627313285564186531e-07
5.619945824379098033e-07
7.061576586727927043e-07
5.324684898091609668e-07
5.152058412779964980e-07
6.004340619816541151e-07
5.788807315685558947e-07
5.847909136422708459e-07
5.395240333667479234e-07
5.385874323985951324e-07
5.944045821925799024e-07
6.068455432853890008e-07
6.394670417655768140e-07
5.301024478922405759e-07
5.218788517129329935e-07
5.809135385271704378e-07
6.434798821712348416e-07
6.033177068136485947e-07
5.437358570722091650e-07
5.388414773672448297e-07
5.983225325227020729e-07
5.777419770297419824e-07
5.553430523657327349e-07
5.443903947308184581e-07
6.013200290684954118e-07
5.456137262256303501e-07
5.174164146245752537e-07
5.333746865306566346e-07
6.301024789383586632e-07
5.864433979828329651e-07
5.669021726658882463e-07
4.759881460227692652e-07
6.098130601273796884e-07
5.940325106902594626e-07
7.201593475958970205e-07
5.069918674196962609e-07
5.822886842821942663e-07
5.496951194158179845e-07
6.281100402360138363e-07
6.115189025558694479e-07
5.636238453976464846e-07
5.748738379844186812e-07
5.271407433593218477e-07
4.669741741595268557e-07
5.580852745360433702e-07
6.454427308597253038e-07
5.891887026198969334e-07
5.284589369059012212e-07
5.402649341860971615e-07
5.791141195643109932e-07
5.874259253948075637e-07
6.321586768959774546e-07
6.815211063646795196e-07
5.576372416651892207e-07
6.118827099564063715e-07
6.188684977432709707e-07
6.156546480605307841e-07
6.128323273861164085e-07
5.764998393771636070e-07
5.235219776321609547e-07
6.486392133777218167e-07
6.458323027947829715e-07
5.803225583521674599e-07
5.043314440086644198e-07
5.668105364553814462e-07
5.950669872577158324e-07
5.888392856308204530e-07
6.897207971458387354e-07
6.482816980626988586e-07
5.515361068987976026e-07
5.357233858502756334e-07
5.487017459638671798e-07
6.148042147123284104e-07
6.954297616160092711e-07
6.082658687251863310e-07
5.968660438430552967e-07
6.243983382339788879e-07
6.092874984502216241e-07
6.225511465445877640e-07
5.488931864376510217e-07
4.984533545578445273e-07
5.210203371814209521e-07
6.299823617172277639e-07
5.959195193429910174e-07
5.382990027600238987e-07
6.293490926266953743e-07
5.465688084203022157e-07
5.833733488923886868e-07
6.099330282752719786e-07
6.169025213768619102e-07
5.571555642379397039e-07
5.023600529788501036e-07
5.208151082350564240e-07
6.167347480156916119e-07
6.023620902257876036e-07
5.967956308427436522e-07
5.003056944403256391e-07
5.530641277474869280e-07
6.145505472488395190e-07
5.903418833049403104e-07
6.467383391718888621e-07
5.410355571047310803e-07
5.058125712191991664e-07
5.797844308296625219e-07
6.880219968075190492e-07
6.125357029754118854e-07
5.463051639979774507e-07
5.994266132779593777e-07
6.133945280698416546e-07
5.643160838675262135e-07
5.415614922478942498e-07
5.079918152304405055e-07
6.376167304782522303e-07
6.084917999997392025e-07
5.507181860533984210e-07
5.188932938738521714e-07
6.281902046817212471e-07
6.298411817150344857e-07
5.647960375780038474e-07
5.255197369252352694e-07
6.352227397956836686e-07
6.287020686740533568e-07
5.416080623873647384e-07
5.978514802302786041e-07
5.708605703644508752e-07
6.502044220047075831e-07
6.820729424386194918e-07
6.233194100435180411e-07
6.189431602107653921e-07
6.969451794507030936e-07
5.221953060239359567e-07
5.706623755299278351e-07
6.716582543945148461e-07
6.019892301614148521e-07
5.443949430737473508e-07
5.585947234600116900e-07
5.702438832307091232e-07
6.128588809810370638e-07
6.109425319749167767e-07
5.495617298204174557e-07
5.397324814885202996e-07
6.557013192310320964e-07
6.937087986782827719e-07
5.866631726174253496e-07
5.767321007389174479e-07
5.621065188787868532e-07
5.529240379762141376e-07
5.854441649054865293e-07
5.987530891758736530e-07
6.346996289457865726e-07
6.574935950611871300e-07
5.065648555650240612e-07
5.626672522145656541e-07
5.885071126012546110e-07
6.954465253307334816e-07
6.439503730302425394e-07
5.840152489647727290e-07
5.814095073220163315e-07
4.996175839014615807e-07
6.200158459547865280e-07
5.258954965711935820e-07
5.030145404002360977e-07
6.209703985913782295e-07
6.613365528928764390e-07
5.934828985905667450e-07
5.352868130608487334e-07
5.265566508531139513e-07
6.316129256828638786e-07
5.882952818155283790e-07
6.018618363806828186e-07
5.346835966639368650e-07
7.086644440879747160e-07
5.833351192486599784e-07
5.809315970146050425e-07
5.588108858111537367e-07
6.166968708339270561e-07
6.743844524972936628e-07
6.360007973537086338e-07
5.365910772805907862e-07
5.790893143671784916e-07
6.006910670718150732e-07
6.009616329328968823e-07
5.717316386031536967e-07
5.165970451719925096e-07
5.151475821294973292e-07
5.880525622584108041e-07
5.228621503151120607e-07
4.989573212613477663e-07
5.786642851156623498e-07
6.183151946392746421e-07
5.998125446812214164e-07
6.059782432544725827e-07
6.331891257683125338e-07
5.902279148228904058e-07
5.136258098606458966e-07
5.430883957961949587e-07
6.320520432882292691e-07
5.815127302572754322e-07
5.860813801619865751e-07
5.348939112006177352e-07
4.441945789958708695e-07
6.571941338778663572e-07
6.771402997114594079e-07
5.094407477917354048e-07
5.467320475870938751e-07
6.108220038016353954e-07
6.310160651212525693e-07
6.170483498554796950e-07
5.235670046163360136e-07
5.670716246683514759e-07
5.620399572349282656e-07
6.073811909326735422e-07
6.411984315018502101e-07
6.157602437068111799e-07
5.825572869671567230e-07
5.845525453414148379e-07
5.567284574994073409e-07
5.569394198199840813e-07
5.767506941730103994e-07
6.348150905326606320e-07
6.004555365897142619e-07
6.472537547053241113e-07
5.710163899719836122e-07
5.637339238539425351e-07
6.021064459569511469e-07
6.623725406115140833e-07
5.086348027055800576e-07
5.803472554300005908e-07
5.753972858318586983e-07
6.111451241545409071e-07
6.449228980890800310e-07
5.583036917214829297e-07
5.496117360545994330e-07
4.690252572939062038e-07
7.227577707099991152e-07
5.934917735396521307e-07
5.491819241359956290e-07
6.523401145013138228e-07
5.701761181090772378e-07
5.375724453861530470e-07
5.823301678665090645e-07
5.302349612374542522e-07
5.943700950572582841e-07
6.462798992382672893e-07
6.663003665697675463e-07
5.499490466170679008e-07
5.644881587113082882e-07
6.317677139065731306e-07
6.853399803409161514e-07
5.154953501281553938e-07
5.554209761796066395e-07
6.281168328620362681e-07
5.921502630270054415e-07
5.193295379245038977e-07
5.732115009650830530e-07
5.591414620154291540e-07
6.002009144122514860e-07
4.990175043593557159e-07
5.394666218909823345e-07
6.126590131858018133e-07
5.974736266781057126e-07
5.194082282286301219e-07
5.209635851689431654e-07
6.005489290552034073e-07
5.634495612125113304e-07
6.186628241853306327e-07
7.342928147753633552e-07
5.634255930994968954e-07
5.247856078468105237e-07
6.013647617960852309e-07
6.206968502418219254e-07
5.039163438435471395e-07
5.707632742301457091e-07
5.814768516499315055e-07
6.672651516857057335e-07
6.572221733516235987e-07
5.957831065324075314e-07
6.059945210012723797e-07
4.939898154691133778e-07
5.755886425388700046e-07
5.153859472255262542e-07
5.615905204762203146e-07
6.756184187251935471e-07
6.114247411372188586e-07
5.473797692758975083e-07
5.862833660037608400e-07
7.151541312491474339e-07
6.672495111648461332e-07
5.460545342923488478e-07
6.993122027963724629e-07
6.605381846351928536e-07
6.158498818834340731e-07
5.466375630430183457e-07
5.393702755796384465e-07
5.844942728358288719e-07
7.003036625851004360e-07
5.629200252055311141e-07
4.640896817365401226e-07
5.514359354397526571e-07
5.282850364789783053e-07
5.496353785348520784e-07
5.370155492624121581e-07
6.463606985405135510e-07
6.247907796036322513e-07
6.040815802597331846e-07
6.195112542614389585e-07
5.398738016180247259e-07
7.110817050947394469e-07
6.307114737355887801e-07
5.531235607636631626e-07
5.537144724267210863e-07
5.588220958647172481e-07
6.625854366693171964e-07
6.174532743803821991e-07
5.764978699303430908e-07
5.771864984883789721e-07
5.271389006305208182e-07
5.275730114818381552e-07
5.721664502188935969e-07
6.048121021610906077e-07
5.146185547913084305e-07
5.999735396614959040e-07
5.674516028395103982e-07
5.559297970764065348e-07
5.591956363316429687e-07
5.746419429788716861e-07
7.042278757118306809e-07
5.861130693666211259e-07
5.289972509303312416e-07
5.338072413377564896e-07
6.761840294473608360e-07
6.045283759689031037e-07
5.646043503652394061e-07
5.982293811469482605e-07
5.317076583605723593e-07
5.501087263343384409e-07
5.871064519661627956e-07
6.204765320294971028e-07
6.096597339606596696e-07
6.740785908857510140e-07
5.527413797975520199e-07
5.830795103588374348e-07
5.187101458259811747e-07
5.298487247018919724e-07
6.471936891637903392e-07
6.048069879640680750e-07
6.166734890200118212e-07
5.138115515075945864e-07
6.538004596465022004e-07
6.343332912535361946e-07
5.469563840734205852e-07
5.295056794463174661e-07
5.561016193111074789e-07
6.657810913863574133e-07
5.756945417753246702e-07
5.304423073093106852e-07
5.933753729556973522e-07
5.693684091916870183e-07
6.387233642115122448e-07
6.956329911703750524e-07
5.455929030011259180e-07
5.667864424676951371e-07
4.876390856005094149e-07
4.793349250298677215e-07
5.651157023694941883e-07
5.838841624593322769e-07
5.742046620993772046e-07
7.059149772595155436e-07
5.692645234486886509e-07
4.812500973770843303e-07
6.221094022374999433e-07
6.686735676605273966e-07
6.270271852357672035e-07
5.369667860348283119e-07
5.855921602159236189e-07
5.920046617444360557e-07
6.186306314817205947e-07
6.731725090744344838e-07
5.667800831939521024e-07
5.113373793950939057e-07
6.650595081439690944e-07
6.223099501756532945e-07
6.244059759879979454e-07
5.560979918096608757e-07
5.741643594412468162e-07
5.398962194094034816e-07
5.643124404569400353e-07
5.667418700148219766e-07
6.093847785165183510e-07
6.580515075536115827e-07
6.225669596315210598e-07
5.163362504714692643e-07
5.599675382817676476e-07
6.413793813641929010e-07
6.499038427586207897e-07
6.195797495484344403e-07
5.710118447609691005e-07
5.809179146264810195e-07
5.755563251757249357e-07
6.589722843789721797e-07
5.796335284205840415e-07
5.636992498862378944e-07
5.031505426470246023e-07
5.992803348149757652e-07
6.051970394385380722e-07
5.237213182976714094e-07
6.499500953017160413e-07
5.543885771208490522e-07
5.579252353920308232e-07
4.794082723003984955e-07
7.120364169115613840e-07
6.262091688229063188e-07
6.064061157676125747e-07
5.199010479678183397e-07
5.657541580645210298e-07
6.190529258606754159e-07
6.018450432658955245e-07
6.335152541001091434e-07
5.434958230751450092e-07
5.354164715834250935e-07
6.088646171402936236e-07
6.162581548956086600e-07
5.188039486711859838e-07
5.431666688240214403e-07
5.687123665961495388e-07
5.911201793486752656e-07
5.844730058305576140e-07
6.129453418987545061e-07
5.868871637552832536e-07
6.382414268014236253e-07
5.369988651580248123e-07
5.583669538123044918e-07
5.001364848012717620e-07
6.726991817710599438e-07
5.897712144595883539e-07
6.069598328275331399e-07
5.619709162132123109e-07
5.890286573174584986e-07
5.856308821349781481e-07
6.596621358224800904e-07
5.263123520705909462e-07
5.603567681742614102e-07
5.786749488002855515e-07
5.884301887199425118e-07
6.363315398842371806e-07
5.580392560235479267e-07
5.839355328321292618e-07
5.769225764424819460e-07
6.243477472909090011e-07
6.063038952812141613e-07
6.137097402739203081e-07
5.727066487631576418e-07
5.569431404629145349e-07
5.341624126207104302e-07
5.392050459416788679e-07
5.814284128893915785e-07
6.026932866420587702e-07
6.703459998085656432e-07
5.571715513693410606e-07
5.274868808496599987e-07
5.990571608203634136e-07
6.186357486661270061e-07
5.252029961284715319e-07
5.489507847236842381e-07
5.418115370842646071e-07
6.536224322215544177e-07
5.576344605888815811e-07
5.542096207529420746e-07
6.238169954458354627e-07
7.184211442432751856e-07
5.289039259934351559e-07
6.222706529095143415e-07
5.018170318200707829e-07
5.721762246461987286e-07
5.566147065542503748e-07
6.100329513281109985e-07
6.279348615528865583e-07
5.950603297858143938e-07
6.002379019715911963e-07
5.740788055942093048e-07
6.578489434776360110e-07
6.639628020587863869e-07
5.940269430102986048e-07
5.805578970884318807e-07
5.339780878506957461e-07
4.932438690354029008e-07
6.001440094612657245e-07
7.283923064565975837e-07
5.804481343661671488e-07
4.860435440559361183e-07
5.392147946883535488e-07
5.878065374695660603e-07
6.037014714813234829e-07
6.430647682079505328e-07
5.304436263718224780e-07
5.077207583225654388e-07
6.549723192940496475e-07
5.962952929567971748e-07
5.121176749388577663e-07
5.990985716709511184e-07
5.738531302741561285e-07
5.195305504851872789e-07
5.294965630873525983e-07
7.184397928680904043e-07
5.698157974767563622e-07
5.058635992846577938e-07
5.219339650244744867e-07
6.046418496007825531e-07
5.953877198442672496e-07
6.998761537978985369e-07
6.403488191787594122e-07
6.579238632959362008e-07
5.981186394910418323e-07
4.839004513342511456e-07
5.924331301543670333e-07
6.170168110769182957e-07
6.233546445365935106e-07
6.144386322837461399e-07
5.591230608034042679e-07
4.777564651041920928e-07
5.054082579690911900e-07
6.110024485870543338e-07
6.133766296705849247e-07
5.408745950045657632e-07
5.392886215715034866e-07
5.622277647358082183e-07
6.180850812929323107e-07
5.785517379018027365e-07
5.778589005988256065e-07
5.427527794850475231e-07
6.271108933272212339e-07
5.988801094900699152e-07
6.831854172006598983e-07
6.504187873071842446e-07
6.192768545301832734e-07
6.071333113595048216e-07
5.347239572250441807e-07
5.096941846192410553e-07
6.178346012019489419e-07
6.088335475687662480e-07
6.200701097181615344e-07
5.592625197086438296e-07
5.575972005589263081e-07
6.485579183119861070e-07
5.919909472790033254e-07
5.289178793121825520e-07
5.348056009751512693e-07
6.130324062178264042e-07
5.513910897782077045e-07
6.522867506993434249e-07
5.373845626254736295e-07
7.029674650888000921e-07
6.431290185024746089e-07
5.773061739571469263e-07
5.867975974669313643e-07
4.664396642997557868e-07
6.059986260191075732e-07
5.976731719379831027e-07
6.798733534198510967e-07
4.981338265228627806e-07
5.422410427075247000e-07
5.311211133187134259e-07
6.335335360292298874e-07
6.810719815941161449e-07
5.578510565792938810e-07
5.548891187965780445e-07
5.176145140351899345e-07
7.245058631647200574e-07
6.249739188401784279e-07
5.758602898835210213e-07
5.817374563932723181e-07
5.579906082083744635e-07
6.839308809588326404e-07
5.849036618984941648e-07
5.759980821798502941e-07
6.143622343180583382e-07
6.852873720126836435e-07
6.724775341669030233e-07
5.641182869015778204e-07
6.075238459441008067e-07
6.386408070247317961e-07
6.192839677786673443e-07
6.175251585706498121e-07
5.650375992557839471e-07
5.767327303705672332e-07
5.912942665219744314e-07
5.889799420126487152e-07
5.563147834751754473e-07
7.177652552902074577e-07
5.877583785977795357e-07
6.259724891103204982e-07
5.487434380651027998e-07
5.786785620430241014e-07
6.020478038374323505e-07
6.258362775358770803e-07
6.154562821362906645e-07
6.163893108955625494e-07
5.601879636877112492e-07
5.552633126396631954e-07
6.155291009730960909e-07
6.177650557567821303e-07
5.846956499524307200e-07
5.006378883885528892e-07
5.270804248120563446e-07
6.457643653634212184e-07
5.730910776273671230e-07
5.745432237685891731e-07
5.535015205677867065e-07
5.362214616218959036e-07
6.196148703688411436e-07
5.877511196884733970e-07
7.254119519839399597e-07
5.321312883924609119e-07
5.956682388056543823e-07
6.749915555116180253e-07
6.141868721301335940e-07
5.925827711562112153e-07
6.322126277415324739e-07
6.261148013773288635e-07
5.890468575399289012e-07
5.800041521331617111e-07
5.658320057694877152e-07
6.024801066473685341e-07
6.079220547143364412e-07
5.217095625990339595e-07
5.310216119450282209e-07
5.768684648858876092e-07
6.061842917070127833e-07
6.409515982871741911e-07
6.499203611689386814e-07
5.793657021606654268e-07
5.736317765548404278e-07
6.038593258799445137e-07
7.391088411750784644e-07
6.137316167332206931e-07
5.532090241679594023e-07
5.749452247735411225e-07
5.971143558278320336e-07
6.607072696691414017e-07
5.379741604810403290e-07
6.533643376980289246e-07
6.291121963544744195e-07
6.043865863454359487e-07
5.740198832616450364e-07
4.975540708642289325e-07
5.760059049805659962e-07
6.474859322661239315e-07
5.936190003177642149e-07
5.383671362276376789e-07
5.550510801076536365e-07
5.896961228072679873e-07
5.656187994167486170e-07
6.316569037968085207e-07
7.147349025796514225e-07
5.734641512148305024e-07
5.710915067027682255e-07
7.082790764812535977e-07
6.925309888739531419e-07
5.847700569784371976e-07
5.882622749637918780e-07
5.478576692135791972e-07
5.565373143279070242e-07
5.006938335546480791e-07
5.972722388927341527e-07
6.768060499744865752e-07
6.188311420899823249e-07
5.418094862847278428e-07
5.632481335799104879e-07
5.686860667392535258e-07
6.341766158964938294e-07
6.830042529360024626e-07
5.403018927515312745e-07
5.439331976490199682e-07
6.006277839037887112e-07
5.473128479301470490e-07
5.767675244288855646e-07
5.465150767294127130e-07
6.042764343436196046e-07
6.876223728069934227e-07
5.484227689670736283e-07
5.820681856737603975e-07
4.644539219812919466e-07
6.502530775654247546e-07
5.958548095521438856e-07
6.320603706572819784e-07
6.681989794847825950e-07
7.074388276925508869e-07
5.752864872714586279e-07
5.859988759816963910e-07
4.780699343334576187e-07
6.070976101885634993e-07
7.219110247007016455e-07
6.140483081143108808e-07
5.376864261612734302e-07
5.709639114476743542e-07
6.410864543029237377e-07
5.619481145547542898e-07
6.281635371227464566e-07
5.538074068844089850e-07
5.295442588757847426e-07
6.028623438558694751e-07
5.547255880431637680e-07
5.456982713645342848e-07
5.427995539123726285e-07
6.328380023401726660e-07
5.998075011511616682e-07
4.714605944153890322e-07
6.012608891231691462e-07
6.309297118060222154e-07
5.660793695689072286e-07
5.469749756529664506e-07
4.942933381980863306e-07
6.043106831428267805e-07
5.701564290283915729e-07
5.793612287926764894e-07
5.028627852944233407e-07
5.463629476230610510e-07
5.865649255182787654e-07
6.184264717795813541e-07
6.953332197013098725e-07
5.306164876380601101e-07
4.965855643090611240e-07
5.663143279097830204e-07
5.809501305506922958e-07
6.214508924493137646e-07
4.417848575031384896e-07
5.721675252025995238e-07
5.622418399820885767e-07
4.960520539852876047e-07
5.094919135679884736e-07
5.895609339250209543e-07
6.264254359661868610e-07
4.852790756228207268e-07
5.074354678507936848e-07
6.211787125096994761e-07
5.897940488115672104e-07
6.246441988279561193e-07
6.027813370762977974e-07
5.369984103371277491e-07
6.764724559803450609e-07
6.510918086003134614e-07
5.335888471001563010e-07
5.422161086494654348e-07
5.398545811342559939e-07
6.232827951431025976e-07
6.547258786587218695e-07
5.504991999844923314e-07
5.528778172299800667e-07
5.317964620664301615e-07
4.834487763430288733e-07
5.277043219487032100e-07
6.234149902717303840e-07
6.190759488827057671e-07
6.092854236119558854e-07
4.963128903105588895e-07
5.450404258867815254e-07
5.943322744523902840e-07
5.861407135075144797e-07
6.077288231512801589e-07
6.178996154200441949e-07
5.769129595693117377e-07
5.607603157953440631e-07
6.335764917936338886e-07
6.430713046508191606e-07
5.839666936873505363e-07
5.854816435535873327e-07
5.538519817778720578e-07
5.963437413455659072e-07
6.793967829628607675e-07
5.659177337374931740e-07
5.214627947937913507e-07
5.383380985742062001e-07
5.178600534951870944e-07
5.743865276176783404e-07
5.753328483210364575e-07
6.085017876446320950e-07
7.611363960652911004e-07
5.492332782521973711e-07
5.518609625306916735e-07
4.862507180467508854e-07
6.728299574950801431e-07
6.169437808104483946e-07
5.938595619969327858e-07
5.497076164323691307e-07
5.688533092097928037e-07
5.888622319843800675e-07
5.960105210338972381e-07
5.560461383860664199e-07
5.482998530545174781e-07
5.250936292466947800e-07
6.117425140347959658e-07
6.123275820825638430e-07
4.944436528943900682e-07
4.643472579683528953e-07
6.530163709756181813e-07
5.271459038790347716e-07
6.008153826484417645e-07
5.306507383605275905e-07
6.149412226004030640e-07
6.490294553277091764e-07
5.700006974337968422e-07
5.347942176647462001e-07
7.114441080182268744e-07
5.847887601060013948e-07
5.547420523481290941e-07
5.282442691728500413e-07
5.753314592450805156e-07
5.615288606649778466e-07
6.924934967338613566e-07
5.272981747684234826e-07
4.728249329694292795e-07
5.505464249393947051e-07
5.818965566947009439e-07
5.197513833392073862e-07
6.470282226155258196e-07
5.911764795691512585e-07
4.929437373733640985e-07
5.178330609017774358e-07
4.925129087184309738e-07
5.017764807473567836e-07
5.779659092004014468e-07
5.998280293287209820e-07
5.766177490208987627e-07
7.120153796083947669e-07
5.463549148263297714e-07
5.423326686740091068e-07
6.161447728200990029e-07
6.439753267199522359e-07
6.498626312291399736e-07
5.333635371934474214e-07
5.752265431341638279e-07
5.605300920487962646e-07
6.396902521315359518e-07
6.525706160604522491e-07
6.200820763650008877e-07
6.292956199664532042e-07
5.274026555954921342e-07
5.406951021910097261e-07
5.523758489168801844e-07
6.340809534474317476e-07
6.181864774391487155e-07
5.067388219500629195e-07
5.443142530739447627e-07
5.936274198028803593e-07
5.610402807052371005e-07
5.735970430836897882e-07
5.922269463914198963e-07
6.884634221402928338e-07
6.834507927761768510e-07
5.608184539734972047e-07
4.781581058752529050e-07
6.775867385369164443e-07
6.247797877440522516e-07
5.776714930332149412e-07
5.407517572205685333e-07
5.354583624712994475e-07
5.298939131505002272e-07
5.695075204112022813e-07
5.425958727030255498e-07
5.946722040595962505e-07
6.244525355506183142e-07
6.350361704425809394e-07
5.718927600173054927e-07
5.766943065229277681e-07
6.220766876760003410e-07
6.075913778168818255e-07
5.891651600451966655e-07
5.807700848229080912e-07
5.474101091915212180e-07
5.931657250667176759e-07
7.120783899628264676e-07
5.814298627095386035e-07
5.442360919685680565e-07
5.308733651076635180e-07
5.984565487809109066e-07
5.532709287565098563e-07
6.319965688126224315e-07
6.127891936554316139e-07
6.208494151881056354e-07
5.358685014537586290e-07
6.486055315107141454e-07
6.677249343276504534e-07
5.324754459706476201e-07
5.890116960307315890e-07
6.222653208296450979e-07
5.834086700672786629e-07
6.304287477516218016e-07
5.954972178360530924e-07
5.297177266993113717e-07
4.957152485298753454e-07
6.182613850009206985e-07
5.873592562089093352e-07
4.937769418528482910e-07
5.302785651482602963e-07
5.873530649004037248e-07
5.846677056675502061e-07
6.425280623319988332e-07
6.162045637469706762e-07
5.834409196590604415e-07
7.206909110846616835e-07
5.741537815297067645e-07
5.097708329157704569e-07
5.203120909636778970e-07
6.545305714714594701e-07
5.822904880802589442e-07
6.048779954167875712e-07
5.900169675564163612e-07
5.322527231739158712e-07
6.070197936162682263e-07
6.045324881345597597e-07
6.151242426812441421e-07
5.489393700761198153e-07
4.809787980014726630e-07
5.773979270066618808e-07
6.753430467745701215e-07
5.930176319019566628e-07
5.184073388896665769e-07
5.669906152066582293e-07
5.621892124981480508e-07
5.934441656395350940e-07
6.244578748290767870e-07
6.475566232027964580e-07
6.281248477334191431e-07
5.039166286063589369e-07
4.854180558521583440e-07
5.919246727549469426e-07
6.194393576791197730e-07
5.962519148865410688e-07
6.474881962912559884e-07
5.746614476332455306e-07
5.430790698370354447e-07
6.110740756013179442e-07
6.353068459825823917e-07
5.790504980996284324e-07
5.832052100618550385e-07
4.983956894337106161e-07
5.278184168354598787e-07
5.965563618155097932e-07
6.023277436905500552e-07
4.979506069865321897e-07
5.604839622833112648e-07
6.075860783259082252e-07
5.508503561781761402e-07
5.331655961469606016e-07
5.927719934843459430e-07
6.931018234390858140e-07
5.479810687734391484e-07
5.005964635218762722e-07
5.494157382694069852e-07
6.597255539996665446e-07
6.070953297624142234e-07
6.012400858874061306e-07
5.033453749625791122e-07
5.512765372753259767e-07
6.412341560703325535e-07
6.278585569962206104e-07
6.450636391099904037e-07
5.409648432317444424e-07
5.432024704962108596e-07
5.438677784010585584e-07
6.382486020508247284e-07
6.074035697182949794e-07
5.054134820219894540e-07
5.555332032648621973e-07
5.837478578631622325e-07
5.834611674616752644e-07
5.259155183122488304e-07
5.224673497635151922e-07
6.250768836303144378e-07
5.999171125222067114e-07
5.102085876132705119e-07
4.683648806792339869e-07
5.783910236266490413e-07
5.739022779323490952e-07
5.991307345363478345e-07
6.117223761594328467e-07
6.100997741583486979e-07
4.783132144774830719e-07
5.829869292813718364e-07
6.362989218659759427e-07
6.860574696443145315e-07
5.314487584240303633e-07
5.753637685450448385e-07
6.948798617934544187e-07
6.496632228769289718e-07
5.570459976088193433e-07
5.780894170404020552e-07
5.141423019687264941e-07
5.260723151339644861e-07
5.101116537325090310e-07
5.248865378762674639e-07
6.737971769030483327e-07
5.885458114837571499e-07
5.731257220086707491e-07
5.771767192458591418e-07
5.922901626313710768e-07
6.430437287531737989e-07
6.797085057448912224e-07
5.469227218775427037e-07
6.385567849494659674e-07
6.201339839630033290e-07
5.406919525656584421e-07
5.811438086540478432e-07
5.484322547232641938e-07
5.881620967728531637e-07
6.531150408172645781e-07
5.735418336785808759e-07
5.157150994049938990e-07
4.868691574825795292e-07
5.487019307924360056e-07
5.572329398080533261e-07
7.077607238279868373e-07
6.140539484564359829e-07
6.059667165014432578e-07
5.673106993426116024e-07
6.225158317479467250e-07
6.008041691373918298e-07
5.605365752723166245e-07
6.823158599085633774e-07
5.504102591942475278e-07
5.227091230156323588e-07
5.221943141164482613e-07
6.387127066493269363e-07
5.994542936280832350e-07
6.020779163249583266e-07
5.594530322295499361e-07
5.147256575275114990e-07
5.958405573764574698e-07
6.055751686900110335e-07
5.240958206952656789e-07
6.640477372693357948e-07
5.974031551634507822e-07
5.672070156872703370e-07
6.362997616022932923e-07
6.042343429605438648e-07
5.378310190885012148e-07
5.396535467677472127e-07
5.636868304397730235e-07
5.503909213739451934e-07
6.219717148808299066e-07
5.290489339542855130e-07
5.221037031029366673e-07
5.988898940960823061e-07
6.068466462346307409e-07
6.041133293505084078e-07
6.374069575096946257e-07
5.706540705005786162e-07
4.814865982197998085e-07
6.108772318605044129e-07
5.200385939286922386e-07
6.772034668465196739e-07
5.912709699560314707e-07
5.841128031758573913e-07
5.729430245925824020e-07
5.400560272424564784e-07
6.513886703354101226e-07
6.189307747228002653e-07
6.710275003350123613e-07
5.168033926980664190e-07
5.552265624185555062e-07
5.782668145621583362e-07
7.054493921244662757e-07
5.914663424024571768e-07
5.364151211828808371e-07
5.535357411058406060e-07
5.830978879404702485e-07
6.007645796589920313e-07
6.641095639958129993e-07
6.610385296569274199e-07
5.451010976571939508e-07
5.716920671939311444e-07
4.943951759044766576e-07
5.475362177617494679e-07
6.094925520706254283e-07
5.777761427275408023e-07
6.072072518419302383e-07
6.245266572384078432e-07
5.585340959325503905e-07
5.325156829428661621e-07
5.936335106888983841e-07
6.667459997254963222e-07
6.158568225424517279e-07
5.667717687219672554e-07
5.517577939906623654e-07
5.641854230844365770e-07
6.444284576569667166e-07
6.472645736953997086e-07
5.959735167250167442e-07
5.248479416957792137e-07
6.583077195122446116e-07
6.429943465521475900e-07
6.341258256395858670e-07
5.204338353176600634e-07
6.149075931616141466e-07
5.271388335297876054e-07
5.582822558989017719e-07
5.933395382863617848e-07
6.137488771842584678e-07
6.720940454159232342e-07
6.791735191080106433e-07
5.528171588877872066e-07
5.540829171752678349e-07
6.861065784708021096e-07
6.560046480645391167e-07
6.212661875417527863e-07
5.896618672747431802e-07
5.329138814942147884e-07
4.688373365569882520e-07
6.390053051619180950e-07
6.250542398025227158e-07
5.833085234105378005e-07
5.202496584025628307e-07
4.997119410651391292e-07
6.167856634899540819e-07
4.864088043835602108e-07
7.366621816340922563e-07
5.410166636329421686e-07
5.347763940308660628e-07
5.430324971386662464e-07
6.117874531246003727e-07
6.643576422899664008e-07
6.099534204853564407e-07
5.474699932544367785e-07
5.677672206332854355e-07
5.728846861972980975e-07
5.925632223548373961e-07
5.550374587368399060e-07
5.141838646506584203e-07
6.032342648459499016e-07
6.481843012920895801e-07
5.077320238577319666e-07
4.905806068197282752e-07
5.983808367740069584e-07
5.751754609333557042e-07
6.042326482970937641e-07
6.634572005298086734e-07
5.919820639367175933e-07
6.427260762231604040e-07
5.388728269671565540e-07
6.381751721543038040e-07
5.572295404037000780e-07
5.718653229501052856e-07
5.311641652721253424e-07
6.116440006758269894e-07
5.613581878851279164e-07
5.609614872925863121e-07
6.448685769016845713e-07
5.998757174563624758e-07
5.293810046240161424e-07
5.925936088381777999e-07
5.597891054180049306e-07
6.496625446278624035e-07
6.745278273407445177e-07
6.523413878328609004e-07
6.270202205648142380e-07
5.929260841915539982e-07
5.544771132786886980e-07
5.511895071197912766e-07
5.897177398280022542e-07
5.824502490857542320e-07
6.582846324691327546e-07
5.273024197598646844e-07
6.038101135801182456e-07
6.538588867209246063e-07
4.973356415315736268e-07
5.344556939722913618e-07
5.406582306191900414e-07
6.088045795518217282e-07
6.364962768133286652e-07
5.731789141268331577e-07
5.973859886283197057e-07
5.066270231241573797e-07
6.596546917559809062e-07
6.427248846180150997e-07
5.526683447885709052e-07
6.198946181633845529e-07
6.065590408762864062e-07
5.299632438099313957e-07
5.951332664397358823e-07
5.360635499315515427e-07
6.610058926249727666e-07
6.639964775513252174e-07
5.774937592795701018e-07
5.804074153062158443e-07
5.273214188611840041e-07
6.367726050296836644e-07
5.718283099075480113e-07
5.270021813448026195e-07
5.657855844240447653e-07
6.313103365205688811e-07
6.587998871893340554e-07
5.991816901233440762e-07
6.392343133333633844e-07
5.874913804592295581e-07
6.048138869480410856e-07
6.603247726533700063e-07
6.932159060008811077e-07
5.917092278604303591e-07
5.680099516609067708e-07
5.710056939670037518e-07
5.513611233666795363e-07
5.985898193498237540e-07
7.091350059363051858e-07
5.782865825571841634e-07
4.837330517329682688e-07
5.397894974344824996e-07
6.087024401009961337e-07
5.959647989450485146e-07
5.829078340522948621e-07
5.533063640366033262e-07
5.106073951802656223e-07
6.223335250100733560e-07
6.175024195532793840e-07
6.311393940451779292e-07
6.713918632012336013e-07
5.765431441392796617e-07
5.308060661009737883e-07
5.604408909934350287e-07
7.101450998626891857e-07
5.788486648664788082e-07
6.207859643080676426e-07
5.389092844461960418e-07
5.109985805453207581e-07
5.156392706403751483e-07
6.115100329082118720e-07
5.754052143413423053e-07
5.347642391107012010e-07
5.236403353957099106e-07
5.843178544982189874e-07
5.761497610559980503e-07
6.131685576454809122e-07
6.589486038605762323e-07
5.567358624403758891e-07
5.714635982837982156e-07
5.630905047157501694e-07
6.385757102712675890e-07
