5.410462989804555155e-04
4.099670559207985502e-04
3.893379103359694915e-04
5.261685410072248397e-04
4.796233995212051122e-04
3.255624284793105154e-04
5.129602807566643581e-04
4.410860655001367660e-04
7.409040686397300960e-04
3.710425478314508061e-04
4.610804491199948260e-04
4.758303187046410230e-04
4.937198060098372089e-04
4.726357791788789739e-04
4.405000791319460323e-04
4.340586081872438093e-04
4.097872952520113690e-04
3.346946559177907485e-04
5.711266469910010642e-04
4.150528974982647902e-04
3.714307511157761434e-04
3.893211544036806861e-04
5.091436856112666401e-04
4.867701458966565485e-04
5.109339464259027991e-04
5.202022889550944346e-04
5.952612151596646398e-04
7.165862972321418532e-04
4.073711179544999136e-04
2.835585687436683699e-04
4.699299368282930075e-04
5.583588331548634690e-04
4.896102180385204219e-04
4.913786741769636014e-04
2.803663062751993672e-04
3.736238228896986667e-04
4.350916225176656429e-04
5.866448826498607419e-04
6.571045816568562951e-04
4.109797821548810204e-04
4.303233342081722382e-04
3.742880067347266731e-04
6.241867176530601236e-04
5.389823303617236787e-04
3.509031531720052557e-04
5.120936903197738149e-04
4.680190584557757756e-04
4.937853294832297108e-04
3.109798782849214805e-04
4.928411172462548529e-04
3.141736925854917263e-04
4.346579040230174381e-04
4.495037376956340395e-04
5.447020634677626110e-04
4.814989663945530487e-04
4.164589756306009147e-04
4.161792103031350691e-04
5.751862879835383750e-04
4.699697813265122097e-04
3.500483309061992992e-04
3.745092110340913810e-04
4.618306949994979899e-04
4.863479308052406479e-04
5.924871116233532955e-04
3.912905459673554479e-04
3.083791853127001450e-04
4.001240105534292443e-04
4.559797546858163552e-04
3.984924178755418060e-04
5.006277243504411896e-04
4.939682822612292664e-04
4.378750452793097659e-04
3.629506736369612213e-04
6.095233921276451859e-04
6.067825187955540886e-04
5.915997291063633361e-04
3.349919363615359207e-04
5.220243624479927900e-04
2.989686183040665712e-04
3.303994716019088840e-04
5.321326653678551529e-04
5.407014384069864805e-04
4.803005801954172288e-04
4.512545761103267075e-04
4.480345367236039699e-04
4.714574831462429528e-04
4.503368601153475087e-04
5.125645879788762746e-04
6.305901678574535145e-04
4.121567881239890873e-04
4.006747743476860219e-04
5.399327784992682174e-04
5.342495322788483715e-04
3.963053221093456604e-04
5.744700793031293782e-04
3.486094466700947873e-04
4.312454483654761710e-04
3.835431955361584154e-04
7.229412536950859374e-04
4.709197963320840234e-04
3.365990214747300148e-04
5.811176895965154427e-04
5.523855070890956124e-04
2.589774122945046053e-04
4.040543693951325829e-04
3.112862250487284871e-04
4.864058798349696669e-04
7.160980858306825953e-04
4.962974142748910120e-04
4.098366716646092501e-04
4.352408973564607722e-04
3.802904925297028197e-04
4.482824512567331948e-04
4.475239059037228228e-04
5.285011440709056103e-04
3.407529879815339793e-04
3.356889993968488624e-04
4.939910337433907252e-04
5.018016228514965774e-04
6.526979911765319522e-04
4.098265023233464547e-04
3.569373664447372265e-04
4.218918978853044405e-04
5.453015642976794279e-04
3.904106951349098093e-04
5.817206925736656065e-04
2.944318520232900292e-04
4.988916867626693070e-04
5.592092990538931590e-04
5.078406968325074574e-04
5.073075076667491606e-04
4.154971144892435756e-04
5.993987398562965717e-04
3.355201246408911001e-04
3.649266662638996376e-04
5.759456430730105483e-04
2.630972334087122852e-04
4.338695721476873847e-04
3.596453796619674629e-04
4.301715396128069375e-04
5.134004377291525234e-04
4.877714531022760928e-04
4.142864214318602045e-04
3.244921652459631899e-04
5.844584953178380083e-04
4.955203176380928564e-04
4.518862043656635282e-04
5.273216642074688397e-04
5.338371140006412888e-04
4.545561068552956652e-04
3.341690359014958520e-04
5.376128277950201683e-04
6.250852047628520152e-04
4.109379582740656754e-04
4.569242854441192330e-04
6.010338017528158881e-04
6.288454036805512810e-04
3.140542032209101236e-04
3.987614605711835942e-04
5.997302220889495859e-04
5.718626425595942043e-04
4.334040290379340306e-04
4.335327179780857666e-04
7.032090403715102753e-04
4.105199649906444981e-04
5.053592180429216469e-04
3.045412004297002586e-04
3.490833948019376478e-04
5.193479297601554488e-04
4.975523728816612671e-04
5.032497685631163531e-04
3.647271035187916489e-04
3.937109488493343050e-04
2.640953557374131036e-04
4.686759636361682510e-04
4.548939127434785054e-04
6.466439013504079623e-04
5.464967526301234193e-04
4.105265355594789594e-04
4.569854846849956192e-04
3.596824494977176961e-04
6.902423631052242558e-04
5.826802743832534479e-04
6.167899681195180032e-04
5.295321489644609766e-04
4.261649470196788030e-04
4.410302477402433291e-04
6.821708465844003024e-04
3.907714236645999737e-04
4.628957194807962355e-04
3.299387586155445667e-04
3.738645243594145148e-04
4.654758137117873747e-04
5.524112388885898386e-04
2.335374150149758870e-04
4.579095377225916017e-04
2.897988687651637777e-04
3.814961568330351056e-04
5.488026792405295258e-04
6.280576402921910200e-04
3.782139052335575661e-04
3.411133703712383833e-04
5.845080896450647765e-04
6.001224692249187108e-04
3.789113397465962039e-04
3.819557047250156053e-04
3.378708689713011545e-04
4.459443300879697460e-04
4.158083138434470402e-04
5.263027984418833325e-04
3.359845089471360092e-04
4.966535740414271347e-04
3.615745237687502996e-04
5.961375918526385688e-04
4.758474503431963276e-04
4.807024029166315432e-04
3.245430192278877276e-04
4.193019294276962260e-04
4.894503377233132887e-04
3.923880434381251921e-04
3.878781992395457351e-04
4.200837252330606947e-04
6.438151044243821744e-04
4.035975653392159302e-04
3.411178412739147825e-04
3.418508814789780140e-04
4.227242738974705950e-04
3.836886442087986951e-04
6.054640599097979364e-04
4.334983020192142598e-04
3.991432216506027894e-04
3.840533150844282519e-04
4.202248054705485700e-04
5.378931538416692297e-04
4.893949608741965992e-04
4.141264755447483944e-04
4.335035880315809610e-04
4.694375213264752192e-04
5.148406742672086058e-04
3.640043987453097946e-04
3.502412284869462107e-04
4.612265234083057566e-04
4.870278079900528054e-04
4.306354260260752704e-04
4.063715725955907771e-04
3.448660123030125460e-04
4.875451357813132577e-04
4.199587862129339558e-04
5.939735519394568394e-04
4.563188270176507500e-04
6.156378671225818961e-04
4.225772831678514070e-04
4.378578206994872030e-04
5.384766534764619337e-04
4.607504032353468650e-04
4.361529013372852253e-04
4.479054833092633399e-04
3.809354485803953744e-04
3.066243962634265558e-04
5.367834291309602456e-04
3.792815794381275006e-04
4.750373933030201828e-04
4.961169700878329848e-04
3.908840909566191151e-04
4.067175444348653706e-04
4.173310087938076479e-04
4.647858995548583938e-04
4.397275922189129065e-04
7.047219138974397711e-04
4.103192645341562713e-04
3.888977821190511917e-04
3.560296213101754570e-04
5.150885737590880096e-04
3.039778729439800479e-04
4.607237649367942585e-04
3.161391498540931677e-04
4.881368704645827009e-04
6.334858570892619055e-04
4.168149144255004867e-04
4.018414031975044132e-04
3.913315086138772223e-04
4.557054316918424716e-04
3.818571443880020835e-04
5.196001607990842789e-04
5.600066769768967867e-04
6.595922581185461459e-04
5.143933925229016938e-04
3.452745311472747236e-04
3.886297516837255539e-04
4.490264144690857273e-04
4.437030339132530554e-04
4.597201173986543792e-04
4.017284707143876205e-04
3.532823896459877941e-04
3.078367562132769734e-04
4.530761518664933496e-04
5.005831750719755540e-04
4.764860283206373169e-04
2.724819954990899905e-04
4.699249157517481766e-04
3.328347140927361740e-04
3.888668795306786754e-04
3.893409483654690644e-04
4.096404075860327022e-04
4.402784981413404618e-04
3.143269517502303564e-04
3.119187980281720317e-04
5.448213952462764836e-04
5.009552040379950267e-04
4.900449307589692730e-04
3.576008106848720071e-04
3.532041600065931818e-04
4.428495855973735317e-04
3.536484367652736058e-04
3.386368830299306583e-04
4.671546468337841327e-04
4.709206460805329835e-04
5.231856043326874213e-04
4.912641511038775026e-04
3.684645257943118860e-04
3.350790299464352596e-04
5.833334059964533688e-04
7.480834495754590816e-04
4.702060015208792110e-04
6.237943791298063232e-04
4.387225366027602239e-04
3.780909808261861461e-04
5.233411422122847840e-04
4.302253727319430834e-04
5.733555418484352628e-04
3.508679953619043223e-04
4.147233507246187605e-04
6.315002508364545887e-04
6.343306534651279357e-04
3.394516081652702594e-04
3.407123303565642749e-04
5.342390594662341750e-04
4.895478252705003823e-04
4.258850080076549563e-04
2.995447508507179221e-04
4.014396389594277023e-04
5.383137836310387557e-04
6.277905383853892539e-04
4.735506168304979657e-04
5.054747492122322987e-04
4.411386947482657432e-04
3.754333725070501033e-04
4.977399065799556098e-04
3.872185287998489525e-04
5.182027633228472553e-04
2.347058313573174707e-04
4.146599075115901833e-04
3.171107811919098300e-04
5.280766636341651353e-04
3.934495426347399101e-04
6.119660690152228192e-04
2.643056406628543084e-04
4.868560054175050697e-04
8.263631379092559442e-04
4.735089724824941438e-04
6.202170096866542037e-04
3.370240932677260118e-04
3.628549567827363915e-04
4.497382652947806464e-04
5.060162037319491457e-04
5.274329013708661720e-04
4.567560243790750956e-04
4.169209516153573550e-04
5.509741096432798886e-04
2.011298993759908958e-04
4.215812671549047262e-04
5.451181457768894010e-04
4.485968869997811323e-04
5.639365565572484378e-04
4.233615576488422246e-04
4.591979086569200532e-04
4.558463921364102971e-04
4.938115326807872079e-04
4.620201857981748035e-04
4.275574923326858089e-04
5.143858788787579808e-04
4.124810326564887566e-04
3.981125434149990336e-04
6.976245711323507100e-04
3.966423773296407873e-04
4.534722706615858744e-04
6.287721800933537396e-04
5.456929349345242958e-04
4.171107935839487679e-04
4.362847392643781738e-04
4.281326761520913072e-04
2.808752077060985061e-04
4.150374366783206640e-04
4.591062017358496831e-04
6.209507739115410763e-04
4.536770493715747946e-04
4.338906040556850642e-04
5.335338026357355334e-04
3.908589332466661480e-04
5.480776762896317220e-04
3.202127651267775311e-04
3.213606403992286817e-04
6.653309637170009509e-04
4.549625852714110326e-04
4.247657016129254351e-04
3.331635733947325550e-04
4.569908889979437281e-04
3.855339240168723178e-04
3.678008625961805148e-04
4.887441657333461498e-04
4.647468490216285944e-04
4.606388164279862822e-04
4.671533596472564657e-04
5.282763503301859172e-04
3.827609599792517457e-04
3.857375529598009237e-04
6.152477120865802122e-04
4.752418501742449136e-04
4.310260943534061540e-04
3.995188252072520512e-04
4.641977654781171054e-04
4.002428879994728169e-04
3.691695223036750031e-04
5.859575706688546336e-04
3.641917825062438124e-04
4.795207686998981039e-04
4.382441766462547668e-04
4.472089557071379858e-04
8.606358631524771213e-04
6.067311654693369107e-04
5.475116253888639420e-04
3.183266811367111218e-04
2.990453614778682077e-04
4.233093331235756218e-04
4.615342282079507356e-04
4.880119991802467881e-04
4.229657958218014432e-04
4.084810728981406840e-04
3.589456473029932156e-04
4.253806185104324830e-04
5.750477167242612920e-04
3.507905410413739416e-04
4.482492117865574319e-04
3.513108373432243491e-04
4.602926540841531630e-04
4.253295089367961418e-04
3.955419838802077333e-04
5.156072270141523342e-04
4.268612471657406786e-04
6.033223316944052268e-04
3.699717629858305205e-04
3.734045598096571040e-04
3.716552716215801863e-04
3.751477937140148601e-04
6.313984411986316939e-04
4.824056868973334872e-04
3.857268125910401097e-04
2.563418856369003955e-04
3.034252202408936811e-04
3.777133298334374792e-04
4.269181856741920394e-04
3.502392438750793840e-04
3.373871114187889904e-04
4.216979255670873401e-04
4.230396112351459390e-04
6.641127146318680187e-04
3.735108518134604995e-04
4.506635587184048392e-04
5.535661415784292293e-04
3.652827100389564809e-04
4.712729298862221240e-04
4.274003770763831734e-04
4.409964561866158033e-04
4.876517523306086966e-04
4.329004033714821636e-04
5.798109058804657399e-04
6.036652342917413639e-04
2.832598119811795658e-04
4.360669801911033414e-04
5.063453443788614242e-04
5.303765033071057827e-04
5.027898160562794226e-04
4.900796794475543528e-04
3.704602167148920446e-04
3.291180006648495118e-04
5.429110687353540850e-04
5.839278208917903423e-04
5.470804059239612466e-04
4.228157410738241561e-04
2.780716089884609655e-04
4.440271980197942970e-04
4.533580004965225875e-04
5.702419431832264846e-04
6.807604623389287325e-04
5.603956462570246645e-04
3.603320268971559894e-04
4.948447624014947269e-04
5.787649450395794190e-04
4.745201219060257236e-04
4.554234485134135767e-04
3.843071785341726533e-04
4.740787386237571652e-04
4.241223307416103444e-04
4.452251159829606966e-04
4.366959295166629321e-04
4.975630383842861125e-04
5.232445959920291323e-04
5.209795558140287814e-04
4.055240221343359109e-04
4.145931610192544548e-04
4.173612335722556572e-04
4.824563695354344012e-04
4.929133524714685586e-04
3.521536682091117552e-04
5.768160130379994602e-04
5.423863495016184632e-04
3.705692158716478776e-04
4.258646027737741729e-04
3.533069430946629737e-04
4.383981104284031291e-04
4.589693085840213351e-04
5.038736565700241031e-04
5.160930770099995263e-04
2.652957563157956090e-04
5.140426674727760882e-04
4.197200846726821684e-04
5.309994448787219582e-04
3.330210134668761283e-04
4.484157806549117758e-04
5.153988720243957546e-04
5.530672346567538488e-04
3.695092526118318047e-04
5.537627245059119309e-04
3.081138657154048493e-04
4.803438224880403947e-04
4.880913446971056700e-04
4.764128457634538515e-04
4.766417094101518576e-04
3.764191223483705456e-04
3.817634189879811615e-04
5.303932325316665451e-04
3.496066346527960554e-04
3.404612353794977584e-04
3.634474293725418938e-04
6.806698450506926817e-04
6.516113747494527890e-04
5.595132546986819394e-04
4.078930850964637223e-04
4.086806291455394010e-04
4.779657772913359598e-04
5.332526318269217381e-04
5.236196580792084384e-04
6.183514538333523573e-04
3.662821204075407096e-04
3.210952050263737281e-04
5.096047206733355511e-04
3.988070939760113721e-04
5.934914073153941139e-04
4.450563161699395021e-04
3.841112318424031542e-04
3.741469059105407072e-04
5.949961308742727703e-04
5.052075443347217500e-04
3.037229955992863119e-04
4.694400976733233729e-04
5.609047509544752346e-04
4.852663680789789024e-04
4.629330181124743644e-04
2.638326707928444247e-04
4.194041793306023001e-04
3.720035121400594013e-04
5.997987451194665811e-04
4.771085631363764109e-04
5.113983037474783807e-04
4.501396767342051943e-04
5.478767169938959878e-04
5.094787815700919063e-04
3.556781886618066687e-04
4.738041457288951299e-04
5.819436361433377898e-04
4.545947080754946185e-04
5.665138577108224391e-04
5.441062201037433210e-04
5.989042603824264871e-04
4.115111015454600129e-04
4.119129443200399794e-04
3.461854137695065522e-04
5.198507522778803751e-04
3.503654732179780381e-04
5.532092857297790656e-04
3.277685646867194050e-04
4.224982286649477548e-04
3.779464983048263734e-04
4.187160219495707626e-04
5.381882261858434834e-04
5.564987513223275915e-04
5.281893283617319912e-04
3.906948874254579577e-04
3.526509583981753083e-04
4.317251816203534587e-04
5.177157172812711346e-04
5.542397104694287216e-04
2.964349710005291559e-04
3.815343646944099215e-04
5.885790533994361218e-04
3.721477017790604004e-04
3.773262580879594092e-04
2.931316165073689418e-04
3.819779589050464365e-04
3.328070979490069920e-04
4.962701614718508002e-04
3.926761077141241387e-04
3.811051683550237333e-04
3.855043901582954832e-04
4.230698524173579834e-04
3.241100745869244853e-04
4.737480262630938232e-04
4.445776230549935938e-04
3.656243575784859129e-04
3.740893014908046278e-04
3.330504840270455402e-04
3.843361065245540849e-04
5.232478005115070302e-04
5.303486751369189574e-04
3.778373841173030229e-04
4.266305372947940509e-04
4.469235304097841314e-04
4.289482528565590554e-04
5.419228377810952771e-04
4.148724911615522338e-04
3.036851303524001422e-04
3.504817342724572704e-04
5.131647179563803094e-04
6.537916211827732174e-04
3.243618325188040645e-04
3.812078291943836179e-04
4.704001869214969938e-04
4.131205664541698136e-04
5.077171590599539874e-04
3.771833031360360858e-04
5.726567103703488620e-04
5.111022154305864965e-04
4.013741332080166349e-04
4.046969280060146060e-04
5.328951670070092685e-04
4.450456804150250282e-04
4.685427600887965508e-04
4.805857180246987876e-04
5.136646192742315518e-04
4.348885832415871617e-04
3.996695167302979934e-04
6.058511682542360886e-04
3.215061159880705966e-04
4.611969108671026439e-04
4.927914372681150732e-04
4.873820938827469712e-04
5.156203583643640623e-04
3.465860488459799054e-04
5.286757866138309730e-04
7.348858401499201286e-04
4.130771775165569307e-04
3.116279012551255727e-04
3.058891039599280124e-04
5.032056638144126763e-04
4.687714948531441269e-04
4.308361541557607813e-04
5.737732387048402605e-04
4.255307678641721218e-04
4.623784441466454571e-04
4.033323632309156756e-04
4.462340790727557728e-04
3.783947220961318540e-04
4.796054092948634907e-04
4.420578915978844300e-04
4.290667239352268978e-04
3.151777141447339981e-04
3.339811490799798194e-04
4.135774409249324580e-04
4.415080415957108864e-04
3.565069665128235287e-04
4.705851949840540575e-04
4.046506307802329476e-04
3.618899721787569891e-04
3.617676757696752787e-04
5.503963693778293016e-04
4.274048701627031124e-04
4.529993991736513720e-04
4.266902822674626273e-04
4.505610917501433289e-04
4.503143025517594689e-04
6.987822633098135202e-04
3.730067764519073262e-04
4.044475694646105027e-04
4.868363121623592608e-04
2.818487453220365805e-04
5.575831089011839192e-04
3.639819967660878376e-04
5.373384751495317510e-04
4.362557597956453754e-04
5.131478817271744935e-04
4.052455087214330755e-04
4.461052746287603511e-04
3.508463489607110573e-04
5.621298510375552851e-04
3.286332460240716079e-04
5.469403340297787630e-04
4.065975755681017754e-04
4.985481952753414948e-04
4.985035609838092859e-04
2.676952958992177573e-04
4.645170308508603978e-04
4.313885920633913121e-04
5.000990650438211834e-04
5.327868333199079149e-04
4.692087494825243122e-04
3.443983079821614124e-04
3.720012298638868814e-04
4.726885119214822265e-04
5.991718845680812314e-04
6.512154354911070617e-04
5.214856017368453816e-04
3.963191631095395583e-04
4.093506416147490719e-04
3.391738661511838298e-04
4.657511963199421619e-04
5.449416813248272439e-04
3.832369953683189244e-04
6.104799477837225246e-04
4.622852779990458717e-04
5.774996897491782187e-04
4.607558292237334363e-04
5.133537874064620027e-04
4.505481454271121895e-04
6.208152490513747226e-04
4.670187774003235108e-04
4.145499764128377949e-04
5.068282148752648996e-04
4.484639907906321746e-04
4.299554608867934506e-04
4.942932596745475225e-04
4.187725827444150955e-04
4.132868762010817555e-04
3.513066432409697802e-04
3.652962077602437763e-04
3.683656207499964906e-04
5.065668652787817458e-04
4.696448449620740147e-04
7.214366052338539153e-04
3.877292231102983169e-04
4.595081626262679944e-04
3.508844331890490680e-04
5.120050749724795605e-04
4.213117356517068202e-04
5.392900213763398209e-04
5.201914097195556265e-04
4.714865441937436349e-04
4.049788204125305113e-04
2.666030933034479436e-04
4.013051853135195962e-04
3.525523182554457144e-04
3.730517006718299129e-04
4.610127532638113625e-04
3.347052351768823914e-04
4.334148091868240678e-04
4.506729358709493649e-04
3.308437293173920046e-04
4.522947330368634719e-04
4.391245527879419322e-04
2.791377724052683204e-04
6.059889679925188361e-04
5.162717797412689526e-04
3.776261272009020392e-04
4.434046439978606797e-04
4.243587651917265558e-04
6.619487610607971591e-04
4.779224447401391753e-04
4.124452025867439832e-04
2.820771675829504359e-04
4.301263938130037677e-04
4.658582383924332192e-04
5.113779859264200745e-04
4.865311555972381182e-04
3.614791007425384429e-04
3.914717595138859810e-04
4.403325736791324492e-04
5.136972275996858680e-04
4.898278628586824786e-04
2.835584009128195963e-04
5.038663224269532498e-04
4.505271748220470752e-04
3.210025354774004042e-04
3.934124993837115141e-04
5.061062289461913059e-04
2.656142597090623155e-04
4.925122065212124206e-04
3.774953550252809192e-04
3.478463807380855529e-04
3.347009819671302260e-04
5.194709560339366532e-04
3.799246480118838071e-04
5.848753808502327525e-04
3.816116621227661908e-04
5.783231766189134496e-04
6.056758271910177944e-04
3.369444124829993541e-04
4.079004126929587941e-04
3.208898239917481348e-04
2.717778015550813796e-04
3.418303231878949558e-04
5.937971105037006658e-04
6.073724234548272044e-04
3.414474845957503400e-04
4.297462027757200449e-04
3.529286672796200339e-04
3.886028919360947427e-04
5.144300596146623474e-04
5.565357261200808755e-04
2.948292609686454352e-04
5.764011441416678257e-04
4.303435812964707258e-04
5.102920275823097807e-04
5.616478665490023383e-04
3.966635843541884169e-04
4.466518212561440939e-04
3.704263131366085284e-04
4.094405771104109022e-04
5.883094419044420428e-04
3.726493449192350626e-04
4.464453846343893468e-04
4.677163757524704988e-04
4.817555187733199812e-04
4.755749100421318050e-04
4.968338559853026229e-04
4.795984976266241774e-04
3.251393657954768676e-04
3.684403383656671260e-04
5.180816006322771930e-04
7.247651703659072986e-04
5.328677433419032414e-04
4.490036901959994849e-04
5.981034258933632221e-04
5.032444275799508515e-04
4.656353335937301100e-04
4.037317340991738112e-04
3.567584353760275902e-04
2.650548791817185570e-04
5.207473962078650260e-04
4.539520407306648600e-04
3.902717305974266098e-04
3.710164349688857793e-04
3.725072692670068609e-04
4.742532732117515633e-04
2.820951456232945664e-04
5.080845732357468572e-04
5.163841076082250053e-04
3.387311895195233859e-04
4.116347710235500421e-04
4.695557876534027053e-04
5.455464118792729272e-04
4.899930663418190649e-04
3.586815339756533163e-04
3.317045688567067966e-04
4.981099939096610054e-04
3.372767623841047544e-04
4.766389953726222562e-04
4.121715832865264681e-04
3.608677259007765127e-04
5.106751325071646769e-04
5.177693012382993424e-04
4.882525484157941142e-04
3.451896690422217207e-04
3.835460242802049796e-04
6.044618995088141527e-04
3.863875833649385214e-04
4.054092552091873003e-04
2.525559119162390921e-04
5.312005558345325989e-04
5.548488415658963269e-04
2.811748254275254588e-04
4.235491436899696516e-04
4.153807895413006899e-04
4.338433984435116370e-04
4.625557332043679529e-04
4.790664405275365384e-04
3.791187214454050012e-04
5.880696866572789798e-04
3.593961741707713919e-04
4.112974189213237128e-04
5.166081843167180275e-04
4.325091601794283985e-04
5.699205335831748417e-04
3.953153727815862857e-04
3.408386259724233017e-04
6.702032871400239638e-04
4.559407170188591106e-04
3.974412845530316961e-04
4.421440429456460633e-04
4.898574486339351327e-04
4.085635684847349516e-04
4.529863307172293753e-04
3.844656259964969480e-04
4.500057983306935024e-04
3.010066519968937417e-04
4.463043186567084027e-04
4.602729303321281351e-04
4.608656152469653802e-04
6.597083316080378564e-04
5.751113134794257975e-04
3.992469436595814307e-04
6.135671135398084982e-04
4.014297861702346201e-04
4.079292503138126093e-04
4.453410877998008268e-04
5.993888738057143780e-04
5.358576034222230396e-04
3.524928213439162592e-04
4.213378606123140873e-04
4.212505526745579407e-04
6.521459924472888716e-04
3.994156924359158669e-04
5.747479631255909089e-04
4.366599393044119691e-04
2.900169553770717075e-04
4.321734067187537253e-04
4.982069340737211010e-04
4.500421954373690320e-04
3.981210589865102618e-04
3.456810254811024975e-04
4.775334210385988798e-04
4.113799109063388218e-04
4.525184796340237479e-04
5.952182618636785334e-04
4.880635231304279254e-04
4.802572012376471987e-04
4.606402518767992648e-04
4.293153570048000088e-04
4.075533772891198740e-04
4.004115732247531855e-04
3.314508258787866976e-04
4.563387389867169601e-04
5.367417309765355705e-04
4.147868116599862879e-04
5.543310079815719216e-04
5.076717078762662963e-04
3.621533386202177357e-04
4.419181852644297939e-04
4.169965022445261773e-04
3.387738083448124226e-04
3.209208449055700246e-04
5.126564995650322509e-04
3.721144174591471069e-04
4.424236671304972775e-04
4.240608772920508290e-04
4.246651121161631017e-04
4.055733826380773115e-04
5.595370962642399939e-04
4.315567935270527011e-04
4.090735385663976740e-04
3.595377978128848719e-04
3.636100979416272442e-04
5.829307144182977992e-04
3.433071400118739461e-04
5.628555201100776369e-04
3.961192046596794555e-04
3.803391214058181704e-04
4.865247351928971269e-04
5.867295028199453208e-04
3.246728686765211480e-04
4.229127891080435085e-04
3.877214819601222532e-04
5.747162297218154272e-04
4.808843341015873779e-04
3.271821513589469408e-04
4.900320322354858194e-04
3.114377213649873496e-04
4.022650577084393303e-04
4.715169085230892830e-04
5.676520323112252886e-04
4.827753058919155961e-04
5.105529307165852359e-04
3.697854955260859548e-04
4.358875562584892311e-04
5.489942847978387637e-04
3.988982336711518876e-04
5.388838426779236261e-04
5.304583314999605477e-04
2.738509219697402605e-04
3.877760861894234321e-04
4.757687813850493860e-04
4.667126726638905578e-04
3.068790929169181651e-04
4.729202249735937284e-04
5.142872677806379321e-04
3.951151503866931979e-04
3.285874041220878208e-04
4.715569948032029041e-04
3.902843149335877455e-04
3.084699173674810961e-04
5.549654817283613401e-04
4.888196862719314641e-04
4.238499863416177161e-04
4.610766617088116475e-04
4.351975880469680677e-04
4.051454041628170760e-04
4.283634888926117425e-04
3.925461171350559057e-04
4.820337404652436293e-04
5.953411224723953888e-04
5.850394443551766577e-04
3.971399682272187446e-04
4.000620488495435162e-04
3.110649986486733066e-04
3.929701148035107464e-04
3.031009079598158342e-04
6.277356565023372269e-04
5.422538616929322049e-04
4.626968898330450467e-04
3.177334422774664969e-04
3.451754859737373002e-04
3.365283230711240531e-04
5.196283620248420224e-04
3.062657683440415035e-04
3.326065160086930702e-04
5.748740685054106120e-04
4.157459198373230887e-04
3.114873014650902986e-04
3.908105072440400183e-04
4.526528219133326976e-04
4.872802174840892603e-04
3.962091594039663322e-04
6.170373899378542174e-04
4.832542945764149831e-04
4.834412219886525934e-04
4.716944083561181128e-04
4.998683878744897887e-04
3.319130942688363131e-04
5.518102248742149697e-04
4.050796554209558191e-04
4.635604650074974737e-04
8.069153939140975840e-04
3.476205101159416571e-04
5.732657774550065088e-04
4.086033204450730959e-04
4.233797534990818004e-04
3.956562730196786773e-04
4.050447261843171266e-04
5.492718982074403303e-04
6.094369022202989969e-04
5.989703990817884420e-04
4.236723487012845272e-04
6.393653820358832091e-04
6.410160422216114101e-04
4.744237742834851680e-04
4.860718183704406162e-04
5.467722403778520115e-04
7.009567420014924501e-04
4.370397491967455638e-04
4.503209381170381921e-04
4.284871979569820433e-04
4.813984888678255218e-04
5.227558350080447691e-04
4.048092917863768594e-04
3.237969896587035673e-04
3.282785623501113998e-04
4.483122966747334721e-04
4.657546681893228011e-04
4.402292008908307067e-04
6.686062560785434360e-04
4.804538606067197204e-04
3.999584827272360137e-04
3.965780131727705154e-04
4.607640521817336606e-04
5.789526378048365967e-04
4.295289157131795842e-04
3.652649440786816769e-04
4.389771050394121812e-04
5.599818304561780856e-04
5.337074996625934369e-04
3.927908720949799563e-04
4.188594950882624287e-04
4.984717355024690473e-04
4.002868995413093019e-04
4.011519803490149480e-04
4.375172822212636714e-04
3.311579303413387447e-04
4.842620701208381244e-04
4.551495414880916859e-04
5.296794032657936102e-04
3.547879022613715356e-04
4.130513954672922683e-04
3.344009442121067188e-04
3.730257672997187445e-04
3.420240217854690623e-04
4.176680522733555116e-04
7.340502024851857168e-04
3.708769606781993898e-04
4.719014015367101254e-04
4.307180301162323349e-04
4.484078824102072998e-04
4.777423071277177020e-04
4.255149375420888775e-04
5.687569991448146412e-04
4.117868571083747029e-04
3.117714383038718961e-04
5.147850564011342226e-04
4.961972504264776027e-04
4.183288278243528870e-04
4.719890829548887504e-04
6.040199172160196257e-04
4.921068141809812821e-04
4.109222825507555590e-04
3.903411303675916088e-04
5.392872965921117123e-04
5.088890188860374815e-04
3.622412901861310551e-04
2.905124473411516833e-04
3.182995028895003564e-04
6.513225971330725578e-04
4.626292068017053634e-04
3.591665068638881650e-04
2.402730145784236139e-04
5.055848066410747934e-04
4.403296638683279777e-04
6.060560129379465033e-04
4.374168233598818350e-04
5.231269071545412153e-04
4.150307485051335141e-04
3.679797722008782139e-04
4.803926143173271011e-04
4.382671222027504114e-04
3.182084467498225741e-04
5.209699553770643851e-04
3.960793394717570474e-04
3.099027703475204488e-04
5.185942975923796012e-04
4.787936381729327199e-04
4.917906775019387526e-04
3.393635192788588143e-04
4.437499536378426397e-04
4.469287788261330622e-04
4.166676447013287947e-04
5.981768364353482435e-04
4.245261963238586398e-04
2.671853841083656356e-04
4.899253919915608430e-04
4.707641385966183207e-04
5.884387937654811255e-04
3.284161517012000446e-04
3.930261966733425839e-04
4.695374681325641944e-04
4.202395410555160768e-04
3.125049868737917944e-04
3.850925295235862935e-04
4.735819118908991539e-04
6.725832153820109809e-04
4.496458425933822010e-04
3.888773254362081302e-04
4.595390862699290455e-04
4.201111117175725064e-04
4.767884545675460557e-04
3.881864271766646466e-04
4.246027150884756820e-04
3.053621934256889802e-04
4.625841118153126933e-04
4.315018923796910171e-04
3.023161076382130776e-04
3.712381226869452644e-04
4.601637645113023875e-04
4.479232519024131274e-04
5.096471189891979515e-04
3.517019787530463286e-04
4.164833554045793999e-04
4.337245097550910264e-04
3.780035377555236698e-04
5.112251026476027915e-04
5.594272202136398942e-04
5.225284598411745465e-04
4.351235483236653230e-04
6.017152295309653688e-04
4.720497321498795073e-04
4.678623310398866250e-04
5.687338551919572660e-04
4.754132713742772673e-04
3.814644367321355146e-04
5.013952637619047527e-04
4.067262212996406085e-04
3.451169179293617196e-04
4.849825994438923234e-04
4.960870932570294678e-04
5.890772439902917544e-04
3.652426024564505553e-04
3.987335081045831125e-04
5.161914506208055810e-04
4.009811207220272795e-04
3.404902060238338855e-04
3.766023067422713641e-04
4.414902660793576603e-04
5.809783229981041811e-04
3.447495156967714616e-04
5.101551178488861237e-04
4.592660696532079555e-04
3.708026289945123908e-04
4.808643709554899677e-04
5.065650890014293268e-04
3.402338567710895198e-04
3.540968090594111880e-04
4.691391414607590498e-04
5.311982295601084224e-04
6.871994764228530912e-04
4.830278534886781917e-04
3.718858039461228030e-04
3.487297755421963686e-04
4.993005027398980450e-04
5.097666190304474916e-04
4.697737832452143357e-04
5.855105299818273278e-04
3.057180830820203379e-04
4.073056205149662911e-04
4.300635273573948461e-04
4.147363103335559666e-04
5.180583252266399499e-04
6.182103352302957848e-04
3.644383061645108677e-04
4.212596294767861254e-04
5.206481515437396540e-04
5.222680207210662418e-04
3.211295974335167422e-04
4.174233204568710454e-04
5.194876585769433140e-04
4.587424436517280866e-04
3.741192900256622459e-04
4.087015481196927297e-04
5.026111294110872365e-04
6.453993629576864266e-04
5.157226531801196176e-04
3.199169151316148601e-04
3.279913337037089504e-04
6.366371913373837727e-04
3.989582263049158174e-04
4.420272064049920579e-04
6.211988710769820272e-04
3.957199780564933764e-04
4.215683204902715146e-04
4.144620371443340397e-04
5.132507636075924482e-04
4.118149270294579022e-04
3.689600401247889534e-04
4.034759014102232469e-04
5.902281097245456803e-04
3.358369540708787794e-04
4.518734591305473714e-04
6.347416923013960875e-04
3.959157662581776703e-04
3.664442423067732824e-04
4.254773317349666508e-04
6.486068264409006624e-04
5.280009345130447880e-04
3.342430069484319741e-04
4.997216332430668784e-04
4.073757057315302577e-04
7.279382040957504138e-04
3.118967297349672062e-04
5.153245257160874717e-04
4.184195746668342535e-04
3.978121687728841693e-04
4.187721268037688008e-04
4.773174692911003893e-04
6.774869304760330673e-04
5.567144702594622671e-04
3.410286848551419454e-04
3.909487488072349256e-04
4.462700775845978934e-04
5.791921696217958507e-04
5.752288814096100144e-04
6.211423443110699813e-04
4.492984322142972776e-04
3.645077670696562455e-04
4.819005195117827180e-04
5.296002100833235382e-04
5.310267411640722619e-04
5.360808888470847784e-04
4.729608070625045796e-04
4.024094279758157590e-04
3.217089970408383223e-04
3.638976569501358544e-04
3.824881903658539409e-04
5.686655316212588327e-04
4.193357530432235449e-04
3.871761781271467482e-04
4.558800200691046686e-04
5.032418906667961503e-04
4.087249433206361347e-04
3.332959186814780038e-04
2.930755512346157419e-04
5.367172286657711372e-04
4.558287041739739870e-04
4.165218536989067515e-04
5.220796082060540425e-04
3.682889703613107077e-04
5.022657440079149587e-04
3.716593104121127217e-04
4.079829185585895270e-04
6.113856402494354881e-04
3.798068559011143620e-04
4.743938961366508163e-04
3.481066296791875798e-04
4.505039222807286146e-04
4.573150819720431617e-04
3.306652410200063680e-04
4.692055490428803785e-04
4.611989049164799768e-04
3.703159360890655497e-04
3.791287600195447009e-04
4.596543092975609660e-04
4.224742562390564429e-04
7.044607199187210601e-04
4.238824683035306027e-04
3.246109940203549841e-04
4.549885253122330320e-04
2.917013610584018768e-04
4.161020835195024118e-04
2.770433473253113444e-04
5.015757102062472000e-04
3.889746574974540985e-04
5.230135758083088180e-04
4.407808342368380213e-04
5.009464462556136770e-04
5.434460385755553484e-04
5.003012680619800361e-04
3.446739940209343420e-04
5.071358505758183583e-04
6.055144723320216157e-04
3.721540017884630153e-04
4.467074297252018921e-04
4.545449696245951643e-04
5.197381310569286050e-04
4.484766945660267705e-04
3.648690788199434438e-04
4.004453260806430971e-04
4.597475117943803551e-04
5.346928036723304226e-04
6.201139603462614341e-04
4.514758502873989854e-04
5.310005804754375789e-04
4.190307051855527787e-04
6.097852182050308165e-04
5.911582516152624192e-04
4.421059871229799645e-04
4.970318141289452405e-04
6.287275531227567299e-04
3.533629271794802421e-04
4.573472276256199424e-04
5.984149920032571200e-04
5.406894964413187310e-04
5.499195952496677576e-04
3.316757964902482389e-04
4.448477449725410176e-04
3.072106485219997006e-04
4.856527950665868315e-04
4.616970091045223198e-04
4.842806866451060811e-04
5.523469412316996769e-04
4.383218865450261184e-04
5.578969185697995421e-04
4.888131010801969982e-04
4.252693834187276319e-04
3.236055432407373088e-04
5.367084375997358513e-04
4.726590255181610458e-04
5.187536340109963166e-04
4.678221868367911092e-04
4.883285613570779050e-04
3.273001082755345754e-04
6.062225896598930812e-04
3.549188628608171588e-04
6.779515067261946294e-04
4.689960214456438247e-04
3.760741951012193645e-04
6.203957619317702118e-04
5.078876759571933743e-04
4.154109587925171234e-04
4.431544368446664172e-04
5.193161483525727661e-04
4.447623682817780340e-04
4.276775767186372611e-04
2.933955496558114315e-04
4.175329250270386639e-04
5.154878121979343617e-04
3.770735889669820772e-04
5.081477026171370235e-04
4.152146278526526392e-04
5.703588043587589371e-04
4.519602180622581946e-04
4.834012020283271209e-04
5.594593821892334925e-04
4.138542153020474700e-04
3.739945364434989401e-04
6.790531072125510033e-04
4.350693334808341519e-04
4.048069200035708435e-04
3.111064233552777677e-04
5.895244139176507130e-04
5.117765205226408598e-04
3.835892167151001733e-04
3.214086123647123469e-04
5.759631147278220517e-04
4.883788175175115100e-04
4.596519107271635450e-04
2.994944045326453129e-04
4.975631739700455292e-04
4.863945821117702096e-04
4.303850270377236565e-04
3.675613774968544949e-04
4.277825443714246517e-04
3.695477638695708047e-04
3.905422015486404233e-04
3.833989645351629119e-04
6.870308049534376051e-04
3.573447160368855994e-04
5.370014553131067202e-04
6.708415458971252838e-04
5.287768048647185004e-04
3.881834723415798099e-04
3.339332469521486880e-04
4.084785768357615987e-04
4.314770308253218305e-04
2.189970841621299467e-04
5.989269642267385516e-04
6.419308969699889268e-04
4.184627558103794849e-04
3.626850621616584309e-04
4.136572417466319903e-04
3.812066360395475095e-04
5.925525071875879226e-04
5.129001188764451989e-04
6.079426452156335130e-04
3.412753570133120217e-04
4.717415308448207598e-04
3.105128217948693891e-04
4.822106023053166304e-04
4.910149370303569646e-04
3.871902164056953226e-04
5.129469688020628967e-04
4.567698704771101965e-04
4.078795773031288472e-04
2.957742000578877949e-04
5.034502899357935941e-04
6.025827868163356619e-04
5.003578130282562578e-04
6.966880974202545838e-04
5.359949474439918912e-04
4.588358023410955204e-04
4.021660303978719618e-04
2.543443691170414462e-04
4.096212693041183803e-04
4.613932221937891843e-04
4.579543497708360466e-04
3.846030253877402673e-04
5.235465867433165355e-04
3.740490884797248450e-04
2.940946563967717958e-04
4.304838912615591888e-04
4.209975408487755906e-04
3.424456643806487273e-04
3.621291684229685937e-04
5.669617986381372257e-04
4.273756273893754981e-04
4.151770902177863930e-04
6.275797255012508348e-04
3.974199318693635592e-04
2.554460667972569010e-04
4.538721979469337135e-04
4.450108485462177439e-04
4.279774223050219106e-04
4.397562992178441011e-04
4.304770183981650633e-04
4.612920514849333693e-04
4.477744648609583334e-04
6.885643641640113539e-04
2.266467776946958846e-04
3.351210702361198364e-04
3.588613419131429045e-04
5.591152742623734483e-04
6.611621140151840905e-04
4.370616427282726039e-04
3.152847293864321511e-04
2.679768566152626748e-04
3.823168561527925447e-04
5.243403974497007390e-04
2.876609641269666515e-04
5.774018750540285422e-04
4.379871495052091901e-04
3.835703055686634326e-04
4.622634334080594166e-04
3.838768190065852161e-04
5.686223095812502478e-04
4.313192255107484705e-04
3.952899927487073532e-04
3.845988818014313458e-04
5.118317958205874070e-04
4.604591788103614596e-04
3.756057465670841877e-04
3.201446137589503637e-04
6.117678604868072821e-04
5.498945715314233068e-04
4.922986387275308899e-04
3.563426932210084805e-04
4.555972425123622650e-04
5.048421153659838310e-04
3.843417203916783429e-04
6.857799836125277665e-04
3.382512007085728334e-04
3.003862942340035694e-04
3.753080640330985719e-04
4.127851262618479678e-04
4.652709535562187903e-04
4.251677391059548281e-04
4.151120396317690368e-04
3.512280277306053882e-04
4.140158217647003404e-04
5.771950946128257855e-04
5.225141131705478758e-04
4.802164572889858099e-04
4.550559469480507883e-04
5.066016200994195905e-04
3.958439862375025785e-04
5.545685525804369947e-04
4.160952779850413509e-04
4.329173866477970607e-04
4.290477987788896583e-04
4.411160063986191795e-04
4.560285308682883801e-04
6.244354180375073955e-04
4.394244163367587420e-04
3.813171431559131169e-04
4.578775124818616695e-04
4.324675605056997607e-04
5.204438491327557448e-04
3.795037364857209352e-04
5.392053239847561900e-04
4.530670697778861372e-04
4.030753816490286498e-04
4.150295813581371136e-04
4.020254553420715303e-04
6.854611177790152212e-04
5.096938748928014082e-04
4.692872600477386406e-04
4.309185746303638778e-04
5.563615744929524586e-04
3.798936136718419291e-04
5.754871282848887486e-04
4.726094322787563842e-04
4.055384288377645533e-04
4.766256041149991257e-04
3.591269283373544480e-04
4.727057157658942220e-04
2.664594910251528071e-04
3.948473745695898996e-04
5.867729604869058833e-04
4.156380248004625400e-04
4.261314176237124707e-04
3.445389312150257447e-04
5.591230326037570624e-04
5.454245982348702526e-04
4.588700397756678424e-04
5.560319756054767385e-04
4.677065881228012435e-04
3.682594905154675576e-04
4.625188359759025759e-04
2.761690865214716192e-04
3.604957145429720563e-04
5.446287524065451802e-04
5.937429567962985164e-04
4.906707424080535614e-04
3.320061460102379501e-04
3.978457417931846813e-04
3.936117288429773274e-04
4.454315108774404880e-04
5.861776160275562319e-04
4.531271126892527862e-04
2.407478979916651625e-04
3.380314469518154322e-04
3.845397183889737278e-04
2.612124214143355890e-04
3.992070306279383381e-04
3.268074972182779744e-04
5.397560176456479234e-04
6.373345149488705797e-04
4.989680341881820407e-04
3.829757296405560075e-04
5.844990995285714083e-04
5.234895062538281671e-04
4.854089822698097597e-04
4.390112496369590013e-04
4.262325853244260478e-04
2.857865517316413354e-04
5.334093843313220725e-04
5.448977152269443179e-04
4.892744941407295737e-04
4.023795620348838203e-04
3.293774839713642334e-04
4.020280900781981223e-04
4.689758695609134022e-04
7.177341790515766621e-04
5.171882026993825836e-04
3.968995073921793067e-04
3.307288822044963266e-04
4.677046538689008030e-04
5.057933880290752752e-04
4.087811079957618982e-04
3.844017629497810244e-04
5.927812753018803747e-04
4.984385716076255180e-04
4.059372361587652725e-04
3.522027257783187648e-04
6.016204700488510552e-04
4.241744453482869837e-04
5.336225512195400455e-04
4.641286250582426988e-04
5.351928448161178678e-04
3.960776571717703398e-04
4.253562506165977307e-04
4.039455336138437678e-04
4.033677475614496624e-04
5.873273380721117645e-04
4.727731376242255007e-04
3.583421329957684701e-04
7.079409915232350459e-04
3.777322841266823406e-04
5.726959711807885853e-04
4.718785744472584354e-04
4.155547044417018561e-04
3.974508643266474019e-04
5.098395882446896078e-04
6.060188526548212573e-04
4.083730429018213250e-04
4.601692827809687443e-04
2.584021430294722961e-04
4.556844363568358469e-04
3.188567015360731140e-04
6.049646346964454016e-04
3.846870423967347079e-04
4.784480576074314363e-04
4.347128228619339947e-04
6.900103959458168392e-04
4.161782023193529067e-04
3.612280558589347785e-04
3.884947709250349888e-04
5.429083210679125316e-04
4.715513687562021810e-04
5.465010769944690866e-04
3.211333288567178208e-04
3.967468010102418721e-04
3.589398456978345835e-04
4.678425404113417587e-04
5.068881417358235336e-04
3.094232297754976962e-04
3.010587753906035480e-04
3.515605175518063722e-04
3.408429355968233226e-04
5.505850914516270071e-04
4.866106664144895146e-04
4.859621867848883852e-04
6.025384936308392312e-04
5.112997647565216712e-04
4.205636884265206966e-04
3.492341204632198816e-04
5.051778285239156988e-04
5.788657881481916977e-04
4.445881243711139862e-04
4.028377016782067142e-04
3.020361296475497959e-04
5.688678056681449645e-04
4.740426060679047240e-04
5.347705992219303804e-04
4.110912040364689659e-04
4.627147860723132273e-04
3.770954591136894290e-04
4.349190616368485396e-04
2.843857151132152348e-04
3.514271107518403378e-04
4.568520757194844436e-04
5.076567864920333850e-04
6.050109731019663118e-04
5.304623241042033185e-04
5.482073979762348576e-04
3.654196970067977840e-04
4.716865472330679116e-04
2.836371899560612381e-04
3.743509061256338009e-04
5.766704447834957803e-04
4.428480817835967398e-04
4.452741327931275203e-04
4.301469020618445033e-04
3.467796988588695592e-04
3.762333032314191554e-04
3.434303619074310357e-04
5.289997949438736890e-04
4.130810921465568079e-04
3.767565894994892172e-04
3.178277939118433486e-04
5.064009752408205577e-04
5.174550737292309436e-04
3.925657340312600297e-04
4.969313883703398377e-04
5.522547618762483571e-04
4.941055425019456014e-04
3.654965803430049198e-04
5.265669334193417246e-04
6.200833651844283841e-04
3.634147043604249666e-04
3.966708557957016740e-04
4.290339131513842027e-04
3.588031037101679357e-04
3.237167139268088811e-04
4.742285164570657395e-04
3.428331071393982262e-04
5.398034025347229429e-04
3.906640963861478548e-04
4.788313685071282784e-04
4.958753886978541818e-04
4.334190132228161714e-04
4.399091103607521047e-04
3.758580822013901906e-04
4.894077617692122427e-04
4.315484879361987922e-04
3.877152374251559893e-04
5.011981550470572325e-04
3.475079556232079986e-04
4.810399814662328841e-04
4.315219912992377142e-04
4.074924860112372985e-04
2.840138951050680889e-04
5.718331151622570076e-04
3.121176995056428017e-04
3.407326833890083630e-04
3.673365846305085090e-04
5.075625154138454229e-04
5.590997250746999013e-04
5.178339931564955069e-04
4.223329173830996422e-04
2.992890010834971162e-04
4.819127208801430445e-04
6.665783891104612186e-04
6.047376829318020864e-04
3.503542191054778341e-04
4.408368631571853266e-04
5.646312854336454782e-04
3.594846081572154804e-04
5.240876024460633170e-04
4.870873466206499685e-04
3.279009048215073799e-04
4.132299696488819503e-04
4.473684322977345188e-04
3.849229980264600305e-04
5.323323926958850854e-04
4.225789886319424298e-04
5.980247624813795270e-04
4.318755135877995347e-04
5.134766968899230621e-04
6.624148861090144559e-04
3.783947008113997391e-04
4.326826872565630081e-04
3.704750597311507907e-04
4.355045847075633692e-04
3.183971521992962918e-04
4.909345504349160163e-04
2.534901859033154609e-04
4.746024478890210310e-04
5.011509472548365384e-04
4.506426271562306071e-04
2.881077102682684738e-04
3.266685854917291115e-04
4.002001782989337468e-04
3.764603167681346827e-04
6.649231971939238315e-04
4.421435728001078401e-04
4.788591085243438530e-04
4.703711477836453742e-04
4.728829559333355172e-04
4.734796621634715808e-04
6.218360523449679468e-04
5.551892803544577343e-04
4.022486427279326317e-04
3.523062134144422440e-04
3.192737584511794830e-04
5.655364574883120455e-04
3.623826601589896627e-04
4.779113508356435487e-04
3.828856317574972452e-04
4.375191616715993223e-04
4.323024501895955858e-04
4.596250226292273948e-04
3.710387871835291022e-04
4.087848781913522474e-04
4.734787088453327954e-04
4.613532544061643877e-04
5.879920240795178570e-04
4.793078494161265714e-04
4.532420105735523639e-04
4.172469424959859017e-04
5.094560704919893438e-04
3.494561696891053198e-04
5.938254062610313000e-04
3.072601771858564910e-04
4.088486486399363720e-04
5.848878475318707200e-04
4.679624494386645512e-04
4.062764641653436506e-04
5.428605285529347537e-04
3.297214692269266243e-04
3.179115627560264432e-04
4.328488043241224964e-04
4.327796309868543983e-04
4.410345302264953387e-04
3.906896268386516767e-04
5.528155405930821383e-04
4.104964321498888935e-04
3.749498466829115167e-04
4.964115738091229258e-04
3.093718926215910251e-04
5.586172143531842587e-04
2.795379345061770352e-04
4.683297229942458197e-04
4.695245182570290609e-04
4.414274680262490367e-04
4.187127637721060110e-04
4.991737821023007823e-04
4.697908250465537947e-04
3.374091406671129350e-04
5.082708658238299605e-04
5.930205624184729969e-04
6.462335919387182746e-04
3.695548002050905233e-04
3.781101459194932007e-04
3.855834400865312339e-04
2.954209781305315542e-04
4.138403160434945519e-04
3.617750310980187979e-04
4.962842685734023896e-04
4.861673479583817487e-04
4.364158111620956111e-04
4.011428851332266986e-04
2.924379477157136782e-04
5.112288566385443525e-04
5.928418647786678217e-04
4.198261115516044762e-04
4.459292434832326187e-04
4.011140412438477963e-04
5.184394872475348416e-04
3.847269304122888280e-04
5.635363530345636118e-04
4.134283517278061412e-04
6.927442674198406323e-04
4.884068032551961216e-04
4.656540653690108473e-04
4.551569680111323696e-04
5.224759369173040489e-04
3.116310393866522361e-04
4.746234967326368745e-04
4.788233648501356919e-04
5.871014386093298745e-04
5.433518510022409750e-04
4.892081929027247006e-04
3.697838527093210066e-04
4.147019208369704356e-04
4.141095310748913274e-04
6.768462533857698762e-04
5.515064245940701909e-04
4.790106396768069492e-04
3.213897869339673663e-04
3.245786538593210249e-04
4.574729529427452217e-04
5.586908672104379334e-04
2.866555807813831358e-04
3.642102758865974326e-04
3.136636361088522736e-04
3.608503612819566786e-04
3.558253180611842042e-04
5.928908593935761561e-04
3.221323965834374612e-04
5.811730513404736887e-04
5.063115676156785920e-04
6.098852628925558210e-04
5.110114716888593213e-04
6.979660370163826401e-04
3.631762825312332657e-04
4.614041506124464537e-04
5.976285250938134872e-04
4.717304530432011103e-04
3.427848100811492992e-04
4.667240724599457709e-04
4.146970489799071567e-04
5.115074319967835266e-04
3.053407418637167528e-04
3.293316295226931243e-04
4.365790742119033145e-04
5.100578792147381904e-04
5.667254126141813399e-04
4.946071341806228738e-04
3.373501317807068309e-04
5.814500417255630662e-04
3.508473755643169473e-04
5.085223743137976980e-04
3.920208374726590148e-04
4.264105881625243860e-04
3.901683301827897827e-04
3.521203199685749474e-04
4.807038403653620643e-04
5.040369099941564412e-04
4.600612740170817558e-04
4.575923216413388265e-04
3.701753455211092138e-04
5.516382594748285790e-04
4.919784502172774247e-04
5.058908354558035473e-04
5.290953199713692131e-04
4.160476188115247095e-04
5.601482955933750852e-04
4.127565906355165864e-04
3.637730957696559469e-04
2.418093440546862456e-04
4.583140568095434280e-04
5.090996329212309950e-04
5.059024008401948264e-04
4.079092806692985939e-04
4.089773229624540192e-04
6.135462560710334880e-04
4.336008104274228386e-04
4.521476014505735014e-04
2.977623217612306418e-04
4.842912948441312898e-04
6.045843249605011320e-04
3.735691874002903547e-04
5.765352060597225435e-04
3.146274172314473031e-04
6.526432823749073707e-04
3.896475054358298725e-04
3.790115038986713314e-04
5.013153240453687787e-04
3.960707349229056749e-04
4.843955464371707802e-04
4.575619409543090908e-04
4.571658445420633899e-04
3.756820221626266726e-04
6.593784048625044849e-04
2.993637820494738180e-04
6.209853406273143370e-04
4.187401452293310219e-04
6.539033989896625475e-04
4.289919397822310795e-04
4.506140083947550576e-04
3.673107777724032093e-04
8.565308645614170191e-04
4.507329515699855889e-04
3.290570526834469644e-04
4.535087829689389062e-04
4.175550037946590409e-04
5.359481539496446572e-04
4.703154770749667295e-04
5.055720694029347106e-04
4.485421718094133921e-04
3.511189973614840722e-04
4.460466936846169280e-04
4.408074490103392547e-04
3.929942932805562247e-04
5.022761737318847406e-04
5.850056440240801459e-04
3.231587481162797931e-04
3.482074509237816670e-04
3.870067721994116332e-04
4.232426477648772709e-04
5.250804268579025748e-04
4.509449636509297752e-04
3.766796523101907700e-04
5.680205969108237472e-04
3.885063555048943996e-04
4.248403124161739364e-04
4.898482309673019008e-04
5.627368683405418190e-04
3.461343389617426293e-04
3.559033212775889756e-04
6.317204658983808585e-04
2.785196062547412544e-04
5.380150042357118023e-04
3.850070940263280463e-04
4.788851442141211340e-04
3.466026889590155969e-04
4.514577385011769297e-04
4.587827810100941891e-04
3.411216324777107778e-04
2.948820773767519784e-04
3.300126090276160693e-04
4.831355691067208843e-04
4.483756533753238856e-04
5.301886338672282505e-04
4.305266250818645560e-04
4.398296599829066298e-04
3.436139418912603988e-04
4.261635437505880862e-04
