2.556461126947729724e-07
2.617445014132156351e-07
2.037740317754917128e-07
3.017377965875417035e-07
2.316564166055640175e-07
2.301963260076439927e-07
2.183720487785906274e-07
2.844165044431793102e-07
2.847797080637391624e-07
2.450251694410931646e-07
2.296335026603190363e-07
2.274378081504360622e-07
3.003035451675566736e-07
2.534268944286774680e-07
2.593216780321256511e-07
2.377903923644780717e-07
2.002924272474524086e-07
2.092284783369327519e-07
2.660138844624159241e-07
2.495696516622957318e-07
2.234392743962627993e-07
2.106282936929909292e-07
2.543864830063951954e-07
2.447837707521997899e-07
2.803296725078414069e-07
2.858263632515975856e-07
2.613885097481906919e-07
2.976668210916754880e-07
2.369417571562160336e-07
2.061987479086524909e-07
2.233662075624831073e-07
2.724388550097842351e-07
2.445172884140791808e-07
2.446873637884010280e-07
2.499818344492408127e-07
2.115848308092367130e-07
2.520714694181369029e-07
2.425316029631595527e-07
3.231070712958910041e-07
1.877784000888197135e-07
2.410452372247835239e-07
2.329080117378982548e-07
2.789872813828459970e-07
2.491432819065710617e-07
2.162457608022085915e-07
2.402464317982258181e-07
2.615526566957550424e-07
2.536249866380113136e-07
2.544938762745245718e-07
2.474068130375303323e-07
2.116055100085667771e-07
2.244613601826306759e-07
2.446374218895833966e-07
2.698639643460301002e-07
2.729292173484566636e-07
2.335979295287032805e-07
2.265391437789818740e-07
2.559462125428987092e-07
2.926571292177257323e-07
2.082015971580231228e-07
2.404076316410007087e-07
2.471393218058097067e-07
2.771213233924232350e-07
2.497619252794912555e-07
2.538209776351016274e-07
2.261392250977976629e-07
2.802648344820119952e-07
2.637840832246721390e-07
2.431495769138944994e-07
2.774141921063869743e-07
2.201841874272818509e-07
2.581416973358130633e-07
2.327159144487558683e-07
2.460763102754933886e-07
2.875427586615317706e-07
2.488845853245956233e-07
2.364200992376845758e-07
2.605177734037108591e-07
2.397586546263972347e-07
2.584229436228679962e-07
2.745654025232387739e-07
2.503583186968507364e-07
2.192445850858431154e-07
2.384074936472772602e-07
2.777825404114968037e-07
2.661408906481043201e-07
2.463434664909200674e-07
2.562088066569926873e-07
2.658683113686361489e-07
2.677471026678201727e-07
2.412399910146191819e-07
2.696147420830811602e-07
3.043464355376656320e-07
2.551556494358133365e-07
2.344151275027372243e-07
2.680193628453553478e-07
2.214180150014550497e-07
2.468595522695570034e-07
2.869158746075228333e-07
2.403336078520528255e-07
2.102258820163243777e-07
2.606615724296336307e-07
2.648900510967558966e-07
2.040053151665169205e-07
2.170591628624723101e-07
2.606061907972666899e-07
2.531818988939351708e-07
2.852198768220045357e-07
2.913083605949190558e-07
2.529511869814963698e-07
2.583259863658154332e-07
2.271970681289069545e-07
2.300788000409008859e-07
3.093744194038595514e-07
2.485494117913377977e-07
2.332214132360465727e-07
2.236985551080352381e-07
2.275053439668187302e-07
2.658349203847234222e-07
2.606421836454724190e-07
2.386190419543281631e-07
2.293762888403140846e-07
2.327200669776508374e-07
2.529945003833490689e-07
2.582545794138149952e-07
2.857245304959354232e-07
2.338892057931734970e-07
2.380539501562399910e-07
2.606628341601161894e-07
2.994987460606703817e-07
2.774053661803304746e-07
2.537132959503777976e-07
2.497178230148511673e-07
2.202405562078522741e-07
2.259203108161307371e-07
2.668637845090368480e-07
2.673196052159031237e-07
2.906938738791163697e-07
2.283225555460743056e-07
2.133637133832536047e-07
2.270487947809751813e-07
2.867879574838383912e-07
2.454589319121505794e-07
2.381154972523129977e-07
2.432728589266136233e-07
2.309164827130884271e-07
2.634406380734549818e-07
2.694220625411442057e-07
2.962340069027133722e-07
2.317491980701181779e-07
2.400821546599718567e-07
2.777165844986969187e-07
2.956016503502951107e-07
2.310460184060086754e-07
2.589059198371557487e-07
2.464041800372751193e-07
2.952846704779921610e-07
2.194878326926334117e-07
2.526339174296333494e-07
2.988011346096114515e-07
2.844455325612516818e-07
2.163361489686415137e-07
2.359770178175264534e-07
2.856613878427045894e-07
2.728561042808666739e-07
2.470580726454360197e-07
2.446850042007672812e-07
2.064658388245087914e-07
2.778336059143589323e-07
2.707066775807385301e-07
2.539962164830115479e-07
2.262243379689705195e-07
2.738316726547969549e-07
2.445080703925660458e-07
2.379724072361473618e-07
2.562589353874007302e-07
3.048701552653271773e-07
3.325619314049908819e-07
2.223498156005386500e-07
2.479425999490455588e-07
2.754052842673476274e-07
2.830470575607304129e-07
2.629218317777858854e-07
2.358523003554676098e-07
2.398509742238967548e-07
2.139253487601939879e-07
2.475669568534801999e-07
2.849856271128563193e-07
2.413699111682261347e-07
2.340472504895441327e-07
1.939004436881217857e-07
2.549526281003593692e-07
2.544540862177793218e-07
2.501489873506693419e-07
2.199358753378500376e-07
2.438110808674881156e-07
2.465370981322293513e-07
2.184456235867092608e-07
2.649467118951393172e-07
3.040378536403101181e-07
2.489093895413764799e-07
2.271590858368601279e-07
2.826576073289922217e-07
2.756083678452054438e-07
2.431839708975394434e-07
2.406991259407502942e-07
2.212142488738268339e-07
2.124766897465241641e-07
2.533542269426681610e-07
2.621642955313858305e-07
2.127837418067409878e-07
2.367484645318888724e-07
2.514233827161114555e-07
2.568763846190004217e-07
2.522766865854054626e-07
2.447616866327822142e-07
2.096772646143154197e-07
2.286883621307226798e-07
2.363011867512664816e-07
2.016229182996840405e-07
2.265848883230325624e-07
2.315800931313002245e-07
2.536312211639480552e-07
2.504158474146067571e-07
2.946474937856961876e-07
2.131418577573101893e-07
2.179982960883866235e-07
2.421766722456921898e-07
2.634965016241642422e-07
2.647553023699100358e-07
1.854120170107327826e-07
2.353068858865597765e-07
2.360857282540861737e-07
2.559238899642612519e-07
2.547130936071411256e-07
2.504525948385963493e-07
2.349452106124204757e-07
2.439304717070475202e-07
2.304980948276403403e-07
2.314817750994364391e-07
2.402271107081943737e-07
2.694394875076937621e-07
2.459159515686397907e-07
3.019625832605093089e-07
2.171004657928044664e-07
2.246076479464062556e-07
2.551529253958852276e-07
2.781723200233819281e-07
2.698393630324961593e-07
2.531380953113590151e-07
3.099780169110472272e-07
2.711385771956992376e-07
2.333048636232266888e-07
2.501072517237611072e-07
2.856268419005492560e-07
2.429741539539874152e-07
2.420582965489877266e-07
2.400894937751687017e-07
1.993162489367917143e-07
2.253691085725495708e-07
2.200723827940358655e-07
2.506404326272210204e-07
3.051942244699772548e-07
2.581754369119143085e-07
2.379577363837365648e-07
2.389768735581082874e-07
2.452780201625665345e-07
2.680455051625703664e-07
3.180853337453054246e-07
2.398785364187749266e-07
2.338083480789241643e-07
2.294994662818532098e-07
2.591124286393029495e-07
2.784076716891580082e-07
2.656128506373321760e-07
1.826096577349371019e-07
2.384136448462036877e-07
3.060438437367242406e-07
2.548592854156868658e-07
2.295442755721132889e-07
2.006625683913190535e-07
2.107501456145039284e-07
2.413376169794402874e-07
2.252189343786583486e-07
3.315529172922901269e-07
2.836106913997262845e-07
2.438525783647505298e-07
2.432956570455867674e-07
2.433260506483462955e-07
2.204116199880303391e-07
2.448631840705365027e-07
2.749793572587753299e-07
2.354087776149030640e-07
2.151280086189289548e-07
2.235445488469191363e-07
2.752510623488322229e-07
2.464490220911604775e-07
2.345646210410792034e-07
2.291101661531051606e-07
2.481631489019126926e-07
2.339840834003726443e-07
3.048872711721722837e-07
2.049039974493878331e-07
2.320105142389449862e-07
2.549416373040394465e-07
2.072100672694312201e-07
2.327408959647288856e-07
2.571435204672209869e-07
2.585889289113080478e-07
2.495902877302315333e-07
2.104319784734571797e-07
1.946292135069820617e-07
2.488383715219477011e-07
2.514488854645191915e-07
2.340160866659377963e-07
2.337412231826298756e-07
2.735987541196223815e-07
2.476330373984777627e-07
2.664742418718049636e-07
2.511403199703989053e-07
2.496015028248523380e-07
2.644339473910638525e-07
3.048628750026444284e-07
2.065729768485534494e-07
2.691993483096718763e-07
2.612416499502383812e-07
2.064816893403130550e-07
2.436602995987684627e-07
2.540865181248840919e-07
2.682078448343574749e-07
2.110197014310799156e-07
2.466059697613447102e-07
2.763220411294458721e-07
2.579458524852254095e-07
2.304067796176101548e-07
1.992798752040266705e-07
3.107135269523384523e-07
2.557282271207983348e-07
2.487392641411077145e-07
2.111430617368793661e-07
2.523560603691281366e-07
2.593709150923335888e-07
2.889411385915232260e-07
2.716485763058542236e-07
2.907823481610065715e-07
2.394509275169709069e-07
2.069735197898625245e-07
2.433341374121780056e-07
2.778054287866298193e-07
2.757300794712121214e-07
2.282739077263550018e-07
2.532076797033295463e-07
2.208081473011734483e-07
2.336020933715978500e-07
2.586621582602490808e-07
2.507055159685198481e-07
2.244178813821068427e-07
2.348206712433494487e-07
2.599403186937631021e-07
2.473269301400708334e-07
2.912990968052864760e-07
2.180422413277106039e-07
2.329292761968808735e-07
2.494306504516857781e-07
2.660891474906354687e-07
2.669211974414016388e-07
2.709814274309936009e-07
2.429467448661311408e-07
2.440588417110426091e-07
2.135655498467847400e-07
2.287423776226389795e-07
2.693122302498664181e-07
2.686444369444901230e-07
2.758651702492468532e-07
2.329982945136637689e-07
2.192677289905738449e-07
2.402138840782163051e-07
2.677845335866194029e-07
2.557096566499419604e-07
1.995384349973766458e-07
2.389220067249268437e-07
2.405128069395558802e-07
2.459002617446621785e-07
2.649008948350025483e-07
2.615101932164328288e-07
2.466006772314660651e-07
2.757679637121623358e-07
2.697060083851021753e-07
2.412011678883764805e-07
2.550909870101577483e-07
2.545867352203964047e-07
2.064878306808921541e-07
2.381663773119473396e-07
2.706259852317556021e-07
2.856114501111956731e-07
2.512996421662607144e-07
2.383592185651324883e-07
2.638412973961097220e-07
2.609181522461371366e-07
2.452438011189495399e-07
2.445943304095019221e-07
2.252621404367792897e-07
2.958231063494085043e-07
2.584506282485270799e-07
2.497940295149036186e-07
2.200600159120876465e-07
2.363910206591092998e-07
2.720291525727324204e-07
2.340021619845314167e-07
2.539513299777982884e-07
2.370060728455778452e-07
2.574117756908379080e-07
2.663187681998657316e-07
2.482651882867250470e-07
2.362450755263688948e-07
2.601981356799711287e-07
2.692764111746487612e-07
2.662267446564644738e-07
2.240020238320296648e-07
2.569728038635514737e-07
2.095009017018657169e-07
2.327108013421150369e-07
2.667500703256762989e-07
2.669618072849568586e-07
2.039908979884331734e-07
2.516111626028814120e-07
2.492318395607142808e-07
2.767922502007697725e-07
3.225272820404185634e-07
2.664272134251689149e-07
2.408565097506682750e-07
2.249447381623273886e-07
2.077632869790369283e-07
2.265113973040134325e-07
2.909927746019301910e-07
2.231344794742309917e-07
2.231800288342597033e-07
2.211667127664240231e-07
2.729619120090025088e-07
2.730340276752495836e-07
2.738710527168260974e-07
2.015155909139282852e-07
2.240951624532598251e-07
2.455109786278610878e-07
2.527505170466816859e-07
2.633637875888700335e-07
2.142240332343232346e-07
2.522100747866803777e-07
2.730472406493384950e-07
3.149326272772503763e-07
2.644986233549407926e-07
2.335168875612741530e-07
2.069261682264313192e-07
2.173312475881423545e-07
2.429664996008603079e-07
2.557793471349804623e-07
2.170109853755023667e-07
2.118161989582123735e-07
2.404052245177498482e-07
2.593844477671886789e-07
2.552416031898781509e-07
2.334661955895217760e-07
2.328686800856164983e-07
2.576937847738730591e-07
2.603256162696816663e-07
3.156323329232062664e-07
2.022945931181839977e-07
2.393552828328207192e-07
2.675605922731619565e-07
2.208750037283068886e-07
2.658760830718456800e-07
2.687384333245136644e-07
2.857193278730780332e-07
2.319895551364007614e-07
2.295237864216825173e-07
3.001978555228606296e-07
2.443526357762029046e-07
2.220146201619374176e-07
2.472933800487155299e-07
2.772886264022328738e-07
2.649069202241016297e-07
2.598918495613456387e-07
2.467431804343727286e-07
2.166883392564785854e-07
2.658234216083725761e-07
2.682997030130390879e-07
2.569201871620410461e-07
2.461719639782996155e-07
2.348317748959690007e-07
2.138184404173665088e-07
2.460106190700590341e-07
2.371340131234223142e-07
2.548617521879297671e-07
2.842369685843266539e-07
2.124429301766222805e-07
2.365035593396051809e-07
2.766883125552286040e-07
2.705896188268538501e-07
2.404174853302727712e-07
2.408796165429906366e-07
2.204591074622738889e-07
2.704516120638623278e-07
2.816514667967778025e-07
2.317614622781534056e-07
2.256404278815282992e-07
2.246059788599980232e-07
2.653821529834135458e-07
2.510938894871454093e-07
2.635610443080593590e-07
2.384789733328641312e-07
2.289957403404269399e-07
2.528494478685581688e-07
2.366145563352282532e-07
2.713125797476337339e-07
2.697161514369853792e-07
2.454149180007433487e-07
2.308744816166985941e-07
2.301848976063315845e-07
1.885596632936718657e-07
2.607559361364840485e-07
2.569598876742993776e-07
2.409475962454066851e-07
2.204355179204597429e-07
1.962710736011262044e-07
3.003785780878849329e-07
2.446291015234720347e-07
2.419677017856746884e-07
2.204195935779627312e-07
2.355102194948441085e-07
2.596172022574413768e-07
2.835948626748682283e-07
2.107898747344868488e-07
2.454263868868647385e-07
2.051642043989643457e-07
2.494893360488986490e-07
2.480298591041479911e-07
2.518571759262653119e-07
2.477746443907035414e-07
2.078157198760049409e-07
2.173199560229086834e-07
2.696562262204484395e-07
2.575799839578242733e-07
2.445065194762667565e-07
2.313992975988996598e-07
2.762652189818830699e-07
2.888393983054001356e-07
2.439836404128079263e-07
2.255847235244385889e-07
2.618996550993029152e-07
2.749831393642278691e-07
2.636205311602357055e-07
2.307868791698851879e-07
2.545976561104091936e-07
2.393823502714090678e-07
2.069199134574122752e-07
2.508563496487451831e-07
2.448751033853109239e-07
3.058430211539267889e-07
1.990607782549051690e-07
2.352354885142072310e-07
2.274128913105699782e-07
2.657910839253668297e-07
2.447355930340023985e-07
1.946228208432712117e-07
2.487468090017386601e-07
2.449852140151078137e-07
2.841969208757742191e-07
2.831607996222230335e-07
2.371702631508654088e-07
2.168815244609267855e-07
2.890560161350303094e-07
2.662203785902000695e-07
2.782210866085018333e-07
2.438043031046117896e-07
2.445032805832886314e-07
2.600672254937118584e-07
2.786315112152070136e-07
2.341156724747405047e-07
2.370500421563263777e-07
2.764113999633954392e-07
2.287859725516763692e-07
2.769022367861948151e-07
2.701107340139592523e-07
2.818258078175008390e-07
2.172773348891430459e-07
2.501384487067158218e-07
2.157429593794099975e-07
2.658013848398377752e-07
2.752276031648527257e-07
2.380715629561502348e-07
2.221386201917165632e-07
2.310764919600287091e-07
2.410785265594984932e-07
2.278157462777736405e-07
2.880440175589905961e-07
2.624363334748138992e-07
2.351507658670792065e-07
2.455121184414483593e-07
2.311981764513505916e-07
2.648843524340038907e-07
2.880006552402669092e-07
2.393619290754289756e-07
1.928493252262061535e-07
2.308550613324871343e-07
2.635653889530810182e-07
2.432927667526672086e-07
2.660903886342758472e-07
2.255014140518492376e-07
2.130176386130000923e-07
2.260270699383274041e-07
2.475010971495586702e-07
2.520955019178782265e-07
2.312564984666395525e-07
2.293053928707427959e-07
2.493553469262621952e-07
2.423867749953517376e-07
2.334144321390556853e-07
2.602871003978369481e-07
2.751261236778911293e-07
2.356058965851332903e-07
2.132637041353718607e-07
2.214528141652480859e-07
2.650457179096346995e-07
2.466382261685223009e-07
2.219291263778704326e-07
2.195146726243207135e-07
2.647222852595024478e-07
2.658202359327074044e-07
2.703418507893386859e-07
2.214989555072767420e-07
2.206038282867510857e-07
2.556805591401144829e-07
2.655227751536994412e-07
2.626979206476921227e-07
2.017516329394965535e-07
2.471484207955729152e-07
2.646625644661508966e-07
2.352046211227577280e-07
2.292704982313039398e-07
2.175855666036443174e-07
2.580519149113699362e-07
2.372282597453849950e-07
2.371192608390334200e-07
2.237813779607383076e-07
2.459128097134583216e-07
2.445101246080025096e-07
2.697038664251447699e-07
2.469106409306447582e-07
2.412999621180964483e-07
1.978180363652912996e-07
2.736550796139061004e-07
2.685755719624066312e-07
2.214665229948469136e-07
2.460945772822489889e-07
2.412308336616981160e-07
2.610097179244187889e-07
2.777037114556089310e-07
2.409058976402610845e-07
2.482348119429275870e-07
3.006711599558222861e-07
2.227423646128172404e-07
2.173840763792084918e-07
2.453792637528777352e-07
2.909835582278150350e-07
2.467372213068670422e-07
2.177622878777395296e-07
2.396874873159716523e-07
2.441952591966458294e-07
2.454410006395810067e-07
2.389886695964206082e-07
2.534403200120044365e-07
2.158241406033436520e-07
2.310360952041429396e-07
2.559617935795203180e-07
2.521914912629537477e-07
2.219373888206326660e-07
2.029921367834954301e-07
2.364490504148425895e-07
2.987768217288910037e-07
2.424249970293869521e-07
2.601862630807862429e-07
2.446732153192983825e-07
2.445044458430723567e-07
2.286992223133027567e-07
2.467032473220022003e-07
2.725601555578163862e-07
2.091527331869201118e-07
2.398867166254926030e-07
2.604332983547820884e-07
2.619242056722217177e-07
2.967105918149340392e-07
2.181469650804685336e-07
2.326577751089924366e-07
2.443351382585940450e-07
2.641997192429175446e-07
2.923353627477823313e-07
2.128037717486203125e-07
2.397078679447385274e-07
2.351243307623948088e-07
2.969479414980374969e-07
2.008551334905048025e-07
2.625168676720873593e-07
2.662116833167793274e-07
2.750707070749821733e-07
2.220188866249078819e-07
2.279169225934501263e-07
2.474007271031764963e-07
2.761486967860862027e-07
2.549394228559007994e-07
1.998954529355270348e-07
2.466948556073673338e-07
2.351385706163995612e-07
2.554251704434080966e-07
2.622716083408627753e-07
2.543358001554000503e-07
2.372737342302719143e-07
2.362270010000823395e-07
2.653963674942274036e-07
2.842320039367830873e-07
2.643591258373566763e-07
2.408568713492711565e-07
2.441828039833442226e-07
2.386938466225648259e-07
2.423973891956777447e-07
2.738576254100223975e-07
2.644613605262079263e-07
2.214379552340978006e-07
2.295627732549108856e-07
2.906124146956990249e-07
2.800242889608102566e-07
2.364770620265684263e-07
2.402209111994666098e-07
2.114228919180763286e-07
2.873439549794308943e-07
2.624634089261172472e-07
2.484227081019427710e-07
2.201484360744179461e-07
2.313796329289856743e-07
2.799200175620981477e-07
2.380227933800018005e-07
2.612820034923881743e-07
2.307984505450816274e-07
2.123624421524032183e-07
2.174931167046350866e-07
2.319760286994888153e-07
2.279852824580101205e-07
2.697902300678084513e-07
2.688937649301032317e-07
2.461875802402490030e-07
2.349842876620783969e-07
2.183807824110938671e-07
2.512941804721792489e-07
2.713818204382513760e-07
2.363890681541446127e-07
2.534862229063596995e-07
2.490045447510464181e-07
2.368832011738366567e-07
1.810128552388668226e-07
2.686557738393775073e-07
2.481937145951950969e-07
2.122671971330503777e-07
2.317962477868371637e-07
2.377376460109673502e-07
2.518364710825605335e-07
2.387697091484272938e-07
2.320847753473339939e-07
3.158315478439314732e-07
2.194380135095276966e-07
2.127712447861920578e-07
2.536034796962457980e-07
2.467267551313746721e-07
2.450449019353223874e-07
2.291250555422998971e-07
2.275031617439392147e-07
2.506962844179851449e-07
2.559870108893392894e-07
2.672866345961178850e-07
2.196297106758177527e-07
2.183444132676060594e-07
2.470032452380186342e-07
2.716491797093044506e-07
2.557453024301528197e-07
2.277833887015474684e-07
2.241264343083775818e-07
2.479208069720757341e-07
2.463322528649792719e-07
2.313434776237766540e-07
2.267904786508266801e-07
2.535214927123996234e-07
2.295431389919432682e-07
2.165544587176307860e-07
2.207002252026453864e-07
2.673824668705164076e-07
2.429250851950306898e-07
2.417678251027293455e-07
1.970216709450896598e-07
2.539026434197467759e-07
2.509696561091508886e-07
3.097097494030360918e-07
2.084113691571873594e-07
2.458164576680155770e-07
2.289450460441876155e-07
2.652052967173360695e-07
2.657785073960656964e-07
2.342291925720833072e-07
2.458750524365481547e-07
2.192863740784604790e-07
1.919263841555919958e-07
2.334916894066476478e-07
2.748746797664378731e-07
2.504811258700670635e-07
2.225681491648228932e-07
2.252680424104968586e-07
2.423353189950446437e-07
2.474318856398712884e-07
2.743282610717565420e-07
2.860070924846890252e-07
2.326712107781766598e-07
2.573430185202124738e-07
2.622731506136104898e-07
2.594839200524729734e-07
2.557964548446272699e-07
2.389265541675124412e-07
2.186451148443083335e-07
2.738253926340599306e-07
2.702623482289798262e-07
2.503047162451785760e-07
2.117953486621579381e-07
2.388351643899236964e-07
2.505120255840063719e-07
2.504095875150528503e-07
2.926244971217804050e-07
2.809559234317103824e-07
2.302933170771969364e-07
2.235840189392346653e-07
2.294649212641214976e-07
2.631358342836701574e-07
2.929267264649037195e-07
2.613214908597257014e-07
2.509956300747548275e-07
2.644983868025112423e-07
2.632267710841792410e-07
2.664879805685701022e-07
2.334605512662159580e-07
2.047517030915541375e-07
2.140048344958161583e-07
2.672743913051106682e-07
2.507401084771885595e-07
2.273473108882853481e-07
2.665430923472324708e-07
2.313081888381364968e-07
2.451547134181544822e-07
2.537878362931036645e-07
2.633388359063588538e-07
2.357068241857138839e-07
2.104044800718049716e-07
2.154916815151698746e-07
2.614977952761713346e-07
2.573124022628785253e-07
2.574045268868840166e-07
2.055833788011356895e-07
2.320884040906164481e-07
2.603096921330372983e-07
2.473829444072648440e-07
2.782103051680276155e-07
2.283629042593913867e-07
2.115119673319708809e-07
2.483441665178632750e-07
2.903191679190749697e-07
2.601918297989957169e-07
2.261399571485961164e-07
2.514582980068708896e-07
2.613227926800645190e-07
2.335340437172221594e-07
2.212139249775950826e-07
2.120697710987635476e-07
2.752749625770743911e-07
2.538522833020537852e-07
2.269314516137817561e-07
2.195395420787788803e-07
2.661610908421347467e-07
2.619975755625255733e-07
2.343858689521392700e-07
2.209464876516308819e-07
2.681923981127769161e-07
2.634277236721712762e-07
2.239367105066185409e-07
2.510682040541478327e-07
2.415750742103296575e-07
2.753198353597191068e-07
2.980773617771034313e-07
2.670648399232679651e-07
2.602854675874181738e-07
3.029273830968393806e-07
2.176913186572009283e-07
2.410349074747052100e-07
2.796604651794809315e-07
2.549612668865888445e-07
2.230833023105593330e-07
2.376956438702628673e-07
2.366538745239539767e-07
2.603554746102664100e-07
2.533503457338095863e-07
2.325994615132154183e-07
2.252855687024527258e-07
2.770379022087324341e-07
3.034935694986425282e-07
2.492928513030429211e-07
2.411472537420264315e-07
2.350041812152657996e-07
2.335610742713064131e-07
2.470303979141356583e-07
2.527186300752535925e-07
2.684905131880391955e-07
2.790846556661452297e-07
2.101373910566179717e-07
2.384530086221113689e-07
2.451907211215368488e-07
3.030418542167197268e-07
2.732261922467716896e-07
2.472574079771220896e-07
2.469464816656597585e-07
2.068505596793362713e-07
2.646053310389515403e-07
2.199296556959532430e-07
2.121826629001883473e-07
2.584985102280594257e-07
2.814896085287670626e-07
2.458470389733350325e-07
2.236074164054275544e-07
2.224677401832390747e-07
2.687520736521068666e-07
2.464633807137433961e-07
2.573382059861079225e-07
2.257151831378025811e-07
3.005688383662736340e-07
2.426579153897114259e-07
2.442085246998352246e-07
2.322353119550657309e-07
2.632780458106962012e-07
2.913049606102490830e-07
2.749285087942843692e-07
2.216630615880501096e-07
2.457515928899526277e-07
2.554610141193768116e-07
2.517020293607345625e-07
2.411713874604789106e-07
2.143766048821037714e-07
2.160048815049441060e-07
2.466457875137173484e-07
2.172517062483880023e-07
2.076718858354030937e-07
2.396689184149280565e-07
2.599909649507090292e-07
2.609036395667248954e-07
2.587439979373904447e-07
2.654090578891930190e-07
2.501934899767969086e-07
2.150857596036850902e-07
2.281059818675642865e-07
2.704030753166957955e-07
2.467889980255753855e-07
2.492100804047512711e-07
2.262075888996203235e-07
1.831405955047973038e-07
2.841352340618472469e-07
2.888339593274131090e-07
2.111468659483924216e-07
2.285850873481613022e-07
2.588110780646749018e-07
2.719667796585686278e-07
2.615487854302871745e-07
2.162506354973721827e-07
2.365023839039298399e-07
2.343045376785988515e-07
2.568451213024573173e-07
2.719743903660735142e-07
2.557301158513728475e-07
2.466013115953311668e-07
2.444076249898340861e-07
2.315374617004943899e-07
2.341281541641802042e-07
2.440582952379039590e-07
2.687261998444009256e-07
2.533774549017802721e-07
2.731461999673696576e-07
2.372872307942228382e-07
2.383226718502771169e-07
2.572661384679943258e-07
2.805638981726737783e-07
2.133039902855041071e-07
2.464470398538242381e-07
2.456328598191032581e-07
2.615762639518203331e-07
2.709351583791169930e-07
2.329879357288987682e-07
2.305331659356019747e-07
1.944453450063661136e-07
3.141505728281256906e-07
2.466835638450375926e-07
2.299958152344270430e-07
2.795205436024093708e-07
2.434042653659235094e-07
2.248507038310069656e-07
2.412580282527031985e-07
2.262054989113051583e-07
2.544242639933096909e-07
2.779731823225865642e-07
2.872037750443648460e-07
2.292764953054531735e-07
2.383676120440079966e-07
2.680657956254880758e-07
2.944282450121485268e-07
2.164485081336433729e-07
2.332536330260151058e-07
2.648904903207699633e-07
2.499394583437684997e-07
2.136666961423736512e-07
2.427419499591517249e-07
2.313985762887842534e-07
2.557668536164116963e-07
2.055026886389844670e-07
2.254930254641588657e-07
2.629520625254936001e-07
2.510914038109035123e-07
2.135303591755179178e-07
2.199723061345217535e-07
2.545675073417810155e-07
2.368236773089472437e-07
2.620709779168141293e-07
3.214191231592753580e-07
2.399318792955065997e-07
2.205317149788197071e-07
2.533126064247619430e-07
2.627849276498338901e-07
2.079626763706887592e-07
2.432437279812012388e-07
2.441284453472511361e-07
2.893094453759489956e-07
2.799342214920253502e-07
2.508349889476898613e-07
2.576026924766733514e-07
2.044873235736840104e-07
2.417018854362216592e-07
2.156989495876400441e-07
2.366247598528185418e-07
2.865427240502572755e-07
2.639694575281753249e-07
2.318187302365951679e-07
2.477090213542285779e-07
3.129198639753760195e-07
2.848319666923755587e-07
2.272159226052389712e-07
2.959520511839737844e-07
2.853115566109857080e-07
2.623591092688454238e-07
2.281451498087361462e-07
2.285139758273351093e-07
2.479119983790033001e-07
3.008487967834660601e-07
2.342889068120555862e-07
1.944620912610072706e-07
2.298118493064637217e-07
2.196641052143472571e-07
2.311851686947114251e-07
2.245747238156733642e-07
2.782457677183168055e-07
2.724278320973461966e-07
2.507748927356464463e-07
2.640203452649841843e-07
2.257537306713892814e-07
3.063162678330254746e-07
2.708049484930143278e-07
2.302797933114350474e-07
2.326137753990862157e-07
2.335992505468366156e-07
2.832814189048961385e-07
2.618168068571878190e-07
2.432403770000517127e-07
2.427266943078298009e-07
2.250744210398440190e-07
2.211539096225164987e-07
2.389716304301425065e-07
2.560667744082057046e-07
2.136587177056586221e-07
2.520309161806347541e-07
2.402393833196514650e-07
2.295722322140815758e-07
2.345386271505978029e-07
2.417566677786758484e-07
3.000514307523181890e-07
2.507701255486236552e-07
2.169601096213312017e-07
2.224205788274673942e-07
2.934715136849523749e-07
2.469761158875726268e-07
2.422685290837731160e-07
2.485409852695012144e-07
2.215880037926489285e-07
2.300165067733140244e-07
2.486747458793206485e-07
2.644395530666030185e-07
2.575597800151428654e-07
2.866631456519487399e-07
2.311865483610914613e-07
2.493396337468236293e-07
2.160007158239819794e-07
2.248520763413252851e-07
2.725855831546581040e-07
2.544336897282486174e-07
2.586004786108119619e-07
2.140628577047846030e-07
2.775291637792174832e-07
2.727759927717080056e-07
2.289190876348487699e-07
2.210096012991953571e-07
2.326987944787499621e-07
2.829824222951955957e-07
2.450988900654374125e-07
2.220945613517100498e-07
2.430019807569283100e-07
2.435381885075783134e-07
2.743602604723139026e-07
2.995106924883320523e-07
2.283737913054389296e-07
2.394947239750039183e-07
2.047437593198306373e-07
1.968041178882340534e-07
2.373269018845302519e-07
2.471142426265749702e-07
2.400371859189147870e-07
3.072702832940273098e-07
2.393643911334795686e-07
2.002868745015338378e-07
2.654662174801686272e-07
2.805007935814152421e-07
2.669200674066635773e-07
2.236898098776886399e-07
2.509375363036034001e-07
2.502054669883292453e-07
2.622261573610059935e-07
2.851839882563041535e-07
2.379886336772622064e-07
2.143460542475345425e-07
2.812097945609035322e-07
2.626895303874908595e-07
2.635052732975498237e-07
2.316267567042596430e-07
2.391596694855842381e-07
2.266061895476454546e-07
2.356801207504198551e-07
2.386208820122121225e-07
2.545202691665328731e-07
2.774595876280868236e-07
2.634408522105593697e-07
2.152557032642491199e-07
2.350288708094561417e-07
2.703444627925026705e-07
2.777018615694620829e-07
2.615425521585539179e-07
2.410573702557090870e-07
2.440538349480061595e-07
2.436011544203733343e-07
2.826927625278432048e-07
2.461828422805554547e-07
2.338636826003381948e-07
2.089592256111099532e-07
2.516609553046574107e-07
2.574050179994868107e-07
2.203949850691593214e-07
2.755981501016017795e-07
2.317595732108671498e-07
2.388929906399822389e-07
2.018369676133240589e-07
3.031006435273141781e-07
2.691853889809698096e-07
2.574319878330130740e-07
2.189875497833133391e-07
2.346198073221402689e-07
2.652688243652858848e-07
2.580140463237140009e-07
2.707546321720771586e-07
2.286042179835157298e-07
2.225840221719122223e-07
2.541256299939102994e-07
2.598691478869676785e-07
2.214068970921033341e-07
2.269283695325554425e-07
2.405123052516942765e-07
2.503586326096288165e-07
2.438302922139590210e-07
2.620431905453188192e-07
2.496012597678478862e-07
2.657506654185797382e-07
2.218661942403972928e-07
2.335676316153771941e-07
2.123296756172121647e-07
2.855050627027752965e-07
2.451595082211796999e-07
2.597762611420403877e-07
2.344797518394172899e-07
2.444302283761218623e-07
2.486022542755162198e-07
2.812558224804354501e-07
2.204745984518410352e-07
2.363415118751277456e-07
2.453618909292680360e-07
2.470373500615688028e-07
2.747812821286721608e-07
2.374536868263799571e-07
2.463720259928566461e-07
2.394623623509974766e-07
2.677662622020164723e-07
2.594269155789642449e-07
2.577776067947523472e-07
2.428069404064397127e-07
2.354733277372382887e-07
2.254164841031399664e-07
2.255654202297309889e-07
2.466315428607011084e-07
2.573795378047002064e-07
2.876634238548750949e-07
2.310310335229858686e-07
2.243688744964748179e-07
2.519632090984553327e-07
2.675498064972350427e-07
2.169749424624451256e-07
2.281674436828495334e-07
2.314410159164910146e-07
2.858136327188527047e-07
2.380717406088363760e-07
2.356460114045504313e-07
2.613065660745056922e-07
3.119116874954613050e-07
2.244036405774818575e-07
2.628052280438425408e-07
2.067902533223651808e-07
2.394617657872161141e-07
2.305502075255496319e-07
2.558923253168989149e-07
2.717988605443373914e-07
2.492426981758154725e-07
2.574851333295986104e-07
2.434542689813769223e-07
2.774308774234764199e-07
2.819125947314340737e-07
2.461080152030531443e-07
2.433180301150256300e-07
2.245556017166410372e-07
2.064650844697579377e-07
2.531203238697084823e-07
3.153504606654654024e-07
2.462822534903998620e-07
2.008574580799600197e-07
2.244965077725073756e-07
2.478379419609067562e-07
2.539789920898476416e-07
2.734750113252754142e-07
2.240917856864932113e-07
2.098851429231884771e-07
2.820918677310105064e-07
2.529573074464333555e-07
2.156704457144700124e-07
2.488794111879745277e-07
2.442030334148709344e-07
2.179631294671467924e-07
2.210188705275035920e-07
3.103829278224021628e-07
2.404819601452613424e-07
2.109894530847017195e-07
2.166148149176919044e-07
2.567114005348820065e-07
2.556278009305856869e-07
3.027425346671713807e-07
2.724933735810965575e-07
2.816778449238268396e-07
2.522540321792181563e-07
2.015316799211482321e-07
2.527130199498343025e-07
2.608193346622472521e-07
2.659477363309795159e-07
2.631593509557200393e-07
2.348640194967687505e-07
1.989957943441696675e-07
2.121730554793845345e-07
2.582869050901400433e-07
2.601673026292164528e-07
2.264119608974899487e-07
2.237211621252100256e-07
2.341228416998478606e-07
2.637457385660638739e-07
2.417767603674283718e-07
2.410056060860913776e-07
2.278062742166871048e-07
2.619723772644998047e-07
2.488171899004954380e-07
2.927124231979703735e-07
2.787470722414625153e-07
2.571907426315208527e-07
2.604728175009090307e-07
2.221322981134709051e-07
2.097613983271318890e-07
2.619616836792406586e-07
2.530989654108164992e-07
2.624045050168919584e-07
2.382795333096247282e-07
2.360276555367601665e-07
2.770920168966649047e-07
2.499894772334967411e-07
2.218054648867239406e-07
2.256906521566357023e-07
2.605687618581331705e-07
2.295330892699204688e-07
2.780901320542108230e-07
2.257021317478040868e-07
3.047242138187456744e-07
2.772915318727587260e-07
2.399028254653190333e-07
2.513139405926981663e-07
1.931319781652721271e-07
2.581053091107050919e-07
2.510690717229435230e-07
2.865461200743359181e-07
2.072347436797289417e-07
2.275146332327070308e-07
2.236621933625290624e-07
2.692347780411858162e-07
2.899950817432643435e-07
2.371059098694797636e-07
2.313899201977579836e-07
2.170115049552961841e-07
3.137140859221333929e-07
2.664657926107924524e-07
2.445880584315640193e-07
2.426025229258279275e-07
2.334880392051072434e-07
2.919556837284141742e-07
2.477092898595288547e-07
2.405056461985989540e-07
2.598326031958981112e-07
2.869846801847622669e-07
2.951841508080950474e-07
2.367501681788944434e-07
2.534059000596157611e-07
2.651266796710629800e-07
2.672773776068154187e-07
2.628460762119653440e-07
2.359559148753936264e-07
2.420540963558879426e-07
2.484714847563018326e-07
2.495417458798864173e-07
2.302337496107134664e-07
3.132973207956644214e-07
2.516216269693499524e-07
2.671825426843106097e-07
2.318829483301572789e-07
2.438438842035121583e-07
2.503043002958489602e-07
2.642365727882609258e-07
2.600514945771773781e-07
2.601040884876139574e-07
2.337965929174404050e-07
2.363069621170954435e-07
2.615367187374297466e-07
2.596545193784309813e-07
2.480965391023601167e-07
2.071627638539602482e-07
2.229896646776802096e-07
2.698623207083686849e-07
2.456241032973856505e-07
2.475204235387515819e-07
2.318912687838770733e-07
2.260076756440907950e-07
2.584160059247387118e-07
2.463197704146377263e-07
3.142312747470674865e-07
2.263986206117703792e-07
2.509481805771497439e-07
2.868388349982831722e-07
2.633510522465549758e-07
2.507652889338978916e-07
2.695100825654692055e-07
2.624355186613947251e-07
2.453533613760759840e-07
2.415580656080859809e-07
2.373043654661515255e-07
2.560234997388859768e-07
2.569068634496203795e-07
2.157856833671443256e-07
2.211669522805747626e-07
2.420472713677614039e-07
2.567394174854884324e-07
2.726109521461486691e-07
2.751338986426881623e-07
2.423772530133407342e-07
2.389210903507441224e-07
2.521214994454130116e-07
3.166187229762809190e-07
2.643363349080997207e-07
2.316423877629444445e-07
2.423837888031462714e-07
2.541942278838602019e-07
2.825105049782287506e-07
2.247237711049767480e-07
2.729673506048506212e-07
2.635229361759564068e-07
2.531701241252577595e-07
2.386714323057837766e-07
2.063691630980070545e-07
2.446436175591321036e-07
2.757447645546498556e-07
2.511165948567932757e-07
2.230408031649032514e-07
2.320143660293541184e-07
2.469753724869918513e-07
2.386352979351949532e-07
2.644621714316363044e-07
3.083680457810387078e-07
2.429543899503384896e-07
2.387014124472753509e-07
3.056561085638052092e-07
2.999023440510425874e-07
2.447818171187904671e-07
2.445595122550004243e-07
2.310217877428201914e-07
2.384683258284452883e-07
2.078658638374688825e-07
2.546656097320306454e-07
2.906376269757090358e-07
2.640510073262575950e-07
2.286384860835604107e-07
2.366817246559846985e-07
2.365694879035083119e-07
2.698323611220470878e-07
2.920596111689915444e-07
2.314881405235239262e-07
2.292975747275359042e-07
2.580457508286273445e-07
2.277134479285303306e-07
2.445825132418175773e-07
2.309535347539479654e-07
2.572995419036665069e-07
2.924634185039176059e-07
2.316044046042164709e-07
2.486012747019011625e-07
1.926375466953429007e-07
2.786897136233190329e-07
2.548284253929199135e-07
2.684943582014116999e-07
2.876439297449010615e-07
3.092127186248339841e-07
2.394188343215357331e-07
2.473661421998860165e-07
1.951404412808480382e-07
2.528287095242185765e-07
3.158785060225170214e-07
2.570098552292974304e-07
2.253359474818231710e-07
2.372236882573629807e-07
2.701470018878984693e-07
2.339699706270950658e-07
2.627934739293566994e-07
2.310978872561764687e-07
2.191880745991175416e-07
2.502711517701995117e-07
2.396489261824851755e-07
2.280523826593887778e-07
2.286883044945391609e-07
2.677191138777171157e-07
2.559203616873083851e-07
1.940217390890147401e-07
2.536877888342368339e-07
2.654011511274182932e-07
2.404192963641075601e-07
2.318507690328742075e-07
2.052450414937251543e-07
2.587956307845473710e-07
2.422704443966999208e-07
2.476470725596286766e-07
2.098236394378326282e-07
2.255292949473070254e-07
2.466645010664436817e-07
2.634598578833660173e-07
2.940985914313612070e-07
2.188529255195271820e-07
2.064325569022542647e-07
2.336261372175731686e-07
2.486574578158643495e-07
2.708621399941837014e-07
1.817927850588454762e-07
2.436449798313003547e-07
2.328980053854497975e-07
2.057430496273303724e-07
2.102693751647192932e-07
2.488730146951614277e-07
2.674905040421196102e-07
2.024543329951503769e-07
2.099678155939685219e-07
2.646047227287059949e-07
2.489699084464991997e-07
2.613575124897192785e-07
2.515326658049705705e-07
2.235736091155256311e-07
2.943102887649345225e-07
2.820695892386430380e-07
2.230587110763632988e-07
2.262817143876951416e-07
2.296573346470444420e-07
2.565381354031871575e-07
2.751839500310617983e-07
2.349020384363281648e-07
2.318585467199627381e-07
2.260422093669198734e-07
2.025813307673523580e-07
2.195869786529749652e-07
2.671370257607067935e-07
2.582870738075859235e-07
2.564471129636199941e-07
2.023146988382372365e-07
2.303763707191938808e-07
2.518502445581870429e-07
2.467921451573796750e-07
2.589778185731238594e-07
2.681145415481061180e-07
2.462719233556329059e-07
2.334452038691671677e-07
2.678262030189704418e-07
2.743448653752644734e-07
2.446120852687002493e-07
2.500583595676145459e-07
2.284760297790037210e-07
2.523847538764461900e-07
2.902812107836829010e-07
2.438528848851456010e-07
2.173170031338998127e-07
2.262992001892472158e-07
2.179599002700873166e-07
2.408686324497712917e-07
2.399895223949407916e-07
2.537698510678227924e-07
3.297269601747567264e-07
2.292368068109939330e-07
2.339330994127121676e-07
2.032456035587314745e-07
2.908594802384602274e-07
2.625074864317768171e-07
2.506907688942068691e-07
2.272950062021245010e-07
2.397444515668989295e-07
2.501554412986234150e-07
2.516549675076552989e-07
2.343394182781838302e-07
2.286381591839831331e-07
2.206866340780452901e-07
2.591858692574480181e-07
2.607807581946096643e-07
2.033980184165724099e-07
1.905711566818622138e-07
2.795082877233440870e-07
2.183061685340031304e-07
2.520888879810301337e-07
2.223417419429293392e-07
2.651876844006528546e-07
2.781984903190983991e-07
2.379107038756146711e-07
2.263573908436838106e-07
3.058685114593904601e-07
2.459848334164020240e-07
2.363917164830762229e-07
2.213669446357102524e-07
2.401567990234809542e-07
2.369893768397335808e-07
2.961979677584635849e-07
2.227374410938913287e-07
1.951708911072221382e-07
2.315372485843694500e-07
2.440283689113456754e-07
2.143097820789029931e-07
2.733550458258802907e-07
2.482418855649519309e-07
2.043565510748529573e-07
2.164712736837837489e-07
2.034873609339287172e-07
2.093689208136393363e-07
2.414514545549682728e-07
2.524980337745322502e-07
2.452019299239010365e-07
3.112766556953630238e-07
2.325739904291293560e-07
2.287472664242192353e-07
2.580681007380741467e-07
2.752103967523771688e-07
2.785612090149169574e-07
2.220420400152700818e-07
2.377241310268600935e-07
2.315954019692967557e-07
2.752611398558613006e-07
2.743683917111007568e-07
2.662240913487445092e-07
2.664713482499909708e-07
2.179509829625444497e-07
2.271444020991147279e-07
2.306633629561573352e-07
2.715580632475779820e-07
2.612313708814501828e-07
2.098510114989977809e-07
2.319644328741234999e-07
2.490965996978427297e-07
2.388523344707518425e-07
2.394169938507670458e-07
2.506686044014561613e-07
2.982112980344414896e-07
2.930699981345508751e-07
2.367828665253788828e-07
2.006638517738798648e-07
2.866526925454923551e-07
2.650713455185586914e-07
2.478833015151446103e-07
2.283194119013382709e-07
2.255847819110085692e-07
2.166023298783417717e-07
2.430806859183857059e-07
2.243081337460110651e-07
2.486235102940166100e-07
2.688606271013904639e-07
2.727866917692664390e-07
2.401174636555238444e-07
2.472658954771355667e-07
2.591730971080376448e-07
2.571424690962824415e-07
2.458385481872783594e-07
2.444295366569066448e-07
2.288301695898916604e-07
2.474093613500117234e-07
3.127670632231986354e-07
2.446049280112499632e-07
2.258679538238345507e-07
2.205864453827639851e-07
2.521370186804915681e-07
2.307376397192838338e-07
2.667704684526324929e-07
2.602507147826493513e-07
2.645003084059406177e-07
2.226003895339550146e-07
2.806076595633144979e-07
2.821666519561914788e-07
2.222180494674878903e-07
2.439853610285965833e-07
2.698369996440612537e-07
2.498370128233373391e-07
2.692842251805312687e-07
2.466282587652209592e-07
2.221614857813430663e-07
2.034771920512436118e-07
2.636694972760174977e-07
2.500125162924746216e-07
2.036818881724138751e-07
2.232614666510531603e-07
2.437410891790516648e-07
2.430471200222601625e-07
2.723827018751205187e-07
2.610032297411837213e-07
2.467067255508341500e-07
3.104320961552766911e-07
2.423049119771652324e-07
2.136546959681809414e-07
2.133685253252750849e-07
2.860952248240463132e-07
2.473437587272565230e-07
2.510967552575518023e-07
2.466932083198457133e-07
2.232601150210025746e-07
2.581826443775603922e-07
2.556340698469828235e-07
2.631693681828548030e-07
2.291091871872638245e-07
1.973679443331771337e-07
2.430868196726881458e-07
2.859842238771753989e-07
2.487404685033494806e-07
2.195985203056444133e-07
2.387806884738658911e-07
2.387495173165539326e-07
2.535254611975093627e-07
2.627501013177153247e-07
2.813114192557589330e-07
2.629167772413549273e-07
2.104405013287645504e-07
2.024458890612585670e-07
2.482986794308932231e-07
2.631826713508578345e-07
2.513502845649490674e-07
2.785359354818720435e-07
2.393067735522149083e-07
2.260756523083414603e-07
2.559346703766143957e-07
2.675241486917528703e-07
2.416684438111584379e-07
2.437324977256299165e-07
2.062891980129331661e-07
2.205484038107366889e-07
2.537946831401485812e-07
2.579362646421502811e-07
2.066926575391706797e-07
2.341753923846533414e-07
2.556518745941544485e-07
2.357822006812376538e-07
2.229192195960197224e-07
2.541505319462350140e-07
2.964920939127619087e-07
2.313092874714425563e-07
2.099455911177636968e-07
2.298092388312838583e-07
2.823567574618261166e-07
2.562952464051533275e-07
2.537457633461266087e-07
2.106975318417957867e-07
2.280283505956369644e-07
2.682395869181766264e-07
2.683577555816357779e-07
2.741546651215256545e-07
2.248398706331520180e-07
2.290295815018858898e-07
2.274024255854337501e-07
2.787038520195764381e-07
2.562203351210167602e-07
2.093672733215223602e-07
2.363131750888965374e-07
2.465752005317278247e-07
2.481544912417413974e-07
2.220080729304749387e-07
2.166330149783941547e-07
2.620393087347491616e-07
2.610624905666840100e-07
2.130888331856055515e-07
1.922086878779449914e-07
2.428531896377476842e-07
2.447548528754479275e-07
2.547979433655175151e-07
2.584074145238940985e-07
2.548777715932861002e-07
1.983732462133788669e-07
2.473016225762649477e-07
2.732949646196180888e-07
2.929971525652945244e-07
2.211516178375856258e-07
2.443663159361697022e-07
2.991153364716371200e-07
2.760527321636094936e-07
2.349377031279796279e-07
2.458337167791600434e-07
2.146258928695342031e-07
2.193722113873203057e-07
2.145312725667702701e-07
2.193891196188995137e-07
2.893958517604205147e-07
2.498567668827826710e-07
2.421471737437206000e-07
2.462891420084839630e-07
2.536493584917758929e-07
2.796325899000367665e-07
2.945156959943586785e-07
2.286729130915898324e-07
2.713134107291308254e-07
2.617672058974988723e-07
2.277211183683371303e-07
2.466527484778408432e-07
2.262040016316647971e-07
2.422328409193715706e-07
2.779257587529801217e-07
2.415397551515924697e-07
2.156645297190337004e-07
1.995423817084075153e-07
2.278846825347800647e-07
2.350875471072307630e-07
2.984393422432644342e-07
2.571345856811813908e-07
2.557579667049125071e-07
2.395191022725783672e-07
2.671727878135178929e-07
2.546991366428850502e-07
2.363061821328234452e-07
2.932128275379094388e-07
2.333160375369101753e-07
2.191527339472087956e-07
2.147502886160036254e-07
2.802391557841546529e-07
2.541039901349513011e-07
2.504197793374633599e-07
2.348759678057796148e-07
2.168230539291507160e-07
2.530823338376348847e-07
2.561805775566024858e-07
2.185324527337136365e-07
2.816956425659265961e-07
2.552913464735905375e-07
2.373921048106406987e-07
2.693607033448523984e-07
2.611838944488743676e-07
2.321375241952427133e-07
2.265956984504599987e-07
2.389448096658965614e-07
2.295854579399925807e-07
2.616950562549411210e-07
2.187557816022628486e-07
2.175604875321361840e-07
2.536832049781512732e-07
2.595061722768598753e-07
2.528425763671213444e-07
2.731241508003504925e-07
2.365037085884804655e-07
1.995191913413477193e-07
2.550001594585179278e-07
2.146193135213403565e-07
2.857514551379346155e-07
2.451147316280776950e-07
2.428763807681442814e-07
2.401757886223708431e-07
2.255225969826367720e-07
2.746310990175854440e-07
2.608191697690905954e-07
2.875395785188980980e-07
2.143102587513264836e-07
2.333721027607215138e-07
2.461047893018359768e-07
2.998416859458419756e-07
2.497773609685290862e-07
2.245642043285282903e-07
2.366959553018023253e-07
2.456898190525865089e-07
2.555956630824836214e-07
2.815811832817419128e-07
2.859104716663100093e-07
2.279611357150573780e-07
2.409512965803386812e-07
2.045945386942393787e-07
2.278430110634047813e-07
2.573285021390905467e-07
2.440207535687258886e-07
2.514945669700759479e-07
2.616442629952619736e-07
2.338490922613286510e-07
2.228974618105943761e-07
2.474073609615902048e-07
2.831006029991861643e-07
2.624461503607322024e-07
2.354389049524319210e-07
2.334966363562839674e-07
2.384931415446068997e-07
2.751266128731075277e-07
2.721571684303215036e-07
2.509643669129646426e-07
2.190974820766351946e-07
2.780529189741658449e-07
2.731145489835899271e-07
2.701552683274341570e-07
2.163223761452940071e-07
2.612962195214234632e-07
2.201345592968845655e-07
2.380972264064425828e-07
2.531068042066807193e-07
2.568057679485202316e-07
2.843428610961045890e-07
2.917733379440878945e-07
2.343459062887228030e-07
2.320199992011152732e-07
2.935933579617554853e-07
2.792921974063702342e-07
2.650750530148216372e-07
2.511270674356661033e-07
2.235356067817951554e-07
1.933278886514876488e-07
2.701002252926232403e-07
2.623534448269490179e-07
2.478858861574009930e-07
2.164449107205332564e-07
2.079110545304911220e-07
2.581118435399904273e-07
2.032215192613190283e-07
3.132774391977141503e-07
2.240891586939204194e-07
2.283782618783329876e-07
2.301118314142364718e-07
2.601731015359229393e-07
2.825502613564692558e-07
2.571432276465797330e-07
2.308373537179019284e-07
2.387718363777931086e-07
2.455550192106098920e-07
2.493489436170520902e-07
2.308552703013738312e-07
2.153562458675474515e-07
2.591697493065921515e-07
2.823985717104737052e-07
2.107155666439953179e-07
2.036682404026620110e-07
2.524661707961798025e-07
2.387231219111909832e-07
2.574137842927395516e-07
2.819535444408911823e-07
2.513133215040178182e-07
2.803608989913628406e-07
2.243048480686594322e-07
2.711689479605642712e-07
2.336644819545348665e-07
2.378182786267230609e-07
2.253098989027451343e-07
2.563964874504107837e-07
2.386965635470949935e-07
2.371422214855866786e-07
2.764020703024627119e-07
2.568281048301933585e-07
2.191844710949368296e-07
2.542767520798943130e-07
2.347204907695425392e-07
2.742815594304177099e-07
2.918374594361903550e-07
2.823694413550334268e-07
2.699935210052500277e-07
2.547635303311952622e-07
2.327608489733817088e-07
2.243767223902823903e-07
2.450717954298776480e-07
2.496872815071556746e-07
2.818324376988230156e-07
2.184393669302387065e-07
2.519014939212864910e-07
2.763417030708171773e-07
2.077580750782544167e-07
2.251511477006525840e-07
2.259133535455796151e-07
2.563407834889247938e-07
2.742396256523990321e-07
2.445482012486179228e-07
2.554308903777543051e-07
2.103597193904892814e-07
2.845765079461926123e-07
2.704065968600796213e-07
2.329489312824735416e-07
2.609594687399244181e-07
2.563989908013608599e-07
2.251984571942032600e-07
2.512252891685929787e-07
2.257395968744640285e-07
2.783925856791681168e-07
2.901814442842753401e-07
2.401144393508837752e-07
2.483500930767081411e-07
2.206007526831690551e-07
2.695036153371268509e-07
2.437632945513560245e-07
2.217674337341654221e-07
2.381083373341215249e-07
2.770272017299492746e-07
2.790346656527870233e-07
2.552657370090000723e-07
2.746116042594618523e-07
2.452202071051098847e-07
2.552504224793892631e-07
2.786305150232962280e-07
2.960190057173820248e-07
2.535828067810963948e-07
2.369021479267465991e-07
2.399072569635289166e-07
2.329464963028949580e-07
2.522378840701974200e-07
2.976945846670523885e-07
2.446920639283885248e-07
1.994811482576290601e-07
2.241706302161706272e-07
2.559526734851475114e-07
2.499759499835964047e-07
2.478322374318245745e-07
2.291929059842536404e-07
2.134742678910294387e-07
2.644216864335435532e-07
2.637922119951884148e-07
2.687586303002579192e-07
2.902121097998145960e-07
2.462302376615012474e-07
2.203711837399018187e-07
2.327224182482962126e-07
3.053921484212228872e-07
2.418761653016372249e-07
2.627582513815907383e-07
2.252668566637756306e-07
2.147720199574357793e-07
2.155838014797497463e-07
2.636346427175559571e-07
2.399594527127626179e-07
2.217319710825746915e-07
2.175387599589633212e-07
2.457564903449607036e-07
2.434720674761072434e-07
2.535972162078081056e-07
2.843019598917016901e-07
2.325295902517092075e-07
2.411979197491519218e-07
2.390091376993862772e-07
2.696365794172562673e-07
