5.327813545851431149e-04
4.118885935369294145e-04
3.861488285172110044e-04
5.281551558036287749e-04
4.785348580327987520e-04
3.271529429273784722e-04
5.101649831663058717e-04
4.428242514170197181e-04
7.547788689366287081e-04
3.703064494320460918e-04
4.608535440534852062e-04
4.729515787602736393e-04
5.001559820948958159e-04
4.763744117444995555e-04
4.375199125798564462e-04
4.316433953285928331e-04
4.006702752592861193e-04
3.277408073582773764e-04
5.750542291677643823e-04
4.185075303580752565e-04
3.636066172831296014e-04
3.782437965479877834e-04
5.066212232437246809e-04
4.864505814600133095e-04
5.156684776153231016e-04
5.296867024260861791e-04
6.009741175778445920e-04
7.224319552815332886e-04
4.053759634894176173e-04
2.745982614608810787e-04
4.628025368136606398e-04
5.589763351473910503e-04
4.854998952268755621e-04
4.878718056288344957e-04
2.759848092382511222e-04
3.686470387345927861e-04
4.352876624541703716e-04
5.798568669869178177e-04
6.704275118934539725e-04
3.947550480571096129e-04
4.291277700054401192e-04
3.736671726626383631e-04
6.265568348080311975e-04
5.456987834994560206e-04
3.452611717029551038e-04
5.137540905281552314e-04
4.648933410532832397e-04
4.969396328629793139e-04
3.123916233820728749e-04
4.937602146756936601e-04
3.062123822975587779e-04
4.288548550841398310e-04
4.466603138842291376e-04
5.490875170669747094e-04
4.907081134849512185e-04
4.115978850308653629e-04
4.149378026657598011e-04
5.731132600304477895e-04
4.733498142034444907e-04
3.425047734269179279e-04
3.717059869904807789e-04
4.578668095852261389e-04
4.882198570408759534e-04
5.869167042563867582e-04
3.888607210596757677e-04
3.015150155521674393e-04
4.055574724045605314e-04
4.562455583314267531e-04
3.918829006499540573e-04
4.998356096271274395e-04
4.929594331608765870e-04
4.369326937101074347e-04
3.627712254033309963e-04
6.036985485751844701e-04
6.158907506951435398e-04
5.856693985885637723e-04
3.274837090434363183e-04
5.269768477924332249e-04
2.931948978430595960e-04
3.299507132575759099e-04
5.396748018040331855e-04
5.367070557785410569e-04
4.767998747729577111e-04
4.478951285363351334e-04
4.545511628996923032e-04
4.797311055641542113e-04
4.495824496042399258e-04
5.101425895353395952e-04
6.410012174966085979e-04
4.168347600493723304e-04
3.909747603232650555e-04
5.491889468249458537e-04
5.429491275828002630e-04
3.944502987683618498e-04
5.808076803138426114e-04
3.477281651763853209e-04
4.227820229631408478e-04
3.782925837141743429e-04
7.288824158935220190e-04
4.717763537478318939e-04
3.292847281987367706e-04
5.780476074112992540e-04
5.576856028545486548e-04
2.491143745234821469e-04
3.906402816588988277e-04
3.149836447165945265e-04
4.846919685918224551e-04
7.191090060362714202e-04
5.046842810085483888e-04
4.110579916130219376e-04
4.348590738365557440e-04
3.759704447302487148e-04
4.330548547962665838e-04
4.558775208769595515e-04
5.262978964035898172e-04
3.337173203671726538e-04
3.264103020731385437e-04
4.906940019676612379e-04
5.089935185300343504e-04
6.592840720271198355e-04
4.059648454704290507e-04
3.473616044814452288e-04
4.092832096125835614e-04
5.527643147371941743e-04
3.844589104700653999e-04
5.848282374373754439e-04
2.881711496258588926e-04
4.967766716247136232e-04
5.507599847860216672e-04
5.146503420671560275e-04
5.164103843783607621e-04
4.089055068975424299e-04
5.969674372553446760e-04
3.241366140285392109e-04
3.564046035361909657e-04
5.808057786821163929e-04
2.634943728571571722e-04
4.392363318368351036e-04
3.579901642190891527e-04
4.154711064644956331e-04
5.107752257314367855e-04
4.929259293819770451e-04
4.079224887144786236e-04
3.174498560176943667e-04
5.816893027242202915e-04
4.947162637005632010e-04
4.526415361427951907e-04
5.282100372546421740e-04
5.429023060648354229e-04
4.565835642295676248e-04
3.291939868647218085e-04
5.403914062518984244e-04
6.394536466337653099e-04
4.099017439593294755e-04
4.573173044016487976e-04
6.045601780046534150e-04
6.446558527078483959e-04
3.116222442546399572e-04
3.982651910650227131e-04
6.125254513103827771e-04
5.703984185345675273e-04
4.225146616106785426e-04
4.347441537678401868e-04
7.060205012197685089e-04
4.119908105702599376e-04
5.053800836878920549e-04
3.046935110762912912e-04
3.444969161181082027e-04
5.254044514789893254e-04
4.977387155406913250e-04
5.004047848664135894e-04
3.538947945124721944e-04
3.965706605638563871e-04
2.611659757846035066e-04
4.673565014526314147e-04
4.550256474036681246e-04
6.544075830727411015e-04
5.601663680316953595e-04
4.053480008036430501e-04
4.473892188013891928e-04
3.660514092901256044e-04
7.015305857127045880e-04
5.852617803632633809e-04
6.106896000964122124e-04
5.270753417193759990e-04
4.224279584022912442e-04
4.452622369890761839e-04
6.905779807114232564e-04
3.886701101226417224e-04
4.580572859082876545e-04
3.116229365692194824e-04
3.776292371848627731e-04
4.681005155879232609e-04
5.521354318054049479e-04
2.304619229114762474e-04
4.554106935013699968e-04
2.859640955917031068e-04
3.702530755844369507e-04
5.470306887401306817e-04
6.360200834802503264e-04
3.749155227909175690e-04
3.408592010051467148e-04
5.936538161581601282e-04
5.993141996172203110e-04
3.764694455133805171e-04
3.791699348278099982e-04
3.309573236106747116e-04
4.392315019207974555e-04
4.156437811677776988e-04
5.288215802461813551e-04
3.223406863315604392e-04
4.943792474674857168e-04
3.612699624220107927e-04
5.982358975438611948e-04
4.820142416525695470e-04
4.760851679981422052e-04
3.217816625084205071e-04
4.147890079372893780e-04
4.813162872152240137e-04
3.788065858571420196e-04
3.778571015375454048e-04
4.195685061814527560e-04
6.426353636943476577e-04
4.034237310069660899e-04
3.436472729846242564e-04
3.307610370623916213e-04
4.144056420169083465e-04
3.727918456494782608e-04
6.132003635878794734e-04
4.388223403380205230e-04
3.835907901436632858e-04
3.850242401904339809e-04
4.074739508306136188e-04
5.400062063323290366e-04
4.916312353293826858e-04
4.171017780469110951e-04
4.289839503473448956e-04
4.738425060735437832e-04
5.133755787820154211e-04
3.589952279896843970e-04
3.455767514998881428e-04
4.700427282858008577e-04
4.858857127702177672e-04
4.385008586215184819e-04
3.976493670001600531e-04
3.381767553452334459e-04
4.918937984378057545e-04
4.242206162902826421e-04
6.047277206752569917e-04
4.530724217931589412e-04
6.313395760640641476e-04
4.273600045819597585e-04
4.350995829776544755e-04
5.444462949827218136e-04
4.647962800490499356e-04
4.297245308816447233e-04
4.435711345907795739e-04
3.829458634848503405e-04
2.976664479453327151e-04
5.307576046772053075e-04
3.772341667171218247e-04
4.759006447066063726e-04
5.056093786962711362e-04
3.889647543905654765e-04
4.084088982430360737e-04
4.239667265385730775e-04
4.623973115658767475e-04
4.376195009399684740e-04
7.168205792340866505e-04
4.108526977098001616e-04
3.819664965195746636e-04
3.461186089867259244e-04
5.179399929042124377e-04
3.041972738622093059e-04
4.607843747451558034e-04
2.984548062811169305e-04
4.785853998701669935e-04
6.449181671564009925e-04
4.189048828937723054e-04
4.019104557771242185e-04
3.765419295786333461e-04
4.503525642548917261e-04
3.791988046659034318e-04
5.119264712732257434e-04
5.779714589297607705e-04
6.706564731244611015e-04
5.127195485794127120e-04
3.411352776214642349e-04
3.866788241955586986e-04
4.454543200267129964e-04
4.444520448996479843e-04
4.500057021924216256e-04
3.976775987132458450e-04
3.486369601203698600e-04
2.978838606558883344e-04
4.622102632374769089e-04
5.037403867696427055e-04
4.699515596671008854e-04
2.691526024911511947e-04
4.704417757633303551e-04
3.237632809892547828e-04
3.885238959063641714e-04
3.847293016142042024e-04
4.021220952843147095e-04
4.365157845634031267e-04
3.105323164270342882e-04
3.054134827035698079e-04
5.409841974752791806e-04
5.105641232340524379e-04
4.933390084488392582e-04
3.406799516181184344e-04
3.415494858212675118e-04
4.416783230875744710e-04
3.500481433979690566e-04
3.345837386168863540e-04
4.678640387883958537e-04
4.738894130942210097e-04
5.191646005525889056e-04
4.960513980047599660e-04
3.657169485193188406e-04
3.330644827155402232e-04
5.892894594411612246e-04
7.571882344051585880e-04
4.561799167089117669e-04
6.249774555661795914e-04
4.411591594468411426e-04
3.709819591336244561e-04
5.162114998060667948e-04
4.254907564567143191e-04
5.783000015972911091e-04
3.435108253232581365e-04
4.137185651063439201e-04
6.359905854182924161e-04
6.447447616408686927e-04
3.352068063931843258e-04
3.312511804203084305e-04
5.395410803923627327e-04
4.906348357299675353e-04
4.206291661920065006e-04
2.871962406155388657e-04
4.002887338710716053e-04
5.409328664714957262e-04
6.257866918738177065e-04
4.736701715272449730e-04
5.113429898511564695e-04
4.314966549358323637e-04
3.639715744273209650e-04
4.961905186604526714e-04
3.902306607592831000e-04
5.233279866424622555e-04
2.302201085714135527e-04
4.178384590357520838e-04
3.088177788166513826e-04
5.138671288692693052e-04
3.945888850136334744e-04
6.161407990934418544e-04
2.643757141754687250e-04
4.750663920709603956e-04
8.329278511661675124e-04
4.759419648146886615e-04
6.208807973444751454e-04
3.307931773784721151e-04
3.552737177628982417e-04
4.529746302998028328e-04
5.060457932424173872e-04
5.343119760399305061e-04
4.700520277658345992e-04
4.153631045723649553e-04
5.563853368109907254e-04
1.902847525352778090e-04
4.137805355892023684e-04
5.545866407502646200e-04
4.487596779947434274e-04
5.705774527940493885e-04
4.217115581958296344e-04
4.539701544691751816e-04
4.588735233156982255e-04
5.023315025354782495e-04
4.619779304333860161e-04
4.198050073354937946e-04
5.142159317765871438e-04
4.101407101942525007e-04
3.999137858058038949e-04
6.976431593652721334e-04
3.976531462387150758e-04
4.540091723933446181e-04
6.347325938324269645e-04
5.483595759197126352e-04
4.077185829754239590e-04
4.420280124063562330e-04
4.191355810159788772e-04
2.738549887266786254e-04
4.166525762940030187e-04
4.589836434519905216e-04
6.320874677945007621e-04
4.531573787230775145e-04
4.344159914869478892e-04
5.332957174219135794e-04
3.900494265009213910e-04
5.440262396094670046e-04
3.144568729106183669e-04
3.208693701463181578e-04
6.824443566915370249e-04
4.592680710896601269e-04
4.287191549453703223e-04
3.162760400848962233e-04
4.552493455608600556e-04
3.880866823418382483e-04
3.663801153946260095e-04
4.846491637847463729e-04
4.606576074372257948e-04
4.556132925098198630e-04
4.735903678458106936e-04
5.359670853591463327e-04
3.780609238090706318e-04
3.787767473850590537e-04
6.196374887234372929e-04
4.792143714989425532e-04
4.259753763154673807e-04
3.990789053563860824e-04
4.524743619996716309e-04
3.936067004287978734e-04
3.697740721077379805e-04
5.952414820412886554e-04
3.569535029887764663e-04
4.783533400054744509e-04
4.319576171528665830e-04
4.527454751752929963e-04
8.712940429640055051e-04
6.117381620231325577e-04
5.520705881632748026e-04
3.138382033802601559e-04
2.905490551543055198e-04
4.225142489756455208e-04
4.635238892134016693e-04
4.818830493427634439e-04
4.164256718280137919e-04
4.080058293389741985e-04
3.602691843930432903e-04
4.266709407581448666e-04
5.804720851106647808e-04
3.399857080426325591e-04
4.421767773991172102e-04
3.435295808004501842e-04
4.565686727401432931e-04
4.312044676873298091e-04
3.904168358781738980e-04
5.156237335036097319e-04
4.322465846166914909e-04
6.093786055808471250e-04
3.687498353876146910e-04
3.699015447902506259e-04
3.575038798462081067e-04
3.635695355228503499e-04
6.287204200020277698e-04
4.887418283245264844e-04
3.772054270319586539e-04
2.497425192133912028e-04
2.992999304471673878e-04
3.806333046314283857e-04
4.272891272646607997e-04
3.489802312265315024e-04
3.222190153239704448e-04
4.222596333267048517e-04
4.243528094415135641e-04
6.825483402126048850e-04
3.601877574309043321e-04
4.512504635201247259e-04
5.598292654477483865e-04
3.602542119440735216e-04
4.708335358174934931e-04
4.276360267951786077e-04
4.472526386955592566e-04
4.874388792202114786e-04
4.274632156288461554e-04
5.923332101757966973e-04
6.051741408164282776e-04
2.737862394683775115e-04
4.313572986011289002e-04
5.038630016122582975e-04
5.301852852631405493e-04
5.019811845206923221e-04
4.922925878931853818e-04
3.687914819045402933e-04
3.290991090807002164e-04
5.458701105433513313e-04
5.836211643342259026e-04
5.368433838299987732e-04
4.213003185107915211e-04
2.706801757774763184e-04
4.512390065352944214e-04
4.458269907744729591e-04
5.754251245799606737e-04
6.861911757136189517e-04
5.492610053760372873e-04
3.543363731057147439e-04
4.993766665242594478e-04
5.861902509252159320e-04
4.739274054743728456e-04
4.545896467578311364e-04
3.791859710917359232e-04
4.716348119119569550e-04
4.285082397593414742e-04
4.436894199645955838e-04
4.375674443265024373e-04
4.904546513340376796e-04
5.228194087538623512e-04
5.221954716950268256e-04
4.049076356259451929e-04
4.081081876557146604e-04
4.086507954176757211e-04
4.866001880723277409e-04
4.898414754542292386e-04
3.544528335147322786e-04
5.874688754046614734e-04
5.378149680626243771e-04
3.644378898846040550e-04
4.224048814396694934e-04
3.281705256926023746e-04
4.428130869643186847e-04
4.634076243483717123e-04
5.029086272549819405e-04
5.129033620000544901e-04
2.543151685785761409e-04
5.259944076429439288e-04
4.226690840196133440e-04
5.291439209908283458e-04
3.235514593966000722e-04
4.472688505883256455e-04
5.196061623847094508e-04
5.543029766522873701e-04
3.690133027276365908e-04
5.431001014885373287e-04
2.969354870903081534e-04
4.741196189175060638e-04
4.865829400744210286e-04
4.778993452123355508e-04
4.798835349201933855e-04
3.591947479484504250e-04
3.786580855727964944e-04
5.280912534282373354e-04
3.472426701195193842e-04
3.353880473131269353e-04
3.579355634425402722e-04
6.907719539950528398e-04
6.604015970671691651e-04
5.663257546307102520e-04
3.969361068072885679e-04
4.135352651106830035e-04
4.859555763708503983e-04
5.375248450604948325e-04
5.196075055988280504e-04
6.244312785225989175e-04
3.646022795062743571e-04
3.158346128207347218e-04
5.124852314885337693e-04
3.934768177865761670e-04
6.002740229772750638e-04
4.325324470626933007e-04
3.784727384338694759e-04
3.713144203860849679e-04
5.952998213278221399e-04
5.073489546255536501e-04
2.927809519067929990e-04
4.637450175101834608e-04
5.593852876422302639e-04
4.890476628389237718e-04
4.710393368945643027e-04
2.606052154675245354e-04
4.113285403470476266e-04
3.770979025589571627e-04
6.013003305249234364e-04
4.818402142173338482e-04
5.068624391481310132e-04
4.481969789420863458e-04
5.446542259733400766e-04
5.178274317570559981e-04
3.490202095698499880e-04
4.728262160686161537e-04
5.926208774789472247e-04
4.522738141314179864e-04
5.755659041037101877e-04
5.471240565331207022e-04
6.019168480629508936e-04
4.096302634366839456e-04
4.087577287607963819e-04
3.354026672567276797e-04
5.221944765280925067e-04
3.475871704725220081e-04
5.527716356403919624e-04
3.314164173646489309e-04
4.208370855727432505e-04
3.782277862379610986e-04
4.187245920328946437e-04
5.410811433463526970e-04
5.579945741385155091e-04
5.199149898822335919e-04
3.864141670692188826e-04
3.521374604086934630e-04
4.386876091457783027e-04
5.212967051677190079e-04
5.554684022001005238e-04
2.743779088560057734e-04
3.788647562542488091e-04
5.862512370901158589e-04
3.679860733164530572e-04
3.804171744202982730e-04
2.877607183344857216e-04
3.722794311355373639e-04
3.287196835476212777e-04
4.976627321521240365e-04
3.919215615826576455e-04
3.726851459868858155e-04
3.796537307358977139e-04
4.249407135216345249e-04
3.182512323856749657e-04
4.663824029604275528e-04
4.534111734254944780e-04
3.675096239815638143e-04
3.674387608542041181e-04
3.264945738879459353e-04
3.767110109376587161e-04
5.271585247723978556e-04
5.271889314169605351e-04
3.675565011787352340e-04
4.180903817483597879e-04
4.473691381240094958e-04
4.274914585828059558e-04
5.436650517330462659e-04
4.105063240819324492e-04
2.987025155614846453e-04
3.494981087653436353e-04
5.159768726260621427e-04
6.487786680362679333e-04
3.140334799121999526e-04
3.789892769743641115e-04
4.721092497943440254e-04
4.070036318999468300e-04
4.963235014017394753e-04
3.693455484028714897e-04
5.761544294048726077e-04
5.085004060289296081e-04
3.961092858093747684e-04
3.989908874833419158e-04
5.302603455901470572e-04
4.420653426431552803e-04
4.713518148216758511e-04
4.857574363647596655e-04
5.157370190713665009e-04
4.242250380964509324e-04
4.021029721273198252e-04
6.095664603902002177e-04
3.125056827260635941e-04
4.589136248520894789e-04
4.850311800037292328e-04
4.945466057035663009e-04
5.212546790258314059e-04
3.439792803875503708e-04
5.343934086151311833e-04
7.425674304578169273e-04
4.018148860400086821e-04
3.086053975267165047e-04
3.040897403937574883e-04
5.164381424586152484e-04
4.693281669508215246e-04
4.302606486126066211e-04
5.757328140554703001e-04
4.214741924629329304e-04
4.641176406270346578e-04
4.068902681062188959e-04
4.475752303811209422e-04
3.654155029254013676e-04
4.715605688571193328e-04
4.487756644896978564e-04
4.310164040551747841e-04
3.103426465721052818e-04
3.214404927122195338e-04
4.044995030949027643e-04
4.469803287348246600e-04
3.488932692714067892e-04
4.710228662283112255e-04
4.040259907896590519e-04
3.614118894957484463e-04
3.540597621788016728e-04
5.494669609025594264e-04
4.233028345672928982e-04
4.475165785190947875e-04
4.282547800962342830e-04
4.541131879202847145e-04
4.520139951142485685e-04
7.143589992052840586e-04
3.670346488511747442e-04
3.965328252694307054e-04
4.861902547524633790e-04
2.827868532691054228e-04
5.656058848260131890e-04
3.570167569525900574e-04
5.308859939012212361e-04
4.338753894652798665e-04
5.212390938845987186e-04
3.901568604536028557e-04
4.434907886443197143e-04
3.556176873494939117e-04
5.687650953622483104e-04
3.157216783705134441e-04
5.392391788311271580e-04
4.055486055583506838e-04
5.049796327779720742e-04
4.999629196671478374e-04
2.550163263793055798e-04
4.617996679027650919e-04
4.248557713175947796e-04
5.061126146203436286e-04
5.346330994712070574e-04
4.730280084818040839e-04
3.396136454027250812e-04
3.690050021329664871e-04
4.827727648717338935e-04
6.044529359556116309e-04
6.516515561151590757e-04
5.182291353899328139e-04
3.929447847615077818e-04
4.038579063385414145e-04
3.331021429166408122e-04
4.646522054639017204e-04
5.480781187891537723e-04
3.789655993402508646e-04
6.101298045041560550e-04
4.659478573336538068e-04
5.825397671174783456e-04
4.517846592442224135e-04
5.097680735721567919e-04
4.397175332899463875e-04
6.209811123019985885e-04
4.688278502178422585e-04
4.177806918022765174e-04
5.023474854681931993e-04
4.466626579669186474e-04
4.321904320535015307e-04
4.978346229681385052e-04
4.156178423177132072e-04
4.034229621290085855e-04
3.466602260690944252e-04
3.581352291289760319e-04
3.696736722560520910e-04
5.061828368020203492e-04
4.719929707455759000e-04
7.363679329468033946e-04
3.810589145870039323e-04
4.580915919097372502e-04
3.411154858334022248e-04
5.181671234707555798e-04
4.224374820901920474e-04
5.411905684888503824e-04
5.225593853545615428e-04
4.728516479570932436e-04
4.035686762476917784e-04
2.527866949714248248e-04
4.039713693321939363e-04
3.487954034207284065e-04
3.551266489038109892e-04
4.584960041623294667e-04
3.378489468900087523e-04
4.375423737658890272e-04
4.542491138100670503e-04
3.299519253514251907e-04
4.660642420840887526e-04
4.286215385908441391e-04
2.700478705361473303e-04
6.090909363489291220e-04
5.212735836777370509e-04
3.750080756468989807e-04
4.405330755957000068e-04
4.195999613105833199e-04
6.587566534929933677e-04
4.822221985473782780e-04
4.124225406281607450e-04
2.755336640153004872e-04
4.271146758085619206e-04
4.599119643992898325e-04
5.147276399652271671e-04
4.910018698483916907e-04
3.565653568834937170e-04
3.887802062186571420e-04
4.340932344425776890e-04
5.152735578162229114e-04
4.851007727580571699e-04
2.776360463488909756e-04
5.026825644801835797e-04
4.448824442443324693e-04
3.132675908559379011e-04
3.893861200420117331e-04
5.072886581949935698e-04
2.633202993042031595e-04
4.962897554139457162e-04
3.539723595316925900e-04
3.430867145354456649e-04
3.367971058463907963e-04
5.247150286915577356e-04
3.686031141813790406e-04
5.839301805314067468e-04
3.730811942332484506e-04
5.852579291591726140e-04
6.173222667206854780e-04
3.314645694315894019e-04
4.075905535922095006e-04
3.047696993617417314e-04
2.656385277815309425e-04
3.329487386517308834e-04
6.017678512903298004e-04
6.104113702499512975e-04
3.437685832545018172e-04
4.286452972116445233e-04
3.476017251391810229e-04
3.907322108955114752e-04
5.249999694340121842e-04
5.585300738730338910e-04
2.905166976956366108e-04
5.738609066558035326e-04
4.348091339614835386e-04
5.119900322097284103e-04
5.617928611306206724e-04
3.899631182383087990e-04
4.336109900581016003e-04
3.724676567503299785e-04
4.111538947142834950e-04
5.958726198357871921e-04
3.650131082473857423e-04
4.435656511442923880e-04
4.609229484247266153e-04
4.800342298964803303e-04
4.802387545530619243e-04
5.069271481731204817e-04
4.806837983848593417e-04
3.219109893034483656e-04
3.655973682669067188e-04
5.208470906059548770e-04
7.276438120472757077e-04
5.347756822345079569e-04
4.489383332232256140e-04
6.013208654902213977e-04
5.097558110455817967e-04
4.691761628286036500e-04
4.048836244548003477e-04
3.477892973993364266e-04
2.596637194105526521e-04
5.198526251870632612e-04
4.537388643779576361e-04
3.883930403312603106e-04
3.683344540707341385e-04
3.777888534002156158e-04
4.718725136178261921e-04
2.777796138255035261e-04
5.117524065446657456e-04
5.173198498871234849e-04
3.306769966920108418e-04
4.057738969815046491e-04
4.744617879901056440e-04
5.449036108636127421e-04
4.960095922079324872e-04
3.434166557792592712e-04
3.269636296099772657e-04
5.025498384299995026e-04
3.338256840007779429e-04
4.818953522501397352e-04
4.099944135649400572e-04
3.534214758346771379e-04
5.116529136152390446e-04
5.235801981417665014e-04
4.877460575459976458e-04
3.387043530607244837e-04
3.830568358785626007e-04
6.042530961999331273e-04
3.806607221632902181e-04
3.901922911751527626e-04
2.481594265376200234e-04
5.362995498652933356e-04
5.548586561330083643e-04
2.734109504340061550e-04
4.189500112849499900e-04
4.187092681802762908e-04
4.285527546958215828e-04
4.573112721864436986e-04
4.653764431189920045e-04
3.774178354498645169e-04
5.871001236839939411e-04
3.562907745495182111e-04
4.083775618994330394e-04
5.159884234724517599e-04
4.347478565940355883e-04
5.763819852643316515e-04
3.976360808946880149e-04
3.366961035651854970e-04
6.817054544693926807e-04
4.489331233442266978e-04
3.978279064450490773e-04
4.428049443267008042e-04
4.912403687883279933e-04
3.988597444197831922e-04
4.464898215110429491e-04
3.775885574541914137e-04
4.514311522106123544e-04
2.981530616867974917e-04
4.514309305850562311e-04
4.530287704229051730e-04
4.633486624235177141e-04
6.740473180280349974e-04
5.773642728202909051e-04
3.915398654300483641e-04
6.067676850591582991e-04
4.003986387886663829e-04
4.086598354161101693e-04
4.436565343839723573e-04
6.085811349576155781e-04
5.383959138398984991e-04
3.398977545093320491e-04
4.254705557166367741e-04
4.193678757497196750e-04
6.669694807529408243e-04
4.042406112573954948e-04
5.657627717203412036e-04
4.388726449587994566e-04
2.790621711802641967e-04
4.327717756521163553e-04
4.881773562303088807e-04
4.446226883888080195e-04
3.947671782648369434e-04
3.492421878305130667e-04
4.653111697936343841e-04
4.036478487450759363e-04
4.498485584999377374e-04
5.971029141194634637e-04
4.882470761641240827e-04
4.888506365017942883e-04
4.518745613301100019e-04
4.359639692608533682e-04
3.982957597673664868e-04
3.952058919653223847e-04
3.274729973790100951e-04
4.616843514373659366e-04
5.428838834128243106e-04
4.198985671829519014e-04
5.447441980482843702e-04
5.119487438830182518e-04
3.648064739184900805e-04
4.380927054685019272e-04
4.105299992986396855e-04
3.316986363600114059e-04
3.122326612732293318e-04
5.147478330867653407e-04
3.630069794571148876e-04
4.310768425799038693e-04
4.153851475482916674e-04
4.213133758692116058e-04
4.148531396786621578e-04
5.608594312410329326e-04
4.352852099931054145e-04
4.080229063266660786e-04
3.580735377221513503e-04
3.587810400029860236e-04
5.897341981949921720e-04
3.453175585434531208e-04
5.605106787284943725e-04
3.912662514231661720e-04
3.597258988997410214e-04
4.915803699142079139e-04
5.924460871345528816e-04
3.101388802953371172e-04
4.221185965503915769e-04
3.861856156897153463e-04
5.862583448104613081e-04
4.827817676062137785e-04
3.103224833848082834e-04
4.884986865238836106e-04
3.084331568998086763e-04
4.032131796140743497e-04
4.762522615576363690e-04
5.545824842800691412e-04
4.857131444358930177e-04
5.098946693365946073e-04
3.630292229012445642e-04
4.343839712424103815e-04
5.454908604550515400e-04
3.991722699855464445e-04
5.400933154343382165e-04
5.296401579633157721e-04
2.744595506704951065e-04
3.835650952192385722e-04
4.803746246129311933e-04
4.734249361469871991e-04
3.040409861440576309e-04
4.719100450910055007e-04
5.097825507396971934e-04
3.984004449240668077e-04
3.299062361095155471e-04
4.701379953894748668e-04
3.871924479517056925e-04
2.968083727171546876e-04
5.646592736515508712e-04
4.862050432062242134e-04
4.174124657253293759e-04
4.632062711589639585e-04
4.363030978971206130e-04
4.007700906333115654e-04
4.196508735289472916e-04
3.893694326058257061e-04
4.870543449353792530e-04
5.987939045887484416e-04
5.925087940896604007e-04
3.908976126261451477e-04
4.014021399680851128e-04
3.062187166526341288e-04
4.011709714813752807e-04
2.992674686059698165e-04
6.252710483823493938e-04
5.384334472069132651e-04
4.644158334668307400e-04
3.035948167706912495e-04
3.423259170057667711e-04
3.322042379797483271e-04
5.217538992251581111e-04
2.910156742356289077e-04
3.311094809582949502e-04
5.818038772981007963e-04
4.096702128053265283e-04
3.037002614699033012e-04
3.906873432548708383e-04
4.516490746514380109e-04
4.858008523742806859e-04
3.958086482555863523e-04
6.327038541831482349e-04
4.821602398384306691e-04
4.777876684243717044e-04
4.687287402212033586e-04
5.063707184444160656e-04
3.223869001162582484e-04
5.553698709399537302e-04
4.022942226741630517e-04
4.748132860667507817e-04
8.103729193255501066e-04
3.448048387090244188e-04
5.769176445573125046e-04
3.892429981542712978e-04
4.179559235720001469e-04
3.934593054882631327e-04
3.992124855116111924e-04
5.548513163988597801e-04
6.189654687051263267e-04
6.029881219668724139e-04
4.294832745273615988e-04
6.571231634510843900e-04
6.454968513562243026e-04
4.609235127980987074e-04
4.914341739950826762e-04
5.585699309318444949e-04
7.027928888153066626e-04
4.320670029222506122e-04
4.459162155978154568e-04
4.346718241727829985e-04
4.862011309818285894e-04
5.178281310912358649e-04
3.936822481677623980e-04
3.205037482096654796e-04
3.219440820458678272e-04
4.516547600010328194e-04
4.593243115786257969e-04
4.454957217648512443e-04
6.857574954682562132e-04
4.748043937823102022e-04
4.035694440757883468e-04
3.851056939451156244e-04
4.697107569036564241e-04
5.862279569227580841e-04
4.258084098603416427e-04
3.592606764214102298e-04
4.400677485684922809e-04
5.668649852075343006e-04
5.358272302541549400e-04
3.868886669207640566e-04
4.201162741273356863e-04
4.969711173596336445e-04
3.918340503538539289e-04
3.984467843138071513e-04
4.465534530477517985e-04
3.158809098223950944e-04
4.824381156514006923e-04
4.502887464226761321e-04
5.168609696527555041e-04
3.473629822967172595e-04
4.150070565191615359e-04
3.388720875013427505e-04
3.731417721164609477e-04
3.334402057925457165e-04
4.102308225751611238e-04
7.426989146563490020e-04
3.623916071022308398e-04
4.810816529652926863e-04
4.300899916020920854e-04
4.380799984006997520e-04
4.724818954076804743e-04
4.253525185226585559e-04
5.673319442901557461e-04
4.141220060831596957e-04
3.164764625478859493e-04
5.130388993664911686e-04
5.009249951873352398e-04
4.126118944974331657e-04
4.685616532514608884e-04
6.098320655334055641e-04
4.945492869508032316e-04
4.118409441392626618e-04
3.832756775994882164e-04
5.404989936456733790e-04
5.141630817688382180e-04
3.613497700442063094e-04
2.801054284736073457e-04
3.151521087926217966e-04
6.516294152078156441e-04
4.646424111008041428e-04
3.523602651642787935e-04
2.350180852258464050e-04
5.070515002571463706e-04
4.443052590210784395e-04
6.170763949380638456e-04
4.318539264896991423e-04
5.238754740522052946e-04
4.096700828640796382e-04
3.485611166272160758e-04
4.809785485959834346e-04
4.417677675395941927e-04
3.169477420698086907e-04
5.320179076625482836e-04
3.887170706288421967e-04
2.999188161459913219e-04
5.176523225031051233e-04
4.792650335430872393e-04
4.959956508218457943e-04
3.317491919457732927e-04
4.480266500620369379e-04
4.443569673711631808e-04
4.169839479676563606e-04
6.053468667651441294e-04
4.170080639970177167e-04
2.644519037510357248e-04
4.969563426025664374e-04
4.735475247338868194e-04
5.810773557077987669e-04
3.241160457681656229e-04
3.857684801218978429e-04
4.639212362359378269e-04
4.170913060029617613e-04
3.111246454360502259e-04
3.835542915416859555e-04
4.775499530661241943e-04
6.762775109804767659e-04
4.415179368155817551e-04
3.856743172043924938e-04
4.621469934954813884e-04
4.224432435863367504e-04
4.759757641267780290e-04
3.883930278344431444e-04
4.208125588520920534e-04
3.052468782238210968e-04
4.666916667322316341e-04
4.303889031096047590e-04
2.913926547476994354e-04
3.620221005937226803e-04
4.536994832423667029e-04
4.468799614706747388e-04
5.077159359291067309e-04
3.497741746363954214e-04
4.129964204706444144e-04
4.384745009057191417e-04
3.733594652149425518e-04
5.149683826915231986e-04
5.668720986685694659e-04
5.229166719792627130e-04
4.318872947733807198e-04
5.939124347156043765e-04
4.778999697105584875e-04
4.732968007993703947e-04
5.664588115845169743e-04
4.716857512008291965e-04
3.725034889772255663e-04
4.968570081146714409e-04
4.004425795924236825e-04
3.461667874760265720e-04
4.697608318488028412e-04
4.945480070121147749e-04
5.915378946686041190e-04
3.620469021154211378e-04
4.040043133838862950e-04
5.171417348971589023e-04
3.948668168614296366e-04
3.361720183279685707e-04
3.719540309302108902e-04
4.405707502106232160e-04
5.867521117634490364e-04
3.429395798916781376e-04
5.172142496792712886e-04
4.487431080725312669e-04
3.703650312895040236e-04
4.862313138838813436e-04
5.161176225580926076e-04
3.336672190949046017e-04
3.563337420764532562e-04
4.691723391445705676e-04
5.334260485306736594e-04
6.915908234699116820e-04
4.840423613276283654e-04
3.672908615751280703e-04
3.497338747072404708e-04
5.058221990999871038e-04
5.102903797717115233e-04
4.692098216452742247e-04
5.848297443451884936e-04
3.011908567897184997e-04
4.013435156664997040e-04
4.216714292329547167e-04
4.143796591805191270e-04
5.261813015962243630e-04
6.257604616075362110e-04
3.581174944343971521e-04
4.169776559829342210e-04
5.215165106121908475e-04
5.299601502461181741e-04
3.158850193720287905e-04
4.139678532244020492e-04
5.224745302858076548e-04
4.702538138626973538e-04
3.760444994767398277e-04
4.099118794565671407e-04
5.027380047515018959e-04
6.576341132619793707e-04
5.155340722955221089e-04
3.237107650697531583e-04
3.118682083424678740e-04
6.285883970640403044e-04
3.913397612696211682e-04
4.416363574815325194e-04
6.335779061685656082e-04
3.938708227674930199e-04
4.235765912744677533e-04
4.140897093596832695e-04
5.163571924822139272e-04
4.191142820073745913e-04
3.623783936263923916e-04
3.960219904302750477e-04
5.872568901138536940e-04
3.229696606487040276e-04
4.512403309767616731e-04
6.479245552433601047e-04
3.955005279950621322e-04
3.581913008221160235e-04
4.129551949300869977e-04
6.486090277377599750e-04
5.327556833384270666e-04
3.378169543004733394e-04
4.980442577286291325e-04
3.903463223710147765e-04
7.335122318199775683e-04
3.093438758208428879e-04
5.084082685352453793e-04
4.049823861013663391e-04
3.954985193417604470e-04
4.173973722442146888e-04
4.672238392764199093e-04
6.909255885453785594e-04
5.653600492040659464e-04
3.365585430081727541e-04
3.842540354358785128e-04
4.418000043878603060e-04
5.758502588571102641e-04
5.870782492777894832e-04
6.222940488837342072e-04
4.559866547439164405e-04
3.637887325713719255e-04
4.690299820443132582e-04
5.313810994518296249e-04
5.337552061285492488e-04
5.417940354669885687e-04
4.730855324006483491e-04
4.008720374291767623e-04
3.133029354307959773e-04
3.558354178478716299e-04
3.803013655025163178e-04
5.712618717513790823e-04
4.151104766328223505e-04
3.762524704965586396e-04
4.489067606827032973e-04
5.083759369833169275e-04
4.061515689635852248e-04
3.265689692702028447e-04
2.919833019079161470e-04
5.338208362331136334e-04
4.504170145425891321e-04
4.225097595032341791e-04
5.274270399679115932e-04
3.674012887596766531e-04
5.073857818068296241e-04
3.641776430548883977e-04
3.940397654405933411e-04
6.135626309465992256e-04
3.732561608258839472e-04
4.805360531402436109e-04
3.469670357909198700e-04
4.464912924200617754e-04
4.619315412166781422e-04
3.352444388705100873e-04
4.581758797926660846e-04
4.602106734981661050e-04
3.674215314260283909e-04
3.789354846015531705e-04
4.622077417920400261e-04
4.191339671848785461e-04
7.150032783561885473e-04
4.292064088445202066e-04
3.168008575896667637e-04
4.574148166452281206e-04
2.768274409810851417e-04
4.182251297846984925e-04
2.776869603421369464e-04
5.111091555701397122e-04
3.794510910735774409e-04
5.175316285726908614e-04
4.395579600613411155e-04
4.992479212596179347e-04
5.445008070452769149e-04
5.027476769188617871e-04
3.405264938833218384e-04
5.032338716136054669e-04
6.204413073735732132e-04
3.749090639154899099e-04
4.479741470131406653e-04
4.497262206127135460e-04
5.119098198258388967e-04
4.552901536073629537e-04
3.645218737571497242e-04
4.009813672928883390e-04
4.624818278442144499e-04
5.322332210471318907e-04
6.313338181346142899e-04
4.500574020004631547e-04
5.233382346883300043e-04
4.213822828840862035e-04
6.247776011061738138e-04
5.988497536118305310e-04
4.363066562663644055e-04
4.990300028873734164e-04
6.255854240870808904e-04
3.471015046429150167e-04
4.481491874638380266e-04
6.147062317149207082e-04
5.413322520452473578e-04
5.524733454305222335e-04
3.286987695737771976e-04
4.445339145542237416e-04
3.052842253452181932e-04
4.958720439146619037e-04
4.664538887178777465e-04
4.866536020427294487e-04
5.468189044423903611e-04
4.369923800917818670e-04
5.627110181833430962e-04
4.845503978195737655e-04
4.239227155363906887e-04
3.174113582325563854e-04
5.358144734501326311e-04
4.724837677984402738e-04
5.203194460368564195e-04
4.756817607236893787e-04
4.815214030606018757e-04
3.177025360892580565e-04
6.061038160025795062e-04
3.571404830113780586e-04
6.891762779079593434e-04
4.697593831806044741e-04
3.784926093916558647e-04
6.261844455650046040e-04
5.137269213944181678e-04
4.161247933753395756e-04
4.423815849331993078e-04
5.131275721032045947e-04
4.360526824594834349e-04
4.237593002109884535e-04
2.887685907837485386e-04
4.203054443082737614e-04
5.195812349849390300e-04
3.664383567267518339e-04
4.958167146885721554e-04
4.114233284807014145e-04
5.742532553222246721e-04
4.481786753002932550e-04
4.881037167054634086e-04
5.462965129419267152e-04
4.102019066368264985e-04
3.685177813449671430e-04
6.897402399443969181e-04
4.449159125209391197e-04
3.962497628954647850e-04
3.074172783637870864e-04
5.908421995820981954e-04
5.206019010971304909e-04
3.742117866071131035e-04
3.212216228781940709e-04
5.766485488381379405e-04
4.942512998501239190e-04
4.499150733133737141e-04
2.911657934597904063e-04
5.040922232821335976e-04
4.867893153215701826e-04
4.376396363619003242e-04
3.545027012764588072e-04
4.268921142148889079e-04
3.635242750168488101e-04
3.869276575267910074e-04
3.876834659434900575e-04
7.026851096205517701e-04
3.580430182076125016e-04
5.353009011747680021e-04
6.777223077828412739e-04
5.304936675960550884e-04
3.824319243555055208e-04
3.268309426062187867e-04
4.078930153057658162e-04
4.350843574295069145e-04
2.097836848872993603e-04
6.018391339414721260e-04
6.555445103513388638e-04
4.228023498996333644e-04
3.602619116143119366e-04
4.097744192449461701e-04
3.775755749020753295e-04
5.933021984752001208e-04
5.151931740557555385e-04
6.112524686049620798e-04
3.399014777804130897e-04
4.788583639570240529e-04
3.062697365302307576e-04
4.823040068359380340e-04
4.901722416423793735e-04
3.886446939282378978e-04
5.221762455733975098e-04
4.572135100648274395e-04
4.100390662584149962e-04
2.851667697765916990e-04
5.061235995126500600e-04
6.073045215229474656e-04
5.034577698279689645e-04
7.060154124145744375e-04
5.445277239476420134e-04
4.536518764348677251e-04
4.038098552766461458e-04
2.393461447387391775e-04
4.107338455454529217e-04
4.736564833870776864e-04
4.577058862710260061e-04
3.786235104717298517e-04
5.200192817362574074e-04
3.772301931064673858e-04
2.928573659737559033e-04
4.265137746976288015e-04
4.204289445419662685e-04
3.325013948830675631e-04
3.606265515689050915e-04
5.728623843550377515e-04
4.141036125836226379e-04
4.084660953102617603e-04
6.306992718455348796e-04
3.980371627872123777e-04
2.395081398869574978e-04
4.560098440108824552e-04
4.411475768081154548e-04
4.321065699375868435e-04
4.351663294108213341e-04
4.246130688350930162e-04
4.672188304228001160e-04
4.471267705407024800e-04
6.895701354940319281e-04
2.159887408404813477e-04
3.232630680852419374e-04
3.556064303539483427e-04
5.639121669002811026e-04
6.552962926161470065e-04
4.253224543221420322e-04
3.057034887531802857e-04
2.613346946152374011e-04
3.871859266940516414e-04
5.285483532059611104e-04
2.727335448020684139e-04
5.737491126079296254e-04
4.288139473226190604e-04
3.781728868791554799e-04
4.484848991847634561e-04
3.828024718087955493e-04
5.753837328142340484e-04
4.213799164499503164e-04
3.842555803132189328e-04
3.896345665871423056e-04
5.034143649041479020e-04
4.627533191864155178e-04
3.713875015608804884e-04
3.135506366805298627e-04
6.253775678889915684e-04
5.597005956922125689e-04
4.915025785206198622e-04
3.520425952517782626e-04
4.558081877229923536e-04
5.026097548609067449e-04
3.869616202808621661e-04
6.873981925940850831e-04
3.356415452703541175e-04
2.997323628004498210e-04
3.687827226033399647e-04
4.046254086248329547e-04
4.668981368029915028e-04
4.210143648201994859e-04
4.130237086095614289e-04
3.352343741498837733e-04
4.132417844758303881e-04
5.767940786623853558e-04
5.221775496400759371e-04
4.832937296267408433e-04
4.657492286351758441e-04
5.060132968791104151e-04
3.929275215919802739e-04
5.593726318967266048e-04
4.217344502275046899e-04
4.306955853106402151e-04
4.314348685914827725e-04
4.332867456234150731e-04
4.557308736471036648e-04
6.296750942453980572e-04
4.416037760286144090e-04
3.727560517641230649e-04
4.561999945628439877e-04
4.270953379963790975e-04
5.158849472371385353e-04
3.744625399592201791e-04
5.381111262401258545e-04
4.660400535697986927e-04
4.011129520084542378e-04
4.138047236419825289e-04
3.962776066206788201e-04
6.962809156303133989e-04
5.094044950062716261e-04
4.712451955426938182e-04
4.219390224164504505e-04
5.481712025098055491e-04
3.764014549762689571e-04
5.728423216542735848e-04
4.672311831531208428e-04
4.016176396458864969e-04
4.729639172109717429e-04
3.606201339211158687e-04
4.740012275706383224e-04
2.590218452601719267e-04
3.782401061583924172e-04
5.897479714709230776e-04
4.073497038994704960e-04
4.233718697782871227e-04
3.408171324337312853e-04
5.658250569429821740e-04
5.535523282659400536e-04
4.521751933743696039e-04
5.481945454440451853e-04
4.729422847653989371e-04
3.675838800312476837e-04
4.589119569059066698e-04
2.674332244869768852e-04
3.572279185916122268e-04
5.396353951354692724e-04
6.073894281224864180e-04
4.917338933022496117e-04
3.125943744888361230e-04
3.951425226104357405e-04
3.931969979259398074e-04
4.268735623671224104e-04
5.740477399243969821e-04
4.529959633021265791e-04
2.278922472982259164e-04
3.307253446163882981e-04
3.658911403706373929e-04
2.557739086926958966e-04
3.965397986225075951e-04
3.251512867814749012e-04
5.430196708191374882e-04
6.505316822255468711e-04
5.042902751039110175e-04
3.791184541334004926e-04
5.793049889142239421e-04
5.296869874005599938e-04
4.928042447292270162e-04
4.290231728549429805e-04
4.232324782924616288e-04
2.772179969343536044e-04
5.370650631773625202e-04
5.456074693690437767e-04
4.943743648816968043e-04
4.041995760803211929e-04
3.244893113173613381e-04
3.971473465863882080e-04
4.614171422383435981e-04
7.266342034734730787e-04
5.223096076190684393e-04
3.917944660695776762e-04
3.317953516089082390e-04
4.663115441000441146e-04
5.101908972107616243e-04
4.036273202559344459e-04
3.865199094263497550e-04
5.953244108481326900e-04
5.040081015976307158e-04
4.057019727628978587e-04
3.423050534839297381e-04
6.054464382689909129e-04
4.285408521458418862e-04
5.397448815451036126e-04
4.572618166918403877e-04
5.357077205385475140e-04
3.847950324861684908e-04
4.234879489018928312e-04
3.954225476110244343e-04
4.014809274158990257e-04
5.908957964394246374e-04
4.707984734198230659e-04
3.573346362454932527e-04
7.109562408719780719e-04
3.795940387618618010e-04
5.794343598272234464e-04
4.593196109141900289e-04
4.111630801355538258e-04
3.870979483956658580e-04
5.134729233132321376e-04
6.174644357984929643e-04
4.096869362457471967e-04
4.543768798296859827e-04
2.477068429140101189e-04
4.562671445433238711e-04
3.129591466713155246e-04
6.087611693551489176e-04
3.853734002353988034e-04
4.777016304731302181e-04
4.245993920836295117e-04
7.009016758636062681e-04
4.178872279422121759e-04
3.541307222678239178e-04
3.816412992287266498e-04
5.539137489952471790e-04
4.711197752021761462e-04
5.532194449988686764e-04
3.158534863514104790e-04
3.914717980352147401e-04
3.434075077356373343e-04
4.776307033945429619e-04
5.072262803798528513e-04
2.904034200168986528e-04
2.955287369054016965e-04
3.426895995991343117e-04
3.371418128331052973e-04
5.500756803047020249e-04
4.857984145600545379e-04
4.924492639851606093e-04
6.151246117932656667e-04
5.144371893025681628e-04
4.145326203069002544e-04
3.414738695377781677e-04
5.140055168593966406e-04
5.798791580424207800e-04
4.344845273621254409e-04
3.990388613773885760e-04
2.988584993594877782e-04
5.728944072010378700e-04
4.704226569652845990e-04
5.386367653448984570e-04
4.067983548500977552e-04
4.433482934723814717e-04
3.760978020318786149e-04
4.372425608202507659e-04
2.831734687639016180e-04
3.485992688997525089e-04
4.560774219735600887e-04
5.111896914682117913e-04
6.090402176824349402e-04
5.361461411405538200e-04
5.617776304652784660e-04
3.666856837383313103e-04
4.580144820125198191e-04
2.677903621405062313e-04
3.721169117118212997e-04
5.789192994655166253e-04
4.399037988111959073e-04
4.516065714194981030e-04
4.254665536781790922e-04
3.358180398903746295e-04
3.720782138911396335e-04
3.389545251780039302e-04
5.316620400592411005e-04
4.054786190638361870e-04
3.627008262316916052e-04
3.110872433969125270e-04
5.105880511908139283e-04
5.205786110083894481e-04
3.857969233697177000e-04
4.920655208460131009e-04
5.473020467804098942e-04
4.994134146829571188e-04
3.599416646511788363e-04
5.337620956204934194e-04
6.299545286013780079e-04
3.604577357395355474e-04
3.898286319364230529e-04
4.202924544447320153e-04
3.628394396538510858e-04
3.230190064390042965e-04
4.653934847775084813e-04
3.405623378680077513e-04
5.335670719923483714e-04
3.919770284910475792e-04
4.828870228808268311e-04
4.970289781087461767e-04
4.233345580214556859e-04
4.304291902475313467e-04
3.697866261159222785e-04
5.011502057309637432e-04
4.331948670900804817e-04
3.814991876248201275e-04
4.982034358902023103e-04
3.477647010882095949e-04
4.840639328518929170e-04
4.304518291999140703e-04
3.976544038887895442e-04
2.814299054171571883e-04
5.794864431423871936e-04
3.074130485903583867e-04
3.151369105464260590e-04
3.612408985040533628e-04
5.111224502030011028e-04
5.603304503800121987e-04
5.181990125385980929e-04
4.112576906037062707e-04
2.924402170206960496e-04
4.823766906766406809e-04
6.752646681879353931e-04
6.103297074644719374e-04
3.410922155184101722e-04
4.452390870824982192e-04
5.758053926071015401e-04
3.601853816232431058e-04
5.197000521972004478e-04
4.864563217064177096e-04
3.222303844415418702e-04
4.046224199334789301e-04
4.380312937485352832e-04
3.819313028273722951e-04
5.367005933098642186e-04
4.253804994387386262e-04
5.830633743568793556e-04
4.327818552594751410e-04
5.157861505710878902e-04
6.698801481857876187e-04
3.869948634766117606e-04
4.257470543133679052e-04
3.710246497916082874e-04
4.336127204182631256e-04
3.181029330811896362e-04
4.891596699851455659e-04
2.478275119630010703e-04
4.687192621200041241e-04
5.058088605416244561e-04
4.475713352913203848e-04
2.784384138815922398e-04
3.182732685298327491e-04
3.951225299210360097e-04
3.772312156739791715e-04
6.722396241349255308e-04
4.336876079818408536e-04
4.780500593236756295e-04
4.678589774027720315e-04
4.796404820875159393e-04
4.769482516599236823e-04
6.197298147197213359e-04
5.652796174301647414e-04
4.020314939140818482e-04
3.487447916734597595e-04
3.137146682316711540e-04
5.756361579543592573e-04
3.633918122533107446e-04
4.729107436649968217e-04
3.735421137070334087e-04
4.296927953363810829e-04
4.364499988313934038e-04
4.579460638765638514e-04
3.617865102649323668e-04
4.094398578833303407e-04
4.747568514225133365e-04
4.538719319583340238e-04
5.968516851592841482e-04
4.866651515373505966e-04
4.577322132170225707e-04
4.051735995114137028e-04
5.074138619622822191e-04
3.486355112175632074e-04
5.909597340615780747e-04
3.017954517410345464e-04
3.937446150561666586e-04
5.820460018444956023e-04
4.745510695445691362e-04
4.060833513741782426e-04
5.484690843906916968e-04
3.237339998170004978e-04
2.986249738546751706e-04
4.280261755914917840e-04
4.215421908388485863e-04
4.457144330872401107e-04
3.864280661239017853e-04
5.507492741078101346e-04
4.121526126192032982e-04
3.685379978524755060e-04
4.898383550776055917e-04
3.082058297110609594e-04
5.649556023215387968e-04
2.715031192704576925e-04
4.630028391206202749e-04
4.680988957067859935e-04
4.469512161699457239e-04
4.163013578879351593e-04
4.965350695863683401e-04
4.644890578614829704e-04
3.375470472920697276e-04
5.144124917541411041e-04
5.962753573128253297e-04
6.561377626099780926e-04
3.626645758211594268e-04
3.752530766204435308e-04
3.729066210069406379e-04
2.870109867004539046e-04
4.110734888219782016e-04
3.609294389518397333e-04
4.937886575351982691e-04
4.884197371266285354e-04
4.360954210823316055e-04
3.891840573051907502e-04
2.923736774360597909e-04
5.089674984095956395e-04
5.990829328665781689e-04
4.028694751984199826e-04
4.373860499867983408e-04
3.972174761023330699e-04
5.263405328881925896e-04
3.864663825164939802e-04
5.564382894467681225e-04
4.084047350381051584e-04
6.912320610353793991e-04
4.956679400556257727e-04
4.683154215791151685e-04
4.503396098108366054e-04
5.244981552125084056e-04
3.072371339675492659e-04
4.781175323711697885e-04
4.767318109575065916e-04
5.856726905700401428e-04
5.515757909292975372e-04
4.971601175725125612e-04
3.736034617104697910e-04
4.155158283242446258e-04
4.197317484871930797e-04
6.818094065185361903e-04
5.514450489982534965e-04
4.827230532969801710e-04
3.162182981023112824e-04
3.109940521958567245e-04
4.584498984953784551e-04
5.588028269325523347e-04
2.883566941398879591e-04
3.509836452965709223e-04
3.104700773292516452e-04
3.577091319963868568e-04
3.480756941783060823e-04
5.974485615038602161e-04
3.188945479046775876e-04
5.884861049840379998e-04
5.058560134860052302e-04
6.079755158580213035e-04
5.184836754629919926e-04
6.955837365499028266e-04
3.629398395565056447e-04
4.552423462770321841e-04
6.033244016343346488e-04
4.687377784499639896e-04
3.405084536871669904e-04
4.546933700074000362e-04
4.201205023148364909e-04
5.176908949444041863e-04
2.967028729722132681e-04
3.232523185543837731e-04
4.331565745033893848e-04
5.047862811548695832e-04
5.649925348658125027e-04
4.963137476026140008e-04
3.391872689903440677e-04
5.947127039298822195e-04
3.415824420291236414e-04
5.120865552051404642e-04
3.892905052051253822e-04
4.172997872633199003e-04
3.893152116596471611e-04
3.494041265149027656e-04
4.750692546790712362e-04
5.081581632162902916e-04
4.654793102881411892e-04
4.635195972587714841e-04
3.660827652128751026e-04
5.549723583099521688e-04
4.855467208141474680e-04
5.063871491933746296e-04
5.366347379475978029e-04
4.216546169609181028e-04
5.620327314154346899e-04
4.182447299247235442e-04
3.618882082825302629e-04
2.359955125499930007e-04
4.524728796994448407e-04
5.169924202658512805e-04
5.132393893819999203e-04
4.064921724906879084e-04
4.062139822998348383e-04
6.115405411247630974e-04
4.254636304435287643e-04
4.511024219354738563e-04
2.948070919807630787e-04
4.816501713124545360e-04
6.148160702304645816e-04
3.757036580529726452e-04
5.716360405149293429e-04
3.018150164097895254e-04
6.620246213124317226e-04
3.921501276428063362e-04
3.746411258960905292e-04
5.049339501923677661e-04
3.915765265292432532e-04
4.845932199488150343e-04
4.576706599891125428e-04
4.573038048523753890e-04
3.785481720208319135e-04
6.788613020849383400e-04
2.952789405276309300e-04
6.217185580564112482e-04
4.125265724503439911e-04
6.560604943136096609e-04
4.320422610363301328e-04
4.475754440096250974e-04
3.660231622186282756e-04
8.723620493154942953e-04
4.553117739486074777e-04
3.325451375822699668e-04
4.614979156697319356e-04
4.100937948357594848e-04
5.330900475928481265e-04
4.762651426765299547e-04
5.128436298988446954e-04
4.496394908845542464e-04
3.515801483745741745e-04
4.433670734998850643e-04
4.362832184516556196e-04
3.920946649148119071e-04
5.079639565615202620e-04
5.764499472098447760e-04
3.114902225295875719e-04
3.412745161340065454e-04
3.889878446761266587e-04
4.232850863515960908e-04
5.265447308932983501e-04
4.424465823101237164e-04
3.683074729880397489e-04
5.700542218220500546e-04
3.885659935255645573e-04
4.260271434923221289e-04
4.971311758412458011e-04
5.673212405597933021e-04
3.381773519117792833e-04
3.434944601035079341e-04
6.414041525337185528e-04
2.737651891003742809e-04
5.411915143122136970e-04
3.795776817781108836e-04
4.691897150037759230e-04
3.398448271056643479e-04
4.563671006482162185e-04
4.595609528163704244e-04
3.354748373626672089e-04
2.859307282104050032e-04
3.237709368030146904e-04
4.859298283188106388e-04
4.400894791990899758e-04
5.382011355785774236e-04
4.249346241876754719e-04
4.321522430229279995e-04
3.460079117215601827e-04
4.266509088550280641e-04
