2.186379630427432425e-05
2.218194568945596398e-05
1.712793088037862642e-05
2.565979437913275165e-05
1.994908241765969742e-05
1.982432185163570738e-05
1.867249289110040484e-05
2.420671010055521871e-05
2.386852804139562518e-05
2.101702478529971003e-05
1.937223505670750704e-05
1.963879442021605650e-05
2.549651748017715233e-05
2.163836387057611774e-05
2.199261364736527469e-05
2.025421330259790463e-05
1.715881847949660838e-05
1.799480611477668687e-05
2.255262838427409935e-05
2.109262360513944136e-05
1.891171640715341422e-05
1.790532969443699260e-05
2.157625849238325804e-05
2.086596332598380637e-05
2.314146746724643502e-05
2.455740804855234013e-05
2.195166292748115634e-05
2.487357906882464338e-05
2.022139137137654531e-05
1.765850969260381295e-05
1.907630528282804766e-05
2.293904727137567536e-05
2.112119689246138017e-05
2.101495628172098733e-05
2.085078028591679021e-05
1.783261112492626977e-05
2.144301706672675957e-05
2.084873236741475409e-05
2.668344703441976446e-05
1.638496561680015691e-05
2.023536047130823076e-05
1.992185500164498206e-05
2.366140426479855001e-05
2.154936097690093112e-05
1.856124860666054740e-05
2.033467588661346729e-05
2.218762124066722897e-05
2.162038409889011415e-05
2.157546574923704862e-05
2.119110841750698119e-05
1.819559275123515792e-05
1.952277866654144632e-05
2.094933250965653649e-05
2.251171010142072389e-05
2.356583795473294099e-05
1.991277949323984098e-05
1.936492167727177862e-05
2.150204979431161677e-05
2.494767491946062434e-05
1.802016804042284813e-05
2.076053615206706676e-05
2.129385476299784332e-05
2.329081665895810853e-05
2.132409172522657374e-05
2.155137621097383624e-05
1.900727188419294074e-05
2.429230226952160796e-05
2.255697958479938717e-05
2.073311387296192883e-05
2.405961613993273934e-05
1.898511449256537351e-05
2.189671622004503833e-05
1.974754101710467406e-05
2.118097289023718009e-05
2.442884666894915387e-05
2.121953267257762460e-05
2.028920195736255114e-05
2.151044967161034420e-05
2.056876087902397143e-05
2.249194028842683112e-05
2.332952989713869691e-05
2.167244238272910735e-05
1.858431865502114925e-05
2.011867771315050771e-05
2.365580009524989651e-05
2.231538835323607003e-05
2.121663536036169219e-05
2.149459224656745620e-05
2.218824248380995965e-05
2.302016930483616200e-05
2.080693417070999220e-05
2.331059788932120455e-05
2.654036466805024958e-05
2.195507238156171472e-05
1.975664546210953727e-05
2.219440114845091120e-05
1.921234713725753957e-05
2.130985107255942403e-05
2.438518055308547069e-05
2.030204413806524228e-05
1.798851576603755620e-05
2.229287806819163538e-05
2.241801504566881697e-05
1.796615465688825199e-05
1.886896404878610938e-05
2.203744381835076274e-05
2.159113743986732173e-05
2.341045778804866408e-05
2.496090652375255342e-05
2.205573164042408231e-05
2.193882082266136529e-05
1.937629629828913237e-05
1.985272234047360474e-05
2.664558235561748103e-05
2.141271363687239217e-05
2.007980159562974991e-05
1.952858093725275409e-05
1.947525310645235758e-05
2.216259553324171440e-05
2.189974741563697162e-05
2.025189591501241128e-05
1.965173157197866070e-05
2.006011877896935101e-05
2.135309838821395145e-05
2.189033552837593228e-05
2.408397040616913019e-05
2.018407839087349274e-05
2.097327282286456091e-05
2.233236450293200055e-05
2.536448795493933595e-05
2.345817363005983481e-05
2.195656887638058731e-05
2.147515217767923432e-05
1.853577307047089398e-05
1.935888069753552559e-05
2.245473955127509717e-05
2.305757228876728518e-05
2.433080827157455440e-05
1.961103951510311972e-05
1.812751363621549407e-05
1.947277809919865845e-05
2.458135970441586456e-05
2.139929300581890401e-05
2.011414698438797625e-05
2.085115732378767524e-05
1.944441199889536319e-05
2.264144677481125790e-05
2.296598674068405595e-05
2.462143666078011890e-05
1.965525755777720331e-05
2.074754810716569585e-05
2.334172596995641045e-05
2.387141280229959842e-05
1.985547569903484263e-05
2.183442000683656918e-05
2.098928939481068868e-05
2.469226329122593908e-05
1.927536613855414496e-05
2.172595512273580107e-05
2.530134173613202798e-05
2.387716854782683058e-05
1.884558526360558117e-05
2.000561295964405637e-05
2.394733770661326331e-05
2.305945456688016695e-05
2.114555974284484962e-05
2.091071685023452171e-05
1.783049118617354245e-05
2.395476013012899440e-05
2.333455297991373845e-05
2.181344379143151707e-05
1.891707040937833174e-05
2.322188893322343792e-05
2.088011842104131743e-05
2.028207269124570594e-05
2.186373171919542486e-05
2.537128082101539257e-05
2.762877193888108973e-05
1.921473367427565585e-05
2.091777374648164000e-05
2.330858385350547760e-05
2.438790885268276809e-05
2.235716571888851845e-05
2.029103886823131894e-05
2.034407991570637026e-05
1.807885131566189477e-05
2.127547340630431621e-05
2.344971017727128104e-05
2.079461861198383363e-05
1.996234630762963667e-05
1.686537027620567113e-05
2.200711428081515898e-05
2.158277019601636060e-05
2.154075734119475556e-05
1.870114268657128775e-05
2.057326351307007601e-05
2.092606345352950205e-05
1.881155983218777577e-05
2.306257932802055033e-05
2.559266681364259010e-05
2.175047241976090702e-05
1.929087100437732659e-05
2.420131984881122533e-05
2.261969366007215271e-05
2.107495998617977103e-05
2.045796399691527997e-05
1.909881044252138390e-05
1.838558104721147211e-05
2.177264728980863063e-05
2.214395023042732067e-05
1.850838544154086667e-05
1.995310475324843074e-05
2.154988832464956386e-05
2.139048070391055576e-05
2.167819326098182123e-05
2.098714017462084003e-05
1.769214818775749137e-05
1.953737289594555639e-05
1.990656707396195457e-05
1.750312933082226111e-05
1.905865516148745606e-05
1.942926473451768687e-05
2.167934580913549112e-05
2.139553657597049200e-05
2.548881646714843102e-05
1.821325915788073611e-05
1.924425554674669429e-05
2.085361937714562953e-05
2.226024848127850859e-05
2.262793449755022657e-05
1.589384969792720075e-05
2.031804317618263474e-05
2.023527799458850880e-05
2.193429576522345660e-05
2.225038646467014330e-05
2.183285394350583294e-05
2.002411469736998284e-05
2.073463985225864554e-05
1.949060220456890391e-05
1.990658980959757402e-05
2.026968084740001614e-05
2.286907848247239007e-05
2.081907942119359876e-05
2.589658934203754732e-05
1.905426087727491228e-05
1.908056615698266109e-05
2.165578098336031043e-05
2.358449371555091474e-05
2.332163403074612043e-05
2.198243041509187736e-05
2.649284273705158365e-05
2.349887854849785137e-05
1.985438675189638778e-05
2.088763481436979765e-05
2.392408467129661248e-05
2.107115076901496409e-05
2.091306433841413448e-05
2.029299744249630220e-05
1.735886334121294138e-05
1.959302536464383352e-05
1.847164739728326325e-05
2.129884731409304615e-05
2.589784583443998075e-05
2.280614435081838566e-05
1.992948459690809467e-05
2.008868788047480148e-05
2.111330604175413984e-05
2.292460774813715116e-05
2.603533669738681964e-05
2.043079998344051701e-05
2.035764392822570106e-05
1.959974701003405729e-05
2.214183187576295987e-05
2.413961586508203973e-05
2.253543875171570463e-05
1.579866751442116229e-05
2.067277843240425430e-05
2.543935490262181875e-05
2.144866949777663682e-05
1.947534318834969594e-05
1.724199969414413303e-05
1.808792761056721060e-05
2.056454561137199206e-05
1.972723946553244501e-05
2.753310442401598587e-05
2.371710740316344365e-05
2.074848072194946242e-05
2.056141955248896752e-05
2.101136591439009926e-05
1.883279852011887520e-05
2.095089402887524461e-05
2.387250364849085753e-05
2.023710621647441412e-05
1.862198046031857208e-05
1.896350730697651869e-05
2.361870154362721001e-05
2.090046070414354901e-05
2.036941873654498814e-05
1.951079520200053850e-05
2.101372803418549928e-05
2.038034501000825512e-05
2.589699342767805534e-05
1.765075729921783046e-05
1.980097944857142856e-05
2.170486709210350232e-05
1.775325429881315835e-05
2.016756472225104317e-05
2.158989521957656885e-05
2.175770947024891578e-05
2.110039652244820527e-05
1.844810068714304108e-05
1.695888163550121643e-05
2.121222191544829721e-05
2.171235839437975738e-05
1.997812100012838493e-05
2.008588083498504762e-05
2.291514603796933203e-05
2.123043341705906661e-05
2.275915847603037404e-05
2.096931070060406110e-05
2.134881816487894479e-05
2.243900379752849087e-05
2.523363536671892755e-05
1.787629455845790962e-05
2.228052580272776029e-05
2.194020112026929999e-05
1.765847448147573232e-05
2.082004278348039601e-05
2.175237667795801489e-05
2.293193149416791993e-05
1.798591927128149039e-05
2.053115679561402616e-05
2.383945003254900376e-05
2.141845088411501450e-05
1.958227501055382602e-05
1.730365506974444073e-05
2.602894742347085176e-05
2.178110561181202746e-05
2.132118069397775665e-05
1.804238417695620917e-05
2.156566889937369652e-05
2.198343721781446293e-05
2.483794782285080041e-05
2.336568502251876517e-05
2.442387634574187053e-05
2.091632190211757580e-05
1.764947944591976008e-05
2.079669431226301981e-05
2.363508938080525739e-05
2.310547746777841545e-05
1.986660426725240142e-05
2.145340485975051124e-05
1.856916756819522172e-05
1.950855455777448467e-05
2.213899514996598962e-05
2.122848795294770836e-05
1.892192112589092569e-05
1.986487961763183684e-05
2.213824756432632222e-05
2.070474807702586242e-05
2.499180867135538194e-05
1.910219248343337486e-05
1.984746947864987645e-05
2.120013205318137836e-05
2.271005519325475282e-05
2.314660312831691392e-05
2.243981999689078217e-05
2.117526586665672666e-05
2.110818128629138343e-05
1.853751041301227303e-05
1.973793733034065129e-05
2.234353304699577051e-05
2.263809107242832164e-05
2.323570100219231902e-05
1.975382792208440084e-05
1.864277814903361099e-05
2.052299170065347895e-05
2.266191042789042438e-05
2.181262832417564160e-05
1.723700269619496319e-05
2.005717513492846226e-05
2.062596125025434473e-05
2.080985630444659082e-05
2.300941679103799526e-05
2.266132750445854892e-05
2.103670485321077423e-05
2.383008646246499921e-05
2.320655912201120670e-05
2.075072595800080526e-05
2.163485961757537730e-05
2.164357972243159515e-05
1.793333915024193360e-05
2.050958678845385893e-05
2.317517777973226805e-05
2.436430082284477946e-05
2.122095643648285254e-05
2.034354340690983391e-05
2.277031677277349247e-05
2.285908706181859613e-05
2.039637484880574549e-05
2.066297959029292185e-05
1.915209921865155670e-05
2.453950562945156707e-05
2.211055917522333330e-05
2.087816229061987275e-05
1.931090869520572052e-05
2.020506504124930342e-05
2.373177974999320507e-05
1.992307352725539578e-05
2.131654697611797401e-05
2.064622438101235485e-05
2.228634658216825480e-05
2.264807328211298690e-05
2.061639044513119995e-05
2.062900432561454834e-05
2.269857894754076849e-05
2.296716129769569165e-05
2.231912568469120503e-05
1.964242316937350749e-05
2.178072062083035015e-05
1.797904505859597907e-05
2.008185325034309449e-05
2.209220803035064762e-05
2.248783139121126370e-05
1.759462593308432638e-05
2.151463147912368562e-05
2.138356408993844071e-05
2.375565611926966226e-05
2.729280902774030727e-05
2.213619054474374694e-05
2.058943324160696301e-05
1.927624964188803968e-05
1.798425645960039182e-05
1.963286991568848947e-05
2.450221070012999168e-05
1.907974488228438836e-05
1.901442963097195053e-05
1.885384790684486512e-05
2.333396107370573456e-05
2.257885623129744502e-05
2.288549118362582138e-05
1.720322143828149694e-05
1.921853832315356886e-05
2.104549011704803013e-05
2.162478402262545918e-05
2.256635209637459559e-05
1.834319348156494763e-05
2.111529898789231270e-05
2.343704582369255374e-05
2.653094680160918885e-05
2.241874086135464683e-05
2.022959719353502976e-05
1.796906261721997600e-05
1.896736217622984989e-05
2.090227023198396332e-05
2.185151075905894977e-05
1.853808203171644604e-05
1.808276216619500825e-05
2.041797857360511112e-05
2.183046181721901087e-05
2.199480211044071645e-05
2.021091679684467677e-05
1.957023446208026835e-05
2.220083427854270772e-05
2.239450230320208347e-05
2.561953770761365057e-05
1.766796731181819886e-05
2.037088451396538728e-05
2.246357980120924959e-05
1.907011578707122059e-05
2.253294001610272495e-05
2.237919777659770832e-05
2.427263388332019339e-05
1.957443259322801969e-05
1.948332707265685736e-05
2.557389734499272574e-05
2.048055937183348058e-05
1.942910558609667925e-05
2.104060005616163842e-05
2.318191854646510671e-05
2.258970287174059038e-05
2.209251787100648229e-05
2.102597812410207149e-05
1.879053720411217235e-05
2.286183105474629405e-05
2.324915538299230443e-05
2.221495013600165286e-05
2.092642333103441083e-05
2.005822278760476061e-05
1.847230875407022532e-05
2.050145403056507986e-05
2.032612126279318064e-05
2.195408195581000096e-05
2.372848798381846765e-05
1.838191228685104537e-05
2.023131565578144750e-05
2.354685011416908039e-05
2.295099889184769749e-05
2.013790044071463306e-05
2.023186706467345065e-05
1.863100386121680521e-05
2.358948260328753692e-05
2.372557850862465193e-05
2.034478171460090461e-05
1.892630267468510790e-05
1.932322282662653283e-05
2.292005922507909588e-05
2.107962293593405333e-05
2.274677836485430253e-05
2.023318109694395694e-05
1.959646642080443488e-05
2.098261774007902314e-05
1.991369127748490438e-05
2.338262057533888280e-05
2.284902313872465445e-05
2.141499498735964985e-05
2.049069538718757593e-05
1.955964632997331680e-05
1.624298541517016923e-05
2.191740535457663308e-05
2.203223764922752854e-05
2.066667327791173631e-05
1.912607539455258654e-05
1.686675902203279439e-05
2.539063135618041577e-05
2.082787493391702297e-05
2.086783688308592428e-05
1.904348976212817874e-05
1.991943022602888169e-05
2.159331489412084410e-05
2.413234948385097609e-05
1.786041660052596955e-05
2.047743041131386309e-05
1.759393777248076873e-05
2.126113768726938406e-05
2.118129689369990462e-05
2.156244564724578493e-05
2.093147174000953994e-05
1.787250168546412456e-05
1.870474698004448913e-05
2.283696299358946882e-05
2.222274678263613820e-05
2.076446533978930145e-05
2.030190227483618919e-05
2.298302984002755721e-05
2.461741697506673036e-05
2.078256864302023619e-05
1.916018982625394821e-05
2.236491685836503553e-05
2.309282263199945127e-05
2.249872448228618863e-05
1.937977191639245802e-05
2.147595791451422046e-05
2.084049447709138719e-05
1.773808462769276101e-05
2.159658188570138423e-05
2.154236246258317984e-05
2.604775932920001501e-05
1.701395404909494195e-05
1.992172541674076680e-05
1.972112589378917103e-05
2.280334226328479996e-05
2.092842164893997617e-05
1.655227337261473700e-05
2.119070961117047858e-05
2.078190184446311139e-05
2.451552772618954834e-05
2.391995244723546296e-05
2.064070867240289770e-05
1.900577041469540286e-05
2.436472416899462955e-05
2.247245360916466251e-05
2.332305879769892826e-05
2.085146599083550212e-05
2.122634944013781241e-05
2.263453069904060460e-05
2.335085600660424809e-05
2.032818439828559747e-05
2.033249534328885548e-05
2.267267329011960961e-05
1.987447949859447229e-05
2.325053878897156721e-05
2.286935979157947164e-05
2.366459177833106283e-05
1.868442893676912892e-05
2.152369238261602077e-05
1.852148178006036636e-05
2.258181538394971700e-05
2.352311011940499367e-05
2.015717994130114126e-05
1.867798379753592974e-05
1.978197544747433258e-05
2.069547908938085582e-05
1.968067420509589071e-05
2.447389125806691883e-05
2.228612719456616543e-05
1.993788619698031998e-05
2.076504192802864737e-05
1.948141346527070705e-05
2.240855547065502719e-05
2.445963483559636099e-05
2.070270205220256903e-05
1.653003867149698675e-05
1.996263585791624998e-05
2.233188446675493229e-05
2.106749674530099384e-05
2.250307718291465940e-05
1.960336337685050274e-05
1.821538226957539379e-05
1.926322089684685005e-05
2.143244285040089920e-05
2.156599443499359399e-05
1.973914965902155981e-05
1.979528583528348455e-05
2.131599041006283234e-05
2.092906229266601616e-05
1.977297684047640700e-05
2.161195897072550485e-05
2.359734854422791128e-05
2.016138793007674272e-05
1.825536049156423288e-05
1.889999639753799790e-05
2.240506748398284526e-05
2.137701876969794949e-05
1.916531987159201663e-05
1.867457713837619081e-05
2.270431148923523470e-05
2.249383701024928084e-05
2.285257749540404377e-05
1.887074587673667005e-05
1.916848169326499756e-05
2.172419575617288255e-05
2.250270816510106925e-05
2.226651445342529438e-05
1.756060083648735916e-05
2.150294700474083220e-05
2.214728074655214176e-05
2.039387716246554588e-05
1.966731802317542093e-05
1.891936957587481979e-05
2.166403048123071012e-05
2.040142787717345057e-05
1.988689135710554624e-05
1.906656744740780813e-05
2.086426518740963816e-05
2.132446949728539369e-05
2.257948377516876421e-05
2.115139657948712952e-05
2.033825243041397144e-05
1.700465044194855420e-05
2.294812342166744235e-05
2.280075166044955921e-05
1.901779359909142156e-05
2.097497469033754794e-05
2.060525640228937094e-05
2.211162415440548603e-05
2.372930095293407154e-05
2.082375364227831785e-05
2.092866233684429259e-05
2.583791330453367858e-05
1.898163885156730634e-05
1.863957674609315705e-05
2.105771759964846724e-05
2.398355179260198107e-05
2.131908031472632578e-05
1.850576270571375448e-05
2.032056658438846435e-05
2.054201488825568178e-05
2.123151829974481166e-05
2.056997108050481862e-05
2.183875576526630416e-05
1.824277286241363338e-05
1.948254897081165725e-05
2.149245244389244409e-05
2.135108135957945296e-05
1.918830874026454501e-05
1.747120122976116903e-05
2.057297893835028607e-05
2.506646585917710483e-05
2.120226976928313282e-05
2.205865903709347409e-05
2.102913108984275837e-05
2.081425747424441350e-05
1.916672144306325111e-05
2.082371104884435679e-05
2.355536133260036991e-05
1.787784387121331653e-05
2.042827089811163622e-05
2.188635745213509458e-05
2.224742755981393803e-05
2.469982031316496530e-05
1.892607330669191865e-05
1.960984758728232010e-05
2.087675970500346310e-05
2.287326942039379034e-05
2.420016574813511852e-05
1.847115442246412102e-05
2.053276655042113986e-05
2.012263337689176835e-05
2.518425308330736429e-05
1.727789635095154229e-05
2.240366255163991021e-05
2.199777708790052742e-05
2.330278515506381328e-05
1.915750579430022788e-05
1.932624213365880358e-05
2.087703613256314516e-05
2.349893296895145154e-05
2.175450597779470221e-05
1.733466045533710518e-05
2.075729009154295832e-05
2.021730302005075920e-05
2.199302194462671644e-05
2.260672541949212180e-05
2.177274010520540044e-05
2.039199125390220454e-05
2.002009109593239731e-05
2.221750517602303043e-05
2.395643241358526719e-05
2.256544792192066940e-05
2.082355662967082986e-05
2.071972676842992822e-05
2.018071829644550296e-05
2.101992207624203389e-05
2.343306309448782608e-05
2.319803036641895086e-05
1.889825571071898828e-05
1.953457976768523197e-05
2.430362833829379741e-05
2.348330592906646829e-05
2.027025748906315984e-05
2.069304047442994629e-05
1.797980846279060169e-05
2.468514176629828718e-05
2.234946358294013827e-05
2.089898214989276815e-05
1.880758895897181033e-05
1.990381193635830850e-05
2.359190056071011572e-05
2.014907428270857484e-05
2.243692110494800495e-05
1.976227047868750057e-05
1.831803194817658017e-05
1.897181703116607249e-05
2.002107580165215294e-05
1.967407587721229766e-05
2.319664319070880240e-05
2.229603406280319450e-05
2.118669987594799125e-05
2.007960495967723745e-05
1.886250558920458311e-05
2.143523034853552447e-05
2.297962623450792950e-05
2.018970176259146049e-05
2.163838794176358113e-05
2.122845216806522518e-05
2.030316504903821348e-05
1.581992097345910508e-05
2.276032981171159433e-05
2.172437329023094797e-05
1.828559718754307428e-05
1.942784541261582739e-05
2.007569692792033548e-05
2.130817255099811411e-05
2.018497966576787952e-05
2.017297412840038653e-05
2.565898081330578404e-05
1.905288191069074601e-05
1.851967681067206162e-05
2.215101683288654051e-05
2.083485223887357213e-05
2.128920839684723940e-05
1.930797784586835408e-05
1.906396370986823449e-05
2.167569604759481068e-05
2.188576325495016309e-05
2.298797097342384810e-05
1.875718748510430870e-05
1.869835523222262123e-05
2.075575948741168901e-05
2.330927085534274215e-05
2.165803429318442679e-05
1.932972142940044531e-05
1.952209477943523988e-05
2.119882950217022555e-05
2.107597233687096239e-05
1.981410322830056203e-05
1.952312024815028660e-05
2.185226187734232124e-05
1.959529976187763763e-05
1.848490704123053385e-05
1.906735638144294045e-05
2.261006032900837560e-05
2.108901576995885987e-05
2.051169304398882279e-05
1.684132359479372223e-05
2.185462584361089433e-05
2.161046422889601460e-05
2.621624215523970223e-05
1.824563260636283436e-05
2.102271193944331133e-05
2.001479850847061011e-05
2.274006585884790518e-05
2.229037266232375145e-05
2.025540079711140294e-05
2.081410411585156808e-05
1.878735080525838238e-05
1.677486644509787152e-05
2.000374708579225196e-05
2.344968344597689761e-05
2.104503213219590028e-05
1.876047815043675553e-05
1.942456889013174489e-05
2.078943661271405533e-05
2.105195888764915571e-05
2.342079630920603688e-05
2.536212163140040860e-05
2.003234335232787646e-05
2.175409512546917304e-05
2.242404128768642226e-05
2.227699521739969645e-05
2.221348245677576180e-05
2.059263623409395198e-05
1.878121931938904070e-05
2.304861557771912243e-05
2.352224003771773945e-05
2.071490115712093210e-05
1.782209191891569568e-05
2.029013232864256458e-05
2.118448408296495588e-05
2.106471055657069508e-05
2.501800680687037159e-05
2.344506142116052283e-05
1.976041127718809455e-05
1.937663471117942649e-05
1.937550833425712721e-05
2.240632870492592394e-05
2.527509128273697540e-05
2.195787022999392432e-05
2.127282029474591245e-05
2.268910614998577983e-05
2.181975687767499805e-05
2.249589950241103644e-05
1.964844447420535125e-05
1.769438933763705445e-05
1.855281973917250523e-05
2.260591245639068900e-05
2.154476371868928815e-05
1.952361858087370072e-05
2.241119457197140506e-05
1.960505668945659188e-05
2.078115031458355758e-05
2.208939296473578544e-05
2.252124241780796828e-05
1.984541209965164842e-05
1.814456550677613620e-05
1.864820558855665477e-05
2.223566179420902284e-05
2.174815064763858217e-05
2.172908240281598363e-05
1.777505220117428974e-05
1.993366233661919210e-05
2.192633177932283963e-05
2.113658551528136938e-05
2.344453594041352327e-05
1.923169159475632316e-05
1.837623393229521828e-05
2.068972288695720112e-05
2.492199932444635172e-05
2.197778979219202418e-05
1.953653701220337268e-05
2.159505416847212929e-05
2.189181115643300536e-05
2.033046122198026216e-05
1.928279567193615386e-05
1.829049065165006276e-05
2.292116542314977370e-05
2.186643515442864846e-05
1.943829059282457266e-05
1.848581597098370279e-05
2.245557344540629027e-05
2.266138856446572752e-05
2.038408075063622937e-05
1.869019129291782835e-05
2.315384042978591798e-05
2.289779851093231419e-05
1.925428024129939675e-05
2.127563776193396408e-05
2.062253985948194415e-05
2.313274438975422483e-05
2.485787028880407509e-05
2.209035719052121347e-05
2.224464119874823011e-05
2.569296157063580966e-05
1.868358043370122194e-05
2.063404125370410944e-05
2.397592102191078677e-05
2.161579717651424188e-05
1.923970978979238454e-05
2.029034977922880540e-05
2.050914010554819885e-05
2.220597416126596183e-05
2.192386673945791533e-05
1.981180033664193423e-05
1.962478971310154313e-05
2.375581319316476860e-05
2.500224386356501128e-05
2.133097864188124494e-05
2.035048641711495378e-05
2.032260225842653315e-05
1.977613821283687488e-05
2.116740808944969995e-05
2.159498413057087623e-05
2.314405255506882481e-05
2.372697815505130019e-05
1.815828572972980832e-05
2.017922544530584723e-05
2.121427957647089519e-05
2.552562387477229502e-05
2.329126182258641604e-05
2.090215554614986793e-05
2.051259106017323697e-05
1.763682082618020394e-05
2.190914368392276126e-05
1.910584898896791761e-05
1.795526923572533142e-05
2.228505436890881378e-05
2.378867244381936702e-05
2.139964059221416458e-05
1.914330573981896642e-05
1.864175279021393683e-05
2.312183225991520097e-05
2.118947772330908563e-05
2.164575516666206607e-05
1.889217363360445087e-05
2.554239747390281098e-05
2.062506579392797034e-05
2.085533330655559977e-05
1.973443781641376316e-05
2.252880618661647606e-05
2.408999972032096069e-05
2.276176396206203568e-05
1.899346806544067399e-05
2.072998412890080913e-05
2.169181170310738703e-05
2.164476371280482395e-05
2.056710571803904375e-05
1.829821361490532240e-05
1.857077179526149644e-05
2.166640491793277358e-05
1.853434780961656951e-05
1.786717782088540377e-05
2.094308913940310293e-05
2.214210376013873153e-05
2.171630997127929958e-05
2.188772224971352300e-05
2.311254594892331549e-05
2.116460885407320643e-05
1.827908870615524710e-05
1.947440585090810751e-05
2.287645304396694769e-05
2.083139111109041122e-05
2.104193195738600971e-05
1.920339599550600795e-05
1.573094169997526546e-05
2.343806971237519360e-05
2.479593357949415308e-05
1.808070871179571408e-05
1.965327296835436103e-05
2.176963122229398892e-05
2.287193695031136499e-05
2.215761495457306107e-05
1.875188940803178205e-05
2.052617448828514504e-05
2.012614072852044736e-05
2.200059798442555972e-05
2.330014743718857064e-05
2.258547153013595288e-05
2.103476896975812091e-05
2.125414304251157529e-05
1.966188854307546153e-05
1.988157613766673403e-05
2.052565820477138131e-05
2.250692181054539747e-05
2.153891656565237842e-05
2.352963995354571323e-05
2.030552149641183236e-05
2.018579584682728977e-05
2.162314807512625336e-05
2.388370070936115500e-05
1.818147400685876547e-05
2.088853649229216434e-05
2.091856567333081403e-05
2.223514004700134598e-05
2.329146500828054643e-05
2.010086502463971091e-05
1.991022720272851501e-05
1.661235309952962914e-05
2.641744801049088269e-05
2.149732441963813742e-05
1.997665725301386459e-05
2.386148447353212055e-05
2.085963906428400631e-05
1.934987922219730979e-05
2.096661278014508607e-05
1.906248043036523084e-05
2.135959602703200314e-05
2.349914501622196145e-05
2.430921033370365760e-05
1.975253286852265278e-05
2.042582625378007457e-05
2.271442641527214443e-05
2.499444270205962692e-05
1.845764542999683543e-05
1.998694176547214697e-05
2.281775200720241161e-05
2.132585986698415077e-05
1.851828480438078424e-05
2.057980141110057841e-05
1.999610712837820306e-05
2.149289503971809164e-05
1.785969075223237649e-05
1.911009904044910546e-05
2.194489441918409407e-05
2.140800398495653896e-05
1.849533969847373831e-05
1.865698270516533204e-05
2.143909560236950562e-05
2.072323765686432965e-05
2.225517937185826777e-05
2.685188385548862612e-05
2.022044662512777029e-05
1.901229212599056965e-05
2.173738246289245397e-05
2.266266622463720951e-05
1.796677070593849176e-05
2.067988579444059088e-05
2.114140072844936520e-05
2.467379143495483995e-05
2.372458544778181149e-05
2.127281280678995472e-05
2.146341203237122554e-05
1.743547387838764259e-05
2.036584700184728667e-05
1.820211778547217789e-05
2.029562788493372090e-05
2.452590730011198358e-05
2.177917063593000330e-05
1.943826723417106702e-05
2.086600683205319960e-05
2.601467884755168035e-05
2.434479069131368218e-05
1.977093118287835932e-05
2.527576061465661397e-05
2.391332497330737140e-05
2.205468886371946035e-05
1.990335690111031178e-05
1.917239929879790272e-05
2.123059128032080207e-05
2.503214262905878489e-05
2.016295435833621166e-05
1.666641217476436731e-05
1.966350220840997097e-05
1.898283776997440793e-05
2.003954731790999689e-05
1.951954454873123536e-05
2.346142782984190120e-05
2.262203182896229829e-05
2.126634284189474533e-05
2.198445935506613570e-05
1.926476295520403685e-05
2.634766859358692444e-05
2.275555592698297398e-05
2.023559015282198504e-05
1.969973392382681846e-05
2.009377560452518395e-05
2.379951380809557481e-05
2.243719326203959328e-05
2.065963238082507667e-05
2.090597701522731440e-05
1.876857636664706054e-05
1.913780270852309456e-05
2.066024085596124228e-05
2.199583062863211114e-05
1.836367708390320311e-05
2.162523641976995140e-05
2.051724889883041667e-05
2.004156572387396263e-05
1.989632325200488955e-05
2.062001232764404518e-05
2.570002288575201396e-05
2.123287724307876238e-05
1.881637229125197232e-05
1.899678832579516135e-05
2.464942348390605125e-05
2.158233118256484969e-05
2.045005918563556159e-05
2.157329191816257388e-05
1.881096650681092586e-05
1.945239086680777127e-05
2.082365236081887522e-05
2.214568141810500216e-05
2.204834838309598847e-05
2.452519447355388501e-05
1.985371009047269365e-05
2.104992770593711984e-05
1.865658685016909210e-05
1.919432743380397409e-05
2.334906959004575143e-05
2.182697984815270664e-05
2.217751264349000355e-05
1.839098886847566875e-05
2.352282856098648989e-05
2.286296776141048036e-05
1.972367420747875983e-05
1.859058022094987563e-05
2.016776280242558642e-05
2.423688562645299845e-05
2.094177349170511221e-05
1.914421150610033830e-05
2.139343264203661686e-05
2.050062944602762529e-05
2.315335795765999702e-05
2.525250087196033666e-05
1.970180667745570919e-05
2.036802579109602698e-05
1.756373370336297568e-05
1.719714737714720700e-05
2.022748231289983538e-05
2.074099806071741348e-05
2.102811577446443001e-05
2.557118941073417044e-05
2.060605085456634208e-05
1.717372597993690558e-05
2.236832078460136269e-05
2.432256442853976327e-05
2.266885283937810836e-05
1.926118613041737443e-05
2.105861085927434462e-05
2.110174560305280261e-05
2.258436089022696283e-05
2.405379393864586667e-05
2.024515234666536670e-05
1.837209785245467466e-05
2.401396941653781254e-05
2.266815405458294381e-05
2.227869274312787855e-05
1.997670382603588095e-05
2.049559829915919453e-05
1.920791618897374844e-05
2.019981811701430013e-05
2.038975490036461834e-05
2.209987556310928538e-05
2.374072121861509592e-05
2.247892008129519050e-05
1.859721962103508784e-05
2.044795543246142781e-05
2.286425915038266834e-05
2.345873302260234218e-05
2.221736009699629982e-05
2.059048226184228826e-05
2.065869657109764134e-05
2.071390611164641810e-05
2.423979327576774966e-05
2.064418151243582674e-05
2.001886666622100771e-05
1.795808012398061434e-05
2.143871736548214516e-05
2.197732107027395082e-05
1.875631396235855067e-05
2.353636881159335264e-05
2.001126105139996769e-05
2.014866270168340991e-05
1.725209027011358545e-05
2.572601762815852967e-05
2.275532161453491857e-05
2.187615408632319767e-05
1.846765554298998257e-05
2.038932534534721797e-05
2.247994380567501759e-05
2.172234933741959734e-05
2.254618235352585505e-05
1.965561294295718709e-05
1.929361157561241793e-05
2.163083288148088667e-05
2.223773557566465628e-05
1.860509339593838867e-05
1.939983395831173173e-05
2.015246639218867979e-05
2.136462970663824393e-05
2.083837700694876421e-05
2.233225419654855115e-05
2.126680729859473681e-05
2.308830454346255765e-05
1.966986692956105103e-05
1.980288002245368304e-05
1.788730742889180550e-05
2.422345134526047389e-05
2.163551974081808711e-05
2.206494149435295972e-05
2.029222264655461310e-05
2.132462673256718842e-05
2.126125381720492323e-05
2.391750727019197539e-05
1.885882198686896654e-05
1.984553321117916638e-05
2.104233040156067372e-05
2.176853033195233614e-05
2.293538402243041523e-05
2.041310965079469258e-05
2.078909302270477380e-05
2.116903478584217222e-05
2.244057839015454930e-05
2.219272630897753390e-05
2.201218459734308292e-05
2.088637050293183151e-05
1.995480112608733926e-05
1.914380270963165023e-05
1.942019319918838140e-05
2.080378553660041827e-05
2.191153337829209586e-05
2.424353185245840066e-05
2.006805316430646850e-05
1.906854326048919060e-05
2.150231200669802681e-05
2.292579271449187244e-05
1.887231250240781625e-05
1.980065963913176256e-05
1.966432918792433913e-05
2.390254521216037421e-05
1.979823520279210713e-05
1.982942490065805349e-05
2.243927167081952086e-05
2.599920116045348451e-05
1.903549703899844661e-05
2.269336110545358795e-05
1.807363235891122779e-05
2.032007519153298782e-05
2.032198544406831376e-05
2.206227225310170210e-05
2.263838832844153199e-05
2.179390858201163552e-05
2.128568894368376607e-05
2.051309668601237790e-05
2.377939001831804025e-05
2.422070488247147861e-05
2.136210509435467646e-05
2.098350542358255942e-05
1.911728724032020322e-05
1.758944805910078469e-05
2.158625515061419168e-05
2.661956945798496518e-05
2.052419974252796332e-05
1.740628299473102463e-05
1.932659951183115382e-05
2.081849971986105829e-05
2.193484657142655064e-05
2.411792277412993461e-05
1.905712952879717363e-05
1.813642964217891736e-05
2.378275560244366151e-05
2.170289135701401677e-05
1.841948821044531127e-05
2.146747703879465900e-05
2.054273786225474958e-05
1.862705231710858842e-05
1.875878755000552500e-05
2.601900241968434907e-05
2.038814920297641220e-05
1.801414495280289114e-05
1.867778671712706608e-05
2.173663887554735783e-05
2.157519196340766624e-05
2.536559456334267369e-05
2.311135614266346551e-05
2.394419593215235865e-05
2.158188168015517011e-05
1.737557853623928616e-05
2.128969065363632793e-05
2.244539575764875866e-05
2.271189143567251169e-05
2.179613786662089328e-05
2.057024405344294617e-05
1.715125271438394373e-05
1.825741432917516778e-05
2.198600814136479238e-05
2.194846932045085668e-05
1.948667130676930075e-05
1.969069120351171352e-05
2.009967409734616497e-05
2.240940750323001764e-05
2.088301183921572411e-05
2.048572672539874211e-05
1.932968000592720544e-05
2.226920893381798000e-05
2.222915257298289368e-05
2.476372281582825511e-05
2.315017404280903456e-05
2.226212595074280741e-05
2.212628760674051131e-05
1.914878691125467401e-05
1.842986742028573165e-05
2.220239160257001426e-05
2.201614320057511336e-05
2.240584306343219252e-05
1.991873339928015033e-05
2.024627664218146855e-05
2.334507004753641981e-05
2.133688058387855463e-05
1.890069713837500746e-05
1.922670713001106935e-05
2.203044084649453019e-05
1.988613330600419744e-05
2.350235448814642377e-05
1.951515670399974378e-05
2.576436253648743254e-05
2.360320536207502614e-05
2.074231192915972668e-05
2.125557404244247890e-05
1.659215417218541755e-05
2.151236805026604204e-05
2.181733409322152050e-05
2.439933772750400458e-05
1.787980045784532424e-05
1.963155292913743876e-05
1.939111813555728666e-05
2.263096042355005805e-05
2.476145908281573722e-05
1.991949999552889046e-05
2.007851528460215072e-05
1.863365625842336605e-05
2.662090093639430438e-05
2.273943736013317340e-05
2.075590178887693396e-05
2.036144954829972615e-05
2.018153708605011882e-05
2.447972386382824011e-05
2.094363573078772064e-05
2.049865154106123477e-05
2.228133593629102140e-05
2.444007363667741002e-05
2.435674732151164190e-05
2.026474242965183568e-05
2.156373299911731900e-05
2.314876735355996567e-05
2.261222372842726014e-05
2.195077316027477073e-05
2.040821469567444507e-05
2.053913564884448690e-05
2.124626564882404711e-05
2.076822547855923650e-05
1.985381833343829284e-05
2.613024639568262044e-05
2.144849365652762147e-05
2.223470121267876696e-05
1.974958472414534052e-05
2.096327248908634076e-05
2.190048072633630211e-05
2.257581576117923536e-05
2.238057870383797901e-05
2.217274293869203611e-05
2.017164790767061669e-05
1.993905484120311533e-05
2.227414387665997952e-05
2.248334319740683188e-05
2.094507773669145685e-05
1.802046929557697829e-05
1.872078735471454519e-05
2.353665516204162921e-05
2.082297239724107836e-05
2.079279443481206333e-05
1.967865045567023568e-05
1.881219094512026908e-05
2.194080628299093091e-05
2.125931042144720153e-05
2.612830230087918512e-05
1.911251255591725736e-05
2.135957592318366854e-05
2.431239218494078336e-05
2.237396954173097836e-05
2.183976970665923442e-05
2.235249772440239875e-05
2.278668134166841303e-05
2.099396719110955119e-05
2.049867330164293057e-05
2.021888995951652427e-05
2.165500107239240056e-05
2.182542763463020643e-05
1.861941138020163807e-05
1.913633922849171666e-05
2.067898135708194594e-05
2.174632886693667863e-05
2.314286499541257379e-05
2.369086142777512873e-05
2.055201224280386312e-05
2.044696411164123359e-05
2.154147355839332773e-05
2.677957095376650996e-05
2.214015788387103449e-05
1.989884940304932243e-05
2.048445408495774101e-05
2.125729119018489647e-05
2.403599452147883774e-05
1.906139381889921988e-05
2.350895931245247265e-05
2.264393386294568641e-05
2.217927607348288703e-05
2.053026842134069813e-05
1.749753770502113565e-05
2.073027416504349827e-05
2.325288890322641005e-05
2.148154595278613965e-05
1.924001705637554355e-05
1.981101328330025512e-05
2.121411981137646111e-05
2.059452963560125190e-05
2.326546688370242970e-05
2.667481173394424784e-05
2.072156914124769416e-05
2.022906155575123817e-05
2.569047145186710150e-05
2.493280888986217357e-05
2.093463955147371362e-05
2.107686701556234777e-05
1.946789470964035496e-05
2.030461728868592007e-05
1.759557745817945230e-05
2.175489554126832446e-05
2.435476962650674158e-05
2.249484431018391306e-05
1.931353054500282738e-05
2.052327673943019288e-05
2.037311855505360818e-05
2.277723282897976839e-05
2.453522226365515471e-05
1.952271623200491183e-05
1.955059547858931763e-05
2.165750317459186303e-05
1.969089703507813472e-05
2.080339580518631218e-05
1.970138660075151690e-05
2.177167666839833156e-05
2.496555334635999689e-05
1.977834641888850839e-05
2.058923720718338192e-05
1.661835757208293113e-05
2.347097299063585652e-05
2.139686774468213252e-05
2.246091302349064540e-05
2.418457509270402280e-05
2.521799705965683871e-05
2.067501958111004316e-05
2.100174168075873444e-05
1.699063001144780443e-05
2.210496139016414401e-05
2.637544351003873354e-05
2.202943754094745861e-05
1.905099374319032160e-05
2.050148635578716538e-05
2.313038208616542479e-05
2.029834070033763999e-05
2.277689680423945138e-05
1.967767451102516032e-05
1.918310519612365493e-05
2.146010975536091192e-05
2.024708452165184834e-05
1.956711122800049794e-05
1.964106121829115191e-05
2.266316202135777602e-05
2.159328986563570032e-05
1.662646914583774455e-05
2.182943505810918812e-05
2.276641367052695283e-05
2.023204300549049777e-05
1.962826304822327828e-05
1.764579869188370536e-05
2.216350578260584844e-05
2.088070276197236756e-05
2.113477088687945834e-05
1.786906213406506887e-05
1.938714072811489048e-05
2.126087292232852326e-05
2.229698275229255697e-05
2.491008301207295786e-05
1.932706664565229078e-05
1.767035389313688368e-05
2.039260468886967950e-05
2.153104853569025198e-05
2.237568807724669810e-05
1.578393286943291038e-05
2.042154561909753378e-05
2.042052630440321066e-05
1.765497708869459185e-05
1.827447720623827864e-05
2.114515108370030070e-05
2.255667117778062589e-05
1.730164621708956687e-05
1.824027885954353781e-05
2.221703371752747227e-05
2.130548697799896531e-05
2.281880717676214049e-05
2.151191848996780658e-05
1.912653648888982841e-05
2.481866388081709236e-05
2.337932946929807682e-05
1.909355653843115938e-05
1.943928174097521338e-05
1.950547215131606457e-05
2.261928173464210055e-05
2.428033733504653162e-05
1.980149545147189452e-05
1.974007132008722686e-05
1.905174146510404446e-05
1.722316399304754634e-05
1.908198952278865153e-05
2.232085725075976798e-05
2.241572310721221862e-05
2.190717881569656601e-05
1.763469772743000202e-05
1.993048945571941090e-05
2.123044937692858403e-05
2.121323947879305650e-05
2.241167508411905462e-05
2.259138070496373684e-05
2.079204041610330182e-05
1.988892885968075364e-05
2.292575850024819396e-05
2.365627887307618374e-05
2.103024336333114892e-05
2.099589787172704948e-05
1.993933713088425120e-05
2.155282124811186311e-05
2.509814492769951656e-05
2.035925623868675219e-05
1.867314045288490017e-05
1.918751210740629002e-05
1.839330252953294456e-05
2.062370921576157036e-05
2.063252835840157068e-05
2.230168983667691596e-05
2.810859353810468795e-05
1.972666479112290472e-05
1.999018671741399460e-05
1.743585577044958187e-05
2.417804349346786173e-05
2.272838686561103183e-05
2.123195740080144035e-05
1.958269147315360055e-05
2.037728079968673030e-05
2.140167292429044510e-05
2.161259108354694815e-05
1.999966350736297055e-05
1.939922688465810333e-05
1.888613697332731521e-05
2.196719290319550083e-05
2.232625057972355883e-05
1.785956676375905915e-05
1.673020932306816029e-05
2.359664029897880821e-05
1.889119428409321056e-05
2.156115735043789147e-05
1.913348483329713090e-05
2.184949574916054781e-05
2.399048945080733988e-05
2.034642654410739898e-05
1.930299223420311181e-05
2.580382896216651227e-05
2.111698047551501637e-05
2.034281434618474341e-05
1.887633932679238973e-05
2.080416563180308227e-05
2.040738817182054964e-05
2.522507222764091452e-05
1.910085440072301305e-05
1.676243538260599494e-05
2.001167595409426459e-05
2.108033543905147580e-05
1.845424413751762244e-05
2.326858203284502073e-05
2.125667340975991869e-05
1.746222832167701141e-05
1.848465913364676314e-05
1.769197546886345070e-05
1.822549351508680787e-05
2.074673538494764644e-05
2.156400207226164892e-05
2.107597181884973196e-05
2.614601044353713824e-05
1.962102697282401637e-05
1.947127666944076227e-05
2.208196282325149680e-05
2.327300388275821232e-05
2.393367808823844168e-05
1.905834900401863347e-05
2.030693382122735730e-05
2.018380939723447723e-05
2.328732203461289345e-05
2.330033604956447475e-05
2.234702791487731005e-05
2.269265661440290051e-05
1.882847364673075028e-05
1.910409805313450905e-05
2.002517863246726967e-05
2.277590917648499090e-05
2.215393150016331568e-05
1.809648584286512596e-05
1.956511438657684677e-05
2.119779278023148077e-05
2.023859897954738009e-05
2.064443235863148925e-05
2.126438064449217500e-05
2.451564331302394335e-05
2.488369426178597174e-05
2.030244779733430131e-05
1.691315283028719193e-05
2.476791780719612409e-05
2.251778247211323449e-05
2.085075290461197597e-05
1.924047166195124453e-05
1.928606018805534671e-05
1.884878870613815972e-05
2.065522817025653785e-05
1.940769102779018123e-05
2.156299512458898833e-05
2.246691673786320792e-05
2.303229128999448758e-05
2.045660416614693652e-05
2.075726910303050306e-05
2.264210727104400784e-05
2.228073118801090219e-05
2.139689513935838844e-05
2.054896558510791040e-05
1.960598636429309550e-05
2.125851730263139712e-05
2.534376376356450286e-05
2.063616668342550217e-05
1.950650920649674424e-05
1.878074724462638456e-05
2.142949429999247544e-05
1.972735545013434554e-05
2.289713458063608552e-05
2.181272829556696850e-05
2.189263317765955132e-05
1.891268121028287895e-05
2.372056160790356362e-05
2.385887987320353324e-05
1.900586050992606981e-05
2.092838615441917097e-05
2.271132243329775335e-05
2.092923578577618031e-05
2.279335149032381239e-05
2.141895466740676324e-05
1.898665326354760026e-05
1.771237267523553287e-05
2.177917022679729092e-05
2.130794378196909807e-05
1.737431793408299470e-05
1.886221691464558454e-05
2.119152845505986393e-05
2.115319689584564173e-05
2.310193638769758649e-05
2.255268598525134386e-05
2.104244390005425322e-05
2.592805628906810243e-05
2.030180995759092044e-05
1.828222848101431606e-05
1.878800379507130646e-05
2.370369107019986140e-05
2.106812175617188890e-05
2.181323824301538607e-05
2.089442438869310606e-05
1.885675912485962238e-05
2.186911689413332643e-05
2.212174152513285888e-05
2.250876124134753748e-05
1.939296212636725794e-05
1.708056461189345549e-05
2.061345765695865644e-05
2.436587449780336931e-05
2.148755768923412418e-05
1.835547938111428879e-05
2.044793357655943833e-05
1.999263026966441203e-05
2.128497195509584637e-05
2.277376299876049010e-05
2.385961333528649280e-05
2.263331775691094098e-05
1.791370528732461555e-05
1.727009887489530703e-05
2.097073744476964178e-05
2.221911554497019668e-05
2.159616133190631130e-05
2.349110628760223694e-05
2.076918592563733025e-05
1.937220376263606043e-05
2.221966103628212439e-05
2.275369983485049855e-05
2.066778615654081688e-05
2.096967295917807683e-05
1.756142296294000517e-05
1.876058823738412605e-05
2.147154682921654619e-05
2.183451015107195460e-05
1.784895310999960790e-05
2.011708182166875800e-05
2.169497729914908091e-05
2.044940653356324569e-05
1.921355340430167343e-05
2.110014583886571791e-05
2.546455351147717402e-05
1.976030656012669370e-05
1.786337176645720319e-05
1.948594629455160276e-05
2.424827521125792615e-05
2.198920160438735133e-05
2.176981492670749662e-05
1.826530497500190942e-05
1.964791500681211314e-05
2.285832521570763234e-05
2.266268987617417623e-05
2.349164712894831052e-05
1.944656021536614489e-05
1.938407670560268102e-05
1.974771278087027217e-05
2.313239857253929330e-05
2.181860883076172894e-05
1.806802769877832328e-05
1.995847002161681955e-05
2.104108283197525436e-05
2.106377397816680289e-05
1.885750298575113569e-05
1.866313408018234845e-05
2.235670139999968974e-05
2.149997236631888748e-05
1.810745021629997894e-05
1.674943548963680231e-05
2.068473839627371137e-05
2.074416409646943132e-05
2.148645510833937838e-05
2.234958199357127848e-05
2.192208836741596896e-05
1.739728827356773610e-05
2.094656255922897306e-05
2.287742776886741135e-05
2.507104150177456574e-05
1.888061714534777728e-05
2.053885540641844042e-05
2.527113667656037140e-05
2.312904236176071754e-05
2.031669416388564062e-05
2.103207267122898037e-05
1.851511048149627765e-05
1.888314773669291704e-05
1.818931408800963408e-05
1.897961880662848253e-05
2.432011655312693265e-05
2.135706761145719998e-05
2.034157580126673065e-05
2.071439099625379499e-05
2.144248882333857337e-05
2.335557663538643221e-05
2.476003724301247658e-05
1.977258118873906860e-05
2.333131907100739879e-05
2.228266818351117381e-05
1.959524131160979814e-05
2.077220517633982292e-05
1.939226078632602941e-05
2.089551975152672178e-05
2.349747877142324551e-05
2.058984067093599696e-05
1.859408678781307965e-05
1.750380532457983075e-05
1.984367989205203722e-05
2.005752718696244454e-05
2.573207480785821491e-05
2.233576773410054169e-05
2.160003305999589945e-05
2.002753818893026678e-05
2.281774851625198330e-05
2.195006760132059331e-05
2.034903731418993014e-05
2.453500376115755503e-05
1.969437670550497007e-05
1.866384842745991046e-05
1.865193677621840626e-05
2.316415046259250648e-05
2.179942816313455438e-05
2.177595429703302506e-05
1.996172408082352262e-05
1.841757091043248507e-05
2.151893795686771915e-05
2.204884135139770007e-05
1.862443075966149146e-05
2.400630530134043576e-05
2.194396919658246639e-05
2.053234054817064584e-05
2.299801956013982956e-05
2.182934192788160512e-05
1.936399435525424750e-05
1.934891733318289689e-05
2.010008591705454521e-05
2.014254447700602424e-05
2.249108850735097618e-05
1.855028772933800928e-05
1.853723830255491370e-05
2.136382357174065956e-05
2.176410869934149661e-05
2.158966188039436408e-05
2.307722803425974153e-05
2.063865568193863271e-05
1.699843320464625005e-05
2.239764253754187928e-05
1.856437545176599442e-05
2.430615317598257640e-05
2.125391441102367096e-05
2.126491000934146322e-05
2.027594049729312419e-05
1.938117431407420838e-05
2.310527289314445588e-05
2.206276932201986992e-05
2.458288500206969488e-05
1.823894755482077101e-05
1.971006214138049076e-05
2.040718080378771604e-05
2.559409530128249659e-05
2.120410335871226714e-05
1.927836646799886822e-05
2.011537253421614188e-05
2.082955424670266789e-05
2.175382090737565543e-05
2.437310870434185219e-05
2.400718605729981156e-05
1.969197891883922379e-05
2.059454083190988567e-05
1.748589120364076445e-05
1.934791742567743903e-05
2.170502147200179538e-05
2.106117330967306053e-05
2.153515175607916538e-05
2.287801663059319383e-05
2.002505215518173273e-05
1.898613619036176734e-05
2.126394296001324062e-05
2.429799954497852566e-05
2.252303490759300508e-05
2.013859709257569252e-05
1.970733608586994234e-05
2.027765644239605230e-05
2.332916210429932698e-05
2.338043354375882212e-05
2.101959672206634816e-05
1.891581172162935974e-05
2.360085973356001329e-05
2.350791428814959450e-05
2.290517533946971460e-05
1.836814657028625701e-05
2.215826192753376009e-05
1.890782953088092000e-05
2.013835955780798547e-05
2.140039547206813342e-05
2.208251618769121644e-05
2.420423575772342317e-05
2.475436422524992960e-05
2.001711360543347617e-05
2.002980680128023795e-05
2.499577257612387441e-05
2.383417488477445362e-05
2.212170691105955623e-05
2.116578863064618398e-05
1.926751692039045777e-05
1.661866106800199437e-05
2.267768966663459893e-05
2.266787408246425035e-05
2.089722181622107470e-05
1.858920354693167080e-05
1.793553059496152922e-05
2.223327741216158342e-05
1.739853218047663963e-05
2.668184554595505803e-05
1.921692147613466146e-05
1.921719309597735452e-05
1.926342633157448653e-05
2.240572226657305393e-05
2.401552399307945251e-05
2.200479934240167842e-05
1.955085619802024579e-05
2.064402161718211886e-05
2.104741060116859522e-05
2.125155314815335684e-05
2.017356368739003702e-05
1.867116946485947442e-05
2.170879483443052493e-05
2.312929113777772630e-05
1.804033015565676066e-05
1.732695262400928810e-05
2.129961757258066053e-05
2.078114871506828501e-05
2.203266781304317497e-05
2.435487160614744649e-05
2.134604481833056732e-05
2.332507423643661988e-05
1.946841520133266648e-05
2.280970527493622190e-05
2.037351539827460893e-05
2.043386226171367559e-05
1.884115247444481797e-05
2.245795361630412236e-05
1.999139887730565161e-05
2.019267469524570311e-05
2.328606576599163833e-05
2.162692931491839697e-05
1.889560597709020388e-05
2.114138016755503219e-05
2.019071557528411427e-05
2.342739500171745588e-05
2.428428315915745088e-05
2.347571063636818279e-05
2.263938973969863847e-05
2.121513150782007486e-05
1.967749582217063516e-05
1.997589338433437999e-05
2.150760021828866826e-05
2.102275221537771709e-05
2.400387961219082466e-05
1.894629517238466735e-05
2.154806472709875986e-05
2.374055213707683911e-05
1.788666724042301667e-05
1.954517341927647738e-05
1.964799337705807488e-05
2.210589342126287343e-05
2.295070069486098495e-05
2.037473318120336659e-05
2.131328483436708499e-05
1.805992616063560474e-05
2.403917007424675068e-05
2.294559543050821458e-05
2.001483264013886261e-05
2.282123411547530440e-05
2.184382665716233006e-05
1.912150095777238117e-05
2.122793636252861977e-05
1.942633012880368165e-05
2.394611556696343315e-05
2.463903577292435909e-05
2.031743576247191889e-05
2.059816972103047133e-05
1.875628590890273851e-05
2.299950238836200194e-05
2.086336078799333604e-05
1.895784048888908338e-05
2.037732667115677097e-05
2.339900203307759160e-05
2.344122782665450581e-05
2.133510698501671314e-05
2.315135890606507052e-05
2.096957660008151906e-05
2.156187209556362024e-05
2.404625588827457222e-05
2.554246876345622730e-05
2.151357995496714991e-05
2.034683645584312850e-05
2.054170200632898850e-05
1.975272476008996912e-05
2.117962390863492865e-05
2.566553471519278384e-05
2.066413763325122881e-05
1.744582140138921749e-05
1.921422539031079817e-05
2.203676751172553122e-05
2.150330363003303625e-05
2.136841798422143925e-05
1.971098151537890389e-05
1.831283423316688774e-05
2.242808082018032053e-05
2.234509346926964073e-05
2.299239251326378017e-05
2.411853730084330492e-05
2.080928042899616296e-05
1.918490122080803776e-05
2.004207785890961923e-05
2.581198590349127969e-05
2.092988281801989200e-05
2.200819917984929381e-05
1.958993859474297863e-05
1.838182357348293900e-05
1.866845825821204883e-05
2.190213096780426722e-05
2.044533270331672794e-05
1.910693717347971630e-05
1.870136061927271388e-05
2.081469218873245648e-05
2.121143157444110879e-05
2.193324505383288938e-05
2.388710655008542899e-05
2.024411510694605726e-05
2.032154298248108805e-05
2.045984721383855523e-05
2.304761073923884665e-05
