1.538918098897307064e-05
1.563230584811403209e-05
1.207723224061909323e-05
1.809738479288217511e-05
1.416184683327370306e-05
1.399019817353324742e-05
1.318452686822342293e-05
1.713616335560741208e-05
1.678759650390195088e-05
1.480559859073580093e-05
1.367253329553892994e-05
1.387878603955350455e-05
1.796364277635651490e-05
1.526993395796376123e-05
1.552595247354713072e-05
1.425500202130094267e-05
1.210382450732411050e-05
1.269176042734279243e-05
1.590881121869296600e-05
1.487911871106372079e-05
1.336803420777044068e-05
1.270323595263220735e-05
1.528663727616814494e-05
1.463266793411459640e-05
1.637068138041259359e-05
1.733024815215532030e-05
1.549153361037177841e-05
1.749288501293402926e-05
1.422278058683604619e-05
1.248703986810027370e-05
1.343205782233165935e-05
1.616429593460587446e-05
1.488987385395609041e-05
1.483800590323582243e-05
1.482020321898995411e-05
1.256799958400496781e-05
1.504795664047236572e-05
1.467738782828864740e-05
1.876266294217953667e-05
1.157811729410777436e-05
1.432792135380770809e-05
1.399804410340099901e-05
1.669433536882003203e-05
1.532679508201951490e-05
1.308678527142883525e-05
1.428149738923559558e-05
1.563105717999777679e-05
1.521331752354183748e-05
1.520270399055522037e-05
1.497728319103003437e-05
1.277662643052531559e-05
1.380042084420294640e-05
1.471598421354735059e-05
1.586313818437531630e-05
1.669388057069496849e-05
1.404249134151960522e-05
1.360224671184239005e-05
1.514510790179170880e-05
1.758599552997843914e-05
1.268176261913357487e-05
1.462417630540591218e-05
1.508125609544702207e-05
1.640327171641376504e-05
1.509116495667404253e-05
1.524942765062470309e-05
1.348157512647956252e-05
1.715521879212885496e-05
1.588848224367825620e-05
1.465827675179985486e-05
1.695402599252938464e-05
1.340180987760441846e-05
1.545333578566584289e-05
1.386988435572785125e-05
1.502392733787264448e-05
1.728546676143498525e-05
1.500058936063005905e-05
1.426992398697575478e-05
1.518126804311668476e-05
1.462418674271345677e-05
1.577842543849586129e-05
1.646490177635977914e-05
1.531927627066563292e-05
1.306631332312269939e-05
1.420077991524184626e-05
1.662301400579037640e-05
1.571507627294755374e-05
1.493916734530531267e-05
1.523372621181970665e-05
1.559341512647223409e-05
1.627102977042927285e-05
1.474133455642190816e-05
1.653910105660508920e-05
1.874437742446838286e-05
1.549782485521718786e-05
1.392807870238971957e-05
1.574532487434468657e-05
1.357413615718613460e-05
1.505175297882291954e-05
1.714842058164873408e-05
1.431626551895870589e-05
1.272592365929185447e-05
1.573059407461591672e-05
1.581296917887597167e-05
1.271398754908282478e-05
1.329943736759107210e-05
1.552441900244369541e-05
1.525093830323465490e-05
1.653116652574599359e-05
1.768282515938366338e-05
1.556896505911380642e-05
1.548619162699501042e-05
1.369766546353352903e-05
1.401998173878655909e-05
1.890111121851607346e-05
1.518623423586910934e-05
1.414511272831899674e-05
1.381540140603433800e-05
1.371765615709796281e-05
1.565230886160713278e-05
1.544784244484098847e-05
1.434320181898489241e-05
1.391800695287682331e-05
1.420830709535700744e-05
1.500880965887363176e-05
1.548171239492930886e-05
1.698210637622749256e-05
1.423602118450993366e-05
1.494465182187654174e-05
1.575075926806195631e-05
1.788241051255802457e-05
1.661033231499994540e-05
1.548296778800418378e-05
1.516157752717119990e-05
1.315486790127161590e-05
1.368697366059001027e-05
1.587650291987756897e-05
1.634251476332389280e-05
1.709885431824692491e-05
1.387296889657002758e-05
1.279150653949340130e-05
1.372846644754746691e-05
1.740027109603073486e-05
1.514425479720136454e-05
1.425986212260517123e-05
1.473332053290367529e-05
1.366483923670906445e-05
1.601999382991655603e-05
1.618611224555774173e-05
1.733173130270165399e-05
1.383766788266779384e-05
1.464102880875552245e-05
1.648976460565901398e-05
1.682576019471798508e-05
1.400649918049928829e-05
1.545026763017626651e-05
1.479215243470905260e-05
1.738946894388618345e-05
1.368425324907641987e-05
1.525744672444989679e-05
1.780232514879484128e-05
1.694941690043655970e-05
1.329682893651334457e-05
1.416999811922193652e-05
1.685333390366643781e-05
1.627054827765629300e-05
1.495584702101988179e-05
1.472568847010986122e-05
1.256378571015288938e-05
1.697398211445379679e-05
1.647470092212263148e-05
1.538085587268505950e-05
1.344590270932900016e-05
1.642690929562815090e-05
1.477761173583584669e-05
1.431628022907697985e-05
1.543431579040501693e-05
1.791327410118860464e-05
1.951570502124149638e-05
1.357127963967214047e-05
1.473836752674835227e-05
1.643406934445270151e-05
1.728995318310781179e-05
1.582900596644084277e-05
1.432866691400444668e-05
1.429290587851390624e-05
1.273000526528410081e-05
1.520506756079967149e-05
1.650886679125883035e-05
1.463614687231644486e-05
1.414685609239663715e-05
1.188930343247858843e-05
1.554485427938593519e-05
1.516875843944236809e-05
1.519852480312747139e-05
1.324833646358873670e-05
1.454708041321119498e-05
1.481788707854985310e-05
1.324653971551198091e-05
1.636582659570618247e-05
1.799648717439758947e-05
1.532472028475783391e-05
1.360304091326453146e-05
1.712787632200955308e-05
1.599343381506766057e-05
1.487501496838835272e-05
1.441052588191191281e-05
1.343150602813452441e-05
1.293410545808913716e-05
1.535605473970497669e-05
1.562911112941378918e-05
1.307382487451947885e-05
1.407242201095223714e-05
1.514804191180336136e-05
1.510630217120353105e-05
1.526033096206914130e-05
1.482173419188267350e-05
1.245510462074617738e-05
1.379665500884409441e-05
1.410716001972993163e-05
1.224189625043838720e-05
1.352475038259700945e-05
1.373539711437536110e-05
1.537706375111915893e-05
1.509098864399413420e-05
1.801724325155377101e-05
1.285391874986092091e-05
1.370038150532963926e-05
1.474535315581043763e-05
1.565803900272650574e-05
1.599349502657659546e-05
1.116647523177601112e-05
1.430411664911211807e-05
1.429419471192747340e-05
1.550828472500789159e-05
1.581873369005689338e-05
1.541314365335975239e-05
1.409353357862192661e-05
1.458333981064248379e-05
1.370580211814846919e-05
1.405089056466145193e-05
1.432819089131256742e-05
1.610353184113460354e-05
1.466115502609451833e-05
1.833586910448171083e-05
1.345090134813766790e-05
1.348336343565073303e-05
1.524985558269739813e-05
1.667772112137392467e-05
1.649996167059470487e-05
1.556296513471750113e-05
1.873652955028798351e-05
1.659682105710887646e-05
1.405860356027725395e-05
1.469060069371856714e-05
1.681048401157891054e-05
1.488515933285301859e-05
1.478816428824603023e-05
1.434885806095688112e-05
1.226224699922740041e-05
1.387807907199945668e-05
1.307099042575455323e-05
1.497132606668503496e-05
1.828837739526617285e-05
1.615271551690148648e-05
1.408126269134619046e-05
1.410486103423160437e-05
1.491276948825319513e-05
1.615725660199508911e-05
1.840693760457500020e-05
1.443059377218483298e-05
1.441950840101382871e-05
1.384887403262831836e-05
1.558075096012462052e-05
1.705453189507887075e-05
1.591961636125489293e-05
1.112577037940153139e-05
1.462468755439758741e-05
1.795125470992027790e-05
1.513937184451337162e-05
1.368792827474623235e-05
1.207231841619703205e-05
1.274066705762171634e-05
1.445575545190200456e-05
1.394359380010058025e-05
1.932484288409096049e-05
1.666015189000088169e-05
1.466025674732860470e-05
1.452620939350760866e-05
1.483214903866689366e-05
1.324938528745376596e-05
1.470762403642859355e-05
1.681541875132912812e-05
1.427115199618361364e-05
1.311948842363006838e-05
1.344197207354913403e-05
1.667909590837624619e-05
1.477226235932374482e-05
1.438415637651820841e-05
1.380502620560681784e-05
1.478955969892180897e-05
1.439366312837810536e-05
1.830006912644272331e-05
1.248347302079832089e-05
1.397264999182431005e-05
1.533453865970590629e-05
1.252318059242012466e-05
1.421787951330948167e-05
1.527067399135347231e-05
1.533707257683856402e-05
1.487107915405867248e-05
1.301722782878337694e-05
1.195353388408281237e-05
1.492090876962768497e-05
1.534787681879806981e-05
1.411109834220071336e-05
1.412248473617435792e-05
1.617887752881322195e-05
1.494102903713388622e-05
1.604658830074336134e-05
1.487388207182108482e-05
1.509865443236266123e-05
1.575904383571004834e-05
1.782247315798412012e-05
1.256030072377667926e-05
1.571898772895936067e-05
1.544374313959078932e-05
1.245829373663055753e-05
1.468075040122129591e-05
1.538134950823847962e-05
1.616662412922940543e-05
1.272317670976874392e-05
1.450762363044115358e-05
1.683363235038337632e-05
1.507101916888543432e-05
1.385037042339966609e-05
1.208644050747765681e-05
1.840456009275696244e-05
1.537374543904414741e-05
1.507375275535719912e-05
1.281214350606272762e-05
1.524395116574608002e-05
1.547239263019874954e-05
1.752313042051652388e-05
1.649129923236745956e-05
1.719252760704202386e-05
1.478236715398810531e-05
1.249509488488444606e-05
1.464513964935973142e-05
1.671291935064438179e-05
1.632392443715471070e-05
1.398733040141996185e-05
1.514652538774318378e-05
1.314287759530539532e-05
1.383788123023567082e-05
1.568928549462003910e-05
1.489551093089348041e-05
1.328936446869804795e-05
1.403189062092023579e-05
1.558217874713365900e-05
1.456751654319806452e-05
1.766479903485151072e-05
1.345361171239102551e-05
1.404450724713630421e-05
1.491022191615760093e-05
1.602129939857029539e-05
1.639183418262739225e-05
1.577027346605454946e-05
1.501978827951243980e-05
1.493269178507970955e-05
1.311228447639799519e-05
1.397208192935032394e-05
1.573420529135110012e-05
1.603099480612472171e-05
1.638254930247816087e-05
1.394945046726886521e-05
1.317887337996902881e-05
1.448398639452271095e-05
1.602518830433876260e-05
1.536523710622940151e-05
1.207669434880612567e-05
1.420522969460567546e-05
1.453198333268787805e-05
1.462121171818501087e-05
1.620409036344913782e-05
1.603771163577631052e-05
1.484556168375058451e-05
1.663783299160694919e-05
1.633830575775498624e-05
1.463938281605241217e-05
1.526451276545484035e-05
1.529801540022654644e-05
1.271177697753430904e-05
1.446683078971660841e-05
1.632328623188096316e-05
1.716338925140100058e-05
1.496637228178939586e-05
1.434336398965831093e-05
1.608436184624295826e-05
1.609601848333785259e-05
1.439330375713623072e-05
1.460211921391088700e-05
1.346770462753266406e-05
1.730234846737829262e-05
1.560792548468825303e-05
1.469234147236388325e-05
1.367087348336566275e-05
1.426697169157305660e-05
1.687389870936296696e-05
1.402152179769586182e-05
1.509945871693357576e-05
1.456632037555460127e-05
1.573159217768336349e-05
1.602684587273403788e-05
1.448875038994935327e-05
1.455180463489553557e-05
1.605931454878930465e-05
1.621068881240143701e-05
1.581337452588825454e-05
1.392417682045450073e-05
1.538767637095641509e-05
1.269501140094965889e-05
1.414960878044427143e-05
1.559980958755933256e-05
1.582163059192052149e-05
1.231933828038468668e-05
1.513507673312440154e-05
1.508084029183937178e-05
1.675358293486022731e-05
1.923335536952472478e-05
1.563619671531091143e-05
1.453116067032219582e-05
1.362036765172417732e-05
1.270913649204113258e-05
1.393925500735266518e-05
1.727745371083794023e-05
1.341847129602659641e-05
1.344735027815205474e-05
1.329669829699038889e-05
1.652372776600901752e-05
1.592530055962921825e-05
1.615008619734707723e-05
1.216804949211497177e-05
1.353544584578792297e-05
1.485967145899914632e-05
1.532830665778055543e-05
1.591854132391525066e-05
1.297210226589176129e-05
1.490940083155647447e-05
1.657271310313464726e-05
1.869974751804032775e-05
1.585124429211536007e-05
1.428113734150829111e-05
1.268194417051540981e-05
1.341665506507969115e-05
1.475976369635644092e-05
1.550063866094963016e-05
1.304678977522745040e-05
1.278680779465693442e-05
1.440343984521407279e-05
1.541097920066468143e-05
1.550691572026281144e-05
1.426296641042163646e-05
1.396626150179618430e-05
1.570319901817768241e-05
1.580150678971574982e-05
1.803382655673933463e-05
1.244695828426688259e-05
1.436103716109797189e-05
1.582918274236282770e-05
1.349650446271059347e-05
1.595874903166290902e-05
1.585889213960899326e-05
1.714636330780367317e-05
1.380877727286743836e-05
1.375099012613497312e-05
1.811352008115688975e-05
1.439085192058804396e-05
1.369507030087050573e-05
1.489864180935530777e-05
1.638800257120071860e-05
1.595771111313815498e-05
1.557445205334323824e-05
1.484246075380881230e-05
1.326198629231813210e-05
1.613639799151729849e-05
1.642819551673128329e-05
1.574052323580489815e-05
1.477790615379841768e-05
1.414682386621389253e-05
1.301597748898867046e-05
1.445420742764327788e-05
1.433929323221199635e-05
1.545757455671260930e-05
1.662863923728750357e-05
1.297460705594800702e-05
1.435793445625119169e-05
1.658990956041055362e-05
1.612039352690367179e-05
1.419535820828894886e-05
1.422528786963943695e-05
1.317936206104791993e-05
1.663482371520703614e-05
1.670033350626834703e-05
1.441070244788116417e-05
1.336903018620867445e-05
1.360752750400068227e-05
1.619275254485872116e-05
1.486024421879471991e-05
1.608236993961325765e-05
1.426495049287389087e-05
1.383869189876460245e-05
1.482516504106231842e-05
1.401467431652345816e-05
1.657033629286379776e-05
1.605052850602828218e-05
1.507417828753959825e-05
1.456411526640716041e-05
1.383034554842112108e-05
1.143979858223393216e-05
1.544307838117400919e-05
1.552056445728972701e-05
1.462688549837348923e-05
1.352098130159188423e-05
1.197987798514266611e-05
1.786396999760457558e-05
1.468009625295244177e-05
1.467256317852189847e-05
1.345807128784159042e-05
1.412488196219538135e-05
1.526719704311515295e-05
1.702795089680711401e-05
1.254950937853350011e-05
1.455810624238222869e-05
1.240822887310462389e-05
1.501342291418387393e-05
1.499620416223902015e-05
1.526315685752797631e-05
1.470295504913265931e-05
1.265854208503197814e-05
1.326492097290873516e-05
1.615485964041639148e-05
1.570572186435522692e-05
1.462458894420115788e-05
1.438901970275093484e-05
1.617023287301236659e-05
1.735454962905754484e-05
1.468788555211191054e-05
1.358872958437324822e-05
1.581327077161269771e-05
1.622840955191822177e-05
1.585730623110893949e-05
1.368273854293721881e-05
1.509365829771184800e-05
1.474654986946537740e-05
1.250045834503125804e-05
1.526803512679519360e-05
1.531288865819655114e-05
1.839484286788399853e-05
1.198248089166878956e-05
1.413022815009161136e-05
1.390566695134153277e-05
1.608024244757272147e-05
1.470716145621214398e-05
1.169256102981385769e-05
1.500463533892612333e-05
1.467520505188061899e-05
1.731083349068150118e-05
1.689298863121448466e-05
1.451040608078631514e-05
1.343857583856712094e-05
1.714028204836716689e-05
1.591688843535282787e-05
1.648698784079136913e-05
1.468745543264216076e-05
1.491888242287954502e-05
1.597471556933595588e-05
1.638060559108343696e-05
1.439621936510161363e-05
1.433785337040706076e-05
1.589842476749946299e-05
1.406584647392601749e-05
1.634969535344788213e-05
1.615105754934038305e-05
1.674966307266733808e-05
1.309014713319563160e-05
1.523980842853027296e-05
1.311319871005341459e-05
1.589759289526280998e-05
1.665188564423892914e-05
1.417307674307864437e-05
1.318044226700668918e-05
1.398450855684463480e-05
1.468205065078652592e-05
1.389426066388800079e-05
1.729780413524759374e-05
1.568444993120406727e-05
1.403803381170451800e-05
1.468532358434094498e-05
1.376214788651164367e-05
1.576195407347440937e-05
1.729135603300770653e-05
1.457944019667164739e-05
1.168921286598168684e-05
1.403809103030861156e-05
1.568326843119437520e-05
1.487483183704727932e-05
1.592524150509782522e-05
1.384016601659096179e-05
1.283731732498918419e-05
1.361826871554742875e-05
1.514473841382256252e-05
1.519320977228673838e-05
1.392895864051695168e-05
1.399525729673613321e-05
1.499218760854076293e-05
1.478712048473313797e-05
1.400624999071222438e-05
1.517991961163686228e-05
1.663383683076647744e-05
1.425927958870472725e-05
1.284410506192798984e-05
1.333042856963839695e-05
1.578161674664577558e-05
1.501306534222426145e-05
1.351626163204536309e-05
1.319236566567970875e-05
1.603974992227632287e-05
1.586503750924918369e-05
1.613304693462942060e-05
1.337144916239735399e-05
1.351866534985608035e-05
1.532246147462038477e-05
1.581390063215887043e-05
1.568287858498663038e-05
1.235581227324238555e-05
1.519613777462542805e-05
1.559217164298918522e-05
1.445964042133932860e-05
1.390550695015194851e-05
1.336098659174346773e-05
1.532587304257117245e-05
1.435784797151133732e-05
1.401315865197226081e-05
1.345765180769217765e-05
1.475114551905089540e-05
1.506266997713506581e-05
1.593289237893321563e-05
1.486652435070684932e-05
1.429096856288405437e-05
1.197751207098129788e-05
1.620067119804734118e-05
1.599693598599681853e-05
1.342281221337027853e-05
1.480205084351323399e-05
1.455720111307450190e-05
1.557540689317230885e-05
1.676683180229159796e-05
1.467365923112974240e-05
1.473665426279615949e-05
1.817666180527398743e-05
1.344769853143434058e-05
1.313153857576339547e-05
1.490072960114661000e-05
1.689558987365532956e-05
1.511876036915581394e-05
1.306746101738173422e-05
1.432624495791249300e-05
1.453625733238719472e-05
1.509711023748690887e-05
1.449098169309806208e-05
1.545910138675466960e-05
1.293252133465104980e-05
1.377080160074297603e-05
1.514078018077958673e-05
1.505601932566343436e-05
1.356280569210458727e-05
1.230809725382909961e-05
1.460252638409860347e-05
1.772304225783746386e-05
1.498267051351741834e-05
1.556421661482232025e-05
1.487798509638817640e-05
1.469539086575271514e-05
1.360145951238067843e-05
1.457521776309726477e-05
1.669822364971923281e-05
1.256861352241461496e-05
1.443459292258183560e-05
1.545877616692768600e-05
1.565441059063524514e-05
1.734017954463132916e-05
1.327838838381219247e-05
1.393504307218618288e-05
1.475335013251026113e-05
1.611185140082093051e-05
1.706481456747979046e-05
1.299820966440728206e-05
1.441299719100667757e-05
1.416706451294790978e-05
1.775357684207641191e-05
1.215315533393635556e-05
1.582465848018356011e-05
1.552252374179010521e-05
1.645750327234417023e-05
1.348317189244460339e-05
1.362974507159643470e-05
1.473578573901451439e-05
1.658622189756607025e-05
1.531428407708455825e-05
1.222566317397604012e-05
1.468411977809796625e-05
1.421723209085357475e-05
1.555868209386009160e-05
1.600372818938954056e-05
1.532340635605747826e-05
1.438251068456853883e-05
1.411156208472427396e-05
1.559941119165769962e-05
1.690909520134535596e-05
1.590850077470782803e-05
1.475050708502846182e-05
1.462806209504207298e-05
1.427031733137673215e-05
1.481454925267373396e-05
1.650718885396833168e-05
1.646794953091598165e-05
1.325442787653510502e-05
1.374346162956917421e-05
1.710721642608005770e-05
1.654887281332726687e-05
1.427502642653163732e-05
1.464865035915305976e-05
1.265406446401171230e-05
1.734408763497823530e-05
1.566355898515950650e-05
1.472078339427214772e-05
1.326798219995973341e-05
1.405102595019535981e-05
1.667196954991419352e-05
1.407781940082809603e-05
1.586555491760049895e-05
1.386065619340136988e-05
1.281409411271073738e-05
1.341851812023580637e-05
1.421522508467985301e-05
1.387297054909992341e-05
1.641015795800991302e-05
1.567189231271413506e-05
1.497410975400930967e-05
1.419179489137779068e-05
1.328893272964911054e-05
1.513124905651979716e-05
1.625435626588614705e-05
1.421522989031997821e-05
1.526109752967336506e-05
1.495709834734608279e-05
1.428662855161593574e-05
1.112972901580012113e-05
1.603900942667162532e-05
1.535474930732939243e-05
1.293886018779440383e-05
1.376306856996474279e-05
1.415923719071129540e-05
1.502505655507699148e-05
1.425882938995074234e-05
1.422916630138520995e-05
1.803840947932986441e-05
1.340975716342914295e-05
1.304074845104376707e-05
1.567604958610770152e-05
1.464221199832429406e-05
1.503020175660192757e-05
1.359390147886481646e-05
1.350191031451613126e-05
1.532671529643489186e-05
1.547233822823235156e-05
1.626906507314982705e-05
1.321424356373673422e-05
1.321112843724367544e-05
1.467238088118204677e-05
1.646732374264223543e-05
1.519991150958913606e-05
1.368428408852682176e-05
1.381122516225072896e-05
1.496952179014660790e-05
1.488409067483013568e-05
1.402303576560971154e-05
1.385377470932280836e-05
1.546818568038217716e-05
1.382212342652515390e-05
1.305566110376588913e-05
1.351794315564444103e-05
1.599109796919852570e-05
1.491197438897413232e-05
1.447885386599530037e-05
1.192659577954610535e-05
1.541649578070565304e-05
1.515101907631726003e-05
1.856146893891137087e-05
1.289217618532262077e-05
1.483612350079616633e-05
1.408562391677106956e-05
1.607581573663660265e-05
1.570129853551257204e-05
1.427391674637716875e-05
1.468446765108761565e-05
1.333850124184033632e-05
1.187912734111293096e-05
1.414377279058821841e-05
1.660614403021989650e-05
1.480226413187721288e-05
1.317142848224423135e-05
1.369828198111562207e-05
1.468088757406091135e-05
1.485617374827985398e-05
1.652522000272676201e-05
1.797664838676512819e-05
1.414191734625368139e-05
1.538157197418857369e-05
1.589970722584154402e-05
1.573977622942723126e-05
1.581994330004208725e-05
1.451309879687762893e-05
1.325230886988488858e-05
1.631542230482134340e-05
1.665157056974709261e-05
1.456906689263501187e-05
1.259366777762055975e-05
1.435057915430752787e-05
1.503305610482106558e-05
1.492462818137749533e-05
1.764369794195226599e-05
1.649046324402676284e-05
1.391265360834104941e-05
1.368343299757722192e-05
1.364929711653049847e-05
1.578254967191785460e-05
1.782604627408706230e-05
1.547640491089842242e-05
1.508347258696502036e-05
1.602106417347398711e-05
1.536028499682998421e-05
1.587690640811600872e-05
1.380509242623126585e-05
1.250699326068535169e-05
1.310016566381440441e-05
1.594236620989567779e-05
1.525045027170150724e-05
1.372684062781248725e-05
1.589741139858486321e-05
1.373767510923423850e-05
1.470773929579493338e-05
1.562176156416893733e-05
1.580097957275825035e-05
1.392666552610173087e-05
1.281916574704250365e-05
1.315475885011240831e-05
1.567283966263145902e-05
1.531995984449061534e-05
1.533323389855904337e-05
1.254386769333425518e-05
1.404178759761755793e-05
1.550226073119559406e-05
1.495165963194247845e-05
1.656218847311727893e-05
1.356874777327436135e-05
1.295020886895718417e-05
1.461073151754062599e-05
1.764266150949179464e-05
1.550499341317011082e-05
1.378408534918296249e-05
1.521086673453922049e-05
1.542188316482899540e-05
1.440601951751678092e-05
1.368113193525732235e-05
1.293891862724672866e-05
1.619006557135438244e-05
1.540719686340992224e-05
1.376667997610861593e-05
1.307543747650486233e-05
1.581800965549857204e-05
1.603423796729590579e-05
1.441027083244415780e-05
1.325070651957806152e-05
1.630164737578021256e-05
1.621601340248040443e-05
1.361654623976326193e-05
1.496831714518028519e-05
1.454435857036227037e-05
1.633983392674564846e-05
1.750627971478998051e-05
1.560154391549252234e-05
1.575939119276850925e-05
1.811243072247546316e-05
1.317186245463093918e-05
1.451673242839886503e-05
1.684226849130485799e-05
1.524290951017002850e-05
1.364993233076720149e-05
1.434307834893130401e-05
1.452577608648760360e-05
1.571557510868916787e-05
1.542743013969999824e-05
1.392280920170678266e-05
1.389422112002893153e-05
1.683697178179873420e-05
1.765115544160547368e-05
1.492124514448350741e-05
1.440485078792244283e-05
1.438031227013172890e-05
1.393986543885759664e-05
1.491800854703974948e-05
1.522759297132667830e-05
1.644440453113976390e-05
1.667535576201172365e-05
1.279832697118188385e-05
1.418717516819569173e-05
1.504290011371561270e-05
1.801437052954138617e-05
1.642890802371838255e-05
1.473331151879525096e-05
1.442820973081226280e-05
1.246508252551886562e-05
1.551775356639428305e-05
1.346377069817174606e-05
1.268554515018794435e-05
1.570819095525548644e-05
1.680151774772647061e-05
1.516877792858136267e-05
1.356398378382193219e-05
1.311772805256165008e-05
1.635791705526421524e-05
1.495796587089601416e-05
1.526691188398639730e-05
1.342730193366833640e-05
1.803620579828881226e-05
1.459462291350009629e-05
1.478019802565156686e-05
1.397969241990617436e-05
1.591316922778008582e-05
1.695986598642711731e-05
1.612658476069984793e-05
1.345886995689841044e-05
1.468088800255321396e-05
1.530882080672661975e-05
1.529768732544437525e-05
1.454876219876070402e-05
1.295494765036796053e-05
1.313476302903220043e-05
1.536077929396194707e-05
1.299725656179574884e-05
1.258050812588504166e-05
1.484321571805880281e-05
1.566354101933265511e-05
1.522774305591108042e-05
1.546196133402767518e-05
1.633271190560462208e-05
1.495038444619171294e-05
1.286352104868501997e-05
1.373897854497071857e-05
1.606206392493919090e-05
1.463606147424376438e-05
1.482949440790726864e-05
1.352262090656403686e-05
1.110384006912137969e-05
1.656631799387099174e-05
1.751303850576538246e-05
1.274455480417136988e-05
1.389605993812283500e-05
1.537525860324504055e-05
1.609434862559971447e-05
1.563362374021435254e-05
1.320715850047941828e-05
1.451784690675314342e-05
1.425788540357761463e-05
1.547911103386463710e-05
1.653116204313820006e-05
1.604599203492904341e-05
1.480586977200532532e-05
1.509384598950269550e-05
1.388745084102723327e-05
1.405412942034121392e-05
1.448258341556196456e-05
1.592191244194570858e-05
1.510700461021939672e-05
1.664903671562992533e-05
1.434746081448608066e-05
1.429266577705560202e-05
1.525194423152222511e-05
1.681112776610478983e-05
1.283948541840972413e-05
1.474015920050595410e-05
1.478756564377697621e-05
1.563729938614711552e-05
1.637042200873990805e-05
1.420446513422640773e-05
1.400973877034869437e-05
1.168048242949091734e-05
1.866231485505774501e-05
1.504943158158060251e-05
1.412701159382253467e-05
1.682059684558023688e-05
1.466314360263115457e-05
1.366629700755856462e-05
1.479054799260612885e-05
1.342419130095050431e-05
1.506997918806747806e-05
1.652170735947065624e-05
1.703436581182302600e-05
1.389950781501457378e-05
1.437806052565508711e-05
1.612228752362874191e-05
1.764496970457873256e-05
1.301030262081190771e-05
1.406893596550457500e-05
1.596089466348163115e-05
1.501953742480711499e-05
1.305361754996060638e-05
1.451806875645862146e-05
1.412267383831266408e-05
1.513300915081688296e-05
1.265029540780657674e-05
1.351692357886281815e-05
1.547321094086283924e-05
1.510740287563921757e-05
1.301562341600389019e-05
1.311019621912544241e-05
1.517548484084593929e-05
1.464376982625362189e-05
1.563368448168251274e-05
1.894946619517211443e-05
1.427782337512355892e-05
1.333930762544891343e-05
1.532244335103811252e-05
1.608654772592581068e-05
1.270859931925755766e-05
1.456594619476303885e-05
1.494627850984328082e-05
1.743568567026117127e-05
1.670596498037039081e-05
1.500472716573245635e-05
1.518508759881030539e-05
1.232422045478945119e-05
1.445929063397569386e-05
1.277208936722592078e-05
1.432032049670388666e-05
1.730686510069527628e-05
1.540852619015077639e-05
1.367481786348066836e-05
1.469217842629662332e-05
1.830492421799148164e-05
1.714467839506021051e-05
1.391478297765027454e-05
1.783363996993987905e-05
1.689029775967091607e-05
1.560858125156539005e-05
1.397367869581484151e-05
1.350633554789129217e-05
1.502916193457903873e-05
1.765379934797076469e-05
1.423703446430482079e-05
1.178954255091338774e-05
1.383218976529722675e-05
1.349431891108756903e-05
1.423596816461911150e-05
1.370858687963705758e-05
1.657294609490599056e-05
1.577807363282003614e-05
1.505409755009867024e-05
1.556024034451650241e-05
1.362404244316441273e-05
1.865865096848147447e-05
1.604039268848330210e-05
1.426322228563776957e-05
1.393827403791938033e-05
1.422139871483294944e-05
1.678298321197187402e-05
1.586865924239882754e-05
1.455685982464258574e-05
1.477093934391832559e-05
1.323962449893639575e-05
1.355298586700103355e-05
1.458565602018346658e-05
1.562760585333564786e-05
1.300503173716477949e-05
1.525204122697947087e-05
1.446419243829934762e-05
1.414399414632609092e-05
1.409176534227688340e-05
1.457283187086758222e-05
1.817933341708195821e-05
1.501119322103618888e-05
1.325322059774893010e-05
1.345495582263595146e-05
1.722652511672142833e-05
1.525518384925371626e-05
1.439668837778246387e-05
1.529839117610057341e-05
1.329013121508959859e-05
1.374967076399733447e-05
1.468901134401353893e-05
1.565893351233852405e-05
1.559140012526577591e-05
1.737179824209467418e-05
1.402882781398985227e-05
1.483069012868974562e-05
1.321216032082027386e-05
1.355273059338043911e-05
1.650563114866551538e-05
1.539770805503342315e-05
1.563549530023209121e-05
1.301802731244533318e-05
1.664725613831380429e-05
1.613314863476109784e-05
1.393015556972569476e-05
1.320777079869848131e-05
1.428879838055171231e-05
1.711295698161665693e-05
1.476214491479882804e-05
1.348845498380058121e-05
1.511516773554963893e-05
1.442506890613442819e-05
1.622915916075923508e-05
1.774104654881047578e-05
1.380742252574205042e-05
1.437777917372142681e-05
1.235552806631946660e-05
1.210807286465691639e-05
1.430122920451415411e-05
1.459394830777351149e-05
1.485903587701705328e-05
1.802112171113862352e-05
1.452747767034872169e-05
1.207524095617794547e-05
1.575756473163755385e-05
1.715848360732555251e-05
1.591455018738090129e-05
1.359719225890206012e-05
1.490524411833674322e-05
1.494034315286381496e-05
1.592437327250663241e-05
1.695858705624783103e-05
1.428399094191088146e-05
1.297316579766398326e-05
1.697193024468327956e-05
1.595370955780473898e-05
1.577345717234957803e-05
1.415518715093862917e-05
1.451732926934443926e-05
1.353218398434173897e-05
1.424259501429437501e-05
1.444629441499201823e-05
1.560130018870446573e-05
1.682692870374056284e-05
1.583795641992907847e-05
1.303419606893511103e-05
1.446847760636762662e-05
1.608986001494795004e-05
1.657522046357989690e-05
1.573864699387997074e-05
1.455124934759224129e-05
1.452987839920584139e-05
1.459248585597640419e-05
1.705701526680395414e-05
1.463681583767287360e-05
1.415808785690086445e-05
1.267702926578833578e-05
1.508447080009833726e-05
1.550608611717790657e-05
1.319470992466506916e-05
1.664368460223754302e-05
1.413083439520220182e-05
1.415174296450623428e-05
1.219959354493783692e-05
1.809140706288788673e-05
1.600078608900134934e-05
1.537351631461620033e-05
1.307859561112363789e-05
1.433012274588034257e-05
1.581253228557951191e-05
1.530845234812851818e-05
1.588549446214480051e-05
1.381810302968993012e-05
1.360042308303510298e-05
1.529691799929025256e-05
1.570928490186117147e-05
1.309338664151084388e-05
1.368536985016969117e-05
1.420963722819130771e-05
1.501727976614237169e-05
1.462682293809895406e-05
1.575863693931753957e-05
1.501112107812010055e-05
1.636620701151948385e-05
1.396398544173911467e-05
1.398139416975119117e-05
1.260948912250546889e-05
1.705293566070065041e-05
1.538539390873832266e-05
1.552712319755314061e-05
1.442567844581116985e-05
1.513994544584302403e-05
1.497757317625508955e-05
1.690111843093930702e-05
1.338547225688585262e-05
1.400273123665505633e-05
1.485631926802409340e-05
1.540792199026133237e-05
1.620241733783489896e-05
1.440740096295965382e-05
1.476240167004137313e-05
1.506024584902613776e-05
1.582183680513119976e-05
1.554015043144870402e-05
1.549338612129917513e-05
1.470446507658857221e-05
1.409126448776752589e-05
1.353289887723105588e-05
1.373376182596834630e-05
1.463068180004834652e-05
1.545923993875633856e-05
1.706446171934138434e-05
1.413594238440858080e-05
1.343821073927998550e-05
1.509223898505268160e-05
1.613139328804217339e-05
1.333402003211852656e-05
1.400818550166580496e-05
1.387568513063189339e-05
1.675389968749255309e-05
1.394044389304223079e-05
1.398233015643824432e-05
1.586062328951234600e-05
1.829199616960712561e-05
1.339209567015167462e-05
1.603625150713215795e-05
1.276319767488932517e-05
1.436136718608791654e-05
1.443338967675553135e-05
1.559302279796509244e-05
1.585510552484123179e-05
1.534911864216669333e-05
1.505426304822268815e-05
1.446816806571793953e-05
1.681067434072941853e-05
1.712864039453456037e-05
1.507951314478596995e-05
1.481343482709374509e-05
1.338056724185569081e-05
1.247670787271206850e-05
1.529629984016025931e-05
1.879940871230319905e-05
1.449616180391099817e-05
1.227577331826215187e-05
1.367265792736096556e-05
1.465641804289924235e-05
1.559744785927731945e-05
1.698932074367504088e-05
1.343375199494903790e-05
1.279467376822702029e-05
1.668906811230019564e-05
1.529887192782314713e-05
1.290722599998886844e-05
1.520535905267097995e-05
1.455331513190170808e-05
1.310391788366078796e-05
1.324019125651524710e-05
1.821678801698426621e-05
1.432761670694028459e-05
1.269523245634073935e-05
1.317858466798881598e-05
1.540844879892927977e-05
1.522384861992730299e-05
1.785264370778667361e-05
1.628134722715594531e-05
1.688981155553262209e-05
1.519031268844039904e-05
1.221214372058455239e-05
1.500740993171068458e-05
1.588171077637138672e-05
1.604530155742605669e-05
1.537529375803208434e-05
1.452846647982976021e-05
1.210685269242274228e-05
1.291021176180069629e-05
1.554088424319912586e-05
1.551014986013016692e-05
1.371230177880378459e-05
1.393163018630152654e-05
1.418805589889907598e-05
1.577013091219973409e-05
1.479452108531776750e-05
1.443655268902722850e-05
1.363745893594782318e-05
1.569805137122702303e-05
1.572691551222914918e-05
1.747048281898138676e-05
1.633994926893862562e-05
1.576145273283900122e-05
1.561991606934772894e-05
1.356755798763895897e-05
1.301586381896108849e-05
1.560784489499718425e-05
1.555380914782828757e-05
1.589104819798478190e-05
1.414452605140422488e-05
1.430766866736440902e-05
1.647186197509540177e-05
1.508601634611765189e-05
1.336956552906394386e-05
1.351657017457219946e-05
1.558418066577172269e-05
1.393263017057813406e-05
1.659474024691963998e-05
1.376898187033843148e-05
1.811326050721307184e-05
1.656636510099670403e-05
1.468515439823595584e-05
1.492923860747918359e-05
1.170510265907240562e-05
1.517805758293415290e-05
1.538687188390696199e-05
1.724058931456977676e-05
1.262635501283853446e-05
1.382309767538919638e-05
1.367699578682584129e-05
1.592269267289477821e-05
1.746160977033073958e-05
1.404572174505719637e-05
1.418842805773458678e-05
1.315525652601696111e-05
1.884219091488729291e-05
1.601784968551609199e-05
1.457627312415696369e-05
1.444648582657730348e-05
1.423865844931698353e-05
1.727679059881698901e-05
1.479051562133498534e-05
1.445949216986061520e-05
1.575993289671045607e-05
1.736145295226590665e-05
1.720536661742841060e-05
1.428772800653460036e-05
1.522940170828652085e-05
1.650002754327853499e-05
1.598000102753531203e-05
1.547240892739128111e-05
1.442913260730918721e-05
1.444879064107779985e-05
1.495737287239928201e-05
1.474736364245449466e-05
1.397936776763653764e-05
1.842335595679568875e-05
1.504931914782719899e-05
1.565560835429061711e-05
1.395382999465528532e-05
1.478071265761260076e-05
1.546610819458541571e-05
1.601970927019664216e-05
1.582807716203600914e-05
1.565527033216598311e-05
1.419238446688143438e-05
1.412915470329056097e-05
1.574199880795789836e-05
1.585027123048400111e-05
1.479465244798717706e-05
1.273435781286768897e-05
1.322273078816667314e-05
1.666674926468018949e-05
1.466283525249425898e-05
1.467080753250023141e-05
1.391480829463397279e-05
1.336525173796513254e-05
1.541599641889887878e-05
1.506325838598338532e-05
1.840297015246118145e-05
1.343425574218828953e-05
1.511749776792333002e-05
1.724699161799996282e-05
1.582730168760988399e-05
1.542224737261386745e-05
1.583277557027027165e-05
1.608686663902534226e-05
1.484673645797079387e-05
1.450299089448168572e-05
1.432839008660141683e-05
1.524248386512286762e-05
1.545781299014314047e-05
1.314863314629501093e-05
1.351854160678960727e-05
1.463178131181410613e-05
1.536859079347085256e-05
1.637431538428107855e-05
1.672093987728479788e-05
1.453276187106263922e-05
1.444162199128846700e-05
1.522457347597618972e-05
1.895340812348486327e-05
1.557742380642871926e-05
1.408512387201272098e-05
1.448924719039164473e-05
1.507412199133940871e-05
1.704837112091340599e-05
1.350647518439363481e-05
1.678570243589781481e-05
1.600524339801439339e-05
1.577807423846593388e-05
1.458889757047789140e-05
1.233008952384227698e-05
1.463604958152887159e-05
1.644682752413526028e-05
1.523963177859465401e-05
1.364346073415552539e-05
1.394912421901101298e-05
1.501149172266444358e-05
1.453597655744497501e-05
1.653109750895750708e-05
1.883184922374103460e-05
1.463108291890888886e-05
1.426642334920079191e-05
1.807528638781106479e-05
1.759375491472401045e-05
1.475387408992770079e-05
1.492364525610308856e-05
1.368998466027067705e-05
1.434610141401966472e-05
1.251061986717579606e-05
1.526289526461878699e-05
1.714775453045149268e-05
1.585009940526591196e-05
1.361404178197286759e-05
1.447327603269847043e-05
1.437635711497503676e-05
1.601335614670238409e-05
1.731752525497560590e-05
1.371051840763930471e-05
1.381074608716721761e-05
1.521567415588399939e-05
1.393047533635625800e-05
1.469561362296634689e-05
1.391326110148847001e-05
1.541982741334926087e-05
1.774270208759028204e-05
1.385799266776843073e-05
1.459640140398812304e-05
1.176398828883733719e-05
1.651357946039008767e-05
1.512475654056493701e-05
1.588365341101738762e-05
1.703550521431936981e-05
1.785543901128571303e-05
1.463845418047586303e-05
1.487567134503061205e-05
1.201288776408857665e-05
1.556972922900506126e-05
1.858248496321309416e-05
1.556787089378398048e-05
1.348371838225930828e-05
1.446273053527007217e-05
1.626841119946867141e-05
1.425234649551112138e-05
1.613965428870100025e-05
1.382654465984796891e-05
1.355611001149851076e-05
1.509417109884331132e-05
1.419504837985165085e-05
1.386258892329979948e-05
1.386437281600334604e-05
1.594452206978472339e-05
1.519217701894589467e-05
1.172425827950617554e-05
1.536589252025246716e-05
1.601923685034962251e-05
1.422196008952713985e-05
1.387462490441545338e-05
1.238968218327899867e-05
1.564473825450226382e-05
1.466527461829295571e-05
1.489080615740312416e-05
1.268008185756009512e-05
1.370046069925228728e-05
1.489391459504969832e-05
1.568887364762105012e-05
1.767382949650660653e-05
1.367252375662638611e-05
1.246589258346236419e-05
1.446335579903156780e-05
1.518169854537630536e-05
1.577613684627663298e-05
1.113633469924766500e-05
1.436708205007445076e-05
1.445464825464821269e-05
1.235031089935008124e-05
1.287773367902540617e-05
1.489050066025568478e-05
1.595092289824388861e-05
1.221428943817403404e-05
1.287733923935252503e-05
1.564039099291695693e-05
1.505171827546313532e-05
1.620548921147047856e-05
1.517476144982390491e-05
1.348275035725796740e-05
1.743624023175034918e-05
1.646331193853952811e-05
1.352035598289154025e-05
1.367732424577676317e-05
1.369495902572733457e-05
1.608393124067272130e-05
1.719902431490844696e-05
1.398161251514551759e-05
1.396630544030724579e-05
1.343319775870166187e-05
1.217531843142771328e-05
1.349879756405764090e-05
1.580202716032327173e-05
1.581036824885647681e-05
1.542643901665401816e-05
1.243334407000308576e-05
1.411507247375941687e-05
1.498988421314707759e-05
1.494151517011212914e-05
1.580151190134551756e-05
1.590686678483806447e-05
1.466595142188369817e-05
1.400280725296556636e-05
1.606001268526320843e-05
1.669140513459404132e-05
1.480630766626723771e-05
1.479742073752313700e-05
1.412786040335451073e-05
1.521396538599893269e-05
1.766481214837291162e-05
1.437958808864629326e-05
1.318478739458521185e-05
1.359021695418491514e-05
1.301232942010827401e-05
1.457643909617493289e-05
1.455686015785710556e-05
1.584208438130037684e-05
1.991960136993380727e-05
1.386390671544950540e-05
1.409734009832078841e-05
1.232527539607723297e-05
1.701770845235100313e-05
1.607174801851100578e-05
1.496889728483554702e-05
1.379801823793478201e-05
1.441252719965805625e-05
1.507501195854956519e-05
1.527733407593454869e-05
1.408215887149896596e-05
1.362432209672925455e-05
1.331364318516550701e-05
1.549736046738525759e-05
1.578156326326073713e-05
1.267516017215257789e-05
1.180134828075509917e-05
1.672615973083857053e-05
1.325115308299987001e-05
1.520720893820584667e-05
1.350361167621455957e-05
1.532570339324311581e-05
1.688801086584045219e-05
1.433960774729913068e-05
1.362526898758518718e-05
1.818508857243735806e-05
1.484900788399355562e-05
1.435098162935771606e-05
1.337848538210520532e-05
1.466897421534222485e-05
1.424341991788498342e-05
1.788752018389877681e-05
1.347446884541692558e-05
1.185899484507035807e-05
1.411337037934338087e-05
1.485657990511072546e-05
1.302091432900962390e-05
1.645989679121489274e-05
1.503069838916050165e-05
1.237083624211892868e-05
1.308283425089430063e-05
1.247130344811493236e-05
1.288849017098557710e-05
1.466957368326362169e-05
1.523761259122726323e-05
1.481642371315244314e-05
1.840198749184895126e-05
1.382400160283795085e-05
1.379961212915399846e-05
1.560537869382256748e-05
1.642508131139741701e-05
1.691188348653539623e-05
1.342789258101796630e-05
1.431503575074039365e-05
1.426022809034559569e-05
1.642004016462339584e-05
1.652616002188609978e-05
1.580592403608826517e-05
1.598990927077834616e-05
1.329883845375016042e-05
1.354935708458220979e-05
1.410289142154363783e-05
1.602705114041181857e-05
1.566851696090195594e-05
1.280463385674547557e-05
1.381041907114848677e-05
1.494543209076683441e-05
1.424476098138388739e-05
1.455104122919238792e-05
1.495835860254478721e-05
1.734157289917299225e-05
1.751442261676232061e-05
1.432832492113622130e-05
1.199605549353174487e-05
1.744493035180930200e-05
1.588707722814831027e-05
1.461408336280945091e-05
1.359312893844166677e-05
1.354659598275773033e-05
1.333640054957463742e-05
1.457965298024922805e-05
1.368953461910543218e-05
1.529856860892149476e-05
1.582848760028000544e-05
1.623329923022184728e-05
1.445772564168446851e-05
1.461492830308328568e-05
1.609818878114062626e-05
1.581835106089770496e-05
1.507731489291868247e-05
1.450866151965568266e-05
1.385407557053229430e-05
1.509151470196605730e-05
1.792397055575564811e-05
1.453575772616536199e-05
1.378155046771860698e-05
1.329601558299021310e-05
1.511960120213868128e-05
1.397179997394959721e-05
1.618303441178659915e-05
1.542186922576839966e-05
1.545974975902110907e-05
1.336647502855209300e-05
1.664023941868487610e-05
1.682413712009116739e-05
1.345492328286015612e-05
1.479505493044813952e-05
1.599147732200085362e-05
1.471908094804663187e-05
1.611145221797487777e-05
1.515293267461884137e-05
1.342216351813879060e-05
1.249999457141957403e-05
1.536845844954133606e-05
1.498570092127228954e-05
1.229404378333387630e-05
1.336672508026676518e-05
1.501996353394398512e-05
1.492451595313916387e-05
1.639498771220813722e-05
1.583865184469070188e-05
1.487067016555012404e-05
1.826800153049896222e-05
1.430038987269355737e-05
1.291903135200334293e-05
1.334683764443936999e-05
1.671443576542401584e-05
1.488822696390810710e-05
1.545999737720664757e-05
1.481374504775639341e-05
1.332532213473651734e-05
1.538451073964020691e-05
1.560713209833198631e-05
1.589954406434848603e-05
1.365867719299170071e-05
1.202574334188683619e-05
1.459358415513637118e-05
1.714209098157385376e-05
1.517174642696003350e-05
1.296700667677574642e-05
1.447301962045922207e-05
1.403526119522401402e-05
1.502396055361250055e-05
1.615073299933473828e-05
1.681422890228547457e-05
1.598983489227504063e-05
1.262898384818095205e-05
1.220477994676480332e-05
1.481730856849649614e-05
1.568577802757172335e-05
1.519162178954957584e-05
1.657035721584050074e-05
1.466128581507352884e-05
1.379074434230069338e-05
1.570326800335588189e-05
1.608985061507290328e-05
1.461727975088840312e-05
1.479625160226725974e-05
1.235354441552117708e-05
1.328076809598958093e-05
1.508834987717683042e-05
1.534415070115531469e-05
1.260850986597585243e-05
1.421905951649111314e-05
1.531848035233439743e-05
1.441132882048209677e-05
1.354818175088986425e-05
1.484046485806073633e-05
1.797957669519660698e-05
1.389923686173863098e-05
1.260012544774061803e-05
1.377366853410240749e-05
1.716597171193046573e-05
1.556494612526627261e-05
1.535580945378785318e-05
1.285376935971722599e-05
1.389221767205767394e-05
1.615415545185167610e-05
1.603042129069871135e-05
1.661836925412660650e-05
1.373348140705218558e-05
1.374493147437631888e-05
1.386098064974000392e-05
1.618974744170321333e-05
1.539689042131444637e-05
1.274941232125043162e-05
1.412922102763219946e-05
1.480806413661108606e-05
1.486489736044198468e-05
1.325342870117462162e-05
1.318930450520049419e-05
1.582833131152313973e-05
1.509769255078739989e-05
1.271987322762084079e-05
1.184067462694767915e-05
1.461038026552958596e-05
1.451863110265780638e-05
1.510812171371514623e-05
1.577681680994667173e-05
1.552308599813987384e-05
1.230036670747419492e-05
1.478518828820718785e-05
1.606334349814985795e-05
1.765759075363999348e-05
1.331174252903396980e-05
1.446307976205823746e-05
1.782879255472031446e-05
1.637812123889759161e-05
1.434831632125235286e-05
1.480787874249210952e-05
1.305457478773278984e-05
1.331203021630865976e-05
1.285078718385707838e-05
1.334631525728073233e-05
1.708753820913038070e-05
1.500817140483138123e-05
1.444261668633132729e-05
1.464555423540640399e-05
1.510761796623097333e-05
1.640993851201251507e-05
1.744546177273344743e-05
1.401068128608847899e-05
1.647376475284426545e-05
1.573559571113957405e-05
1.377309738638364403e-05
1.467936284996735380e-05
1.373410674145556156e-05
1.466631304759596484e-05
1.656857463198148508e-05
1.445997782482063905e-05
1.312105000322533749e-05
1.240897601350503601e-05
1.408668366530737692e-05
1.414397164324224567e-05
1.822241630729750273e-05
1.576626581172310430e-05
1.527617744748555273e-05
1.414227044589751139e-05
1.610850862039405449e-05
1.547451234270670321e-05
1.432813433022709282e-05
1.726301214645286738e-05
1.384276176489691519e-05
1.319590676688895634e-05
1.310928206835889693e-05
1.632534991536380500e-05
1.542878203014473148e-05
1.539541748062560827e-05
1.413833771462003323e-05
1.297685036559691053e-05
1.509322119479301955e-05
1.548903171840256969e-05
1.315655082807988907e-05
1.697895836896539664e-05
1.546887085478944971e-05
1.450926810999753416e-05
1.628901567158457387e-05
1.539914788807540514e-05
1.363414090970443378e-05
1.368593430215699484e-05
1.419638070302542213e-05
1.427505589517726167e-05
1.584748238691924055e-05
1.303335759766107432e-05
1.310979481565989009e-05
1.513125035103391464e-05
1.535878384774753090e-05
1.520423957823976988e-05
1.626589878904751191e-05
1.459072416200567099e-05
1.209696816477405650e-05
1.590135718285124760e-05
1.308127870218299940e-05
1.717318017787585044e-05
1.505589001334634098e-05
1.514425782245038319e-05
1.432061445726767001e-05
1.371735638262955778e-05
1.642103700111855312e-05
1.562972390516479136e-05
1.739137130445375315e-05
1.284203280548433040e-05
1.394052271660170468e-05
1.444996475514362532e-05
1.800024392764289953e-05
1.494967999659149418e-05
1.357701479489544752e-05
1.415151876660163527e-05
1.468294389044188717e-05
1.539209892842789977e-05
1.719749598993076538e-05
1.690922092313588146e-05
1.392942893926699414e-05
1.450468192462862411e-05
1.235843361686694848e-05
1.370682590056509139e-05
1.530655425849987056e-05
1.485942484275252661e-05
1.516302221115209548e-05
1.613789718406266694e-05
1.412479343579692149e-05
1.343064067872761164e-05
1.502016633153240313e-05
1.707875015273405006e-05
1.594248305631011886e-05
1.428545472814647736e-05
1.390796100711673658e-05
1.432709569663378739e-05
1.647372886258519157e-05
1.647190820678341158e-05
1.486830940408935883e-05
1.330942932231621207e-05
1.664886266941694346e-05
1.665922852001733940e-05
1.618122140214393260e-05
1.299561757987077450e-05
1.570980806675772450e-05
1.336026216361992550e-05
1.419066516766233730e-05
1.516012824506644443e-05
1.561779190497541186e-05
1.709355088668877167e-05
1.743162242625353976e-05
1.409302765210087012e-05
1.419605669908987873e-05
1.766004765743190197e-05
1.682297479158133252e-05
1.564367456950760928e-05
1.490855423121536529e-05
1.363157236001723602e-05
1.175668011407309735e-05
1.603713056464063099e-05
1.608167989957471751e-05
1.471820352356368278e-05
1.317948404622861813e-05
1.254399357923739897e-05
1.575090598218633977e-05
1.224690766503500847e-05
1.870517475590532160e-05
1.347996799850833313e-05
1.349548519470086225e-05
1.354681409544576679e-05
1.575912098060011003e-05
1.691118740261296027e-05
1.555262987774289938e-05
1.383314688112699975e-05
1.458912658301466318e-05
1.479527972396732673e-05
1.503301239139050046e-05
1.428009993259583775e-05
1.319770131436214827e-05
1.529426870548122877e-05
1.632721598848135708e-05
1.270000434089623585e-05
1.224796869356214202e-05
1.505458398799841496e-05
1.469719672868391437e-05
1.549515316527822040e-05
1.718265398437409695e-05
1.500959220007031635e-05
1.642996262193584866e-05
1.379905420167324459e-05
1.608390188417775402e-05
1.435643686210575501e-05
1.443439635124703231e-05
1.333720039942833719e-05
1.588753451780421341e-05
1.414490436933938572e-05
1.426274123535593978e-05
1.637079684194032590e-05
1.516933654319597703e-05
1.330853113635153816e-05
1.492593297226856394e-05
1.420655849911869640e-05
1.657390780765509347e-05
1.718096390073098629e-05
1.658676878023677026e-05
1.598273798925975021e-05
1.492977712540949353e-05
1.384078621178965468e-05
1.419413192877553316e-05
1.527904681435288784e-05
1.478361165468433352e-05
1.686322887224886197e-05
1.338206769420391225e-05
1.528587367060428690e-05
1.671000427155095515e-05
1.262745896573815949e-05
1.381151721719136159e-05
1.381165218784844212e-05
1.557715653655404044e-05
1.623217353841679075e-05
1.437444044872925317e-05
1.505529387188356970e-05
1.273150969409936438e-05
1.697720238431462279e-05
1.622342607384932205e-05
1.414030094569502388e-05
1.619593487441389873e-05
1.546682040457648870e-05
1.344363932711515874e-05
1.500806748768250171e-05
1.371579144357320119e-05
1.691780508121186512e-05
1.738977828627824115e-05
1.431775156550836706e-05
1.455329722895614325e-05
1.320361919403642247e-05
1.625592031908604181e-05
1.469257632090075285e-05
1.338470756818436124e-05
1.442071270116285232e-05
1.646389846497918149e-05
1.659311135294142301e-05
1.502879226889217166e-05
1.627550311613937603e-05
1.483297561984863286e-05
1.525685458307951234e-05
1.706577365947723488e-05
1.809104119215475590e-05
1.517637509515327321e-05
1.435517180369627178e-05
1.452127904464528409e-05
1.392206930373109045e-05
1.497337818627759126e-05
1.823291523521526310e-05
1.460629669404364369e-05
1.228272565264581649e-05
1.360493832350711202e-05
1.548700758928545817e-05
1.518771788481310711e-05
1.503090303053244463e-05
1.386527712570033613e-05
1.290267434588127060e-05
1.577760068066036495e-05
1.575388944849626634e-05
1.626335703540810821e-05
1.691219748391902897e-05
1.466214296638185938e-05
1.349312215536555786e-05
1.416561463703486218e-05
1.814260938077001678e-05
1.472258839452283989e-05
1.548339067732193840e-05
1.385322524225724694e-05
1.292189636499575652e-05
1.319193629007315484e-05
1.547591799613786984e-05
1.440535161739273731e-05
1.345449089617382525e-05
1.319238028664837149e-05
1.469183983857849002e-05
1.501104089199737466e-05
1.548814281391497195e-05
1.685516939166024146e-05
1.430861888140642831e-05
1.442434380446622915e-05
1.437614678688263753e-05
1.624772111190888956e-05
