7.661873928889433450e-06
7.926454467655084634e-06
6.007537366205087740e-06
9.310664372115368850e-06
7.413684607391585469e-06
7.248370892410050133e-06
6.802583936323078756e-06
8.924618846121458630e-06
8.773092234344882496e-06
7.523850652346063152e-06
6.796074510925010908e-06
7.410751391290896326e-06
9.519016813177062650e-06
8.068102585598849167e-06
7.676901930401713151e-06
7.120150632739429790e-06
6.032080850954342717e-06
6.400647193314047371e-06
8.197205707379078270e-06
7.633435108360392537e-06
6.657134379397321614e-06
6.324944450894105413e-06
7.869103618063379204e-06
7.597318594429558770e-06
8.252214750969299494e-06
9.144776788071331359e-06
8.219011759375928876e-06
8.782433580834170988e-06
6.944876607123486122e-06
6.179460435835025861e-06
7.152646706623233869e-06
8.054856236910772828e-06
7.852389031526296409e-06
7.767829037536891584e-06
7.474539182174747355e-06
6.168492585822219959e-06
7.389704748594036509e-06
7.540088187812549868e-06
9.553604641977966980e-06
5.998434212700935056e-06
7.256729359847408820e-06
6.969156810130322735e-06
8.481942142939539781e-06
8.146768521208841188e-06
6.513063951491228865e-06
6.968139868914549549e-06
7.804128220009554364e-06
7.806134774099764216e-06
7.659729281143299689e-06
7.712249609452099072e-06
6.176735540098265398e-06
7.204807871010257886e-06
7.348137925221476494e-06
7.901246745922408185e-06
8.798740923582423705e-06
7.005701918211135749e-06
6.602519663572222173e-06
7.450711615779031422e-06
9.075690237463634747e-06
6.348206234188721491e-06
7.398773905476129814e-06
7.878551637416770755e-06
8.164413051492072924e-06
7.679466382205784260e-06
7.799058858205152277e-06
6.744192489969881436e-06
9.082046962513900320e-06
8.074932443990241257e-06
7.314534942818852088e-06
8.860889536425254050e-06
7.165004203186864900e-06
7.712348554159828757e-06
6.792558994125312696e-06
7.955064229962087146e-06
9.057408463587773720e-06
7.549472381744488563e-06
7.043129944886163063e-06
7.579768707979165778e-06
7.448781873306107905e-06
8.387138128395151834e-06
8.648743200236020537e-06
8.061791054889254568e-06
6.370813549627557366e-06
7.040187111811951696e-06
8.942568541791550449e-06
8.010432009546298093e-06
8.047448952328527588e-06
7.751166580520972595e-06
8.371068779382227561e-06
8.607382204854615784e-06
7.578700628608722891e-06
8.746834452425832139e-06
9.876235784285366021e-06
7.868446513755199728e-06
7.243970199334854585e-06
7.895817520601461885e-06
7.022578268000355594e-06
7.645251321260193499e-06
8.966777856763401565e-06
7.350020499503152676e-06
6.482531161168323277e-06
8.165522961551087013e-06
8.151050159378743075e-06
6.798184066639993521e-06
6.620015767686301093e-06
8.177973572979380727e-06
7.966137318914087365e-06
8.244551474712495063e-06
9.270796431915052767e-06
8.252010743366504852e-06
7.776994826600259965e-06
6.924082902073187391e-06
6.985576925653597433e-06
1.000472256361320686e-05
8.088928135203574902e-06
7.007975354869483375e-06
7.329050852928281902e-06
7.027329033960200156e-06
8.009283661223532460e-06
7.956197982645305948e-06
7.179539824847410806e-06
6.993434466995438324e-06
7.179239074656845979e-06
7.850300861393647218e-06
7.750854526240998858e-06
8.593533388228862755e-06
7.355209230434528037e-06
7.971172075739425502e-06
7.933511251067817467e-06
9.516007148269386249e-06
8.802402519394700545e-06
8.108070483325447106e-06
7.876175173027420695e-06
6.555487964240870891e-06
6.799273694586417780e-06
8.155810270141927251e-06
8.678507926681028209e-06
8.507670220611080755e-06
7.256414204531674913e-06
6.259893481953392705e-06
7.012514329629702059e-06
9.236147425937481613e-06
8.008503318514343847e-06
7.124153239463720688e-06
7.793147381556198052e-06
6.631158950904991697e-06
8.370143245315987102e-06
8.346422555740119615e-06
9.029926372144988418e-06
7.066139773355250866e-06
7.716633683012510093e-06
8.337260589121119642e-06
8.437494794954170403e-06
7.268138145713082852e-06
7.870459429338259611e-06
7.789894436897591801e-06
9.093057424445472365e-06
7.214345314102914033e-06
7.688751975672338267e-06
9.421139369112288062e-06
8.667099729841921702e-06
7.140028945098376633e-06
7.326491682735282377e-06
8.426798651159693473e-06
8.254088371380802875e-06
7.711282569716922707e-06
7.456393541412457248e-06
6.611302741739786941e-06
9.019003230540914001e-06
8.623451549665174130e-06
8.075686157954923877e-06
6.708833742640776021e-06
8.678570923560278297e-06
7.400490244147606814e-06
7.328219897211589738e-06
7.928596351883232372e-06
9.066806900617834509e-06
1.016573055269347075e-05
7.023893341687356313e-06
7.244597796320034571e-06
8.934293460835889114e-06
9.153341552112659673e-06
8.252720841031803008e-06
7.364991808718617388e-06
6.983985232871450545e-06
6.244254081636976671e-06
8.210449882366649738e-06
8.272952677329068486e-06
7.763479369736581856e-06
7.229644756077414925e-06
5.822931472663553331e-06
8.245260949845473742e-06
7.515332423249410809e-06
7.906533787937586148e-06
6.632617031556544142e-06
7.272765013930271817e-06
7.423679341082005586e-06
6.490493897623367268e-06
8.623270555433769919e-06
9.399963931482820134e-06
8.115569000176542898e-06
6.897626982117327274e-06
9.060130931676990608e-06
8.016404965322627366e-06
7.740876510559827363e-06
7.098880771128276934e-06
6.617854471198264475e-06
6.416955084149463884e-06
7.937112124957417574e-06
7.928107148882283542e-06
6.769188842677001561e-06
6.981622043950262352e-06
7.518086703408758415e-06
7.584207743108619251e-06
8.140752953462783187e-06
7.590541197127677347e-06
6.066325619259822826e-06
7.246590465113530188e-06
7.085841213527010652e-06
5.606772057178496109e-06
6.777228900883194801e-06
6.855258579465317573e-06
8.174672344634912501e-06
7.808279265733661733e-06
9.646634042197067008e-06
6.311609462301412091e-06
7.274018438253762085e-06
7.371191947637182599e-06
8.300971785374911446e-06
8.379940456596303804e-06
5.382032464397940648e-06
7.433867023456299621e-06
7.167130106202093700e-06
8.160170762250863052e-06
8.369019320498731764e-06
8.119924739554136602e-06
7.009386270863894544e-06
7.809619136753434652e-06
6.709339096500245609e-06
7.044725820696371762e-06
7.122850964447953820e-06
8.488958676004589200e-06
7.448357135595402074e-06
9.732395284481808886e-06
7.063219961293598002e-06
6.716521405347764220e-06
7.911290523730502808e-06
8.785355724227416165e-06
8.718125350523990954e-06
8.073104510153097284e-06
9.833998580449651388e-06
8.743439978260892051e-06
7.167547321580814316e-06
7.297988695651227321e-06
8.357525764676944385e-06
7.633728997223975324e-06
7.671723217097376184e-06
7.219674392060390861e-06
6.433006372574332277e-06
7.467933335115903340e-06
6.537797650939698408e-06
7.808880772875190039e-06
9.789507200651716365e-06
8.510178981252038198e-06
7.012279376358588343e-06
7.240686268712004602e-06
7.766443439708216537e-06
8.147938510388925862e-06
9.387943521932020152e-06
7.387618730299075660e-06
7.489521405698001385e-06
6.909481208939009816e-06
8.174464129300830574e-06
9.113322337035741067e-06
8.067664494488946397e-06
5.397743876693820281e-06
7.416698308435962640e-06
9.376480294933239531e-06
7.634496250603178171e-06
6.977511426544493373e-06
5.737743611777158707e-06
6.561318445655546820e-06
6.931029649948701131e-06
7.398138951971296808e-06
1.016662752933540261e-05
8.536864462831981595e-06
7.447581213989160836e-06
7.218400937451558037e-06
7.723200657762773676e-06
6.609803551496822600e-06
7.827473089777210453e-06
8.449233450879892250e-06
7.161776395948374308e-06
6.638863090086717350e-06
6.699090893342237573e-06
8.730431391071618682e-06
7.797399863918797933e-06
7.462704619798268898e-06
6.881895667481981838e-06
7.528889542035950196e-06
7.413921204528638044e-06
9.278581681252940472e-06
6.507569942061435914e-06
6.950608555072109403e-06
7.810542289131036417e-06
6.313080357670467619e-06
7.171618813581010849e-06
7.642558667492356099e-06
8.081889133716752438e-06
7.794029434556770092e-06
6.693493794327426187e-06
6.002464582507172175e-06
7.409563815782784537e-06
7.870390275874459497e-06
7.123740119079248857e-06
7.538709528628097979e-06
8.126093116220508956e-06
7.829135832731029768e-06
8.230230036753591341e-06
7.456825283530200099e-06
7.726031700391770973e-06
8.272309154861648016e-06
9.146724490485128517e-06
6.043868027453054224e-06
7.854357931584304180e-06
7.663764372781886096e-06
6.154358431119762392e-06
7.347685013003896909e-06
7.792319995128941840e-06
8.438880507380875476e-06
6.358307199241018283e-06
7.159061116938517345e-06
8.914129505038704860e-06
7.601505342731329182e-06
6.947698288515311260e-06
5.464689438991572739e-06
9.378988740896552749e-06
7.987575972730806534e-06
7.706504898591059181e-06
6.407693419033327809e-06
7.943367059252901257e-06
7.845307934440191443e-06
9.483743184629182308e-06
8.761985699108886118e-06
8.614977471172129600e-06
7.814131097021842341e-06
6.211548439858628623e-06
7.406435407303348910e-06
8.603328336988299988e-06
8.327284136697761952e-06
7.213160035826352432e-06
7.677590316713814997e-06
6.493302714039555216e-06
6.918186390980266219e-06
8.395428777105318178e-06
7.841595198889191647e-06
6.456415404899664296e-06
6.943681745306420376e-06
8.139897309849871424e-06
7.289003468816197019e-06
9.255383792406004923e-06
7.085515898211121305e-06
7.038114856826013933e-06
7.744986161401045167e-06
8.406775120832928242e-06
8.635953449399365870e-06
8.311614681452439649e-06
8.098381969446711163e-06
7.894665037082602759e-06
6.514416284715149106e-06
7.183768711827071181e-06
7.910427582566123786e-06
8.103375025410694649e-06
8.513418531050895749e-06
7.020371482487899706e-06
6.622395581433536310e-06
7.627385731550886547e-06
8.639956659867820704e-06
7.674171093368322327e-06
5.697991663071547445e-06
7.234252207949363298e-06
7.384424235168233351e-06
7.217608619052950751e-06
8.553335290179429345e-06
8.438153700027078928e-06
7.603527369535572783e-06
9.079102329865603623e-06
8.797212361328738225e-06
7.217549388265440581e-06
8.059206673429240533e-06
7.629220224252759116e-06
6.637505715066581934e-06
7.530668755096078111e-06
8.179493351517669601e-06
9.055738401164596535e-06
7.483308281247640104e-06
7.186755414732132717e-06
8.438010298881382906e-06
8.485819880117396479e-06
7.117240739281908544e-06
7.236593120552111235e-06
6.594164828478716980e-06
9.109675829335915149e-06
8.366308759326224531e-06
7.277347095912235032e-06
6.950316567032111690e-06
7.287372508833854496e-06
8.955595303529834220e-06
7.339992345740848579e-06
7.617344387690497951e-06
7.771511901633600887e-06
8.420341249655061933e-06
8.459095152637022378e-06
7.192790989326173975e-06
7.524810508892597327e-06
8.398537724138999144e-06
8.537594247036064328e-06
8.149112294144028167e-06
7.441692993775261025e-06
7.900512132549688345e-06
6.350859211428105694e-06
7.055614780811550402e-06
7.754556047885216937e-06
8.340683353787592939e-06
5.716709809909021516e-06
7.607654465999547493e-06
7.570845710241327743e-06
8.691075663891090536e-06
1.009068853729733232e-05
7.832833256023242723e-06
7.758018485053893443e-06
6.842919278965758169e-06
6.303763899042077331e-06
7.495962578558660035e-06
8.737847985828358740e-06
6.670976704884622091e-06
6.755254012366805055e-06
7.005972253818318068e-06
8.559553136409719584e-06
7.899700500547990987e-06
8.112463898059212635e-06
6.028050902078092122e-06
6.778676323837144451e-06
7.471835808528489753e-06
7.894385364475199905e-06
8.279142531623236124e-06
6.605387718851912727e-06
7.425068430377998092e-06
8.880219146412079740e-06
1.002020496512482589e-05
7.961053985380912566e-06
7.490919355447576175e-06
6.340480111294656571e-06
6.871911803395400008e-06
7.798493494104519070e-06
8.301577881717142962e-06
6.390109749414520692e-06
6.329473302532361959e-06
7.188797641351025610e-06
7.808764077174435971e-06
8.037872628809959976e-06
7.567831752778126579e-06
7.022298867116206040e-06
8.251392889947844515e-06
8.434297457309678064e-06
9.220549971281686064e-06
6.221893784681294003e-06
7.346418683140404806e-06
8.093480663607311975e-06
6.956206316959369879e-06
8.103915502720725238e-06
7.981882783846333814e-06
8.990683358115133947e-06
6.850539813540939163e-06
6.831577129901387363e-06
9.648096541028091056e-06
7.247008218313862323e-06
7.108709726152818440e-06
7.528209043171267587e-06
8.192165427764523623e-06
8.543014237698408380e-06
8.000222802513110953e-06
7.874143334474200797e-06
7.038693150941840475e-06
8.430445713280332239e-06
8.613448626703395196e-06
8.357459950404650309e-06
7.346029472989536738e-06
7.275930640648161737e-06
6.483792294726035002e-06
7.247286338732162830e-06
7.196540921483788948e-06
8.149083992238050132e-06
8.124719664611598950e-06
6.504060739057990525e-06
7.265268825488325101e-06
8.769693154263960474e-06
8.483404173769314028e-06
7.014386648331752289e-06
7.005894527300670723e-06
6.558859036405733923e-06
8.705266289516613344e-06
8.346937574041530665e-06
7.618224769619673769e-06
6.709378909739459891e-06
6.801800585434866441e-06
8.546172563764434650e-06
7.423882727968859897e-06
8.450383371153823243e-06
7.040546251914562579e-06
6.925142339403503142e-06
7.387275000338942278e-06
6.920897796859899523e-06
8.737316771782725500e-06
8.396247147040882257e-06
7.917819552667464093e-06
7.752189884678899678e-06
6.993543899976841742e-06
5.542076631091774631e-06
7.778601731627972417e-06
8.372427797959751451e-06
7.591320374629152420e-06
7.218859590636419672e-06
6.050922179005775962e-06
9.553201169410134808e-06
7.776720807059046031e-06
7.686997593406632039e-06
6.731299878479684940e-06
7.308039031529993575e-06
7.723777912813381159e-06
8.818374666295327707e-06
6.124006812172254188e-06
7.336877170543631663e-06
6.160993462770011572e-06
7.537310111877078653e-06
7.788935315478557914e-06
8.128022866476797897e-06
7.241041043062895286e-06
6.296062587827747356e-06
6.844682653985402078e-06
8.197896322959668741e-06
7.992751109671201976e-06
7.209059893254143160e-06
7.692214758959104066e-06
8.191335304775252820e-06
9.068405617519823922e-06
7.728181582316675412e-06
6.792384424323643460e-06
8.349586450200595445e-06
8.566775386847276202e-06
8.427105318331630534e-06
6.780251092350521026e-06
8.033268144260504432e-06
7.853427573163136876e-06
6.189496100479732810e-06
7.997092334578908467e-06
8.186462625370448740e-06
9.720432174582696160e-06
5.847554093149774853e-06
7.118332543672918644e-06
7.359377518884792170e-06
8.493233328237105738e-06
7.830731915870661872e-06
5.732015087611230533e-06
7.686895273539101050e-06
7.434238630823997526e-06
9.204088938172211114e-06
8.978494928161838258e-06
7.570048436097575116e-06
7.108481134108777838e-06
8.626100638063390538e-06
8.192388930206766654e-06
8.402030263352178052e-06
7.356087587757506373e-06
8.074128273128622674e-06
8.412687933573747190e-06
8.474010852459119462e-06
7.637714701782924006e-06
7.506016530754323749e-06
7.869119690251311953e-06
7.502772672901668637e-06
8.319657213034048026e-06
8.344117693027690346e-06
8.512379390249170841e-06
6.303660965675606244e-06
7.880703997889341170e-06
6.550563465956595326e-06
8.420066859487766701e-06
8.500003581947855391e-06
6.958092540001043512e-06
7.041213344567324607e-06
7.118046111570444877e-06
7.744241666990641092e-06
7.252873092827382479e-06
9.047274700208492810e-06
8.047248302128425328e-06
6.887928685375490895e-06
7.332128390393287913e-06
6.887109852304452698e-06
8.243804548441800251e-06
8.805010479465139652e-06
7.738622973584562972e-06
5.734994240034942233e-06
7.383647668643566775e-06
8.163746557624461150e-06
7.804656102679325720e-06
8.054283724747033030e-06
7.344503421811002883e-06
6.278968243778532163e-06
6.829480901659601992e-06
8.005047808171237246e-06
7.955340242392470131e-06
6.863293896034120910e-06
7.044381115725875948e-06
7.840537622208924103e-06
7.501547577884442356e-06
7.018745562864254955e-06
7.661531902892407801e-06
8.655459977561071606e-06
7.178209050966983561e-06
6.196795633677517351e-06
6.623860889545823073e-06
8.245942576093744921e-06
8.072303778059368256e-06
6.695355207121195299e-06
6.570380832581706385e-06
8.217439109793979647e-06
7.944321529406480064e-06
8.387041390018565187e-06
6.727710749083697767e-06
6.930754263424006474e-06
7.592423238487896220e-06
8.178928896667843500e-06
7.723497462701942284e-06
6.745383576239075436e-06
7.875428047804976711e-06
7.794713740442189701e-06
7.559607214880476057e-06
7.111116970722224257e-06
6.791127657939792301e-06
7.750271616938163204e-06
7.673919097683408678e-06
6.871766127454682683e-06
6.685761711174329678e-06
7.360238172117426972e-06
7.924794856344056205e-06
8.002118759391207224e-06
7.976958451034073781e-06
7.183429970380295552e-06
5.903043948875179672e-06
8.129368776351450767e-06
8.132153505800177672e-06
6.674813360463440734e-06
7.395596579232250876e-06
7.358208070932997438e-06
8.221029697650820501e-06
8.892331461321332177e-06
7.885557424523380887e-06
7.742553412983158956e-06
9.624171238186800587e-06
6.741137526694498933e-06
6.526126914643875571e-06
7.552107929170793544e-06
8.759434117875062464e-06
8.005785775092181996e-06
6.560083037732023100e-06
7.444606269387938153e-06
7.268883717771520060e-06
8.117212320095175781e-06
7.604842226697278459e-06
8.185601399500868074e-06
6.450810743095020831e-06
6.833696447295517755e-06
7.728977807394119871e-06
7.784228655674513744e-06
7.003671476020447204e-06
6.028696203101575631e-06
7.732704829443998721e-06
9.066020574283027998e-06
7.873026511594901706e-06
7.797695733355887229e-06
7.744466085143237330e-06
7.397360347030536327e-06
6.805590153146444236e-06
6.979947056296198413e-06
8.679075262209504167e-06
6.463785731429945313e-06
7.421726322142621718e-06
7.832455291409605330e-06
8.255184854290360856e-06
8.878428329980503469e-06
7.160326691878120984e-06
7.006219278578892585e-06
7.798063902474366887e-06
8.586991155832870881e-06
8.495452661778295727e-06
6.856729871192183700e-06
7.033559304207674328e-06
6.991999313888239914e-06
9.334704452944493636e-06
5.890603109954178520e-06
8.024657341821835155e-06
7.807571899119288740e-06
8.644539603924925009e-06
6.564205296113593389e-06
6.696416916348023724e-06
7.367823445577063454e-06
8.783341412149784351e-06
7.786484405129706133e-06
6.064049526813776067e-06
7.388347449014163785e-06
7.171708680062201465e-06
8.227952616550864378e-06
8.390304036650762475e-06
8.054927551881332112e-06
7.192817190291644323e-06
7.006992964423953851e-06
7.807255334372826375e-06
8.634498664138155630e-06
8.146509154369174880e-06
7.718372291052793069e-06
7.301334091575615616e-06
7.070421129857003357e-06
7.538545522689569176e-06
8.379931821233776155e-06
8.749005647802694428e-06
6.330315055056482974e-06
6.967504586930156638e-06
8.656432328980627187e-06
8.374477444330203886e-06
7.039104170483073649e-06
7.622957614831209832e-06
6.130101495212851753e-06
9.025654186418553154e-06
8.581219058904594334e-06
7.376283356152267914e-06
6.695430183087892582e-06
7.140402079517204973e-06
8.482949119446755361e-06
7.213996212631299699e-06
8.240716951834486603e-06
6.658783480704262041e-06
5.969838176007810061e-06
7.042679847291685732e-06
7.640425274364529663e-06
7.290526309135784835e-06
8.652042216659058715e-06
8.035280867605887868e-06
7.517661153216987864e-06
7.352854243319184540e-06
6.557164772028580784e-06
8.130185814118759201e-06
8.341365774383788958e-06
7.466250116461653160e-06
8.075778165939751004e-06
7.655675917198109166e-06
7.194242400311705738e-06
5.231091683120615999e-06
8.141059452283977695e-06
8.042584085004809088e-06
6.424638757471661992e-06
6.862296913956742829e-06
7.205948004949875427e-06
7.605434575958031337e-06
7.096627145106894347e-06
7.770522852663393521e-06
9.153782634158225576e-06
6.964360749729529570e-06
6.673789578648023031e-06
8.312509801998695796e-06
7.563831977159903475e-06
7.784666049446377218e-06
6.745603578008950923e-06
6.734523085769570358e-06
8.144340120338470926e-06
8.204201848819996586e-06
8.626018735134496936e-06
6.489981252476908222e-06
6.862109586059261557e-06
7.349497303948106594e-06
8.581835401982264010e-06
7.544772190437550411e-06
6.837154717650401349e-06
7.343488841335027517e-06
7.473297938150617726e-06
7.760872917191707701e-06
7.110917505775550400e-06
7.154612278836932859e-06
8.118533612073809417e-06
6.831895571938710604e-06
6.436935944410658610e-06
7.326476266296625172e-06
8.133524341775181922e-06
7.861048234255190749e-06
7.563506104870562462e-06
5.922542472526660900e-06
7.783409141607334383e-06
7.927922499240251075e-06
9.572558464464942039e-06
6.821135040527384583e-06
7.670222312260547651e-06
7.217086801192596430e-06
8.618825907926133570e-06
8.258055941128199202e-06
7.146441563778233529e-06
7.490322811665639935e-06
6.679250650578476988e-06
6.378686716163053105e-06
7.008803876943685129e-06
8.874194525369482581e-06
7.434701027576779213e-06
6.393159653689282497e-06
7.217854479906291906e-06
7.436748948462354191e-06
7.839249730978705094e-06
8.658441710536337745e-06
9.458588011725256906e-06
7.053986638674964719e-06
7.721197033216215758e-06
8.366353468268471576e-06
8.343788216312934713e-06
8.406709486385340928e-06
7.258924351724856068e-06
6.605347180041826207e-06
8.322985756601164033e-06
8.847347310548813682e-06
7.241767949646679532e-06
6.240084068048238522e-06
7.198450101392942744e-06
7.589137735138120670e-06
7.530949390824604347e-06
9.394537702524978503e-06
8.650580986134637665e-06
7.446914900312484070e-06
7.255349323348577034e-06
6.720927003039056807e-06
8.194376898819486274e-06
9.604899712264679956e-06
7.742940456026200656e-06
7.851654500697718243e-06
8.473183777079336022e-06
7.617431373560380371e-06
8.276912922426024938e-06
6.758041517224871227e-06
6.597107757860220391e-06
6.978705223382069229e-06
7.938703696662668361e-06
7.986880506426596223e-06
6.791815448937170862e-06
8.010369955670818711e-06
7.360651515929536584e-06
7.416696107917556096e-06
8.080071163562112710e-06
8.387308937919233886e-06
6.777849034245010557e-06
6.394922986322299971e-06
6.634033330137211631e-06
7.987540300126936613e-06
7.740209507265689560e-06
7.943478653228753755e-06
6.248281080240013499e-06
6.943754098680653282e-06
7.880715795331097987e-06
7.571396547691878868e-06
8.690668556502889749e-06
6.762843337460430853e-06
6.534177745236218962e-06
7.303581879251485627e-06
9.382934555684370088e-06
7.812758904227362253e-06
7.358184849355473162e-06
7.884025009421255541e-06
7.720072704356790690e-06
7.613735130601312718e-06
7.156916419377507747e-06
6.604380292306843518e-06
8.101473747536330267e-06
8.280403794904138588e-06
6.881698230013947501e-06
6.527750669111361204e-06
8.140119838499507575e-06
8.378196927376676468e-06
7.684202375495238868e-06
6.602930857813423889e-06
8.474449646266820049e-06
8.618269319235376391e-06
7.141600935306339685e-06
7.371503437041233709e-06
7.335079612721457378e-06
8.316112923987546674e-06
8.827280472707000250e-06
7.831199724276939047e-06
7.959243521134153681e-06
9.441262410819236230e-06
6.577253017785841424e-06
7.629901501060570309e-06
9.061901904665048481e-06
7.806007260813731811e-06
7.386487358642754449e-06
7.218634409488209885e-06
7.493310076937892928e-06
8.252986921089688826e-06
8.024520203980763900e-06
7.340503533099962875e-06
7.290515644029910757e-06
8.893267964737251852e-06
9.298757738023781747e-06
7.855348157670250479e-06
7.194222356445222406e-06
7.556369837453968940e-06
6.890910251988665729e-06
7.930212118243449998e-06
7.619615296961619004e-06
8.726145438378043567e-06
8.641820379940354292e-06
6.269393760071408139e-06
7.494534882804836410e-06
7.893397578689158707e-06
9.515356648208939163e-06
8.676594515434140570e-06
7.305737444255964122e-06
7.084723182190778643e-06
6.165993852581724503e-06
7.774619554451308109e-06
6.918750975119890183e-06
6.288976538083603494e-06
8.351935880377303368e-06
8.560476351487398752e-06
7.894530262294654230e-06
6.885682253258100985e-06
6.452298863101637857e-06
8.560821781651902363e-06
7.906788907898787443e-06
8.033988589275508981e-06
6.753326611641764112e-06
9.523096165280647314e-06
7.328476325551271698e-06
7.497517361820521221e-06
7.036147353503842723e-06
8.394248387059404439e-06
8.423039071059795055e-06
8.211691665727537164e-06
7.041168241996754402e-06
7.506569616076334768e-06
7.835852150902781349e-06
7.869515659316872428e-06
7.278943467333314359e-06
6.463193263534681956e-06
6.597251119079509878e-06
8.099764053835250595e-06
6.235099204879701206e-06
6.115076203951860348e-06
7.835723782057325791e-06
7.911415604455156999e-06
7.783971019255368936e-06
7.861374219038559053e-06
8.695358950392764266e-06
7.427686303655440895e-06
6.303470271007609877e-06
6.837045188734729033e-06
8.160026605263300681e-06
7.226314836809822565e-06
7.400529739641658064e-06
6.664638029639206099e-06
5.451083454444805490e-06
8.296767152025594984e-06
9.228089790135942245e-06
6.277192309376256866e-06
7.327858513749091724e-06
7.683449424019872794e-06
8.526133088154509980e-06
7.997698201135048637e-06
6.440648303932070181e-06
7.662804061082632240e-06
7.306547950393655099e-06
8.019705240833390644e-06
8.765049781236807535e-06
8.515962113266025487e-06
7.885725871948253473e-06
8.008125566669780529e-06
6.896775057905525889e-06
7.028722435210094983e-06
7.189826845266752742e-06
8.013726458623245230e-06
7.972615807176055766e-06
8.731717128516488567e-06
7.573227321197457014e-06
7.203445042248582201e-06
7.881569093407921398e-06
8.987463361271505718e-06
6.431600955797980148e-06
7.380446894676386042e-06
7.511581794750806645e-06
8.096824035551913298e-06
8.527336877000658480e-06
7.571910370131204990e-06
7.328682993176658311e-06
5.638359433775848934e-06
9.816068466631834577e-06
8.202526718490675561e-06
7.252785594442869782e-06
8.667119035275326481e-06
7.613585617206415220e-06
6.927428596299332890e-06
7.483300722457498449e-06
6.649583775132876546e-06
7.612877082283346149e-06
8.455101685186981489e-06
8.864747109468712154e-06
7.370680936378200095e-06
7.536382472985864517e-06
8.175416263995895517e-06
9.265376136214575561e-06
6.416826117405197583e-06
7.547953312116544564e-06
7.595441837476346962e-06
7.595160692092262071e-06
6.784840372317326651e-06
7.217054206989961300e-06
7.286999822894393371e-06
7.617620714721097880e-06
6.334569817725237632e-06
6.823043782071966822e-06
7.765133779884481353e-06
7.505758409089486063e-06
6.338753143898555578e-06
6.466741685143968258e-06
7.629472139281839429e-06
7.734915436182266172e-06
7.723128672099620860e-06
1.004346425584894395e-05
7.156711484063523410e-06
6.357030201031687551e-06
7.702911293456340448e-06
8.566027783048631874e-06
6.391516158323907180e-06
7.572909935634855525e-06
7.787996239911021447e-06
9.148414988048097173e-06
8.843222797685196178e-06
7.523524004181699035e-06
7.705419664412875330e-06
6.084871080127086373e-06
7.301862759836254911e-06
6.199006567652082452e-06
7.231420780423389751e-06
9.169776780159620723e-06
7.860900046838849704e-06
6.762321367803216504e-06
7.831760890330034878e-06
9.782993059042553765e-06
8.993543476469025125e-06
6.874564933564715130e-06
9.402869419282528190e-06
8.892161280235367913e-06
7.934271612878964752e-06
7.447175994900700517e-06
6.673680362728731102e-06
8.000391547634470480e-06
8.873772005840295274e-06
7.370646048219890136e-06
5.862186867771948846e-06
6.905514588421883579e-06
6.982590679893405070e-06
7.545545985333023133e-06
7.204061449475412917e-06
8.534396375205061656e-06
7.872698288624982159e-06
7.538733644143521254e-06
7.829668328115387978e-06
6.783082870948895670e-06
9.824473358252601998e-06
8.173934989795266076e-06
7.529492085360418083e-06
6.927378321545131321e-06
7.598182731411972773e-06
8.771626471055339204e-06
8.286897826664214192e-06
7.232878127445623809e-06
7.809355639228929977e-06
6.636296873278052414e-06
6.934698180469596370e-06
7.722202759653532398e-06
8.323713951941889546e-06
6.476465960085162314e-06
7.945258446098890472e-06
7.192788798363376502e-06
7.471446605393709090e-06
7.070834496731504335e-06
7.723090328553449923e-06
9.536705609730153428e-06
7.601061014079740724e-06
7.148837514135975454e-06
6.720996688020186867e-06
8.248205608124414828e-06
8.154788302665037293e-06
7.647654443250083596e-06
8.197482317856119905e-06
6.594507389198845794e-06
6.856950376426433802e-06
7.269421484420393275e-06
7.881482507481563660e-06
8.249613010367951263e-06
9.124362112827383514e-06
7.327659495598222398e-06
7.659683380692404510e-06
7.023910597564770232e-06
6.790517085518428707e-06
8.735212911156526352e-06
8.065365458420536353e-06
8.319075354289065093e-06
6.584286460022578738e-06
8.547386467046246130e-06
8.378696609261002839e-06
7.114301304673074698e-06
6.632018360649143913e-06
7.406755469442747615e-06
8.826578807910019379e-06
7.689158975261596755e-06
6.707039657771080856e-06
7.848546965016105816e-06
7.211919230404132146e-06
8.093027746951170478e-06
9.368918956292037411e-06
7.349023071072177168e-06
7.536957572599751677e-06
6.226124158339335114e-06
5.859816604094256007e-06
7.514820405657404969e-06
7.186022961940005893e-06
7.915427163822791730e-06
9.428357656927779687e-06
7.293827036445959221e-06
5.837263548138835806e-06
7.815584651519270676e-06
9.097905509953114651e-06
8.320624041006069704e-06
6.847749397899835321e-06
7.585209136934009600e-06
7.501651185925185243e-06
8.357276933356493808e-06
9.024704870136097287e-06
7.107932815207281968e-06
6.541865689000306142e-06
8.963242465796986209e-06
8.476007772942464403e-06
8.016222148074704799e-06
7.302154060960811442e-06
7.334918544424866006e-06
6.616612531901384646e-06
7.188770525096765271e-06
7.336928746628954883e-06
8.233577662725810570e-06
8.978856113796673512e-06
8.362668489092903352e-06
6.303896383636705365e-06
7.608690602623822078e-06
8.083390040497455517e-06
8.596509183264945707e-06
8.071555710464987628e-06
7.491437910886105361e-06
7.126454870109753721e-06
7.280153640411606079e-06
8.966663841570615253e-06
7.385633277894123290e-06
7.034267407947191807e-06
6.216062704203580026e-06
7.401690242250043038e-06
7.806899876908800846e-06
6.557342837039166116e-06
8.477458123292633331e-06
7.411038706771169578e-06
7.320229358347920270e-06
6.170648265180496695e-06
9.371753850628943016e-06
8.342469230727816174e-06
7.947876049152949166e-06
6.490051804511993297e-06
7.629452135983659446e-06
8.287748552561783819e-06
8.037273822663426080e-06
7.837186125821328536e-06
6.988136373707762703e-06
6.795259958748182285e-06
7.699269695262509904e-06
7.890991594314858372e-06
6.446320540771535189e-06
6.800519833067718372e-06
7.042234733985473487e-06
7.929741289930019972e-06
7.197774662037986597e-06
8.342365199076043678e-06
7.872716487868458869e-06
8.619203072001886893e-06
7.379252281688751105e-06
6.972671707436858227e-06
6.224116135168291073e-06
9.020030284647055445e-06
8.149799066135605832e-06
8.198009231113286669e-06
7.422800699359442239e-06
8.007455029352130460e-06
7.950648218290586459e-06
9.010270851562827326e-06
6.780135133437648335e-06
7.012785044101956899e-06
7.587971610524873450e-06
8.109533212526720466e-06
8.145420903730984447e-06
7.484152784553323524e-06
7.436420489075254392e-06
8.005594074069584130e-06
8.360772704373166020e-06
7.827253994487438010e-06
7.958424963886516468e-06
7.650596040138267221e-06
7.024101435490927196e-06
6.749708985070965080e-06
7.049687286000201878e-06
7.226903070749611155e-06
8.213953337156718959e-06
8.815481530182407957e-06
7.015471424659967094e-06
6.631908394431064109e-06
8.094519687009338657e-06
8.406716035073729298e-06
6.961814985337517674e-06
7.417834069727575223e-06
7.223945918621514985e-06
8.727112369465892821e-06
6.878866772493539487e-06
6.955836951114065121e-06
8.464744442830307957e-06
9.421663257031133494e-06
6.800944552593644959e-06
8.497309576904279619e-06
6.297098262618412900e-06
7.161533166250524594e-06
7.657382461380834863e-06
8.312867709301831857e-06
8.246037794776941816e-06
8.017654055470561746e-06
7.507283823824975758e-06
7.212614461833134863e-06
8.996285084636976664e-06
9.127604120569786554e-06
7.947849065134124231e-06
7.457587059572614743e-06
6.185257885200596357e-06
6.232345757041511702e-06
7.954579897159451689e-06
9.937747567343620112e-06
7.181273323083505662e-06
6.379804705620842024e-06
6.865654623953470691e-06
7.205415103401690043e-06
8.322177838013821875e-06
8.910314218456595400e-06
6.803742981510957938e-06
6.181674319062968590e-06
8.457786553263183695e-06
7.683574898270130460e-06
6.153133158789683532e-06
7.637613650864046990e-06
7.358845036196039060e-06
6.787845210430630636e-06
6.527163267080205341e-06
9.871459671886122019e-06
7.798314058070386225e-06
6.246905242527508850e-06
6.722651141151806653e-06
7.797866709767238802e-06
7.610337531610104798e-06
9.442696067251870809e-06
8.264015652025800217e-06
8.871683470427069437e-06
7.612722215511572099e-06
5.812310353891927382e-06
7.457715344710901568e-06
8.459056176081427279e-06
8.400492489171108748e-06
7.606189116506524036e-06
7.660378707966276879e-06
5.970004046253273944e-06
6.511234211540858623e-06
7.939932414307789799e-06
7.905741416535592338e-06
7.196691953465894367e-06
7.243860088344563967e-06
7.017563130815065321e-06
8.056548136612734300e-06
7.844573005431345223e-06
7.109540185707577281e-06
6.818793293202738993e-06
7.797507053695075611e-06
8.266966394987276687e-06
9.052213848787120362e-06
8.197342813275223492e-06
8.214358581439573748e-06
8.138632633033892748e-06
7.019063983819369443e-06
6.978394794269015474e-06
8.122106956520164578e-06
8.037076064681227184e-06
8.543246353145171824e-06
7.155630564162542294e-06
7.293606238307184869e-06
8.469853642642234966e-06
8.039536128464386277e-06
6.634208668491949580e-06
6.777824000351683378e-06
7.845799327670176820e-06
7.543872063581477827e-06
8.519258072271134672e-06
7.218068845901962121e-06
9.522338855845702572e-06
8.481559434255038496e-06
7.578895584302403942e-06
7.432584118844828951e-06
5.700128676713988751e-06
7.554699860291805160e-06
8.142366600040330766e-06
9.243670352448410911e-06
6.322042906296482909e-06
7.335715381971182267e-06
7.233006185575840869e-06
7.921193662374639022e-06
8.898813540988641423e-06
7.070267991803921007e-06
7.214778192215157832e-06
7.048233194984420469e-06
9.957938383319405948e-06
8.267001285347322584e-06
7.298723471695292298e-06
7.187971353256735892e-06
7.499044872763340844e-06
9.171896183360383334e-06
7.409154482708559989e-06
7.368243581675958168e-06
8.205985063912648778e-06
8.973870321743095208e-06
8.828776157037226971e-06
7.365775198007398710e-06
7.617574155359579967e-06
8.811119992131049449e-06
8.466963392447946358e-06
8.191050743803093918e-06
7.445635476054375135e-06
7.614437097011628591e-06
7.753237810705023941e-06
7.380269160882179971e-06
7.550364504141917558e-06
9.672995486748286168e-06
7.601864268973735089e-06
7.722413366260779796e-06
6.962359699575950279e-06
7.775509390169736825e-06
8.246311551805794523e-06
8.602573186413270287e-06
8.377781456134827457e-06
8.303195644347481977e-06
7.529345632757085245e-06
7.101973370927073857e-06
8.191280860871589552e-06
8.235427677606042211e-06
7.451794231803505930e-06
6.780867709207343737e-06
6.594578154398621846e-06
8.849907206865639564e-06
7.539028609030714329e-06
7.557767800553548696e-06
6.997275590242451830e-06
6.689899953193447328e-06
8.294594404096239661e-06
8.006982476254776622e-06
9.460250616673180582e-06
6.589219231530226043e-06
7.801880106946729830e-06
9.114651642799895433e-06
8.286775604915284349e-06
8.138832250014440851e-06
7.926649630546354341e-06
8.436286235690257479e-06
7.486447278068329928e-06
7.213314133363618916e-06
7.181305526941166363e-06
7.651695687902164699e-06
8.074034456091970581e-06
6.745385553693105291e-06
6.963222754258046731e-06
7.571953734694999615e-06
8.084488720863982085e-06
8.243610695310114522e-06
8.920358013818116319e-06
7.257260832198772550e-06
7.255667676937684002e-06
7.671672683776135308e-06
9.995264636585221712e-06
8.261747043383031370e-06
7.098547789882324912e-06
7.262727985178378489e-06
7.605810847746518247e-06
9.004747061641069986e-06
6.759818626095423842e-06
9.018625033748073241e-06
8.490317511242758311e-06
8.363598157295192511e-06
7.408713454579840423e-06
6.036976226168542529e-06
7.605233096765296209e-06
8.371681889320051911e-06
8.131154961994988174e-06
6.844582154573066845e-06
7.042432966452772201e-06
7.563671958437919661e-06
7.543002784666309541e-06
8.745938067234123830e-06
9.876072084787617121e-06
7.375250102441545546e-06
7.268500769043530386e-06
9.192393991878477542e-06
8.787864603580578185e-06
7.451678689976323463e-06
7.714739267223334049e-06
6.739754135261624338e-06
7.554129684362162402e-06
6.202106349519617800e-06
7.922515799216580594e-06
9.044610578706674316e-06
8.436710618322715554e-06
6.685407211077992658e-06
7.381307861463621355e-06
7.536356318315998034e-06
7.960436520906019018e-06
8.758831563199689010e-06
6.704710956157843619e-06
7.057641831934517691e-06
7.725097687607511223e-06
7.214941114612762278e-06
7.415040856216466177e-06
7.259563667410121857e-06
7.914236104690295498e-06
9.459978826517008701e-06
7.344405695054358710e-06
7.303541725918171951e-06
5.982333135185421347e-06
8.449490395236183433e-06
7.758765843766000713e-06
8.034982400491820197e-06
8.887760594878945598e-06
9.047272332998591472e-06
7.753766698039723615e-06
7.850430343994325942e-06
5.994616208401462796e-06
8.307785971454651218e-06
9.721255052447417628e-06
8.276884896774941718e-06
6.716501600681121921e-06
7.674535957605669906e-06
8.427549316372869782e-06
7.617616984566823768e-06
8.403708137862515737e-06
6.815071928100032054e-06
7.031682126728848677e-06
7.471070380602100716e-06
7.112546136596141522e-06
6.951471438984154245e-06
6.957064494675877246e-06
8.411668159622386767e-06
7.534305149619277598e-06
5.713093387972671893e-06
8.144085160573963120e-06
7.943597787976419108e-06
7.094833049289624447e-06
6.939593154336333024e-06
6.656864936225544994e-06
8.302208664852443778e-06
7.651049300191326743e-06
7.721210605739541193e-06
6.285938940261226275e-06
6.765989972486424488e-06
7.250495793365497853e-06
7.980319960604282669e-06
9.004716605281174640e-06
7.224656250193192073e-06
6.116962216837387989e-06
7.567991838630205685e-06
7.929648566043814953e-06
7.874753894283027813e-06
5.465602716353582817e-06
7.076935551518033341e-06
7.647387041891867820e-06
5.731764756252740618e-06
6.803691765069275710e-06
7.368386997663975355e-06
8.321210018682534672e-06
6.021428418567662872e-06
6.525115343677754969e-06
8.212346762112137985e-06
7.580127347250933358e-06
8.592039842913173903e-06
7.518678558549141671e-06
6.645959787913120479e-06
9.269951605326024537e-06
8.282345619740260085e-06
7.213463495686204982e-06
6.685169242095607980e-06
6.794474137481664026e-06
8.622444598657411088e-06
9.036631722941777494e-06
7.127522863316888978e-06
7.059140008742008659e-06
6.660243186345602093e-06
6.029318884007694787e-06
7.018511821327177713e-06
7.879005211773040199e-06
8.416913133566370205e-06
7.724274102927312365e-06
6.407266284009760076e-06
7.446169107135995185e-06
7.482189257171016386e-06
7.792172409356859093e-06
8.265449641966024627e-06
8.331683449772293078e-06
7.558706247921912827e-06
6.912505918463212638e-06
8.628625771429030081e-06
8.828726356388589237e-06
7.727174213026404402e-06
7.391128704679810214e-06
7.528342046434416771e-06
7.769825650610285759e-06
9.274707173222642592e-06
7.172647397282889135e-06
6.621236074467560931e-06
6.999662837938994315e-06
6.457586434646478770e-06
7.423038689699845691e-06
7.228985294360374367e-06
8.436464876389470507e-06
1.051358289249346933e-05
6.889456702867136976e-06
7.258039204572207309e-06
6.290504737628390753e-06
8.675524107216541942e-06
8.404414007915414809e-06
7.594106471504536156e-06
6.716726492966109222e-06
7.270554449606150902e-06
7.528224737580961720e-06
7.913406341403287991e-06
7.142764576013373664e-06
6.514710305481592516e-06
6.632532086826369740e-06
7.869594150536555734e-06
8.130140608584605428e-06
6.796563058322309485e-06
5.992813763680446645e-06
8.671200065883317941e-06
6.354153981033299313e-06
7.604966786481265101e-06
6.886365192190039238e-06
7.493363018714848806e-06
8.886387184844582741e-06
7.280394466341016139e-06
6.800266127112700676e-06
9.430498382073194678e-06
7.296867483663036493e-06
7.363415577262701080e-06
6.707485491462464464e-06
7.607013358469178048e-06
6.734900807389030115e-06
9.591516456124040316e-06
7.083213048450896928e-06
5.851449926062485249e-06
7.118386607303247660e-06
7.857723782402389185e-06
6.448150217040765670e-06
8.255576986635420768e-06
7.949529071043528149e-06
6.119770851294540120e-06
6.519652826382022234e-06
6.250463581118537649e-06
6.654393750277129450e-06
7.724012785409015456e-06
7.709519315559322451e-06
7.827976838941080179e-06
9.614694954575970275e-06
7.262164625624544930e-06
6.998544008644797445e-06
8.169870530929762600e-06
8.618547277270128992e-06
8.868891870349183677e-06
6.616211448638213374e-06
7.203342634106168373e-06
7.364432742295355872e-06
8.361912544311501569e-06
8.584494658330002798e-06
8.075369106883341187e-06
8.108080629570844580e-06
6.846419410977746332e-06
6.789852344383291641e-06
7.244197411988163945e-06
8.537030935538686535e-06
8.221975364669027497e-06
6.870314613039925388e-06
6.933917631933189661e-06
7.528024564368168296e-06
7.182249854611785039e-06
7.496630277061215886e-06
7.650667608442593027e-06
8.697509333643869582e-06
8.958698730203180899e-06
7.371089918651330740e-06
5.967441868259234934e-06
9.287112843782845307e-06
8.315009779290998183e-06
7.119240213600085184e-06
6.738895021405206602e-06
7.221547755275792159e-06
7.295371277053689559e-06
7.354424069868308096e-06
6.815064342258305041e-06
8.005207215031182296e-06
7.983318871386748284e-06
8.138201455783760591e-06
7.397090934920165155e-06
7.320787273178381920e-06
8.651314616507529593e-06
8.377417349188111381e-06
7.682131866420056213e-06
7.189523880231765750e-06
6.902681961901700553e-06
8.119492453032633195e-06
9.069143236092678796e-06
7.381462427347533111e-06
6.971767901087640198e-06
6.621417908912378141e-06
7.982348634101506550e-06
7.022428743598059117e-06
8.587654574879087773e-06
7.718059512495085189e-06
7.677827431437011060e-06
6.626363229648715547e-06
8.695049506939123623e-06
8.616632596826338965e-06
6.790498104840949069e-06
7.464491827142310386e-06
8.372334885848004170e-06
7.269474607893487967e-06
8.490821440768550198e-06
7.903340333261261257e-06
6.868500943169476153e-06
6.117913541483960958e-06
7.947079308287000610e-06
7.496351697580322108e-06
6.054158850966351097e-06
6.693730121244212583e-06
7.711841159308171256e-06
7.818457552144496991e-06
8.456803198991048060e-06
8.414531355373599969e-06
7.933185852067180349e-06
9.619923079233022546e-06
7.131540482683625390e-06
6.454594811056828206e-06
7.131938980213142933e-06
8.502994982683491593e-06
7.745908666470363026e-06
8.151557514237985612e-06
7.405142380806092925e-06
6.620855583285999748e-06
7.946862342635360336e-06
8.074318983497660515e-06
8.367733671932102381e-06
6.735103747102969816e-06
5.817525940296203468e-06
7.349389474332187719e-06
9.057521252553569601e-06
7.759847243031387835e-06
6.428279535819508527e-06
7.641085471134534152e-06
6.888362187734311636e-06
7.740440124841711786e-06
8.568242303648274346e-06
8.835887050177661565e-06
8.516240437879246379e-06
6.182588007186530326e-06
6.017967582728030911e-06
7.417892789194771572e-06
7.984465752548292709e-06
7.681146041465751728e-06
8.558225758278978893e-06
7.766016269541611811e-06
6.987854104365094069e-06
8.251697364831021787e-06
8.078148155823439779e-06
7.849017016476630989e-06
7.446253811640929949e-06
6.046083343343983306e-06
6.642317084292575821e-06
7.798356669639929154e-06
7.851390490695762955e-06
6.500271846096958152e-06
7.482787023791225969e-06
7.728477127374389758e-06
7.548215396333935484e-06
6.841380816681103556e-06
7.333376977644539323e-06
9.509243871120864774e-06
6.954380026421701317e-06
6.236935796916444961e-06
6.828474814429442573e-06
8.964139311856891829e-06
7.977877954680622058e-06
7.707261045124360452e-06
6.742133600897458636e-06
7.118136827383033754e-06
8.260232653661766399e-06
8.154623869395714211e-06
8.538246860291076089e-06
7.018379558271603836e-06
6.914348557086440432e-06
6.721144904756061773e-06
8.537999186832434805e-06
7.935639954002624715e-06
6.716380569435233380e-06
7.146192668238235168e-06
7.360315131843439417e-06
7.579116372731445649e-06
6.445407123353813128e-06
6.736925481842611681e-06
7.983930466835705676e-06
7.451278525150283178e-06
6.164995129355127736e-06
5.849842242796463397e-06
7.282927644536994415e-06
7.705930356706535371e-06
7.542062651583974484e-06
8.254705632576505052e-06
7.813276702458998461e-06
6.462820251088425225e-06
7.719007681035912010e-06
8.327635239645475671e-06
9.350108550070860606e-06
6.525466215959066164e-06
7.174187516054746165e-06
9.220953245802847485e-06
8.282157972524907685e-06
7.516843792449767937e-06
7.601788115694245127e-06
6.605319071387886385e-06
6.583290577882216313e-06
6.330611910642586518e-06
6.986278123062899689e-06
8.895460474476669677e-06
7.612214922329044628e-06
7.199502479778874377e-06
7.350197879866554498e-06
7.630816526011431430e-06
8.194244060271424498e-06
9.060800673700647798e-06
7.314249582493788727e-06
8.519893283870907244e-06
7.958295817085039639e-06
7.053532207144406349e-06
7.443561575793388901e-06
6.891470277455788078e-06
7.975281938893771403e-06
8.362979054841356824e-06
7.120327801742535112e-06
6.566984178217725551e-06
6.580996812609596110e-06
7.436705762097650012e-06
7.426930778478336912e-06
9.658263201294739673e-06
8.233646791307899275e-06
7.662565018671492215e-06
7.024943636039310553e-06
8.410369308484896744e-06
8.199496553142195343e-06
7.574261399137864673e-06
8.707315039626804879e-06
6.788654762402053420e-06
6.578147373063900554e-06
6.997196048131489755e-06
8.312224396270354910e-06
8.053715015924127780e-06
8.186467978058745951e-06
7.021416257176393147e-06
6.365527841171646106e-06
7.462494086877610897e-06
7.785069389591829579e-06
6.475842261251070512e-06
8.692301639038571654e-06
8.038864253763586699e-06
7.396193616029649692e-06
8.705005260333227530e-06
7.988621800198326346e-06
6.827296757958214318e-06
6.796664786220123142e-06
7.039885666687564196e-06
7.578964097450505780e-06
8.380912888586031435e-06
6.312983357971531579e-06
6.534977081384649820e-06
7.599032291527449889e-06
7.827389416496085544e-06
7.704372869099756796e-06
8.392015545042045267e-06
7.686984205106245496e-06
6.038711336415875313e-06
8.350308499730936846e-06
6.470785859913162082e-06
9.162914984309589812e-06
8.089434489136878897e-06
8.071272427101161304e-06
7.095866412483656481e-06
7.013604214049733014e-06
8.291802473975022099e-06
7.875172564415204121e-06
9.176207094061803783e-06
6.290629063565134914e-06
6.965569648163734721e-06
7.228755001087589841e-06
9.585316595922489715e-06
7.430970442629836564e-06
7.126741972677997454e-06
6.989267811851462463e-06
7.346117940038900965e-06
8.090105361100559877e-06
9.141029563420519677e-06
8.918416530130546897e-06
7.068554857685372903e-06
7.152631727106662971e-06
6.091640918574685418e-06
6.851749367610885257e-06
7.629225607379147171e-06
7.802088565229556240e-06
7.811249547874830147e-06
8.534195471888883730e-06
7.476797246144677143e-06
6.697219923247969290e-06
7.944243647183345085e-06
8.879223090391809650e-06
8.423554501771990204e-06
7.163728794793294389e-06
6.912498731089237509e-06
7.149112316952451360e-06
8.784393646185014175e-06
8.648730523214786975e-06
7.415490692529830219e-06
6.604740324228155740e-06
8.534716579592863665e-06
8.836659324126817634e-06
8.266637151216434237e-06
6.525176563322633593e-06
8.152316375422158327e-06
6.724305610521263184e-06
7.253544668168894901e-06
7.726134140136122630e-06
8.346873650933853397e-06
9.085647885391659402e-06
9.114592512774224423e-06
7.497998749878731939e-06
7.476634816868894657e-06
9.307823192504255139e-06
8.802947400057122235e-06
7.849235467195745259e-06
7.700425594773841980e-06
6.967732010432009755e-06
5.822020964995315104e-06
8.035175213598887375e-06
8.604912569317382126e-06
7.293190489683753392e-06
6.613468169818398491e-06
5.861933136823895894e-06
8.305202285505655210e-06
5.881565240002698490e-06
9.936670157074129080e-06
6.224232306619899935e-06
7.157914450730799075e-06
6.615260481379207448e-06
8.068372324756269652e-06
9.083198473286709204e-06
8.187510273914676425e-06
6.953436439623893909e-06
7.442493959034836033e-06
7.862683545005159320e-06
7.707199683795302417e-06
7.588049068308218914e-06
6.617031004995728465e-06
7.793312605355021447e-06
8.120569553415516885e-06
6.230815588288987235e-06
6.090074505312125383e-06
7.504731191634093603e-06
7.874854094671238357e-06
7.780977094616530550e-06
8.997154403594773722e-06
7.566815106118906140e-06
8.629353366125677187e-06
7.138468279296630250e-06
8.359863514432800582e-06
7.541526240338186400e-06
7.229071684735857485e-06
6.717003095124635100e-06
8.322447089192093695e-06
7.010377391549070133e-06
7.560956629683954769e-06
8.354074059709995942e-06
7.400464566607707303e-06
7.142877231882292316e-06
7.525166615062767776e-06
7.150579697515063930e-06
8.614231846547949157e-06
8.750636080453736207e-06
8.401294580098000615e-06
8.041964857237090595e-06
7.416168570375136018e-06
6.740696936227684578e-06
7.609270616280467287e-06
8.042747356077152349e-06
7.569078730751644131e-06
8.853564122876138171e-06
7.184906083288513569e-06
8.016075858822943847e-06
8.617660284623534006e-06
6.345888578188571086e-06
7.263277240971535786e-06
7.269660694044592021e-06
8.067149781188590480e-06
8.651761371756513567e-06
7.148304149003913651e-06
7.529780585829471071e-06
6.231881934754101048e-06
8.946252884942033603e-06
8.562426179493307495e-06
7.175411817948487094e-06
8.583548155836447094e-06
7.813046305851014143e-06
6.718377314345245119e-06
7.736712005680722480e-06
7.167108366830041064e-06
8.995324087429494732e-06
9.146240852382936132e-06
7.033457544649336962e-06
7.259965494285164155e-06
6.492665018770014415e-06
8.564513540903120401e-06
7.731499749669846621e-06
6.761211567853967485e-06
7.465790613840866857e-06
8.623135696091809444e-06
8.402292135424759874e-06
7.524253851325442440e-06
8.442160270678491515e-06
7.522638099528522315e-06
7.617832675655617250e-06
9.046451102387760234e-06
9.533534445502212380e-06
7.671495588048875318e-06
7.664389748905249861e-06
7.370529595056014167e-06
6.937142246963512022e-06
7.522671883727363031e-06
9.722490398775220419e-06
7.324968096648290702e-06
6.372156411856595224e-06
6.837258345090002061e-06
8.087905042145704458e-06
8.115104122573667408e-06
7.906186397186827831e-06
6.706955450171936972e-06
6.390664481212340017e-06
7.873620035228127392e-06
7.978569734092930363e-06
8.433833029979217414e-06
8.365806399527101443e-06
7.534581927335644445e-06
6.668272134524866606e-06
7.063277643672293540e-06
9.656712372101265119e-06
7.282684880185585722e-06
7.680380192278885086e-06
7.277393921760929779e-06
6.464980636016919056e-06
6.716787261275498378e-06
7.768003402263297917e-06
7.734370322411832218e-06
6.634629548272124588e-06
6.547686366549421882e-06
7.256047802548626669e-06
7.860997715633562927e-06
7.893237049830049209e-06
8.870919770135481637e-06
7.551573794608084378e-06
7.257578918074301466e-06
7.447519441099604256e-06
8.356479878709939410e-06
