5.325174261184544705e-04
3.774169524503893296e-04
3.750740021748332647e-04
4.840341960251038039e-04
4.505807037018855665e-04
2.977767236883318387e-04
4.906987001538978821e-04
4.082872021074907530e-04
6.599282444332658926e-04
3.488236627410587595e-04
4.323865346485440686e-04
4.544704183702017136e-04
4.437029458544818430e-04
4.340146562252137448e-04
4.209455815024629784e-04
4.121187829877311841e-04
4.095774435122839720e-04
3.310713133581998503e-04
5.281148838962151102e-04
3.770003668477938980e-04
3.659656243685568532e-04
3.931110560039825091e-04
4.850090291568793350e-04
4.578902856019764441e-04
4.670694591303272596e-04
4.583277016872648428e-04
5.451983313918376843e-04
6.638524158999277100e-04
3.877837086569520188e-04
2.880948875762038013e-04
4.578267910937365700e-04
5.208014545256157025e-04
4.730286620146524732e-04
4.715773753024419439e-04
2.729543878862548023e-04
3.617340743862374614e-04
4.071645403998916716e-04
5.687672303865045492e-04
5.836568174287528298e-04
4.257582669932620111e-04
4.065343915599760197e-04
3.538403300793614811e-04
5.817482585357093214e-04
4.859897464714091385e-04
3.424092236304289070e-04
4.757137150815254640e-04
4.497513536129287308e-04
4.488291434888280057e-04
2.859718012022028797e-04
4.613459851484210598e-04
3.141738042542534747e-04
4.199664396258907828e-04
4.283035759196486092e-04
5.026400864309431846e-04
4.243934086419358961e-04
4.048230426082401342e-04
3.920088762691676374e-04
5.468439513057188599e-04
4.311485252192428391e-04
3.484030731683074094e-04
3.594083738454109797e-04
4.401079264558395822e-04
4.513264851704703088e-04
5.764461693558236254e-04
3.728101379267566079e-04
3.028140360227010892e-04
3.554812181661520755e-04
4.274150325105237867e-04
3.931720529699373108e-04
4.737393620689872987e-04
4.673009476675593090e-04
4.121478228016173359e-04
3.413190263216279584e-04
5.923127385574409026e-04
5.468452351762975033e-04
5.717966973883493922e-04
3.337896250489036658e-04
4.790087104950668112e-04
2.950259578880919543e-04
3.098538817478579043e-04
4.808769322851123721e-04
5.220199808008624872e-04
4.619003937190740050e-04
4.318826161081074262e-04
4.033029579091032980e-04
4.189870805811696719e-04
4.251743693308890652e-04
4.929071974689844173e-04
5.658183588595109507e-04
3.735333266756417814e-04
4.001857383927484796e-04
4.813025888007536174e-04
4.752849503544813881e-04
3.756781753674580263e-04
5.196060992559223138e-04
3.287410786086066190e-04
4.276868730701612899e-04
3.748151438304232340e-04
6.655584996824002878e-04
4.371541480927439963e-04
3.321920795791035406e-04
5.558205138788470823e-04
5.032853510093241627e-04
2.674955171785147216e-04
4.172455532094973703e-04
2.806870763547033806e-04
4.613149342310731392e-04
6.685535192920674706e-04
4.426442672379582834e-04
3.780393048884683575e-04
4.102932226569511415e-04
3.668634316996520874e-04
4.612146732449767957e-04
3.980680503159280846e-04
4.998377439039224492e-04
3.376926281973879939e-04
3.372546542278674034e-04
4.717980925122648283e-04
4.505822369315252247e-04
5.983245765397403326e-04
3.930877976539071442e-04
3.590910254961595131e-04
4.323571225845193253e-04
4.898569192978475834e-04
3.812014663774128290e-04
5.384015648403711824e-04
2.905338287799643531e-04
4.756228450935335444e-04
5.529725357509194215e-04
4.590357831112482100e-04
4.503629650409121405e-04
4.079187205942538157e-04
5.730855700539589856e-04
3.432612682262845862e-04
3.624758719899945488e-04
5.279534243434563746e-04
2.440675520063752540e-04
3.933340778007429653e-04
3.405657157805298753e-04
4.393190856569278665e-04
4.872441596187175616e-04
4.404293638090867459e-04
4.055802970551843816e-04
3.226461107102363349e-04
5.577236268737520040e-04
4.662165931054277636e-04
4.210512453047813479e-04
4.900377731670544929e-04
4.778431151404442020e-04
4.199601291155559586e-04
3.256952522008830391e-04
4.974486959687715983e-04
5.485910654507177280e-04
3.872197899249874074e-04
4.274918732082353236e-04
5.560385031060598691e-04
5.482136932072252146e-04
2.985269708302235253e-04
3.741622904020602955e-04
5.303954361595195456e-04
5.406208147036923239e-04
4.354546639742044433e-04
4.032503673404578192e-04
6.556476172410101270e-04
3.806513727676396979e-04
4.783498599269480462e-04
2.848966103344108638e-04
3.378446081917972307e-04
4.716994784770232592e-04
4.619656754112423961e-04
4.819809949819168614e-04
3.689639110127762144e-04
3.612627368326844918e-04
2.537457480555808487e-04
4.450779343322786952e-04
4.280823397901322141e-04
5.882730371055172776e-04
4.775351818726769268e-04
3.980216366321861804e-04
4.576972289831873568e-04
3.188474229758545692e-04
6.217778370691103224e-04
5.414980104040804411e-04
5.949703667484487800e-04
5.065921978715143574e-04
4.092904309531673369e-04
4.020789646914274301e-04
6.190639030165035785e-04
3.684206194410772077e-04
4.470279095117225690e-04
3.558423468515794531e-04
3.379814969776803648e-04
4.293099010717581210e-04
5.140933977501799864e-04
2.248351953232128426e-04
4.373908216598509013e-04
2.803683059716405171e-04
3.869284706172346146e-04
5.199008834632467928e-04
5.693824174713434149e-04
3.658716612416504995e-04
3.189514791958073187e-04
5.239333577593648572e-04
5.671313800191534219e-04
3.608937640430093501e-04
3.666700226802006380e-04
3.350466906907286001e-04
4.379291528507733128e-04
3.891369358727469704e-04
4.867945179162822098e-04
3.478693851721025997e-04
4.732074032171465863e-04
3.391634638730011732e-04
5.559379707161843549e-04
4.312561968837105939e-04
4.639520706481839777e-04
3.111098344287007832e-04
4.038418072343575899e-04
4.842551761625693454e-04
4.012020031446519907e-04
3.922344906883223708e-04
3.952095130674509820e-04
6.076506804268579217e-04
3.782454497071596213e-04
3.130320443195528366e-04
3.493719537586944309e-04
4.185160911567133786e-04
3.890016283117241937e-04
5.462303828853667291e-04
3.898402748870114496e-04
4.159940163777184514e-04
3.558352554231100553e-04
4.261636899594862106e-04
4.991871964182436521e-04
4.547087656366186233e-04
3.763434105405324623e-04
4.179561556754190967e-04
4.270902435650708682e-04
4.842918223337933743e-04
3.511174088179906563e-04
3.389572855526079543e-04
4.095056743747608444e-04
4.587181614611801411e-04
3.774107430983935892e-04
4.039372346769257789e-04
3.391883314619223953e-04
4.474755740411215702e-04
3.831900938115357920e-04
5.188349884683121117e-04
4.380656140012462911e-04
5.368075605506628925e-04
3.795655122509552517e-04
4.180699107726452068e-04
4.910196382468665815e-04
4.189001056615747494e-04
4.287005656527487739e-04
4.326281753433637491e-04
3.507685601994400587e-04
3.087546912924685866e-04
5.201268527177241091e-04
3.602830347092631663e-04
4.435516774092628889e-04
4.405629678603456079e-04
3.719699489979675462e-04
3.722363374192286982e-04
3.710136648843755905e-04
4.430853430280640875e-04
4.182518288892778167e-04
6.298097589722072938e-04
3.817708643325084779e-04
3.824959638812882104e-04
3.594142735029879016e-04
4.744164579701897312e-04
2.823997890995734081e-04
4.298344821924079419e-04
3.386663508199230788e-04
4.851885146308139332e-04
5.667132828850404182e-04
3.845530761669850345e-04
3.751068038740801454e-04
4.039976509717433219e-04
4.419491493529770004e-04
3.646853427949787725e-04
5.084468078772743727e-04
4.741513624943038551e-04
5.862655224733128627e-04
4.884605095694386423e-04
3.346844688472996030e-04
3.675668803148610976e-04
4.277039578917516305e-04
4.127769129810260188e-04
4.613653892016114622e-04
3.886505860698196151e-04
3.412063354167030782e-04
3.140483981428393210e-04
3.980308118293357533e-04
4.602201205647498154e-04
4.628364296042699623e-04
2.621158195659713968e-04
4.394659211800293862e-04
3.354389585954489186e-04
3.649124793782521602e-04
3.757459112564074375e-04
4.032277482466071778e-04
4.216811903870565197e-04
3.018281796456911427e-04
3.069235644249644645e-04
5.208887462512214661e-04
4.431649947663336112e-04
4.515184035049118658e-04
3.791864002988450132e-04
3.591136184443894383e-04
4.168888561976904616e-04
3.417055998486082124e-04
3.260762740972508776e-04
4.351414813308253490e-04
4.300723703691609976e-04
5.055558001158480140e-04
4.484124549333358780e-04
3.527323671851745964e-04
3.179473316990424838e-04
5.311325209664983713e-04
6.820326053251764362e-04
4.803530103722048719e-04
5.841384652374599900e-04
4.045037439807883930e-04
3.716221837633067637e-04
5.104280326830440417e-04
4.184527400015206023e-04
5.268773809072467475e-04
3.474361382989852318e-04
3.895656199477341274e-04
5.828867136667323888e-04
5.653271550785434483e-04
3.288060750814276296e-04
3.410326020199945215e-04
4.865752986911729195e-04
4.567692285497922545e-04
4.124937715444200914e-04
3.135838185944414547e-04
3.783791149910653118e-04
4.997018819765856965e-04
6.009911527453649059e-04
4.476949452569985426e-04
4.556827289102646176e-04
4.380293344226094949e-04
3.790784479805470587e-04
4.728395631197833513e-04
3.563253604285949571e-04
4.727964340682319785e-04
2.262439207053326619e-04
3.792262009452036504e-04
3.193422006527647143e-04
5.380920170103127521e-04
3.646827404605226114e-04
5.649226931290743554e-04
2.446259732281360981e-04
4.904492797864496573e-04
7.661858240616082954e-04
4.371477607654469300e-04
5.823850832128278383e-04
3.326741325527449102e-04
3.595110696594880514e-04
4.124622363263288904e-04
4.773714115962992871e-04
4.754001414003458680e-04
3.885435784443519165e-04
3.950054434229579420e-04
5.034601158289068578e-04
2.164469429995424603e-04
4.163206139085658813e-04
4.821375183759834095e-04
4.199215372636150192e-04
5.136735203667139923e-04
4.017196593781192514e-04
4.405838599422159940e-04
4.186853928704313034e-04
4.405944769780622888e-04
4.335979446685932171e-04
4.237304164916723512e-04
4.833590733427282037e-04
3.933758489048648130e-04
3.693186134378809399e-04
6.591331676899742174e-04
3.674892630261082497e-04
4.213501759605797346e-04
5.782067156703852044e-04
5.061078477419002223e-04
4.176538234623850118e-04
3.932113511522069486e-04
4.285905229149928968e-04
2.784754959354436240e-04
3.830541656072339492e-04
4.324940324692716389e-04
5.537238167609742807e-04
4.256600616352403826e-04
4.053662017990078371e-04
5.027523220989320264e-04
3.680975253700923292e-04
5.273231185816719402e-04
3.132002407709347886e-04
3.001491668364024835e-04
5.782472991411611099e-04
4.136637873115242840e-04
3.870152929915829203e-04
3.592130051638850984e-04
4.304656361513703434e-04
3.529038699667699612e-04
3.444626210455301301e-04
4.721066956372105641e-04
4.468031678384046983e-04
4.448005313448642902e-04
4.169766524561662434e-04
4.709237590760182867e-04
3.733145561114516718e-04
3.795667217276581782e-04
5.669825131701616925e-04
4.324291736393231513e-04
4.152840260835199775e-04
3.748162044482990945e-04
4.664506222663854815e-04
3.912824223789591318e-04
3.421017046621422047e-04
5.270259639290297794e-04
3.590867029142820618e-04
4.495810958826858554e-04
4.316560968265282291e-04
4.030698472620787326e-04
7.833033898815091895e-04
5.554526569404580946e-04
5.013544244048652801e-04
3.091422363790226812e-04
3.037718277050387205e-04
3.988267763408592944e-04
4.259067955190862448e-04
4.709388123206486362e-04
4.116137860142139119e-04
3.830617423958130349e-04
3.328150359783566643e-04
3.936977680099650132e-04
5.266996943374987854e-04
3.554019825469516584e-04
4.368034650901112112e-04
3.491370589915688606e-04
4.439928683277996786e-04
3.809565702677737611e-04
3.824980884527503285e-04
4.855059053414917782e-04
3.847608764339727010e-04
5.505040992149537980e-04
3.495711737186663688e-04
3.588620933693397602e-04
3.855000785714939211e-04
3.798088896205714703e-04
6.035837012663489024e-04
4.365419270839412795e-04
3.825875720248831779e-04
2.565606184458226803e-04
2.912922985619205364e-04
3.440125722770900137e-04
3.983051465676823097e-04
3.293671308696311645e-04
3.560463245093064156e-04
3.930807645145798141e-04
3.934563869098139564e-04
5.744567881074755375e-04
3.830365708389017656e-04
4.215187610396235848e-04
5.046603031030590190e-04
3.526991005111729987e-04
4.424777739124252326e-04
3.993817033188727899e-04
3.971137962020579969e-04
4.548402517936123027e-04
4.211167940013102549e-04
5.073629263425965142e-04
5.653458075503962118e-04
2.888022600206099195e-04
4.213686176077771303e-04
4.828536317685692557e-04
5.028810903824293497e-04
4.745719833575615782e-04
4.549962887941836004e-04
3.496540819682517629e-04
3.069631794675639603e-04
5.038099450291628079e-04
5.503779326229436136e-04
5.441524372483357410e-04
4.003398490823185506e-04
2.750410476881399069e-04
3.952278037837886619e-04
4.482529863235675286e-04
5.222570278467172662e-04
6.271942212756534797e-04
5.550587537788808767e-04
3.544190762529327021e-04
4.549607426467095037e-04
5.222935096709909126e-04
4.472677256882777517e-04
4.278064628697015822e-04
3.719689780244176108e-04
4.519179621511534850e-04
3.864511086065435756e-04
4.233855588159877049e-04
4.050405907520711335e-04
4.870565234369760347e-04
4.920819396872828542e-04
4.820426975061552276e-04
3.820107192623907596e-04
4.064990656865701685e-04
4.115455188721111072e-04
4.417959129439553317e-04
4.726859732225801940e-04
3.227242335604312853e-04
5.089982177845956768e-04
5.209996483930540547e-04
3.637291485158636426e-04
4.093761935287596734e-04
3.969713116645736837e-04
3.997491603562506549e-04
4.179579623943315415e-04
4.758556063417978058e-04
4.942570796481657834e-04
2.755689507567608246e-04
4.500987670480922106e-04
3.846109954357653025e-04
5.031163881440316307e-04
3.365008614518109203e-04
4.233445632675645665e-04
4.734440016506243011e-04
5.174308527943509081e-04
3.460814829549673411e-04
5.502949290067114026e-04
3.166439678694841272e-04
4.670409687238949925e-04
4.596531312336058221e-04
4.435762796183253978e-04
4.390386204587574449e-04
3.965677727789741801e-04
3.642906863618167439e-04
5.061884239489506786e-04
3.348025015272257658e-04
3.332105528496346865e-04
3.543077910565335859e-04
6.152122016447269214e-04
5.884276880723941826e-04
5.074335336063735564e-04
4.123476860532413173e-04
3.711453503128144807e-04
4.270114484624679889e-04
4.884793038137105140e-04
5.016389098525667663e-04
5.677162740968560084e-04
3.472331567290534151e-04
3.115830658814388557e-04
4.697586168134582443e-04
3.870940214580610131e-04
5.415813847321764192e-04
4.529380380188271875e-04
3.738086873589504069e-04
3.563641270702639437e-04
5.554867382585485869e-04
4.635227063860266694e-04
3.141511038257865452e-04
4.543861186881302701e-04
5.306641555096452273e-04
4.460678943094928037e-04
4.127796426648959634e-04
2.546464382194669812e-04
4.156613478414783350e-04
3.352641952593937713e-04
5.617368711712337473e-04
4.345624717574250533e-04
4.935041416151607569e-04
4.278912773662466289e-04
5.251522225416863348e-04
4.541306784827644550e-04
3.509145355754927768e-04
4.476813571649326784e-04
5.197258297565431669e-04
4.324741847644378192e-04
5.087531413357662506e-04
5.019181578064803003e-04
5.566554093561455275e-04
3.885387343474739556e-04
3.947731521238671154e-04
3.471897770696833114e-04
4.814435480071119298e-04
3.356450252945193300e-04
5.227969180295930591e-04
2.951390857954627289e-04
3.996945768612626139e-04
3.525564149289403993e-04
3.931374232192741880e-04
4.992010567922393208e-04
5.167374558236723960e-04
5.224710008051197977e-04
3.770795420613619960e-04
3.316703305977198278e-04
3.860587303173309117e-04
4.758799691064657185e-04
5.164782092802730267e-04
3.363886174029380926e-04
3.634592499713619192e-04
5.633322238024120882e-04
3.588584443966489680e-04
3.435052492300710685e-04
2.864277743428259308e-04
3.838852425818787260e-04
3.230731535787773013e-04
4.625656395968982988e-04
3.698619173982671906e-04
3.768733074676015719e-04
3.759272592756610749e-04
3.918093623905438585e-04
3.184363267070328043e-04
4.626564616995541683e-04
3.932144520165758821e-04
3.378631983277140477e-04
3.662422119987879580e-04
3.287849754134678122e-04
3.781565048650023324e-04
4.784055519182003218e-04
5.093825166814493167e-04
3.793589748509837325e-04
4.221120520345781300e-04
4.202331092412575327e-04
4.069443239096522049e-04
5.049873469167976249e-04
3.989561945908173704e-04
2.967576745672357067e-04
3.316570512628674449e-04
4.745979014880178032e-04
6.293495645276694786e-04
3.299659039959480745e-04
3.617788633317985656e-04
4.386771118789641022e-04
4.038144354017598461e-04
5.079347551492256274e-04
3.762579749679390234e-04
5.275877771601792440e-04
4.891974765612072977e-04
3.890042288455148353e-04
3.956378988612159345e-04
5.073234764358514450e-04
4.236743879806405852e-04
4.331419781308808213e-04
4.361898498079566102e-04
4.766536802861660546e-04
4.350481527991552182e-04
3.665761595697777692e-04
5.581446307304945269e-04
3.230788740261703127e-04
4.390048743464879523e-04
4.835520318892143538e-04
4.368156313463259248e-04
4.689883880911740414e-04
3.315367590265600882e-04
4.831461042465479160e-04
6.687916133598786894e-04
4.170497748093177364e-04
2.994752359305837192e-04
2.911344915317850223e-04
4.354923830015906719e-04
4.378189277924707007e-04
4.040135672237060434e-04
5.336937133425990890e-04
4.094565837304506317e-04
4.297106293856515374e-04
3.627243191648469277e-04
4.126433417277444358e-04
3.866771350040654198e-04
4.723597974338008447e-04
3.973482651122411382e-04
3.969620453554166322e-04
3.081713546169365515e-04
3.449569401235593456e-04
4.122097179788469725e-04
3.989756082791405794e-04
3.537954842702998150e-04
4.394637228051565111e-04
3.816542905047101740e-04
3.412044342755040749e-04
3.577047839415393180e-04
5.191990335182801930e-04
4.114329816498196865e-04
4.405161828102006883e-04
3.958472016335575676e-04
4.119894444992496115e-04
4.188730582587635353e-04
6.128927654561011455e-04
3.660801638024962709e-04
3.986088373516876110e-04
4.572360935701924719e-04
2.594402566650906529e-04
5.041573118595087891e-04
3.585075749932570429e-04
5.223174482920611402e-04
4.151062345834026631e-04
4.594630581189574703e-04
4.213349391943384454e-04
4.284358969392878841e-04
3.129807050188473136e-04
5.084271592969318628e-04
3.424249743298336379e-04
5.371530841793272035e-04
3.852260392664256833e-04
4.501463978892954686e-04
4.644186750496959626e-04
2.798809381927180504e-04
4.409607972043508252e-04
4.243245632893017164e-04
4.531043347378124644e-04
4.954985672609215361e-04
4.310369290788028623e-04
3.336608351266946867e-04
3.551252831721786029e-04
4.100062311269620017e-04
5.484605163785334289e-04
6.145646435806054273e-04
5.015959046319419176e-04
3.787272816146045550e-04
4.000098821939518942e-04
3.328333215628553258e-04
4.415600355982501717e-04
5.038741118799788810e-04
3.695510780123411883e-04
5.775971339857486090e-04
4.251955671499956521e-04
5.280276064392037906e-04
4.579789449765197216e-04
4.929012305773626665e-04
4.525582952457057450e-04
5.860188033980863378e-04
4.338307024265234801e-04
3.746355980317293962e-04
4.874677224743540513e-04
4.259165268630694273e-04
3.972165556411838203e-04
4.527771129326548915e-04
4.007476072453920626e-04
4.123850162009583026e-04
3.429385905967570892e-04
3.612811822405832731e-04
3.407601581448592518e-04
4.723054000426339595e-04
4.332122749319105562e-04
6.374539822558084393e-04
3.804801048121948825e-04
4.347969597621400314e-04
3.532872340235975188e-04
4.634358718684611052e-04
3.931823108671830738e-04
5.020526503550508564e-04
4.820886168857734032e-04
4.386529017030154644e-04
3.823599816097044660e-04
2.852042951234051542e-04
3.684367475141455610e-04
3.384476115740905444e-04
3.983444884879471610e-04
4.389203135580979219e-04
3.031916069793866926e-04
3.930811799133184957e-04
4.108536789124306462e-04
3.113208665647519973e-04
3.873638973899214849e-04
4.413124698139129446e-04
2.825724073068468104e-04
5.558591957500227639e-04
4.703961615462660972e-04
3.615329601962220330e-04
4.230327191975407665e-04
4.096130154272316186e-04
6.320845947886680671e-04
4.364491230766035369e-04
3.871746835848760993e-04
2.799338257413069332e-04
4.080027252850953025e-04
4.522487981114040436e-04
4.711695057290094120e-04
4.452624517206439972e-04
3.514677517562672096e-04
3.729130400625056663e-04
4.290834060697129820e-04
4.773069717197110846e-04
4.733558596516220874e-04
2.796776551312370055e-04
4.765335658692492035e-04
4.370140576005080769e-04
3.186444661799573558e-04
3.788864337316848359e-04
4.714745214691561516e-04
2.540914369612311046e-04
4.496167981642457015e-04
4.182335124966245709e-04
3.376513056577137221e-04
3.051977584716521826e-04
4.743813349961384786e-04
3.845314334214705566e-04
5.522429631822544293e-04
3.780451927708497147e-04
5.242742436620039057e-04
5.387617338204018103e-04
3.314633318117938556e-04
3.844808377695911996e-04
3.417178168696549342e-04
2.685064880076632582e-04
3.436517318105552360e-04
5.361836542492411269e-04
5.618303933905833799e-04
3.102852844169533557e-04
4.048262876318975238e-04
3.445391815757536621e-04
3.585128828602943238e-04
4.516965707825172454e-04
5.179413334294556562e-04
2.854699583443590029e-04
5.516387528578738271e-04
3.916927321901477756e-04
4.755664388232014837e-04
5.269836808058296455e-04
3.902238759886861373e-04
4.538440280438555004e-04
3.414621759210296472e-04
3.783310021421511823e-04
5.318204620708914376e-04
3.689143996527015834e-04
4.279930316743696091e-04
4.563803267429112557e-04
4.562386742134049182e-04
4.336719129716775354e-04
4.354892906850132820e-04
4.485253472283459763e-04
3.127976243644388604e-04
3.519259755673955327e-04
4.797107771893597975e-04
6.792704967761039160e-04
4.985694209752720334e-04
4.221835455946556831e-04
5.570390590439321284e-04
4.542894773326808418e-04
4.265317631489210773e-04
3.740844551314736924e-04
3.594325665991124873e-04
2.604022017373904831e-04
4.924028951934774712e-04
4.263337584410499667e-04
3.678158948927348539e-04
3.545944452954732516e-04
3.327927052333761945e-04
4.487644148819481204e-04
2.738516751886719311e-04
4.678515983614251633e-04
4.833942298400297670e-04
3.384616611300298697e-04
4.036777291769514764e-04
4.252706877538140764e-04
5.151577795776923589e-04
4.428294420261458275e-04
3.762965599996566488e-04
3.220349899632578131e-04
4.545934795591214067e-04
3.243149145693158134e-04
4.338371992737576109e-04
3.938960838767631987e-04
3.542274350017576325e-04
4.766522062477953616e-04
4.698902620780554809e-04
4.594938915560333186e-04
3.405456728077195169e-04
3.599341890978889993e-04
5.706485009203689750e-04
3.767202941418360354e-04
4.246471160917976895e-04
2.477118093787462221e-04
4.855144560047165584e-04
5.216980231184458697e-04
2.815013573464650006e-04
4.062603564624503536e-04
3.804659689692392881e-04
4.235568226302492472e-04
4.500833045703966744e-04
4.853321475050697306e-04
3.584017592030818572e-04
5.588746691789772073e-04
3.455153359749827129e-04
3.922240025495090428e-04
4.870169020694033331e-04
3.982069300057005583e-04
5.161463183724492683e-04
3.655546080886993795e-04
3.299186002656211798e-04
5.997611545080419734e-04
4.459555384930013783e-04
3.707401735930796263e-04
4.136771711795015532e-04
4.553944992400324769e-04
4.061260339639103864e-04
4.348773137581626977e-04
3.808674252950701683e-04
4.171442963888210816e-04
2.881266626199772106e-04
4.021511300000892041e-04
4.537097213857977252e-04
4.251895440239572554e-04
5.829166057643320881e-04
5.327943679632615942e-04
3.931839923727062738e-04
5.988161237223896000e-04
3.780137283034760813e-04
3.814612832086530748e-04
4.198513393232774322e-04
5.391428018984750813e-04
4.961910685899520706e-04
3.649511588553393878e-04
3.814901360935731055e-04
3.989651840153994209e-04
5.720078637635789189e-04
3.610870320211122773e-04
5.688273179125948433e-04
4.057468809555788455e-04
2.988736458758298794e-04
4.036727407423431626e-04
4.958899618589076349e-04
4.371031990088094783e-04
3.820715556144261530e-04
3.136842882946877650e-04
4.816389785054169372e-04
4.046853247608710332e-04
4.309826989884843907e-04
5.560622009040050917e-04
4.565799896961241877e-04
4.270779417799468788e-04
4.544678622584515538e-04
3.845841849414035978e-04
4.077681075423478328e-04
3.908932686385110803e-04
3.207631390918828191e-04
4.092742946893288187e-04
4.875877123725239721e-04
3.765740424882442223e-04
5.479375875310523152e-04
4.634261537500857062e-04
3.300796835006736978e-04
4.267799153848424848e-04
4.089726501780772982e-04
3.339007882150322364e-04
3.200885085010549049e-04
4.761363941113969426e-04
3.724979057471423894e-04
4.464500750884565399e-04
4.170380935243081988e-04
4.041066465895476879e-04
3.531829352524689563e-04
5.237423255629230839e-04
3.946839355678148989e-04
3.855454370242649169e-04
3.388880001628124974e-04
3.523896789937003391e-04
5.306909165006410073e-04
3.144048279775099662e-04
5.328964445635579923e-04
3.825992237315076726e-04
4.127108059250814967e-04
4.458483795749474733e-04
5.386271913328390766e-04
3.411341663148939759e-04
3.959656547956774447e-04
3.667163348558719841e-04
5.082827825746467779e-04
4.459483261030158406e-04
3.533946714486222189e-04
4.639833117939117673e-04
2.976508693551480891e-04
3.741517423679198255e-04
4.309344396569214425e-04
5.720083961176356977e-04
4.465160219490333488e-04
4.816161676721119581e-04
3.631573268646157431e-04
4.117185282819762061e-04
5.246656299276803359e-04
3.722577602286073579e-04
5.020867958380073690e-04
4.990203580882454464e-04
2.534785176063733048e-04
3.763412901204205604e-04
4.334616103712110959e-04
4.179936963345716764e-04
2.926326587808430546e-04
4.476863681153034130e-04
4.939601008391594989e-04
3.595908492278754309e-04
3.031159903136225161e-04
4.471348496001063778e-04
3.708244033431203632e-04
3.184979226435143747e-04
4.984824892708784394e-04
4.659948466977097852e-04
4.144876428229462445e-04
4.224932866583756613e-04
4.023933021078988318e-04
3.915644658495470417e-04
4.264355733920580289e-04
3.731912523735171974e-04
4.383820037874230848e-04
5.515385936941414463e-04
5.297608690043630400e-04
3.878054516915895315e-04
3.697244187692060383e-04
3.046873509147103674e-04
3.453455388020851909e-04
2.922100611717654570e-04
5.978853214790113115e-04
5.213219911040313558e-04
4.282579565966578190e-04
3.333780454810390250e-04
3.288354272943452838e-04
3.294657553547334912e-04
4.815118671403906931e-04
3.251499691659749040e-04
3.130106558604176924e-04
5.218160988420494873e-04
4.067789222271019772e-04
3.128876070219976371e-04
3.654187257288161843e-04
4.257814998300590912e-04
4.600095352742260323e-04
3.741539592760721581e-04
5.378581835696531841e-04
4.575066140452835263e-04
4.694345795099866205e-04
4.475211691071507951e-04
4.519812514544219628e-04
3.343728281861461709e-04
5.092032459889980073e-04
3.859810166212535574e-04
4.026757774811641011e-04
7.551978238736700103e-04
3.333861914220202934e-04
5.315984813297364728e-04
4.350543827706193308e-04
4.099528822552591322e-04
3.752925272137093730e-04
3.963140772027995331e-04
5.025744805486046960e-04
5.482185718102762680e-04
5.513364086955731876e-04
3.825284372585684178e-04
5.537723596942342600e-04
5.925982670349313379e-04
4.827435255476400706e-04
4.422414709561082145e-04
4.799771950524721418e-04
6.582294253715706249e-04
4.239357000893012681e-04
4.329141020097033738e-04
3.851788005692791811e-04
4.415084270567432826e-04
5.035301843207677132e-04
4.096262344243759728e-04
3.100907889713809648e-04
3.214395499240517949e-04
4.114355302495734503e-04
4.560034168782674388e-04
3.998418415690684026e-04
5.732515699039280764e-04
4.664085707759665542e-04
3.646544993376346720e-04
4.034989557686448022e-04
4.071036192840896887e-04
5.240227649560077897e-04
4.125677716387859311e-04
3.578786688975631571e-04
4.088571959082091894e-04
5.071736784250882200e-04
4.965732832228973281e-04
3.832778930158330577e-04
3.876622827534290583e-04
4.725930409451251047e-04
3.969341579517635305e-04
3.829726716587109948e-04
3.857198436552988037e-04
3.503898778090240324e-04
4.585086856456987406e-04
4.395043532260978518e-04
5.343615613210456498e-04
3.486370830755489928e-04
3.801910926476533220e-04
3.008528490307682155e-04
3.483166698433049998e-04
3.419903193627463959e-04
4.087604534040351653e-04
6.702396907144159924e-04
3.711959529306432478e-04
4.170608208361408333e-04
4.057900181373231890e-04
4.476983456931026787e-04
4.624120565606201099e-04
3.987691260191514298e-04
5.390034749831009494e-04
3.794639287000195786e-04
2.776397534868967803e-04
4.882475236222503525e-04
4.528481035922750559e-04
4.095424527225413570e-04
4.461407475213968678e-04
5.527924665786670619e-04
4.558710001912369457e-04
3.822861924760224983e-04
3.827727438363891579e-04
5.031247551081950231e-04
4.639497799893105658e-04
3.418400852099844067e-04
2.966449708237534066e-04
3.049066249207728146e-04
6.107979212582555001e-04
4.269843066428046711e-04
3.546011865798395389e-04
2.406019462054416989e-04
4.698643864366859949e-04
4.003467324848232218e-04
5.405980771804446425e-04
4.240091100941373510e-04
4.880476495128876721e-04
4.014155673947963671e-04
3.947734781479551045e-04
4.489112649977255575e-04
4.005962437822466931e-04
2.966719977591101751e-04
4.586821865846937374e-04
3.897941696761594637e-04
3.155791201918216869e-04
4.871562375252323209e-04
4.510383031923827267e-04
4.458445166326462593e-04
3.363567132727651276e-04
4.027351094387915647e-04
4.243954476565277236e-04
3.890387893941232270e-04
5.451502449717880771e-04
4.191549370008834912e-04
2.544553255634206257e-04
4.420494384989162367e-04
4.325446994583051702e-04
5.791373842065476209e-04
3.169969570748844040e-04
3.870928268051627053e-04
4.561060850102741158e-04
4.001835091253019491e-04
2.959896309640612467e-04
3.675801857051224503e-04
4.335268514828458162e-04
6.223159586988994763e-04
4.390993358910478097e-04
3.732736833664853900e-04
4.248030256375656026e-04
3.865306703499068238e-04
4.512650132087040519e-04
3.599300676557807221e-04
4.097199786902961348e-04
2.852974539308965633e-04
4.212490094050129062e-04
4.033048504566753519e-04
3.124029436369404325e-04
3.716563502919746739e-04
4.459435487045414616e-04
4.216419952972507552e-04
4.863370701294489492e-04
3.332005855530624397e-04
4.004563029424007548e-04
3.940114731681521130e-04
3.661930182119463371e-04
4.706066982260093319e-04
5.059206907429082732e-04
4.911719070343758750e-04
4.165937911101447741e-04
5.873935971539591665e-04
4.200615608372674169e-04
4.241363047888826424e-04
5.443942100018419987e-04
4.558776222508062058e-04
3.831849388560899404e-04
4.832509575941086729e-04
3.984410079767784470e-04
3.160154748012339223e-04
4.963560970813504346e-04
4.696029630460845641e-04
5.490342806811693895e-04
3.480051604509638483e-04
3.588703223883545762e-04
4.815096962653212507e-04
3.936063441361846763e-04
3.306613586325238491e-04
3.649423088694929060e-04
4.149454135645212305e-04
5.285789188874772098e-04
3.254818570105960846e-04
4.582754422871784111e-04
4.573782807033394625e-04
3.478041311069753798e-04
4.363420976786455447e-04
4.506795704446714792e-04
3.357609862105155390e-04
3.237381260268440810e-04
4.391069056268074667e-04
4.917194498242586243e-04
6.344981609663799234e-04
4.482633609094563063e-04
3.600530139202898780e-04
3.227847490345277129e-04
4.524846387215708185e-04
4.773436605691474773e-04
4.435585983659168035e-04
5.520920346994288895e-04
2.946246254114106514e-04
3.955072901059079578e-04
4.237781172674730018e-04
3.888461073433263225e-04
4.639728082762958786e-04
5.565093224155297745e-04
3.596816761259296453e-04
4.087973911684688417e-04
4.871011311642924643e-04
4.667125380609233307e-04
3.123569978441077051e-04
3.988524217263889949e-04
4.784186745337274164e-04
3.964895323481714903e-04
3.459538064255575970e-04
3.793883223935791524e-04
4.711393530043500653e-04
5.735279111940238790e-04
4.842450007040008321e-04
2.871491732673253985e-04
3.509207943166790084e-04
6.215929908973094305e-04
3.938562470192328593e-04
4.168797390804470076e-04
5.501392262121915016e-04
3.756035209068445298e-04
3.867208307698231169e-04
3.896263930364378815e-04
4.749767134569573049e-04
3.660299351668183611e-04
3.604114890093555127e-04
3.955055454440357921e-04
5.656965588505519617e-04
3.461115998208860690e-04
4.276832903136945164e-04
5.625845943264689859e-04
3.711432162400264754e-04
3.640580414677332759e-04
4.334180920763254356e-04
6.096684913503968434e-04
4.822898829454137261e-04
2.995754995026796196e-04
4.765567339845883273e-04
4.267478039690348994e-04
6.657591189697209359e-04
2.973135351214838584e-04
5.024419788483083533e-04
4.269590788108680720e-04
3.774544916806114219e-04
3.948395896455769044e-04
4.745141845133156954e-04
5.995072843418322974e-04
4.991364960460946756e-04
3.307074990843586015e-04
3.837889585184023778e-04
4.318894163404840320e-04
5.586234105146926140e-04
5.056353357385461695e-04
5.820560838415236339e-04
4.044526183321591525e-04
3.433385274661861241e-04
4.879498504630419499e-04
4.915070477835006488e-04
4.912572303498995716e-04
4.882023984463257642e-04
4.443782275174266582e-04
3.823455246297125833e-04
3.218606350242749024e-04
3.605701668572252466e-04
3.622344713561615826e-04
5.306612478619416717e-04
4.048540700127755353e-04
3.934771446596162497e-04
4.453700167506403169e-04
4.553941933065274936e-04
3.908862594786892517e-04
3.302575120411402614e-04
2.746984069163157789e-04
5.117838755238048520e-04
4.420573405442785805e-04
3.744967774815562817e-04
4.766517524469432139e-04
3.474979514281943639e-04
4.558824801647299815e-04
3.672058044404297476e-04
4.189666116290157718e-04
5.705881371028533955e-04
3.752788687591454000e-04
4.288814211674649331e-04
3.266872913128614588e-04
4.361055525181641414e-04
4.158185390298595749e-04
2.972673417519508879e-04
4.719955973988660086e-04
4.344495908867663288e-04
3.531574192594760884e-04
3.547377479340593472e-04
4.258682717585672377e-04
4.055931360445197702e-04
6.337204708920657348e-04
3.773120374214246646e-04
3.245655113614005641e-04
4.185570462192030093e-04
3.115469597276906044e-04
3.838622409825458268e-04
2.563592593526642393e-04
4.447327411233419330e-04
3.888645221484254583e-04
5.065774825519118660e-04
4.162647696033811430e-04
4.770285275087380260e-04
5.074157355112296052e-04
4.626326798882576569e-04
3.359585122121241398e-04
4.885586259933651565e-04
5.304676069669289357e-04
3.376619155557423905e-04
4.159501145467499610e-04
4.348052697440974151e-04
5.082011714284826375e-04
4.023302562532555453e-04
3.415762420436782966e-04
3.707036989719665197e-04
4.235870924028407587e-04
5.115171397827154203e-04
5.548120496623605005e-04
4.266264288769147672e-04
5.198552262709874635e-04
3.849979282087776216e-04
5.304203147100080337e-04
5.364497226200518358e-04
4.306786711682364247e-04
4.620171093180051739e-04
6.002794328781780762e-04
3.459519675827743145e-04
4.564874277190773279e-04
5.181567208595467275e-04
5.073353933674658051e-04
5.103280453242826269e-04
3.178766526949792582e-04
4.196118079570389649e-04
2.909222886710149253e-04
4.286642620857152052e-04
4.189723513132570087e-04
4.499996328927176976e-04
5.338894944818688192e-04
4.148302316113430441e-04
5.092026340662577722e-04
4.710427750526853551e-04
4.036316355377566429e-04
3.177274893440857218e-04
5.059959567388759181e-04
4.446442266363681540e-04
4.826607309939747056e-04
4.186470500080780466e-04
4.783467108770260174e-04
3.300261979786385026e-04
5.700215630019494053e-04
3.253898876115078240e-04
6.072432979137464470e-04
4.346322203429676219e-04
3.445250317476835147e-04
5.678784357245372479e-04
4.628512853561614609e-04
3.845610813249608238e-04
4.186592557253650281e-04
5.023262269906789536e-04
4.382924505398840573e-04
4.114656978748751489e-04
2.845216414935921689e-04
3.836323166618917655e-04
4.727662530630750591e-04
3.805916726052401694e-04
5.125959416212035567e-04
3.997611142047394119e-04
5.263436094766968387e-04
4.347816050680206675e-04
4.445229061633577668e-04
5.604200265535134616e-04
3.958226995707033878e-04
3.637115656781815575e-04
6.105021203985724768e-04
3.789093876631279174e-04
4.045100053528390095e-04
2.999528813663549301e-04
5.507511585523014279e-04
4.563452148391317640e-04
3.840256283624387114e-04
3.000246551530676739e-04
5.408791347889034236e-04
4.418681072830326012e-04
4.548833915775431789e-04
3.010195659164760333e-04
4.493262155736271464e-04
4.577354564033051442e-04
3.832933567981218546e-04
3.771713279149251237e-04
4.018568631624183543e-04
3.624328629642603150e-04
3.752090556353475034e-04
3.463147337889744800e-04
5.927700873586537900e-04
3.320320774459296692e-04
5.093084105283296296e-04
6.118192145009675436e-04
4.938158998632332861e-04
3.772587495978145370e-04
3.293098007184613852e-04
3.832097745058690762e-04
3.947790999271440834e-04
2.264826214363652212e-04
5.563001743939305268e-04
5.667189055080507206e-04
3.798432919650807354e-04
3.471013603482897233e-04
4.000408356650969610e-04
3.652367692086474181e-04
5.552479904212514463e-04
4.790240016580471667e-04
5.651637636011526151e-04
3.220616800936393419e-04
4.214160537716378366e-04
3.027859268947525424e-04
4.523773768452224626e-04
4.656564986001518903e-04
3.584988684578130510e-04
4.569418288156104234e-04
4.274753776915544328e-04
3.753026607617671799e-04
3.028891424732562082e-04
4.673365280816848795e-04
5.541822029771809217e-04
4.606824435421218319e-04
6.256052764657535001e-04
4.816811169746432132e-04
4.447247681113839250e-04
3.728547171657072912e-04
2.799063041640636323e-04
3.807916145213122616e-04
3.993134384632327253e-04
4.309467027561171646e-04
3.769140696118638027e-04
5.023419005691024796e-04
3.415449044942399175e-04
2.777829041591634105e-04
4.146628848781624380e-04
3.958443675811956384e-04
3.451141177818146727e-04
3.428793264315297914e-04
5.120090217073866579e-04
4.379164434692493866e-04
4.054972712555088830e-04
5.826697652552881345e-04
3.695204913970276958e-04
2.792773430458954853e-04
4.190726196129537068e-04
4.282083768391262190e-04
3.885486593174815859e-04
4.234814158807797039e-04
4.203810888117619801e-04
4.157341699685939015e-04
4.186864830945976734e-04
6.464490076617472169e-04
2.374825286146258548e-04
3.488809271820425485e-04
3.391833403063404073e-04
5.107470034470855879e-04
6.417907618610915136e-04
4.439357265561940714e-04
3.188838237857917002e-04
2.663966471033573508e-04
3.424035695475400112e-04
4.816020714115476563e-04
3.077242265028385087e-04
5.563322889248905083e-04
4.327668385750452424e-04
3.729651280388505768e-04
4.713196999315454397e-04
3.627470225022753404e-04
5.166601883450168322e-04
4.304555109460184029e-04
3.996221657125517842e-04
3.474585858527805466e-04
5.009066831281242362e-04
4.251316016485215637e-04
3.625546611195604218e-04
3.160801136708989698e-04
5.337140118134952975e-04
4.904741826987295923e-04
4.640211272277685846e-04
3.450408367269027334e-04
4.272547387212838094e-04
4.825039750678663045e-04
3.521092389690560500e-04
6.397956000957681849e-04
3.212868894446493343e-04
2.816248072807781000e-04
3.686781979754172518e-04
4.078596145984291692e-04
4.292264806882032714e-04
4.086299817071280044e-04
3.957642870741018499e-04
3.708925925836347218e-04
3.905348286429034788e-04
5.432615759742757218e-04
4.895598052340610499e-04
4.391284947365430751e-04
3.978772355452637804e-04
4.785272688921379607e-04
3.788384611135969522e-04
5.116258861176535729e-04
3.740550261903560726e-04
4.106574599741815552e-04
3.956247766857190679e-04
4.353193128073044025e-04
4.269368678626919147e-04
5.716403945089244387e-04
4.054388130505941256e-04
3.779435972889378151e-04
4.346553820044103005e-04
4.216646939267625484e-04
4.997865572705602116e-04
3.691202791835357898e-04
5.065760047410495766e-04
3.884064874077233342e-04
3.832434152588656676e-04
3.915952527606718294e-04
3.900933143423525968e-04
6.165047003084228290e-04
4.801550043657947398e-04
4.368648347704109686e-04
4.306972861137118376e-04
5.451977167360967744e-04
3.639986227024286092e-04
5.513281010471548192e-04
4.569779941106128516e-04
3.883320580197343838e-04
4.570622804858510122e-04
3.321180339555591834e-04
4.396364606403905541e-04
2.682437893817050619e-04
4.188708491146936569e-04
5.450376089585802367e-04
4.112060989620274355e-04
4.085663054876085350e-04
3.322107669726924884e-04
5.060425026904733989e-04
4.886392207548505111e-04
4.478251384052193084e-04
5.428379281038511577e-04
4.255513861532987684e-04
3.469335638556608455e-04
4.360158836737005033e-04
2.802142680429032325e-04
3.464986069954851134e-04
5.208694202642036222e-04
5.182714114729649116e-04
4.585039415554069625e-04
3.619070244412779026e-04
3.791502908213188771e-04
3.701011500400940230e-04
4.679146073058127820e-04
5.896674069086713533e-04
4.247434166194633703e-04
2.561404617656490171e-04
3.353266920503730026e-04
4.074952512394269550e-04
2.571290206290398014e-04
3.831181618125342378e-04
3.097876282503211854e-04
4.962854398760977413e-04
5.627673654513025078e-04
4.534407142156175242e-04
3.691177363650434006e-04
5.656102082755232663e-04
4.750457129797883301e-04
4.350605770589981050e-04
4.371662028122638450e-04
4.089157315927393352e-04
2.886811453221272122e-04
4.903057030710167860e-04
5.093321933441856408e-04
4.447375758951116085e-04
3.724263772221598416e-04
3.196042844711831257e-04
3.898419419807347712e-04
4.600166390144003084e-04
6.530827457206566993e-04
4.721181243756428095e-04
3.857183961795169905e-04
3.071192378959635740e-04
4.399501235262314944e-04
4.607223728844166469e-04
3.983825002778390882e-04
3.547795305520216403e-04
5.532925283003509902e-04
4.523447280772067915e-04
3.788744285616727674e-04
3.546137023889838228e-04
5.568334794959649194e-04
3.861672764575645005e-04
4.855188447359782655e-04
4.540780439481762734e-04
5.039886405768163359e-04
4.007182028367635472e-04
4.040082383296150206e-04
4.019958053304960180e-04
3.822988588540177893e-04
5.434409681633168383e-04
4.467957710964635303e-04
3.376285905040780628e-04
6.599356344857789693e-04
3.454884602447486400e-04
5.187301735491193187e-04
4.822275252613526992e-04
4.017873243504309745e-04
3.993374510187721769e-04
4.671976344658685483e-04
5.401690422655323941e-04
3.800630149686188295e-04
4.478886447856094723e-04
2.672234873804298235e-04
4.263993403205080970e-04
3.137730635538245761e-04
5.594466021771127631e-04
3.571615814937668118e-04
4.478115550439771414e-04
4.337325556065457842e-04
6.178108700714798115e-04
3.856868069239993463e-04
3.556706489124030748e-04
3.842672254483302913e-04
4.808104341755517659e-04
4.445246216955428802e-04
4.941975027243928611e-04
3.163195524257458456e-04
3.839218504619802577e-04
3.751261204133560841e-04
4.122589075942665422e-04
4.751713214087080603e-04
3.394659443517424242e-04
2.951707268717850192e-04
3.557958323601290683e-04
3.284535054815564408e-04
5.200440337627489952e-04
4.551638273425264304e-04
4.399390711907866952e-04
5.306839797908377652e-04
4.708935205258263324e-04
4.084760829294240806e-04
3.495346800087079575e-04
4.499698090073304068e-04
5.415125280315481347e-04
4.432429003754151170e-04
3.856470806109994591e-04
2.903318064462024153e-04
5.241688734264434617e-04
4.540338923159344207e-04
4.906122376479941363e-04
3.955000714234950662e-04
4.867224021622915662e-04
3.540770096366566578e-04
4.019166444462069485e-04
2.687266817904984629e-04
3.332451222174360127e-04
4.299343633463225734e-04
4.676849983712981799e-04
5.597862813707231043e-04
4.806230621850688441e-04
4.773533910312272228e-04
3.381645895689332345e-04
4.818131176948460461e-04
3.049442127031653832e-04
3.565963214244128958e-04
5.381904706542763170e-04
4.236435939981967897e-04
4.009773847347514425e-04
4.163007614486639234e-04
3.545313343190002698e-04
3.641947016705968185e-04
3.335623981234533963e-04
4.882731550533509152e-04
4.057047349638139878e-04
3.895151149138267725e-04
3.148516276223092651e-04
4.649325759026801856e-04
4.770059197852563322e-04
3.839633698911930023e-04
4.812513127838182457e-04
5.339670298213047058e-04
4.457482954575350538e-04
3.552747641915016781e-04
4.742964935942099117e-04
5.555629152042123329e-04
3.483038574588423215e-04
3.893981774439625194e-04
4.244743109723849838e-04
3.220058426288722672e-04
3.039708816580003283e-04
4.704635211752246251e-04
3.262443038177469503e-04
5.229401274059377464e-04
3.605476627661342534e-04
4.378426441200643877e-04
4.635396733381038151e-04
4.342017792158295005e-04
4.392475435995296792e-04
3.664403094216437382e-04
4.284293727628064896e-04
4.008230933094997965e-04
3.800178401649742304e-04
4.831966852648562254e-04
3.228754418773516861e-04
4.430815328861005976e-04
4.077541892101134782e-04
4.097980534163125064e-04
2.734705664180895647e-04
5.154403055717582567e-04
3.030887524843478044e-04
3.837782604278558592e-04
3.611236695866535166e-04
4.691185475957720345e-04
5.206767994871912665e-04
4.852036136371380877e-04
4.254308836589271430e-04
2.967375845061097882e-04
4.503831041258044422e-04
6.023541394868023573e-04
5.549955352921583313e-04
3.531612655171160000e-04
4.000739177718586493e-04
4.991710123400885544e-04
3.354163850795817219e-04
5.037778289354518128e-04
4.604074024698544525e-04
3.203658166171173246e-04
4.107784870422015889e-04
4.466524394321137086e-04
3.675491378732750262e-04
4.910161914445082933e-04
3.879269500655922504e-04
6.060827154785394539e-04
4.016253857769517968e-04
4.767676758692881186e-04
6.014442336519572893e-04
3.292853395254672190e-04
4.228690004059597503e-04
3.455027811165324310e-04
4.137044654813567830e-04
2.966933050472119371e-04
4.662105108984516879e-04
2.516262980849864558e-04
4.636051832438106051e-04
4.559570139382097972e-04
4.313271067360208589e-04
2.927927215778503662e-04
3.280893498173125368e-04
3.874014629698953847e-04
3.497578459495943024e-04
6.058209461291148021e-04
4.379608023961646906e-04
4.511552865723263746e-04
4.466511460825196736e-04
4.218869007256096640e-04
4.346216209633145663e-04
5.926165015394696967e-04
4.930254084700610691e-04
3.773799725547895300e-04
3.376257135749258535e-04
3.136259983615158472e-04
5.047610196805604049e-04
3.361175300099085005e-04
4.615851553525838580e-04
3.830627594276351296e-04
4.330513658404758584e-04
3.925767370361878898e-04
4.367906776768882356e-04
3.692249021884271834e-04
3.820127496472148967e-04
4.405130741257331280e-04
4.529688874874542308e-04
5.298179148342470118e-04
4.305222252784207779e-04
4.108392611315870311e-04
4.211780427770928201e-04
4.840760613602207289e-04
3.279247307915363345e-04
5.695722734075260715e-04
3.014563798547253873e-04
4.220203015927566836e-04
5.593422937346195258e-04
4.215341043000048779e-04
3.801683430838415654e-04
4.962774881394358198e-04
3.236008451899558967e-04
3.475874760709730667e-04
4.184471729853005769e-04
4.331745738265889846e-04
4.007606357762061007e-04
3.754058938100363345e-04
5.255048586119663448e-04
3.782637194997055764e-04
3.679849718556641607e-04
4.848723590091540180e-04
2.926413048561505290e-04
5.068819301586145612e-04
2.792952457455764371e-04
4.544289153352622777e-04
4.431401352515746588e-04
3.985968557895859824e-04
4.004281314485584544e-04
4.767272628931546515e-04
4.554868890661379396e-04
3.143520549097515520e-04
4.592758801216118578e-04
5.507127297471607792e-04
5.838710667113750519e-04
3.643946981409912876e-04
3.608894127995406235e-04
3.944912789651990460e-04
2.967287134691074251e-04
3.969243663197958368e-04
3.424342540260489698e-04
4.713569172239479217e-04
4.505695118025598617e-04
4.070767475326890462e-04
4.078495635947023247e-04
2.723807247813196143e-04
4.846613731012899351e-04
5.415846081511753712e-04
4.401084832596695133e-04
4.430269479231780587e-04
3.868897972173153442e-04
4.652075765457474839e-04
3.549221070626900677e-04
5.473825145970201726e-04
3.992126346852197709e-04
6.594912481182154318e-04
4.372667637339521765e-04
4.290581385136160069e-04
4.398719945475078699e-04
4.852312839498437573e-04
3.009713064813859264e-04
4.368098164450547093e-04
4.524913111766877853e-04
5.548062272642717736e-04
4.897764094028581126e-04
4.377929639774898445e-04
3.363297974600322655e-04
3.841179952268969420e-04
3.726327814626986075e-04
6.266305470366386257e-04
5.199551488656975516e-04
4.380964600641472210e-04
3.128552235361207242e-04
3.401854801654871879e-04
4.274152529616722252e-04
5.250813481897782754e-04
2.614971074063655605e-04
3.761278681697259141e-04
3.004199328751118057e-04
3.452226211521027444e-04
3.537757092331034192e-04
5.479982802853849153e-04
3.104802564985148874e-04
5.275327419177497194e-04
4.763582558988814259e-04
5.781393261069800449e-04
4.618758811784669368e-04
6.673441566244737522e-04
3.406618800158996933e-04
4.502547146076309116e-04
5.451473832526048400e-04
4.513107344791219048e-04
3.261460100186643150e-04
4.682171215017655644e-04
3.728790233660256455e-04
4.634481816296052753e-04
3.080757145187818088e-04
3.235895692978583071e-04
4.188779207719393882e-04
4.933693754527222015e-04
5.354730644455149655e-04
4.615087546319947102e-04
3.100242039672382256e-04
5.077760196200232015e-04
3.533050623868265461e-04
4.685351484332292080e-04
3.742856370401994801e-04
4.229238618798744523e-04
3.680391672413228050e-04
3.359584464345439798e-04
4.684103146007661698e-04
4.621202743839273089e-04
4.169789448337589519e-04
4.155900138965575399e-04
3.560820925077679087e-04
5.123414630434377191e-04
4.766643640137172965e-04
4.732939534516903313e-04
4.784142577134685979e-04
3.728679462862225912e-04
5.222404429844267970e-04
3.710938656611809951e-04
3.444682100909301765e-04
2.424630580549790634e-04
4.479875839223531296e-04
4.534654918878347810e-04
4.555588282841210911e-04
3.858047459652313798e-04
3.919320355425010179e-04
5.833191994914833402e-04
4.275379005763164518e-04
4.275635682051136558e-04
2.854850362353506389e-04
4.612488244521403325e-04
5.397705040522168124e-04
3.422725155096695304e-04
5.530463947869978690e-04
3.269771329547574434e-04
5.893263525772724333e-04
3.567600962158398942e-04
3.628560019164325584e-04
4.590961906227540557e-04
3.841793972214080648e-04
4.550117089157712578e-04
4.298520657711214494e-04
4.254646829840310566e-04
3.432103118693368218e-04
5.578963162591110215e-04
2.910186526230021734e-04
5.824005848640090646e-04
4.087333847260267981e-04
6.106885018379469218e-04
3.932265423068955629e-04
4.302396103498914081e-04
3.467837452965222278e-04
7.651748697789490352e-04
4.117563793148839657e-04
2.970399852359726397e-04
4.025525021188966230e-04
4.109493303544717768e-04
5.104239826732891779e-04
4.254951466579428611e-04
4.540418600529753154e-04
4.143214211380768781e-04
3.275516043217585778e-04
4.233988746637721429e-04
4.248829212405616615e-04
3.694643745079060357e-04
4.565668194021397196e-04
5.773385893195818975e-04
3.316571734916612087e-04
3.438511940839749639e-04
3.567603726144174224e-04
3.962453644050765197e-04
4.888209881562888357e-04
4.466065680159423323e-04
3.738198303766667395e-04
5.273625217591812941e-04
3.608787722591326420e-04
3.948055365634961338e-04
4.397538482604507345e-04
5.137104678329331049e-04
3.451843536840629471e-04
3.664181031251662578e-04
5.689011515019103214e-04
2.721493287386456388e-04
4.968694012375483296e-04
3.723737177695570139e-04
4.755582795522832347e-04
3.422319603349988299e-04
4.100523272850623837e-04
4.284696385753066807e-04
3.350321894476499776e-04
2.979423526439045167e-04
3.243300273979001446e-04
4.444142315053117918e-04
4.433128313460585768e-04
4.758574044844386675e-04
4.181719246298529940e-04
4.310663598728814634e-04
3.125597578193899367e-04
3.969626013747358149e-04
