7.711813344385134579e-06
9.494143050057247111e-06
6.045124064241741497e-06
1.148515474743739259e-05
6.957660592861326294e-06
7.983416792281682089e-06
7.324614850762534222e-06
1.040682848945732108e-05
2.029884472573734459e-05
8.318878282122670571e-06
7.476979630545803211e-06
7.180918724651413956e-06
1.575711794764607382e-05
1.063850443229014506e-05
8.184900956451598002e-06
7.026010444995224249e-06
5.296912498006447903e-06
5.603009731213332249e-06
1.047338539911068734e-05
9.543347404087107360e-06
5.819943688577779853e-06
5.272384878370754057e-06
7.790912393406252862e-06
8.312665133667342202e-06
1.219141819934403802e-05
1.548925372916278221e-05
1.011270787347277381e-05
1.599167934044844438e-05
7.511700380826006743e-06
5.189634851972972921e-06
6.086617521798253820e-06
1.071777482328069650e-05
8.603124472994364688e-06
7.619885557172183698e-06
6.453115247704856806e-06
5.760748238783474592e-06
9.101545667489142655e-06
7.498346297548086619e-06
3.070693935843577698e-05
4.637747003835174501e-06
7.504634043865137471e-06
8.083946445663496615e-06
1.207086449434581059e-05
1.088135386592859073e-05
5.822791581608074181e-06
8.847820375875832196e-06
8.997618597088861866e-06
9.795331972451642611e-06
8.659866198073178008e-06
9.547543402702704635e-06
5.635858580541938244e-06
6.337098686515239513e-06
7.827896600593995828e-06
1.151607250411039629e-05
1.285471750742273298e-05
7.171449288946597146e-06
7.390495178628637243e-06
8.387144595888637312e-06
1.158289702075944496e-05
5.698851476728732442e-06
7.473781925291016692e-06
7.135934458482126071e-06
1.003060185647678818e-05
8.145237396378748329e-06
7.656297702999809100e-06
5.547949497551609184e-06
1.342078223661155847e-05
8.629837046716436422e-06
6.795076166919907961e-06
1.060753475298789997e-05
7.283106851012524399e-06
8.310597852449065463e-06
7.701229580851713015e-06
8.060477188131940623e-06
1.279176485291591457e-05
7.422503661157688866e-06
6.455146034622480439e-06
1.186106701392221338e-05
6.361092531183911263e-06
8.940143385391399001e-06
1.433029865492885996e-05
8.645387091500545784e-06
6.820839799907500977e-06
7.055651332982825154e-06
1.615683916552481455e-05
1.253124416968003024e-05
8.253275963519902448e-06
8.878826173302015935e-06
1.431460191773746351e-05
1.096875285765477881e-05
6.215253277511130432e-06
1.555303082735699910e-05
2.079357780370067699e-05
8.004733552212294772e-06
8.701683673586424215e-06
8.127106483738615682e-06
6.279779101778338465e-06
7.140263572763569339e-06
1.392376039120946234e-05
8.072315859836434683e-06
5.463980404540273373e-06
8.634393127428065915e-06
1.084166122010701016e-05
5.204799665543062120e-06
5.597576422016738017e-06
9.750031086307434140e-06
7.769187267051261330e-06
1.132037653613235025e-05
1.336962970732063177e-05
9.148493624154717670e-06
8.890174039074279263e-06
6.377730775569184416e-06
5.882615998785687458e-06
1.890672353585920153e-05
7.423456168431872856e-06
6.252642800261577648e-06
5.817881888764760816e-06
6.757166319734132539e-06
1.094707278531032115e-05
1.173302053549007949e-05
6.878999745183911967e-06
5.817695922163930137e-06
5.978873215901688150e-06
1.126259351566408383e-05
7.139166012117924915e-06
1.120776761571989036e-05
5.995662825333807399e-06
8.018963187922125999e-06
8.595359451345248387e-06
1.494233526897250192e-05
1.223427927229055527e-05
7.351436009289383835e-06
8.950941915497991671e-06
5.258555820475510079e-06
5.971935971705914388e-06
1.029389547644822604e-05
8.408530525868385510e-06
1.280991107871266018e-05
6.973771750290610498e-06
5.220675411309891771e-06
7.498255652872521354e-06
1.215234378322005302e-05
7.340382460766926036e-06
6.066611071439936736e-06
8.102161819870384586e-06
7.665037475662171373e-06
9.292582281686302697e-06
1.048374938993840197e-05
1.814214006937362104e-05
7.886327289667746125e-06
6.704198593382017356e-06
1.052242845219624623e-05
2.622690580784562347e-05
7.557571462226374948e-06
8.926054387643660970e-06
9.742666703598504944e-06
2.851358711664817196e-05
6.563237619049741472e-06
8.893993655370425566e-06
3.308652556356660618e-05
9.718886543728986435e-06
5.738840427041591240e-06
7.766247033280351925e-06
1.197415516074501676e-05
9.419311748235772910e-06
8.666821517009802491e-06
7.984126962370160707e-06
5.950150578206565381e-06
1.212049378417127063e-05
1.073499638289829488e-05
8.925354029017422750e-06
5.480882828959471782e-06
1.014053939108105004e-05
6.987517229826052938e-06
7.884467930343745440e-06
8.870393051584507909e-06
1.379705136532171844e-05
4.256652635135121563e-05
6.458317899037411208e-06
6.682443438186950322e-06
1.180557337324653568e-05
2.213792345144612790e-05
1.005916336768173613e-05
7.393296749453003353e-06
8.397579836333919856e-06
6.432168187137088807e-06
9.659514972763132753e-06
1.685384473612408436e-05
7.300058484729304217e-06
6.768924668017931494e-06
4.598296969674141663e-06
9.375172624372554150e-06
1.050764880060185077e-05
8.890883966861712389e-06
5.948305920700543424e-06
7.378794950820587814e-06
6.626750864712771741e-06
5.722087397598366675e-06
8.780604459282485090e-06
2.156774181826255063e-05
7.982830616196322893e-06
7.064216214552240713e-06
1.686637835634069766e-05
9.351559951317959708e-06
7.506343980090606590e-06
7.452717409165245718e-06
6.098794091091080404e-06
6.392622164377175234e-06
8.889890853998258784e-06
9.302077644812757821e-06
5.223998788359409344e-06
7.804137238490022258e-06
8.668059889694437994e-06
9.680640610086030428e-06
1.301759829780702648e-05
7.836659115186538568e-06
6.023644021369397566e-06
6.564584529215446114e-06
6.708790686160197994e-06
5.205311455242064757e-06
5.837508853456396010e-06
7.672661116363978755e-06
7.973580565264667196e-06
8.610408509723004478e-06
1.184958309759634677e-05
5.417910805175740234e-06
6.024084474949598325e-06
6.356894572415630884e-06
1.170101158934840485e-05
1.096886921269764666e-05
4.630478368513408115e-06
8.236000481116823580e-06
5.950284850347151702e-06
1.014322864170722059e-05
1.002146675720886997e-05
9.688864700893879753e-06
7.037109718360938344e-06
9.391793225865876788e-06
7.147064004215619028e-06
6.483079824508793526e-06
6.753837823185646027e-06
1.381422948260173795e-05
7.907640375722497006e-06
1.642076324500651532e-05
6.166861505234922682e-06
6.159520101863934673e-06
1.151064257191637097e-05
1.100299449116492575e-05
1.534628561060551763e-05
8.111027827846429194e-06
3.247893921812187171e-05
1.213899659210745425e-05
7.112679957955373256e-06
1.133213772868044608e-05
1.198297780559683311e-05
7.288903867188793002e-06
7.017520228440221917e-06
8.502866395042710482e-06
5.142816126359707330e-06
7.165788916085657150e-06
6.481773514643424637e-06
9.029755755881097270e-06
2.239363105558772978e-05
8.260420462279072411e-06
7.096000515217992163e-06
1.034100650974550119e-05
7.730487343804651941e-06
8.852224534198394580e-06
2.015182405540685240e-05
7.597422482170300543e-06
6.483383374953883276e-06
5.748118848592617966e-06
1.128240953157831314e-05
9.188058259531477234e-06
9.062233611808204409e-06
4.261647177199125083e-06
6.807821325307104102e-06
2.342862828838184811e-05
8.542768266186442593e-06
7.400134373905014634e-06
5.050437550026409652e-06
6.225863371788165194e-06
7.240824386497883781e-06
6.682010432668094990e-06
4.562042048910098369e-05
1.430938225880058459e-05
8.354759051885587176e-06
7.050876354949109840e-06
7.261563720287990954e-06
6.667487777825193188e-06
8.507765707469509833e-06
8.624531092127225084e-06
6.967868837584928932e-06
6.068935095694001591e-06
5.440578700900287894e-06
1.415868354126188731e-05
8.994212179998570985e-06
6.960602554411758444e-06
6.411218368232108469e-06
8.611964236713333195e-06
6.311520973428241437e-06
1.136448652070287176e-05
5.794660319638803795e-06
6.299361909960615815e-06
7.647875495696997809e-06
5.899100147624855980e-06
6.442996366446207351e-06
7.594522356477749535e-06
1.364381572379038772e-05
9.373260744571662123e-06
5.139005565138013024e-06
4.979834779137615969e-06
7.981151318516026592e-06
7.463032297763105647e-06
6.468638537807156886e-06
8.377389972877315308e-06
1.165667245758219376e-05
7.698269902668358899e-06
1.096511661609983764e-05
7.058042446178884930e-06
7.398817744950583774e-06
1.129609444910188856e-05
1.722544987406268694e-05
5.611492895550736306e-06
9.176097273680690783e-06
1.007579845448778156e-05
5.503173032130035331e-06
7.328724219385375110e-06
8.149501366410643845e-06
1.209958674406386834e-05
5.560366495851890110e-06
8.396013866518304398e-06
1.306476990274594224e-05
1.231355496100416712e-05
6.393253249241274348e-06
5.137739207882745956e-06
1.294111763915024056e-05
8.834388242112558800e-06
7.173830033306890867e-06
5.144676451143261513e-06
7.908443139699000658e-06
9.678291869707382825e-06
1.097388784346482725e-05
1.020879777432350323e-05
1.361879807392534628e-05
6.608462429320052564e-06
5.091481189518210237e-06
8.101689211537659892e-06
1.191823931539183075e-05
1.053809441715107037e-05
6.233113329830540421e-06
8.632433166300034275e-06
5.733415869402800477e-06
6.081815207500071892e-06
8.379745921482062998e-06
1.021208133782175535e-05
6.793506609040777851e-06
6.507493190495022172e-06
1.338111882136703131e-05
8.656687910475883475e-06
1.147462856377332389e-05
6.168313555075568072e-06
6.294637508370571782e-06
1.025624452332879870e-05
9.836890586367666664e-06
1.303777709563717667e-05
2.084043665543648292e-05
8.107578807606678862e-06
1.069774238825205001e-05
4.966980912879659225e-06
6.318530050050479031e-06
1.297433632480701876e-05
9.123218769475034670e-06
1.400994057625157992e-05
7.195827739456805430e-06
6.328315349387512201e-06
8.477930313788147135e-06
1.414183199482692743e-05
9.090188977956404330e-06
5.702029778523862794e-06
7.705633057659055503e-06
7.599120863992531809e-06
9.275291772309561913e-06
1.092189814247639740e-05
8.840380576121572884e-06
8.005394609247341108e-06
1.665301442376486733e-05
1.091321795221944069e-05
6.865020595601788726e-06
1.062676003952207981e-05
7.297081863228700530e-06
5.282437715721658666e-06
8.590887502035240772e-06
9.814222014814575926e-06
2.468353725357717122e-05
7.676933618496510289e-06
8.173854357271660535e-06
8.589971733815651836e-06
9.662410609161387585e-06
7.418691804541280450e-06
6.806127804739574537e-06
7.100742992966466011e-06
3.319115950511401309e-05
9.703085455120922183e-06
9.659821606067129962e-06
5.340405847446847438e-06
7.255476210627527032e-06
9.913899777141511676e-06
6.979529679685073078e-06
7.603221603283383359e-06
7.657256522524023690e-06
7.713936634610146279e-06
1.152255171629144306e-05
9.967748711786162267e-06
7.162118695664067217e-06
7.611634701191018303e-06
1.168094077145448403e-05
9.647845103916108492e-06
6.418905334606363509e-06
8.225578401057916266e-06
5.595161804168398787e-06
6.398449471513511188e-06
8.597267629492010983e-06
1.390275662577307405e-05
5.515574598444699648e-06
8.378604557328579364e-06
7.547688761968497428e-06
1.486429493089637109e-05
2.297196713974669676e-05
1.084713312606711039e-05
8.983912455849735453e-06
6.340102759542674558e-06
5.468673479632696216e-06
7.640544791208832062e-06
1.126658370806022111e-05
6.403235773082849155e-06
5.894671443767551117e-06
7.072364375928242532e-06
9.761615092225107437e-06
9.060811652028152887e-06
1.123273332090654019e-05
4.946759507753614085e-06
6.424780343975567063e-06
6.597329099038219949e-06
8.556785944733821711e-06
1.165847146439588212e-05
5.846566044738403643e-06
9.065655817982033485e-06
1.208805765921642811e-05
1.435214147074897879e-05
7.991722478354718425e-06
6.940415346394751286e-06
5.247475234692369705e-06
5.614372189697729626e-06
8.440473485470798882e-06
1.316211476553575240e-05
5.666255467913645092e-06
5.436793698470670787e-06
6.686375241204366522e-06
1.003574538761925044e-05
8.284791664160195219e-06
7.251363867678470898e-06
5.540597543929034236e-06
8.662996834834526565e-06
9.470272818160934628e-06
3.175201343072291387e-05
5.010626204725991638e-06
8.263030434816554572e-06
1.229562469928889031e-05
6.186991876231178139e-06
8.678232679836209393e-06
9.023814981815001475e-06
1.452146930869813710e-05
7.190961378056057204e-06
6.907002427579846269e-06
2.017736654944504279e-05
9.158336011512792395e-06
5.734072425365327959e-06
7.473054503785032989e-06
8.483997802792101877e-06
1.049054063392878019e-05
8.890799251089649544e-06
8.968736981397393548e-06
6.763137327954054794e-06
8.565145857535014137e-06
1.011408338456979413e-05
8.692623352682562452e-06
6.985333591539199409e-06
7.593578633765957829e-06
5.537140524280393248e-06
9.649424727743259459e-06
6.859340698187911455e-06
1.243964761915899775e-05
1.244977769294308455e-05
6.091871161789683692e-06
6.768493874856885726e-06
1.251449951900875816e-05
1.278643147344056155e-05
8.177250708514990061e-06
7.786712605004086308e-06
5.936267953646790471e-06
9.274539744524505733e-06
1.173845856527822308e-05
8.165542172675768905e-06
7.315102809157770880e-06
6.805196777857076361e-06
8.954160141563136203e-06
8.822190897112365180e-06
8.489812802255730336e-06
6.831719179992798389e-06
6.237719378814306348e-06
9.864755794480222287e-06
7.757595666911644842e-06
9.735191910802591740e-06
1.419877758394971537e-05
8.461626325729396274e-06
6.698282588544971510e-06
6.944814565652222341e-06
4.311835974976032045e-06
1.070661063783956599e-05
1.086669037796636528e-05
8.198873999213666380e-06
6.829510001709456762e-06
4.690181666524939130e-06
2.344630391490144962e-05
8.847160831188775350e-06
7.907451536660260968e-06
5.638163303259824863e-06
7.335200585394627981e-06
9.553995502879545794e-06
1.061958543814713963e-05
6.649951752462903680e-06
6.709995341607094836e-06
4.983717838996771372e-06
7.491852762255176896e-06
7.639159452294937228e-06
9.184926651198274471e-06
8.892387766566869670e-06
4.887271989213235168e-06
6.356314382002618496e-06
8.207877230278444716e-06
8.360918474902376979e-06
7.129511661078449588e-06
7.062740111401163775e-06
1.687803103211876581e-05
1.539966032597928284e-05
1.068745070418361606e-05
5.814637517395625186e-06
1.196475943849564876e-05
1.463386413583032078e-05
1.027585290293256780e-05
7.056321382090842115e-06
1.138329419313359524e-05
7.599103823694105182e-06
5.622012443118857413e-06
9.832148412392386448e-06
7.264289145068939127e-06
1.749732853326797858e-05
5.290472134347472745e-06
6.485300115734813018e-06
6.816054013488004265e-06
1.001308609707433198e-05
8.890514112722486275e-06
4.830379784751606947e-06
7.031587992700667563e-06
8.153916938232802145e-06
1.166769171524408591e-05
1.333930081264350565e-05
6.877500614713323410e-06
6.031409582201866375e-06
1.275464552985269803e-05
9.703148975466857241e-06
1.188658140572782326e-05
7.592753297826978443e-06
8.505028495799342046e-06
8.550914779867686239e-06
1.410282463198673407e-05
6.368550718805168825e-06
7.706035862370534841e-06
1.864053314999911215e-05
6.962749043040857035e-06
2.128789618015297674e-05
1.009823943084241347e-05
1.034814020630817051e-05
6.982276247493482205e-06
7.688139631532103985e-06
5.274883923752789850e-06
9.854639296587260527e-06
8.015432817151693737e-06
8.102703908815058866e-06
7.498702601920483725e-06
7.130567858628828840e-06
7.525424638535922609e-06
7.630336171263281186e-06
1.094306518437209756e-05
9.448789285547090164e-06
7.053465065967409148e-06
7.135585503922370974e-06
7.306927573178391327e-06
1.494071704353405347e-05
1.083209517609894477e-05
9.354122487199044149e-06
4.281216637449882790e-06
7.019722268224082344e-06
9.582193698281342984e-06
7.030518161657705822e-06
9.708834379659928869e-06
6.001748713953951860e-06
5.652160154352690066e-06
6.493961467138995650e-06
9.294108840775616603e-06
8.224739443217141382e-06
5.923749535688333214e-06
6.471349832002214688e-06
9.015070223126183736e-06
6.678331480666423422e-06
6.462538042351545880e-06
1.299481870914507946e-05
1.052623703387805393e-05
6.469736641079893320e-06
5.668288394577536333e-06
5.885103321667906092e-06
9.384869074585727489e-06
8.688144350548143851e-06
5.773705381271711463e-06
5.990048977236867187e-06
9.597386097262405378e-06
8.382816544496855446e-06
1.043833632660251437e-05
6.022256613552475524e-06
6.175639316883180611e-06
8.805759578454958492e-06
9.380075435814895802e-06
8.483480068233202864e-06
5.077004204385989794e-06
7.535833883828932812e-06
1.028374597346916997e-05
6.638922407699421094e-06
6.242962144388402817e-06
6.181010254535397580e-06
9.520566010466674606e-06
7.686234287415930194e-06
6.510601037284351742e-06
6.354436736513949894e-06
7.523230168760708837e-06
7.681964401567053225e-06
9.843858667935151464e-06
1.064910156396601745e-05
9.522125143780083573e-06
5.267261553610499982e-06
9.499953736471658004e-06
1.127732808164867659e-05
5.606206256674303907e-06
8.321278650178066347e-06
7.051113970936025393e-06
1.235859567987588440e-05
1.252105132834960852e-05
7.517260848156846223e-06
1.200235164720367680e-05
1.743852060669397958e-05
5.735331472788248635e-06
6.523443257707107111e-06
7.172606094679462753e-06
2.025401946747903352e-05
8.529036509686723679e-06
6.777574495915013734e-06
8.818402639368726223e-06
7.113885163243518849e-06
1.002124900496557539e-05
9.534516010597614136e-06
8.479265978794371539e-06
5.289248326113873707e-06
6.415856908331502245e-06
1.121636754976793172e-05
8.658099895442504724e-06
6.265238467054837392e-06
5.010964744291755392e-06
6.352187217796273269e-06
1.228533540758508646e-05
6.633861239485397975e-06
8.698938186954643484e-06
8.497562088932837678e-06
7.949188206708813101e-06
5.866624779616202146e-06
8.221625047709965329e-06
8.206596363976966909e-06
6.074797060593350580e-06
8.868635460533188161e-06
9.732126716988194687e-06
9.469242370282432200e-06
2.754371813362796635e-05
6.295811389369213670e-06
6.167789046966336607e-06
7.840242546681477695e-06
9.865432076546909180e-06
1.535564123304715089e-05
5.776414188702248427e-06
7.326910386435260035e-06
7.845011734824068890e-06
1.687691374690882806e-05
5.125811336811447982e-06
8.533391514519732463e-06
1.041069193283554218e-05
1.265972291209819165e-05
5.573773255677204505e-06
6.624816566730548801e-06
8.178769345580867687e-06
1.304747839152956170e-05
9.809493389613130205e-06
4.726534888650916771e-06
7.336248702301500544e-06
6.942579393762152969e-06
1.196291795556347540e-05
1.009406202926001609e-05
1.109475571207245130e-05
6.609930120753800045e-06
6.811180036858035170e-06
1.402360544567219013e-05
1.159124798177487629e-05
1.106577482724210092e-05
7.857554852182182465e-06
7.449450807366242178e-06
6.878673402840545275e-06
6.861415102969751088e-06
9.685805751328415724e-06
1.137740998489446967e-05
6.565131584631663227e-06
8.571828325590369232e-06
1.283003005375130260e-05
1.061708530932432757e-05
6.737847390608424038e-06
7.836628222443689997e-06
5.629889186488419137e-06
1.254587632827527144e-05
1.033298171211615929e-05
9.162600111216993994e-06
6.643967885753691305e-06
7.319761385382283540e-06
9.675827754447670736e-06
9.168417807773676583e-06
7.853654437515131213e-06
6.215351322886115104e-06
6.318675239592601005e-06
6.039682613670476014e-06
7.720310019058231437e-06
7.868015094815568008e-06
1.034497321109257855e-05
1.892559111772562218e-05
7.028848510759123996e-06
7.448387824858334487e-06
5.668083052620546425e-06
1.120675557263881551e-05
1.026978916459053569e-05
8.894764362523001396e-06
9.627982455760423369e-06
8.929088632303126873e-06
7.626286719524941829e-06
4.302121291967229580e-06
9.798874688808916446e-06
7.639478294764330039e-06
5.154279783298229258e-06
7.068563098300864557e-06
8.850962527224898849e-06
1.017550225319660635e-05
8.383649640927614736e-06
7.735742512573056279e-06
3.252735748105882885e-05
6.185399015039349365e-06
5.354572346686561500e-06
1.047322865761369658e-05
1.018440695902956971e-05
7.965585998606983646e-06
7.191110442183997617e-06
6.370812743053307397e-06
8.576736876966148564e-06
1.013658575503235979e-05
8.827799555041395953e-06
5.668649428477494042e-06
6.256807436706965294e-06
7.093836635247856844e-06
1.099171840983649280e-05
1.048697740118962887e-05
6.340421541006301500e-06
6.806515062978483751e-06
7.003066386646081746e-06
8.804944082007601909e-06
6.738020617035847541e-06
5.982518124336975113e-06
8.157999944626841097e-06
6.729714349755995097e-06
5.603171221538655874e-06
6.403762664369580465e-06
9.471905884339422682e-06
7.139356353728273162e-06
8.276962519105383393e-06
4.442541475064743836e-06
7.304106067138863603e-06
9.660321628944969192e-06
1.284070617908396152e-05
5.341686725937953518e-06
8.284087030012420659e-06
6.617804559059215756e-06
1.194133349766245873e-05
1.677509382338068948e-05
6.729276832932982140e-06
8.489941449587331510e-06
5.124587599999531532e-06
5.042234835199720234e-06
6.187252227177016821e-06
1.461606123971798348e-05
9.190226206417743198e-06
7.121496334002743500e-06
7.201506131343576791e-06
6.779459355718787185e-06
8.982035105242749807e-06
1.601413015854009366e-05
1.311632528304206325e-05
6.564228384255935477e-06
8.420577799291518184e-06
1.064022322611458786e-05
9.580814590939286285e-06
8.316143305544234501e-06
6.796135622698023627e-06
5.695101992322597086e-06
9.162377180566981362e-06
9.898160741947873220e-06
1.144665341553432122e-05
5.561336088627435478e-06
7.533567843044569700e-06
6.964626569610744124e-06
7.970268045773511092e-06
1.167264548777395708e-05
1.344080497335857812e-05
8.052512034452579670e-06
6.489547826633561091e-06
6.684170707150584705e-06
1.133660593497897330e-05
1.574563363110977228e-05
1.195026875894283589e-05
8.169744161363836542e-06
1.107823913000686387e-05
1.195996301538039491e-05
9.389206735106800909e-06
8.884963173612454566e-06
5.368802666460489768e-06
5.531729032476213125e-06
8.910117064430790474e-06
8.767001770985733265e-06
6.861620338621731035e-06
7.952952887227430687e-06
9.559288206057038240e-06
6.967848961454266798e-06
7.216278469852545842e-06
1.161177026316137223e-05
8.774639455661915058e-06
5.688427641839187128e-06
6.083927393765574686e-06
1.029283714963830447e-05
8.962787530501450549e-06
1.238241134160168962e-05
5.002038588458373079e-06
6.658170560784101771e-06
9.048814538982018327e-06
7.132089881520986996e-06
1.232670774562561483e-05
6.929799837889369625e-06
5.744818002897122570e-06
8.687097125503640563e-06
1.217216904563599760e-05
8.262520240630028006e-06
6.169494107799383830e-06
8.071785581447825104e-06
9.111150269521409791e-06
6.617381431286674525e-06
5.474825014134496102e-06
5.843263502683826194e-06
1.140118728836819744e-05
8.938347823183437671e-06
5.640444978275908833e-06
6.067911859330057284e-06
1.035902714753396677e-05
8.552413955088705066e-06
6.818277172711889897e-06
5.596384183987126495e-06
9.066058675805475418e-06
1.033373062521040836e-05
6.493855596546250762e-06
7.411392840139612377e-06
8.094495680366170398e-06
8.945102522107431476e-06
1.417978399458235074e-05
9.409644620764796372e-06
7.154728883472519165e-06
2.055992147721291460e-05
6.191875941079420173e-06
8.082416577225444806e-06
1.020357813834833565e-05
8.779101755910934864e-06
5.664575552452694412e-06
6.971446057298918315e-06
6.863886875459201523e-06
9.144772234349124917e-06
7.747256631851044751e-06
9.331721620213434540e-06
6.497881838079448778e-06
1.072929819818899968e-05
2.193857329575351004e-05
9.257480046171257063e-06
6.553430853717495157e-06
7.433335303567365853e-06
7.010402047333386400e-06
9.041811903924190091e-06
7.989985297536108408e-06
1.349901173702025633e-05
1.181425621372080131e-05
5.304124879156059787e-06
8.416546475041917054e-06
7.310332778237720028e-06
3.043935939815019481e-05
1.171431771937955654e-05
7.551353051012419489e-06
9.029290512678793133e-06
4.984852996941395462e-06
9.210445564369613468e-06
6.444517528560124186e-06
6.010352464970278380e-06
7.918014835205612129e-06
1.099966863166409684e-05
6.654876657970969049e-06
5.967973483516795049e-06
6.810995662153639312e-06
1.040178124965308881e-05
8.337409012939851744e-06
1.124842267211547921e-05
5.917618675862266812e-06
1.333242194008751629e-05
6.405877564026544613e-06
7.265248157412950170e-06
6.395861735259900876e-06
1.000606546974415720e-05
1.285833874982811113e-05
1.155475763661794437e-05
6.135671236851511025e-06
8.403332020067341002e-06
9.758183235906439049e-06
7.513879550608146683e-06
6.808460140191256598e-06
5.544984982662945800e-06
5.596281721655878123e-06
1.023220104326419606e-05
5.796424684421828618e-06
5.620509431410953097e-06
6.473271480230791296e-06
7.251044510449757137e-06
1.257035978656567273e-05
9.799477195844822524e-06
1.136099539375171364e-05
8.478728066221678455e-06
6.341584448739809482e-06
6.380915483249831221e-06
1.252655396722839570e-05
8.926849360691797359e-06
7.700323331974972854e-06
6.448593914238063823e-06
4.210399228018649668e-06
1.347483158978784849e-05
1.740920579842800424e-05
5.003564963069930090e-06
7.096927371153448543e-06
7.895378006715745258e-06
1.792590053086774946e-05
9.222571454168289787e-06
5.251225478902229108e-06
7.426083210897462549e-06
6.607276632673814048e-06
8.828561875391744622e-06
1.201544486623606564e-05
7.613470731391801713e-06
1.041336514404151212e-05
8.358880396394720064e-06
6.168895779348690818e-06
7.124885317984732720e-06
7.486068421633508542e-06
8.229824768871427942e-06
9.122401676710447871e-06
9.062807870769119294e-06
7.384691104314580117e-06
7.108851236387040227e-06
9.497275823915525482e-06
1.228025342354473546e-05
6.144192799520680687e-06
8.432524904072559246e-06
7.648726078071881837e-06
9.622245634698728606e-06
1.058429234184502431e-05
7.853280924501259373e-06
7.088033815441876863e-06
4.788878453364540625e-06
2.691783430659537072e-05
8.651085017541621904e-06
6.742832000558662364e-06
1.096104344144357177e-05
8.561634833766606267e-06
6.472368781156032157e-06
6.608983125036211761e-06
7.148745848698714228e-06
1.081476038932214567e-05
1.224251000851872296e-05
1.923964351437310242e-05
6.413155891011629807e-06
7.768986981587967669e-06
7.645990166954791894e-06
1.614074863450436526e-05
6.107473487876239105e-06
7.982472170657079741e-06
9.201748832381650631e-06
8.383860215237965110e-06
5.248065419963260070e-06
7.143568435962200255e-06
6.736883274649823272e-06
8.838399911018346886e-06
4.778937469863397168e-06
6.337965774190871957e-06
1.165167967419332970e-05
7.605114287586625463e-06
5.564354199859530937e-06
7.141359022420354225e-06
7.835819576517758498e-06
7.738594062296045390e-06
9.276182754517012106e-06
2.904329244208940405e-05
7.764908285716751933e-06
6.723564562082226015e-06
8.148239006806544361e-06
1.217845769737387327e-05
5.151796958440778725e-06
8.897687721105720075e-06
7.473445542166373070e-06
1.957570514015647838e-05
1.313938522510372598e-05
7.669109630645552154e-06
9.668417985238321149e-06
4.763689854257256250e-06
6.575854033385900187e-06
6.418176919664903543e-06
6.870019741693758747e-06
1.431279664251263439e-05
1.333483928971324865e-05
8.347390453755407593e-06
1.016278869313559630e-05
3.601410848457741170e-05
1.272876891667023971e-05
6.135838575020645200e-06
1.308133055522394238e-05
1.817535974830090991e-05
1.003613528765364191e-05
7.161969360877709115e-06
6.464504071274681509e-06
1.054417207962987893e-05
1.489359335071621784e-05
6.801427694343030228e-06
5.106572476801465170e-06
6.564351077342485573e-06
5.718702183324403415e-06
8.794190430596134827e-06
6.774179682880868597e-06
1.150341326865377995e-05
1.794885327035888818e-05
7.184216802932741179e-06
9.347790550651873505e-06
5.969830813617409799e-06
2.007007254793038010e-05
1.269197001269208674e-05
7.175391562355263022e-06
6.485585007603938444e-06
8.068297884307770962e-06
1.345032980872357654e-05
9.870919891758403718e-06
6.974516778196282494e-06
8.135202982518918290e-06
7.169122252125147780e-06
6.210189926466220004e-06
7.293190807923526068e-06
1.368381267483920995e-05
5.071017104125190224e-06
8.182637663604640230e-06
7.374955450771222311e-06
6.473516207322012247e-06
6.021852678711383553e-06
8.065519859786369553e-06
1.266718258987494933e-05
8.095930585595928494e-06
5.686166407550889567e-06
5.976865151846489797e-06
1.610724539249451228e-05
6.495073544368926507e-06
1.367195388591203768e-05
8.076065628110695239e-06
5.925973837394489879e-06
6.782437472726883910e-06
7.598402140058101900e-06
8.458077285103641300e-06
9.506320503544097845e-06
1.107085576210756175e-05
7.473929311369257077e-06
9.714517132553818739e-06
6.299763657843326334e-06
6.735297290113705527e-06
1.201211197771758120e-05
9.687387966845960140e-06
8.677044835991092292e-06
5.710059631342224568e-06
9.555525277183316070e-06
1.083284076772829167e-05
7.151404766869839704e-06
5.198432643297976875e-06
6.696692870647691739e-06
1.018868018984585344e-05
8.293504049199614385e-06
6.320272516560155709e-06
6.681445334931282668e-06
9.341938401154952968e-06
1.140276331361036487e-05
2.585183373455088074e-05
6.858421925376157241e-06
7.762892232141108511e-06
5.924991300580117847e-06
4.665694150632737236e-06
7.854125989210373386e-06
8.469374052503599273e-06
7.722635514118241827e-06
1.897759730682297845e-05
6.746702079793108024e-06
5.069450568117258752e-06
9.010382352731094137e-06
1.057704892293586630e-05
1.168887738961095051e-05
5.869890251386102829e-06
9.831579463408743967e-06
7.463786269717363709e-06
9.054212788605429371e-06
1.431162717556608346e-05
6.503310155097957400e-06
5.996433391657721494e-06
1.391899888366821786e-05
1.046063700249184623e-05
8.155127717370661325e-06
6.248629859287224407e-06
6.489971529077076683e-06
6.672361703513439553e-06
6.659588439798301276e-06
7.391753703285605518e-06
8.997966505658457173e-06
1.041384742098478570e-05
1.069455017242934591e-05
6.038927696288135613e-06
7.139331574166801921e-06
1.009153414570479446e-05
9.607904026134699355e-06
9.234942231162494663e-06
7.677174222193649346e-06
7.169631137611302527e-06
7.919136587514520812e-06
1.157039832371336623e-05
7.356041452012064692e-06
5.716570718402494293e-06
5.401144145224184413e-06
7.280218811354157955e-06
8.651300576796383814e-06
7.424132311466606515e-06
8.695738661939630566e-06
7.090287262425847791e-06
9.713755731824350777e-06
5.796000814759455518e-06
1.420731755680875813e-05
1.395904842734197696e-05
9.689619923674509176e-06
6.358007279790533081e-06
7.363984217589058852e-06
1.085575884113179280e-05
1.038253891563502816e-05
9.364960046815200845e-06
7.097171297666873232e-06
6.107505588337574728e-06
7.951478530573157400e-06
7.617243962737834849e-06
6.915038528052038178e-06
5.877699408721538279e-06
7.443756249192576114e-06
9.370209790623532954e-06
7.272382854699555073e-06
1.097386060875026739e-05
8.919559380446836713e-06
7.766095510880772893e-06
6.732181843147876697e-06
6.493277642956721328e-06
6.551314540526241323e-06
1.200709875736094385e-05
7.636310088550940948e-06
1.097974631222226013e-05
6.198945314139474040e-06
7.631438578049405181e-06
9.989020131107102088e-06
1.628466937267970284e-05
5.896272297421142635e-06
7.557728604405622556e-06
9.037633300931578452e-06
9.954332402536485408e-06
1.151566552925397639e-05
8.738441645605378081e-06
6.833579718295923248e-06
8.042387651009781174e-06
1.289674024176933830e-05
1.035606088019317710e-05
9.556144325791473976e-06
9.596721139904824819e-06
6.249579316696649225e-06
6.269994651558698989e-06
6.268244929021740164e-06
7.978425279424591817e-06
1.175787339507333850e-05
1.295108797632278221e-05
6.780210598108762857e-06
6.928922871683380584e-06
8.962867226839109480e-06
1.226586613726658418e-05
6.049865959740584789e-06
6.991061940912129412e-06
8.296365846174062598e-06
1.787399168175197816e-05
8.302590162935811766e-06
8.213952070395385272e-06
9.173334204636192786e-06
2.879119601083654866e-05
8.384423733892969392e-06
1.061359577057498547e-05
4.930192481839141113e-06
7.068534742517999812e-06
6.643909439679271372e-06
8.774003525370766815e-06
1.802606976181125341e-05
8.577008873419002317e-06
8.516969870027449072e-06
7.816218416641123167e-06
1.035156302587066278e-05
1.444818640707480353e-05
6.750013748689311244e-06
6.805650619933088563e-06
7.241468201292141019e-06
4.975176594796921457e-06
8.715029538094384661e-06
2.879179795384414020e-05
7.474316172590515332e-06
5.456817620964298695e-06
5.803305722795455618e-06
8.198247312854655626e-06
9.860227644128191621e-06
1.465294293135741647e-05
8.089648526959168748e-06
5.151083870719813517e-06
1.466535181518288165e-05
7.481459418939300490e-06
6.448692104894376085e-06
6.383644754249824420e-06
7.337923034534365127e-06
6.953889729469038502e-06
5.873293233567481231e-06
2.278512260675726251e-05
1.264455345472257242e-05
5.894289395506061751e-06
6.016726817491075510e-06
7.897855877347254863e-06
9.756591149173221496e-06
1.764770976993783636e-05
1.057092459862893589e-05
1.698867240687872610e-05
8.549505239767783802e-06
5.428028060928849651e-06
8.945048454588135336e-06
1.068303351723909831e-05
1.134503323726710250e-05
8.730615887484062843e-06
8.454619785658343229e-06
5.200372095896297550e-06
5.561284676761170396e-06
7.919337700953897689e-06
9.801733817464256917e-06
6.778175672414272393e-06
5.964237829605816078e-06
6.343657082998991390e-06
1.038672377423753436e-05
7.451909919995117864e-06
6.552603528049944283e-06
6.437980217928268219e-06
8.382693261046068666e-06
7.599987482193893664e-06
1.355330500881641680e-05
1.101547819834583057e-05
7.761826550654010146e-06
1.025489351635694947e-05
5.957371706134770971e-06
5.482212974560819299e-06
9.915341076646176969e-06
7.389679050494394260e-06
1.162073225412373783e-05
7.033997023631417125e-06
7.536017750567861631e-06
1.086854234771685138e-05
1.098915249575928024e-05
5.974052303345716066e-06
7.393124520955628078e-06
7.559945906939620961e-06
7.981391227176804555e-06
1.052166248424041872e-05
7.098573167408129978e-06
2.128558764734761273e-05
1.128239429878650062e-05
6.236939768051448571e-06
9.800981087874570364e-06
4.585200040605198995e-06
9.204286651360258441e-06
8.680175629235272641e-06
1.356166269996395018e-05
5.428333994165371794e-06
6.993101542838743771e-06
7.667082425362558819e-06
9.317984916937635298e-06
1.088666450787571389e-05
8.229911573144387058e-06
6.783389513268164387e-06
7.031151185246984612e-06
2.785084358042675079e-05
9.830930299656461631e-06
8.694208255333713722e-06
6.321117259543628666e-06
6.581399817223281984e-06
1.322576045366142778e-05
7.636856437796201593e-06
7.578789383871870808e-06
9.285807147636329141e-06
9.854052662737261539e-06
2.163099374580315976e-05
7.283051929131120059e-06
7.103486468428926773e-06
9.144031474265423349e-06
1.661149930374774864e-05
1.167989976806803853e-05
6.998992931554956623e-06
8.976129639753799993e-06
7.888208960008238690e-06
6.480505456661854955e-06
6.691442577230840804e-06
3.310622282410066025e-05
9.321678554869156566e-06
9.746326733913480628e-06
6.814175616133918001e-06
8.197104809519679933e-06
7.754684610721669874e-06
1.685098742610230551e-05
9.878927475182356253e-06
1.010960672611297534e-05
7.446607515267647416e-06
7.969369497342256454e-06
9.649599040229272994e-06
8.118902887212522563e-06
8.006925890097961953e-06
5.645759301136793145e-06
6.986086352963404639e-06
1.035685113326806938e-05
8.885211235330642976e-06
1.328100711583712527e-05
6.737314420610432149e-06
5.503490304255595891e-06
8.337950197070330112e-06
9.235786862148296554e-06
2.548732702900308194e-05
7.881622794057942507e-06
8.520419369273802600e-06
1.243744538922398254e-05
1.120169811138395778e-05
8.863694810848097628e-06
9.013727034321240006e-06
7.754920939249143629e-06
6.543514338814273346e-06
6.863803145257614177e-06
6.276832050130504685e-06
9.801109127620576814e-06
9.346938778745014697e-06
5.606718352350744179e-06
6.269557602398541935e-06
6.944606106887601050e-06
1.006017649018345537e-05
8.877870048073327572e-06
1.547068308767853280e-05
6.464955332608340866e-06
6.767838853974583444e-06
7.151128389949977504e-06
1.776174203595652279e-05
1.376638250396548265e-05
6.407326148071865694e-06
6.823314096317500831e-06
8.362118012369848955e-06
1.420873010835376115e-05
5.724045259500003252e-06
8.486488205849539602e-06
9.551551733022825303e-06
1.051587054818885603e-05
6.272724450379706724e-06
5.167745376956749916e-06
9.304414643575474272e-06
1.031824934592240057e-05
1.119003594094689723e-05
5.513188880313093345e-06
7.475682070311312376e-06
6.785843890510411119e-06
7.185773415715017465e-06
1.183543489025760087e-05
2.046493307086337077e-05
8.320468235367047615e-06
7.792118929056885736e-06
1.543839651607107277e-05
1.365250090623524122e-05
6.839470737638068601e-06
6.327844962982637889e-06
7.550594252539662560e-06
8.985803822054726060e-06
4.797294486167605281e-06
1.115542946557098110e-05
1.965609499896080176e-05
1.061922459256323897e-05
6.916910914867981127e-06
7.581594889234073276e-06
6.931106859470309974e-06
9.847663862392960771e-06
1.242326464282239740e-05
9.255008745405584120e-06
6.834541325217722450e-06
1.111124433897172480e-05
6.444155396104620900e-06
8.614522312268743971e-06
7.882745949775880125e-06
8.612375155156414472e-06
1.847171940453349627e-05
7.914324980990342621e-06
7.955497843674333317e-06
4.714052292966602287e-06
1.151116221387895004e-05
1.120725277014215143e-05
9.135669136857766021e-06
1.394834164467188242e-05
1.671684713160747059e-05
7.012061290954561383e-06
8.475452290662378855e-06
4.428806147638955297e-06
8.881337886564380163e-06
2.837662947713203085e-05
8.721276098070574097e-06
6.116334234876339953e-06
7.771812594256679373e-06
1.099422398509740688e-05
7.700107432342833240e-06
7.757723426355909188e-06
7.320454800172723554e-06
5.794974692819089849e-06
7.643453114937539823e-06
9.962865439412869727e-06
5.808036378855658023e-06
6.695301457054887494e-06
9.865340629463759128e-06
8.410277706775651777e-06
4.387696495040588157e-06
9.341515525249900699e-06
8.411712010596394647e-06
9.205603871174972196e-06
6.607802316249225899e-06
6.025149416130204875e-06
1.226682770215810032e-05
8.423568773506053301e-06
9.606496085048607343e-06
4.905026320826718789e-06
5.516497723704053716e-06
7.559636682954581868e-06
9.937388987334976013e-06
1.022674149480213832e-05
5.850006994722861794e-06
5.263420729143749533e-06
5.999492190840194586e-06
1.006108685187503412e-05
1.265689927022103155e-05
4.231244363595660171e-06
8.065802562510213371e-06
6.458409888720629530e-06
5.958104730582195153e-06
5.555702943892341799e-06
7.984021038298516010e-06
1.100209899593245276e-05
5.422031018471122690e-06
5.482393295648795203e-06
1.096427676121637550e-05
7.158570256069941257e-06
9.424231641357377833e-06
7.215651028509608082e-06
5.839648869396277684e-06
1.917979752745155048e-05
1.537935630183279460e-05
7.435917331274653512e-06
6.581531991828926039e-06
7.885419991212291144e-06
8.739249594047553512e-06
1.093917205771354223e-05
8.663267239314553290e-06
6.786592735155726974e-06
6.894972196045569940e-06
5.661026102481513366e-06
6.000741819041209178e-06
9.127933942995386510e-06
7.893751765256505257e-06
8.584281063143266876e-06
4.867440018248268196e-06
7.634675907857097280e-06
8.398077410641620799e-06
8.342059342892894948e-06
1.036804905345733389e-05
1.688089202775371999e-05
8.325685480418313597e-06
7.258226783023481958e-06
1.383863899858977481e-05
1.297612550065296490e-05
7.666122371838996415e-06
9.444852838224846806e-06
6.508520380376726637e-06
8.172814170351196236e-06
1.409193086030075287e-05
8.731243292505634903e-06
5.772906765570457321e-06
7.112157973825087356e-06
6.277902098446559423e-06
7.195789085185207882e-06
7.528534918553968688e-06
8.426233490728025707e-06
2.708533117886696609e-05
8.066147748831129625e-06
7.381602357562887861e-06
5.667062727320738684e-06
1.806175928100278209e-05
1.062342814713327591e-05
9.823932794406236400e-06
6.023681776952078997e-06
6.840958149134064917e-06
7.775378568230638065e-06
8.573676136276084890e-06
7.018030641413092099e-06
6.581124397353465009e-06
6.686899306051755520e-06
8.964572121315125572e-06
8.939452017889811954e-06
5.344764146392444144e-06
4.817726722467813546e-06
1.064984464753937273e-05
6.115647085968553337e-06
8.017467415218978305e-06
6.529618361385445867e-06
1.127149118683656319e-05
1.474269130538141768e-05
6.719885203882834097e-06
6.794764502147005026e-06
1.382148760229803475e-05
8.318525705244185649e-06
7.460998625880578630e-06
5.463209433597724334e-06
7.689593653778428983e-06
7.532601338486678108e-06
2.327718913501770697e-05
8.254517592206885032e-06
4.463315645919677039e-06
7.175071797085238831e-06
8.370109614014340329e-06
5.288316040850832311e-06
8.170101322623832415e-06
8.357716404000702445e-06
4.669828696918623823e-06
5.660180597316759253e-06
4.887272947835943596e-06
5.727027083649506199e-06
7.682871277475804294e-06
7.772085876856645603e-06
9.036422553622811856e-06
2.317327074314138333e-05
8.889455599703523282e-06
6.580908183555287376e-06
8.278442193064955006e-06
1.291886458705709136e-05
1.274705826573865764e-05
5.852252760468608713e-06
6.871814579551415540e-06
5.887037378002862532e-06
1.174004592710876463e-05
9.132055208374574410e-06
1.110467667688529708e-05
9.836959354915716044e-06
6.072346912025735611e-06
6.271026289525625174e-06
6.729799146536972728e-06
1.334083715462123696e-05
9.794536748072850649e-06
6.056560882461844650e-06
7.918544432874741833e-06
7.530012619802549362e-06
9.912114465808812908e-06
6.992557250894412065e-06
8.838647311632310681e-06
1.182400133924851998e-05
1.373842530890817978e-05
7.546094802090942584e-06
4.998813170757568928e-06
1.413751725600208421e-05
1.084333028030185941e-05
1.151855524088767992e-05
6.463719897276928226e-06
8.812262182369840556e-06
5.757022504295244770e-06
8.272817397740332332e-06
5.966677625059390162e-06
7.597473590852937418e-06
1.107200332132324272e-05
9.465736133566025060e-06
7.439234112764111741e-06
1.032236019994647609e-05
9.399682595531275631e-06
1.087069856673507302e-05
6.969522388851469112e-06
6.925676683074264294e-06
6.017746725631769670e-06
9.071240812076261650e-06
1.673718318650916698e-05
8.303927857931849704e-06
6.321628475871765273e-06
5.225736589102794497e-06
8.961776792111390754e-06
6.066980989044300739e-06
1.107811162396699673e-05
8.584199811201704129e-06
7.988122585256594117e-06
5.789396317823678641e-06
2.101894962406397900e-05
1.044560212829781137e-05
5.823009064550127399e-06
6.695601087453781094e-06
1.596705163551752864e-05
8.494567829247364149e-06
1.116685232945794577e-05
6.692404579768981680e-06
6.171868843392876640e-06
4.919698925498166234e-06
1.202793631711106888e-05
9.078813110913019061e-06
4.540569805457159604e-06
5.868453656333567753e-06
6.761258611021608511e-06
7.317205290521386400e-06
9.575569945548827362e-06
9.641343544733962419e-06
1.209979026122825918e-05
2.014313742554846317e-05
8.273617656404729667e-06
6.127575953035412659e-06
5.928707265099171544e-06
1.519190444299889917e-05
8.718177109190999676e-06
6.953282871168059174e-06
6.833230210977865833e-06
6.265832992201553646e-06
1.068171779184200284e-05
8.604524060889791152e-06
1.054679895320570649e-05
6.814749055478503225e-06
4.877846041139103726e-06
7.064801919969725218e-06
1.113233509343623240e-05
7.771829925705345395e-06
6.359686386141593230e-06
7.540729816057534098e-06
9.035770776873698214e-06
1.029855764016593506e-05
1.065348075272634621e-05
2.009765310762339012e-05
9.112285205937129719e-06
5.536035175347813996e-06
4.660955330057344437e-06
7.694993013511265676e-06
1.047493203411704833e-05
8.159641827339750829e-06
1.397252234784304037e-05
7.073949388058193865e-06
5.484120441946549651e-06
7.795759715167427549e-06
7.684270404460475125e-06
8.339883065683908225e-06
6.854623199523144028e-06
5.062798417441524097e-06
5.948195674126076880e-06
1.126473496663020512e-05
9.837310167879645368e-06
5.612629015595324573e-06
7.393375423331613942e-06
8.004360457787219708e-06
9.620537661112943980e-06
6.347573119543334803e-06
1.117087332575600800e-05
1.909464324204586773e-05
7.093439264194856382e-06
5.743976162462088774e-06
6.147526157836590646e-06
1.120178809170969603e-05
8.346833137910258552e-06
7.200051472687938178e-06
6.554403041422240631e-06
6.340978703469243838e-06
8.694662735934839749e-06
9.951938180265573170e-06
1.005595669360192562e-05
6.173048293984713679e-06
6.401045669519188594e-06
6.569135896562173340e-06
1.690994169231681713e-05
9.446961045665002571e-06
5.859452499382150913e-06
7.922226323010789529e-06
7.844272097326589977e-06
9.682030571469287431e-06
7.259759907073113210e-06
5.669295722175832627e-06
8.060391710612165684e-06
1.212162499373476936e-05
5.856824933892169750e-06
4.303330163639814162e-06
6.934439319706870229e-06
1.049829558354396254e-05
8.708223834167230315e-06
9.166500579611614447e-06
6.976763155558483679e-06
5.276905867891226505e-06
8.238000318686752540e-06
1.400079665072542885e-05
1.454765479799203048e-05
5.767372478024393222e-06
9.783600585582874417e-06
1.904116265949268273e-05
9.906719176201453711e-06
7.393587394481000831e-06
8.969276941774519235e-06
5.873833090851968563e-06
6.126350939612781249e-06
5.887549160478326691e-06
6.682728630845660197e-06
1.424269434117568960e-05
9.619675091263285737e-06
6.758098277430068414e-06
8.286670523521023213e-06
9.797133160570331619e-06
1.420049497023004144e-05
1.476432229268278755e-05
6.363707820722418035e-06
9.808434417917860775e-06
8.193418049915547662e-06
7.256751315955479660e-06
7.562797567462754428e-06
5.652745453332639712e-06
7.450057552144559099e-06
1.023056880003059000e-05
7.544633743268047653e-06
5.415554326961056281e-06
5.181532988871084537e-06
6.327826348327638351e-06
7.655094005309306729e-06
1.474321062198662909e-05
7.904087489646282846e-06
8.138581124831040142e-06
6.999055449160307023e-06
1.161589941149139485e-05
9.984154139266442502e-06
8.976581254447607499e-06
1.519291723286639917e-05
7.811220842711239873e-06
6.252038869380335467e-06
5.815801860107846613e-06
1.517670317605893187e-05
8.434625821806931084e-06
7.429044079324045857e-06
6.211479941206358960e-06
6.236558855026144589e-06
9.858968457888314156e-06
8.721129007411702170e-06
5.544168297370025374e-06
1.020056406171145789e-05
8.910558652158088758e-06
6.847806063911113926e-06
1.343934191859640694e-05
1.178317672883982001e-05
8.749313112856333739e-06
6.069760660779745407e-06
7.626423701000792664e-06
7.423376726400806256e-06
8.881774096454574926e-06
5.949401517395386139e-06
5.257273678268390079e-06
8.228216718362897002e-06
1.213857990340759624e-05
8.067936068804750172e-06
1.266114212525225914e-05
6.462320976685815274e-06
4.479882464355358275e-06
7.375030522279812337e-06
5.464342556353835448e-06
1.074564259889388893e-05
7.105831278851440874e-06
8.003810240022862489e-06
7.605229487005854235e-06
6.251150657071990617e-06
7.711249346998936478e-06
8.181023048773366349e-06
1.553473557047016911e-05
5.351613839865296299e-06
6.663665727711933856e-06
7.265986418412724472e-06
1.270596646147505777e-05
8.001096036216117868e-06
6.995472693218113658e-06
7.252865655928231302e-06
7.782735969472437255e-06
1.010307673425200032e-05
1.364172882701576142e-05
1.925733866363080874e-05
6.180132416329882257e-06
7.218839313898190365e-06
5.021737970706606758e-06
5.570021281490787451e-06
8.185150028639983781e-06
8.409956370239128276e-06
7.873332110422403768e-06
1.098231893660946895e-05
7.109838600947369440e-06
5.664479482028908855e-06
7.728518259683293061e-06
9.537642670743584763e-06
1.140445231096523199e-05
5.715747348345600865e-06
6.483842461267156147e-06
7.384337334088232753e-06
1.430165886480485968e-05
9.362481961875543054e-06
7.264897432966070404e-06
6.604626340824745485e-06
9.458950535113854160e-06
1.333691977307910165e-05
9.809180681655977620e-06
6.109400312260020242e-06
8.730892581450487488e-06
5.982981317203118530e-06
9.319764749613678796e-06
7.852180849174876154e-06
8.336671565013515500e-06
1.552483811476305215e-05
1.470720519861323829e-05
1.009643784742264845e-05
7.224533664866344627e-06
1.337864307435756679e-05
1.321449765871956300e-05
8.538992660698863969e-06
8.580494608818131522e-06
6.189194579436569988e-06
4.678852663196545654e-06
9.016229948298185211e-06
8.998917880610186437e-06
7.808643115467606965e-06
5.297002373918577046e-06
6.264613580248062752e-06
7.633820375480750045e-06
5.398142902791616685e-06
1.618716092211252506e-05
6.510544732561473389e-06
1.021664573368891342e-05
7.309215798623555338e-06
9.826591758345665708e-06
1.751022772995275767e-05
8.898743544723980672e-06
7.178738165821653126e-06
7.303815444129399497e-06
1.101656865668216679e-05
7.811695908074345858e-06
7.178356271924207009e-06
5.791084849472497755e-06
1.046410860614453981e-05
1.133629242505326920e-05
5.430225920850832860e-06
5.391827808014493432e-06
7.606880703208165072e-06
7.493732743419990924e-06
1.003393694520843390e-05
1.157492613639682887e-05
8.982754294769372099e-06
1.764196993637309009e-05
6.011591946469033878e-06
1.078978301678253120e-05
7.400552884509665340e-06
6.265059345591319383e-06
6.804377606130725028e-06
7.987441243900499113e-06
7.086621006188206712e-06
9.127193499857297153e-06
1.163404593846144862e-05
1.415537896192496702e-05
6.322411348232123343e-06
1.067866478794441822e-05
6.917048135893287537e-06
9.294760672520900691e-06
1.417449446106110549e-05
1.071385794968290153e-05
1.024038521331263379e-05
1.038371200995370578e-05
6.976051398876600423e-06
5.926951304109355900e-06
7.603792786083612982e-06
1.174290080819346001e-05
1.374922760750677250e-05
6.837958896619721047e-06
8.421103949327537019e-06
9.630215748227843907e-06
5.769327338553364756e-06
7.416939067688138491e-06
6.724864226833201128e-06
9.045554467705124808e-06
1.507259456314985896e-05
8.196850012425203517e-06
7.758523367769245760e-06
5.081327392817893534e-06
1.538799468117461538e-05
9.357264151188622641e-06
6.835317515164223300e-06
1.045062884513777485e-05
7.730441192993465520e-06
7.843343530172544080e-06
8.152715930615094013e-06
7.336671012614515497e-06
1.036566464262051514e-05
2.360568847626469538e-05
7.096332250523634100e-06
8.900484800165020313e-06
6.036007600597312320e-06
1.005456507441991954e-05
9.155627096252934297e-06
7.045957978612129318e-06
7.395295720017310692e-06
3.216328034599483531e-05
1.067144237772158557e-05
8.909096034908524763e-06
1.542256210273697489e-05
6.745794437152455665e-06
7.935052453407060162e-06
1.303167095887211867e-05
1.368193841546761845e-05
9.289716839876776470e-06
7.830951754317939928e-06
7.283222122083037591e-06
6.674616984282143498e-06
7.641476055132550156e-06
1.334300382610281804e-05
7.630217629469853111e-06
5.127008253990625756e-06
5.935384303535794376e-06
9.301718837961322955e-06
8.242116376291319557e-06
1.007889402986682008e-05
6.312635055714451248e-06
5.747839004917777010e-06
1.019976003738654257e-05
8.315838865910499348e-06
1.043628949649472859e-05
1.445934915978153688e-05
9.440847240498496403e-06
6.080757906544776715e-06
5.878053262004104474e-06
1.885631480700110561e-05
6.679132592970132026e-06
9.821716152840861104e-06
6.285269790625919746e-06
6.057929001939278765e-06
6.023452499745153274e-06
1.091571228638672077e-05
8.913770488329351597e-06
6.191738373233939187e-06
5.465723111606310113e-06
6.739114182705561903e-06
8.912898656345763116e-06
7.293345301837666475e-06
1.373169599726592170e-05
6.695125557225850246e-06
6.438998234090356227e-06
8.693172003791685513e-06
9.143085419790958004e-06
