5.279998880625688221e-07
6.768399316836560998e-07
4.239667417107748738e-07
9.089638539369226861e-07
4.862886799369088816e-07
5.434254565210474177e-07
5.623081205320291434e-07
7.303794578364605418e-07
1.327472364783009234e-06
5.701493509682546163e-07
5.660600586380411463e-07
5.038478532392108881e-07
1.032659416383984000e-06
7.949452516888951116e-07
5.555371165177565957e-07
4.726373978221904335e-07
3.061751247475171111e-07
3.224778959267809938e-07
8.157661906048988929e-07
7.187813920388913608e-07
3.467423958561639615e-07
2.990876570009764546e-07
5.816909855230149879e-07
6.251677132441458597e-07
9.709366072647780636e-07
1.068535120227574186e-06
8.968295036792086300e-07
1.141971187060390080e-06
5.232470078496333110e-07
2.739224870247213207e-07
3.769860336893549572e-07
8.664770801288204329e-07
6.099040530283926108e-07
5.460407690041404243e-07
3.871154472167857904e-07
3.624615665582611984e-07
6.686904235217530654e-07
5.522677516472127953e-07
1.438554999946790138e-06
2.300504158112270334e-07
5.683744304873313297e-07
5.233554414678463418e-07
8.993316610202236366e-07
8.561159596019273655e-07
3.380647965113877025e-07
6.859605538134488622e-07
6.260627712005468845e-07
7.683841838996539515e-07
5.914623509701537174e-07
6.808585447968426279e-07
3.206736726392008187e-07
3.833036059031453319e-07
5.603942339851452759e-07
8.837553258376602654e-07
9.086172796843846969e-07
4.888312167671171168e-07
5.478966911518268871e-07
6.810647817471768326e-07
8.340612073352123125e-07
3.287594717381609708e-07
4.863093555881653398e-07
4.768157090359816447e-07
7.602698057079344657e-07
6.186569344974950121e-07
5.280743391300928852e-07
3.093499537918347107e-07
8.386070423784944820e-07
5.990523208237142948e-07
4.206333765014945313e-07
7.245222305619878000e-07
5.527335391023958278e-07
6.041591024860947944e-07
5.362243020715347992e-07
6.165403380839272495e-07
1.045899760464919859e-06
5.437828055446794283e-07
3.709515884727229598e-07
9.847738676025337585e-07
3.677979834629890430e-07
5.471651984936939937e-07
9.480783748964456544e-07
6.131639699670392689e-07
5.085481388039995506e-07
5.050335349176216272e-07
9.114885634596967380e-07
9.407853015937452110e-07
5.988627882968815597e-07
6.639414461778736425e-07
1.119932511196056734e-06
7.785076554304735436e-07
3.468376313700460730e-07
1.003001610768306832e-06
1.056049351861142516e-06
5.255843144496185920e-07
7.838534781916127607e-07
5.724597593873834822e-07
3.914918606255357814e-07
4.302272458741483450e-07
1.110773086346847085e-06
6.602674466169162462e-07
3.135217857302011444e-07
6.801248184586411155e-07
9.274428602796851410e-07
2.509677036032349041e-07
3.007687554262095581e-07
6.471012723310040374e-07
5.487285878555160620e-07
1.051108854154285058e-06
9.083908280049000154e-07
6.191483578516485401e-07
6.361900441120348595e-07
4.116468593710887852e-07
3.188719736839645526e-07
1.035694036617991064e-06
5.287228785009037296e-07
3.530347093360414895e-07
3.070431827664669092e-07
4.790047516546732110e-07
9.415104783914171062e-07
1.005536824768048088e-06
4.688035884323809990e-07
3.223832027134132621e-07
3.289368482226769486e-07
9.536537938351044612e-07
4.524696087017807549e-07
8.938877530918887489e-07
3.186619130630533712e-07
5.510637678510232853e-07
5.919054396708775529e-07
1.032461430183169731e-06
1.007522359123819904e-06
4.565105759840733201e-07
6.960514141661326316e-07
2.850780044330153870e-07
3.416686241316033499e-07
8.479736902795620933e-07
5.081232074737495108e-07
8.748285968004256426e-07
4.579427929267795108e-07
2.796549432678391006e-07
5.901797855208493694e-07
8.949797061968831504e-07
4.465614861861183778e-07
3.397639245796250824e-07
6.392800682283388798e-07
6.167411860268070739e-07
6.588905390245184695e-07
7.725180859177140086e-07
1.098859223195848809e-06
6.092516703832265598e-07
3.899349269186760265e-07
8.571920838101735678e-07
1.545436506012501920e-06
5.261821135543323008e-07
7.013291698020736003e-07
8.009589193960153153e-07
1.334823963894455265e-06
4.051398126310720967e-07
5.924406376189008863e-07
1.199398945056852207e-06
7.842800545429946164e-07
3.211741649502581796e-07
5.957399436227019005e-07
1.024385306426690884e-06
6.696989089263691012e-07
6.440736373919813121e-07
5.085768834123055568e-07
3.741905772979228416e-07
8.759869397193532238e-07
7.866558297049181713e-07
6.397051263640448646e-07
3.058288692674774468e-07
7.285658543051152572e-07
4.244881107282038443e-07
5.762040357438535450e-07
6.332608443649343896e-07
1.095808294024360213e-06
1.399439061218254581e-06
4.131922973428600149e-07
4.175277469100333885e-07
8.205864875263036370e-07
1.183703827248588504e-06
8.468515296043653438e-07
5.560988032734903774e-07
6.508125509934141914e-07
4.566143843767385812e-07
7.187995883994145667e-07
1.259536563272224677e-06
4.780198251339376559e-07
4.726864478122340364e-07
2.193389025560084058e-07
6.517475954450279412e-07
7.878608298509466679e-07
7.206703245306483186e-07
3.478298838256613639e-07
5.225379084859398909e-07
3.883599967103192919e-07
3.160233145755427918e-07
6.320490773932232786e-07
1.129208637628737539e-06
5.015927168964656171e-07
4.789909198380083156e-07
1.064281414917057206e-06
8.327971406379491054e-07
4.808805020321744637e-07
4.879648352619157686e-07
3.502421631512782873e-07
4.149543504484040456e-07
6.098485553646189086e-07
7.477951511475754257e-07
2.618428031552716983e-07
6.092313316606506205e-07
5.923104977694718253e-07
8.472882259671575506e-07
8.363198517075838511e-07
5.561185811320295869e-07
3.871237933816533356e-07
4.307249363528540669e-07
4.735858723976584126e-07
2.697231913830002314e-07
3.443864418225095261e-07
6.103208400926133167e-07
6.246777604375535366e-07
6.130163312768703455e-07
7.109262841375798499e-07
2.934309244471981031e-07
3.476171293152974796e-07
3.562973255799493425e-07
9.930569111280404032e-07
7.760791550198194629e-07
2.409506083630466117e-07
5.683977794767813176e-07
3.251604312320298625e-07
7.774912834372076010e-07
6.914830773952623001e-07
6.701695700230849303e-07
4.808334780598308226e-07
7.262069063594280440e-07
5.543681994728487167e-07
3.933366859407994870e-07
4.231949231388389544e-07
9.402095681606861679e-07
6.062702322728227839e-07
1.007271785674848417e-06
3.567184242630581333e-07
3.771387608371734864e-07
8.201494130877355504e-07
7.513215745393751481e-07
1.055312581500496188e-06
5.360970455360651466e-07
1.354140602682792188e-06
8.005466536446886746e-07
5.037870286852024378e-07
9.113903131589055854e-07
8.828950630518557103e-07
4.533197789802199058e-07
4.481904024793477711e-07
6.169595574077447414e-07
2.699804448093281313e-07
5.065823719936591666e-07
4.498924224743333798e-07
6.915566918373425667e-07
1.099456814415447489e-06
5.036844648483721209e-07
5.069669361615748124e-07
7.679031800232404485e-07
5.358639518533806329e-07
6.025319327661949318e-07
1.407202576618053765e-06
5.498243132589134190e-07
3.823373163699996871e-07
3.091687465511454516e-07
7.723688751027127726e-07
5.679737583118159061e-07
6.840403720973589750e-07
1.999847303006312898e-07
4.054473397368712862e-07
1.257331499339111157e-06
6.569649355623129692e-07
5.429779490234892628e-07
2.624645465300361166e-07
4.180478954667705836e-07
4.845243000771011024e-07
4.297908922822840982e-07
1.602587984725817819e-06
1.251336555438616243e-06
6.108085422214169601e-07
4.582809094945137827e-07
4.712528171937359590e-07
4.612671362786001353e-07
6.301598112987633721e-07
5.311103472853553784e-07
4.455376105063180375e-07
3.555818606864686231e-07
2.915962657264992533e-07
9.662231776967604773e-07
7.409713377834600306e-07
4.557957006735181000e-07
3.855601343711428144e-07
6.467389123928603431e-07
3.481069028842009086e-07
7.109975781204421058e-07
3.708077187080572376e-07
3.816319278132853139e-07
5.293300131433257932e-07
3.709549240573276574e-07
3.721190741059544536e-07
5.580265876738442319e-07
9.571201612091979593e-07
7.419541152798163230e-07
2.442528721974948065e-07
2.576306165990521630e-07
5.688219903095340026e-07
4.568993209398890830e-07
3.960856473813508366e-07
6.352300759421675704e-07
9.108951405847429316e-07
5.347450422392719400e-07
7.687633118380050084e-07
4.770321746665098731e-07
4.766918040988474694e-07
9.124764104373977845e-07
1.281658208343431587e-06
3.233293138954744639e-07
8.229362586727786964e-07
7.508257851974971835e-07
3.295917928116121643e-07
5.155303182279168197e-07
5.435999523272870806e-07
9.003745509409714384e-07
3.311992262821121574e-07
6.452627061177289154e-07
9.154252506718519887e-07
1.133749719382612496e-06
3.951071301374970723e-07
2.624686793119643714e-07
9.830234210111265115e-07
6.602691679024482959e-07
4.658034077073280705e-07
2.687656342275709475e-07
5.614877196298835225e-07
7.908533545615766052e-07
7.887892334959207256e-07
7.187138944787179272e-07
9.752630447249068801e-07
3.855887164795335167e-07
2.768452706848178149e-07
6.143904618718642632e-07
7.496971282097117597e-07
8.409836051555264772e-07
3.366417538142089202e-07
6.546031220380553319e-07
3.370031206413584737e-07
3.890906962333539065e-07
6.003206381087061998e-07
8.787375623209603081e-07
4.522618715437856879e-07
4.248743988273861085e-07
1.089650804718239230e-06
7.187830203274790622e-07
8.706841867430675967e-07
3.485763649952156514e-07
3.769961710588160435e-07
7.438803586264730749e-07
7.145399018426999530e-07
9.009546415246349803e-07
1.210514665784332643e-06
5.493036289294638713e-07
8.187296333167774235e-07
2.302369897989777890e-07
3.862937046622958982e-07
1.054570178452939920e-06
6.763529032261907654e-07
9.941877358896573656e-07
5.064422673279035454e-07
4.549925886370788287e-07
6.620878858235029797e-07
9.520147892564062111e-07
6.658295453085372214e-07
3.492846984459215641e-07
6.494559693600791411e-07
5.140889277728730340e-07
6.585682871489567593e-07
8.207159687718308657e-07
6.182326682085082653e-07
6.067671172686374494e-07
1.016709350016119859e-06
8.058135733386982783e-07
4.165419718875773962e-07
8.231952264704737101e-07
4.734392511551765607e-07
2.780603107491854508e-07
6.033734367707734121e-07
6.990572671912223465e-07
1.220292706022174898e-06
5.708101684089540065e-07
6.011986898032306161e-07
6.044947522363385121e-07
5.908660381532893232e-07
5.764024643896934333e-07
4.220921811469126900e-07
4.793206232831302554e-07
1.464407266697169318e-06
7.360396461067229269e-07
7.551225044396167490e-07
2.537642499868094491e-07
5.200289715285155825e-07
6.818773898172484301e-07
4.872722088661755320e-07
5.389699027449461310e-07
5.074313689919625850e-07
4.937342294369509483e-07
9.119289020059908800e-07
9.268290159796763699e-07
4.344279037185352132e-07
4.503503325238366663e-07
8.852104375962385293e-07
8.065069921791286029e-07
3.920063472548935067e-07
5.940429555277292829e-07
3.293836840034774128e-07
3.770175076124897159e-07
6.612577944308539212e-07
9.908682893607349923e-07
3.170463338690516043e-07
6.085228586724525648e-07
4.973551482476339234e-07
8.422882226956637286e-07
1.400155490925400287e-06
9.897662513932988983e-07
7.362060988387605386e-07
3.768067545236214493e-07
2.976729424347105660e-07
5.457415225780188605e-07
8.292488654861162877e-07
4.138218666407746823e-07
3.538175743518658660e-07
5.186997255025425971e-07
6.496204131955786690e-07
7.268532315441196133e-07
9.011307435950742804e-07
2.636860395810749039e-07
4.112356038138584847e-07
3.842306423718168578e-07
6.009939239276819453e-07
8.229168918211339202e-07
3.581282478253510595e-07
7.051118845941841336e-07
8.189549089594387993e-07
1.118653371312940691e-06
5.225055694910399867e-07
4.382569560065213371e-07
2.730219740964862703e-07
3.012566035265428361e-07
6.852037640293845424e-07
8.820031806539043311e-07
3.168599023805289245e-07
2.953932306766204175e-07
4.180528608074605868e-07
7.289357766644275642e-07
5.576352903418831141e-07
4.774056979961750075e-07
3.011743904436128392e-07
6.093038356865101169e-07
6.694766464982255138e-07
1.650191160045934393e-06
2.444615586342510648e-07
6.178966032688726161e-07
8.933385420332675724e-07
3.864690482623912525e-07
6.478387792701432922e-07
6.986381502514950674e-07
9.009081486398918246e-07
5.533215182271858650e-07
4.709422131642387763e-07
1.173974957884848738e-06
7.803191086445522976e-07
2.917683069712689313e-07
5.141292444125958590e-07
6.559650159088938671e-07
7.445052433236490557e-07
6.581288737223651747e-07
7.087164144103681114e-07
4.592091623659405983e-07
5.634599876603673172e-07
7.208465365406187591e-07
6.637410800930055277e-07
4.712480704868390964e-07
5.626474420129223984e-07
3.010917974986873243e-07
8.110441987876174737e-07
4.432253866782886026e-07
8.927427579457129548e-07
1.066692768323750088e-06
3.942881188546481651e-07
4.244328175667166023e-07
8.413336343102081656e-07
9.703988722158172106e-07
6.372924772643733260e-07
6.234423187516950684e-07
3.701333503036019883e-07
6.129869616325795832e-07
8.220875562878911462e-07
5.569925137983018418e-07
5.843721463546644875e-07
4.685296743435731956e-07
6.656384667135867354e-07
7.501217111281393650e-07
5.732206696890782286e-07
4.680833600806332011e-07
3.887413815487786761e-07
8.434088364261101077e-07
5.815533961457382656e-07
6.479656203854151232e-07
1.026975104889549742e-06
5.913510079289496207e-07
3.843099293695257321e-07
4.839828376921880629e-07
2.041249855191580159e-07
7.692622078014209705e-07
7.507742574584173835e-07
6.126673219851210387e-07
4.783956065460938850e-07
2.362313504893802123e-07
1.150677932327040950e-06
6.769233188858881698e-07
5.886180224432807276e-07
2.983063742853736631e-07
5.593016848684059770e-07
7.683024099223904721e-07
8.148839903464795382e-07
4.823665432235376103e-07
4.795158168245957970e-07
2.535047998822105743e-07
5.256424103913655327e-07
5.561830852118085447e-07
6.898892614726326964e-07
7.021918457768801820e-07
2.401831455015474225e-07
4.203311803018895815e-07
5.945608450054826784e-07
5.104246313340604814e-07
4.507583270843279139e-07
4.242530174614978440e-07
1.144574118096051783e-06
1.070161919569021032e-06
8.865353626795418766e-07
3.413664816611104714e-07
7.824915624207861845e-07
9.272340470482559318e-07
8.304899984836970660e-07
5.495599902825513670e-07
9.284527264352113725e-07
4.950508209023645664e-07
3.309813454501544671e-07
7.780053993838171004e-07
4.385146917711109460e-07
1.060576440536100429e-06
3.086862389599743669e-07
4.185561675437201662e-07
4.315535170465485591e-07
7.719924765801785008e-07
6.946740121383043414e-07
2.594184124626426059e-07
4.676147855814787311e-07
6.494143143834462253e-07
8.001481476669601250e-07
9.350379441849979714e-07
3.864925248534551105e-07
3.501872750889448678e-07
8.383081809178381346e-07
8.047087428513990315e-07
9.254627690328290011e-07
5.487036545967079802e-07
5.890168621183169123e-07
6.065830723506151496e-07
1.036109348509850673e-06
3.695406434611226343e-07
5.651294794650659756e-07
1.215644580175317598e-06
4.752885240683038987e-07
1.107946614573427876e-06
8.326761112293678831e-07
8.362297044836718032e-07
4.840179743140903238e-07
5.202342095733647700e-07
2.750849878952870217e-07
7.819627163225349537e-07
5.008947477853347977e-07
6.376102792563308670e-07
5.899844883149249647e-07
5.212509050466331735e-07
5.262679642873739133e-07
5.329450380125427755e-07
8.454460097004705371e-07
7.636062636537439890e-07
4.917566169527895213e-07
4.814737379186333697e-07
5.146444781062835760e-07
9.233397268067247869e-07
8.023850294502686798e-07
6.898964462115358665e-07
1.942865164668645386e-07
4.559455239323494032e-07
7.416268406762555172e-07
4.315524592884965063e-07
6.720806794318524375e-07
3.262548065964644713e-07
3.217763185662739220e-07
4.097566793252340311e-07
6.859364278388251674e-07
5.855122560591050436e-07
3.309562557864686763e-07
3.977725796171514670e-07
6.611169860261810526e-07
3.852219801329561547e-07
4.326242675916775399e-07
9.854798788345173885e-07
6.798730492540460473e-07
3.911518442592637330e-07
3.200252869238452173e-07
3.509823415200696587e-07
7.795371646198639388e-07
6.196428617258683887e-07
3.156035939280265066e-07
3.832047138722041067e-07
6.580859216374297331e-07
5.866505954786401767e-07
8.255609113396911927e-07
3.777732206760305027e-07
3.502706985401571092e-07
5.590835815394292474e-07
7.391599239848888776e-07
6.991205234949421240e-07
2.561571081774950958e-07
4.800805228848679328e-07
7.813195095392586323e-07
4.072169334922374821e-07
3.946150553925693618e-07
3.686366336295742974e-07
8.152507261784686087e-07
5.589358575929319640e-07
4.267259657771936359e-07
4.101192412374885785e-07
5.532974951791902206e-07
5.197588276560494873e-07
7.686757598399049463e-07
8.065591935091340625e-07
7.499691842715614524e-07
3.040980335790659101e-07
7.137086945456670192e-07
9.022942136049527288e-07
2.970224062207235394e-07
6.029924935754657857e-07
4.931778443400809629e-07
9.038641256714892102e-07
9.009360549768025759e-07
4.637092072536562416e-07
8.392595391372521940e-07
1.152658162753182599e-06
3.373387173417817976e-07
4.090386053111566902e-07
4.424241707834233136e-07
1.222089012893810841e-06
6.389690173546371220e-07
4.913467315006384688e-07
7.472370820935446933e-07
4.877948399079428017e-07
6.966524307857699740e-07
6.854768580322550729e-07
6.164116701335463065e-07
2.922165591889423626e-07
4.266092624125304591e-07
8.160133035231485950e-07
6.504688918565424549e-07
3.798173826195629920e-07
2.544253258383594535e-07
3.658265430114625203e-07
8.759059090835169151e-07
3.766558782823155673e-07
6.449383804550897887e-07
5.852827533689270444e-07
5.481074145341009581e-07
3.610772610316929736e-07
6.553295209472483120e-07
5.298078803262696698e-07
4.064474127940897076e-07
6.717114626522598721e-07
7.703911543556718434e-07
6.850528922438316873e-07
1.401725947888075142e-06
3.795105161133521797e-07
3.887113333733539212e-07
5.944726672381183673e-07
5.973390144445454933e-07
1.014513847231862063e-06
3.242032150586434464e-07
5.162651896103336880e-07
5.802353700383362342e-07
9.985000430401761472e-07
2.806746200867044249e-07
5.746674692467522655e-07
7.939744367347788005e-07
1.011720812856195822e-06
2.900576544081086312e-07
4.598992135593145818e-07
5.767850725743043088e-07
9.228399813155361387e-07
7.357156565564868205e-07
2.217913346047773400e-07
5.454387292318602222e-07
4.414897662963951614e-07
8.172253275917186440e-07
7.584774860135610891e-07
7.624399284770418556e-07
3.960149971509631669e-07
4.462357414669013554e-07
1.043604583413512435e-06
9.517616950387704995e-07
8.290758974141102279e-07
5.603997380270617146e-07
5.109529039559691150e-07
4.555184774668519228e-07
4.056205135611103153e-07
6.798948889834843750e-07
8.059562996235863639e-07
4.326028346403456379e-07
7.042862428056986281e-07
8.865770442726660063e-07
9.145544828803631110e-07
4.376102653196000042e-07
5.763237356069221994e-07
3.348583694372564945e-07
8.397496137177349142e-07
7.889450839774375190e-07
7.274059674457167388e-07
4.714984454283238926e-07
5.033467257455985241e-07
6.999265548576345587e-07
7.415846598721291174e-07
5.293704859710433822e-07
3.602888056303268850e-07
3.901967785895210068e-07
3.461253819948326955e-07
5.441385912969014840e-07
6.143207060237055186e-07
7.490111539776321483e-07
1.369458311530433892e-06
4.389359974984530247e-07
5.397528600691751667e-07
3.084047745187150776e-07
8.502028780172082029e-07
6.894327865581428792e-07
6.929710361147844424e-07
7.738844212697923170e-07
6.720946826801455085e-07
5.386911119620726956e-07
1.975089534234574859e-07
7.062709782686164729e-07
4.731743074203007140e-07
2.587019559114340847e-07
5.345687417990391480e-07
6.456574296552402996e-07
7.363225227445087229e-07
6.486987665453179080e-07
4.988840651346953975e-07
1.328247609788960853e-06
3.640824905534261233e-07
2.679312724566636782e-07
8.126943954509082103e-07
8.122116784245327450e-07
5.117233060117418427e-07
5.287224965636278865e-07
4.500585436350305566e-07
6.959378392131028151e-07
7.732668292230515419e-07
6.090107413785894357e-07
3.056455476547273851e-07
4.182408661839909448e-07
5.280299828764986675e-07
8.006868660489162771e-07
7.844489586148650201e-07
4.023192088809225810e-07
4.370688443875561904e-07
4.369617566791847731e-07
7.082475116538616076e-07
4.470556719947246832e-07
3.407779345717944430e-07
5.977632866153238377e-07
4.486125842388663035e-07
3.161500595195894760e-07
4.144805583555774984e-07
7.210849864581348460e-07
4.109955785202069928e-07
6.648001459324872099e-07
2.101748739545175143e-07
4.514090963590933644e-07
6.365817475526484838e-07
9.083153896579275206e-07
2.745990174832092857e-07
6.588153006307333068e-07
3.908776073867197395e-07
8.882643479784553835e-07
1.133343448549098925e-06
3.894568158250552300e-07
6.177465859282484079e-07
2.566863360702316848e-07
2.620800828164194903e-07
3.486867922908404528e-07
1.012040055304123516e-06
8.071190874198682636e-07
5.079641274834861340e-07
5.104938391618637776e-07
4.123429287585441882e-07
6.250753980041198276e-07
1.075721520295888787e-06
8.222578701201405145e-07
3.903833137513474795e-07
6.542197600761623644e-07
7.627813670379609337e-07
7.108073290256790173e-07
6.578964125595308962e-07
4.118131908656186607e-07
3.277195715717138391e-07
6.525575803926798927e-07
6.722434346037261270e-07
1.043987639908452608e-06
3.397841119196823008e-07
5.600876038972181355e-07
4.668248836576152296e-07
6.070059546948784812e-07
8.545379021287227372e-07
1.078374604601974999e-06
5.995345095628294321e-07
3.975775089014967988e-07
4.492974819894308862e-07
8.487702355971320243e-07
1.010531273439058200e-06
7.883117714794206099e-07
6.246062018878637099e-07
8.240833199864184927e-07
9.000920376243277486e-07
7.775048843639046265e-07
6.617335478443181927e-07
3.017524593597473187e-07
2.885578905842950864e-07
6.951531221995959259e-07
6.368624386105879379e-07
4.580025092212402883e-07
5.433379508058294218e-07
6.862368239365524174e-07
4.782512778614064721e-07
4.081801040934240279e-07
8.384935731920493453e-07
7.216389144874314886e-07
3.276851376759481007e-07
3.728249057705974661e-07
7.560443660538475200e-07
7.202523575274359625e-07
9.036611265028934547e-07
2.457675822185906957e-07
4.180282468863741156e-07
7.167817982047495694e-07
4.431853643408410862e-07
8.795830672578409588e-07
4.840702250496324664e-07
3.277336995671120717e-07
7.341913979332162439e-07
8.908156172116966296e-07
6.234744580784190865e-07
3.544736857974792406e-07
5.417095860089818102e-07
7.769519368632301899e-07
3.962402241994654314e-07
2.772113577787597404e-07
3.302902044093900556e-07
9.049137085872204919e-07
6.886835036354503092e-07
2.984085492192354870e-07
4.051866333315216076e-07
7.544474833862714929e-07
5.515983754983987100e-07
4.252929881158650593e-07
3.293165540340326524e-07
5.917919174194193748e-07
7.452775526628116203e-07
4.221360758220272075e-07
5.193859540924611981e-07
6.179983552161899298e-07
6.725857455376430324e-07
1.032073936929389683e-06
6.987710454083363547e-07
4.148460526957032696e-07
1.244944615241085788e-06
3.911080852813094898e-07
5.767759049560698824e-07
6.943606519418829135e-07
6.963701544073593838e-07
3.105032335893612988e-07
4.864073978530604933e-07
4.217537680035660465e-07
6.910189663400846922e-07
4.605337125641709802e-07
7.233487130989773008e-07
3.999003627739128451e-07
7.677686185708567579e-07
1.414292998346841321e-06
7.601811847677887553e-07
4.110486210950852637e-07
5.350471412358649751e-07
4.793637931606766117e-07
6.312197530913475942e-07
5.679701524305736794e-07
9.940567770323328925e-07
8.528701736516731942e-07
2.788052729318006113e-07
6.741498061162161721e-07
4.861487258428235404e-07
1.398894999471602564e-06
7.953314535156971555e-07
5.609867607646730177e-07
6.814686097748276338e-07
2.539124241065956358e-07
6.997258055027962784e-07
4.092629249573007740e-07
4.104353196051435528e-07
5.061394665852025958e-07
7.303213219506971458e-07
3.879307473294483463e-07
3.590826304810592545e-07
5.017758400081620439e-07
8.217267567696316838e-07
6.259253911186754606e-07
8.939672048461333711e-07
3.871426592359597366e-07
9.054329666444410771e-07
3.786758980483661598e-07
4.811039804466877728e-07
3.976286610193141588e-07
7.717435027754504032e-07
1.002168688771482941e-06
8.189922932681249011e-07
4.024048755855602877e-07
6.860530580367169271e-07
6.984353078197110746e-07
4.928257992499883880e-07
4.283174333993213139e-07
3.126203943584297235e-07
3.152690636735019749e-07
7.233529090143251201e-07
3.319887085741398646e-07
3.340988859188687916e-07
3.716667966290038773e-07
4.668883872496167375e-07
9.312542580224981132e-07
7.717259493989020782e-07
7.124477143322650017e-07
6.220017841846200927e-07
4.233771140646620550e-07
3.922508056671419862e-07
9.409600071401572203e-07
6.395175108165836668e-07
5.952096073049815692e-07
4.315249280945940700e-07
1.993458841563607930e-07
9.418868895355282328e-07
9.831282996161048857e-07
2.469087309806047797e-07
5.026665184166184051e-07
5.439048028727843854e-07
1.152259761750490040e-06
7.066793940445358784e-07
2.516347440014915596e-07
5.165813935801744841e-07
3.997473878506729791e-07
6.342979343389294659e-07
8.313826634073800683e-07
4.845954673672371223e-07
7.620437742816513111e-07
6.312120848448160385e-07
3.719929537966758884e-07
5.046669059338396644e-07
5.742339412693684711e-07
5.975480841905947334e-07
7.083368729596913840e-07
6.631064138681234569e-07
4.813436530362291979e-07
4.875421720826853191e-07
7.722896234508777003e-07
9.062290599089522835e-07
3.938997338898501825e-07
6.304017356269284456e-07
5.824999221349890630e-07
6.941361374876131078e-07
6.581596256352033230e-07
5.723524682903804363e-07
4.716757124065823349e-07
2.474569637796568381e-07
1.152726230761579878e-06
6.059474801821847833e-07
4.255459721189715432e-07
8.242550304202501236e-07
6.515529358830651864e-07
4.050069248178395436e-07
3.834225777750522520e-07
5.457677169256257687e-07
8.154271844883064397e-07
9.280677502618066234e-07
1.056908047473774395e-06
3.851061535713270118e-07
5.563578432328686778e-07
4.670106413517741529e-07
9.797865084526674295e-07
3.781303080178079850e-07
6.316086304639492564e-07
6.674099138387758790e-07
6.254618532443673000e-07
2.620063798100564076e-07
4.713348023214173735e-07
3.982144012436722085e-07
7.006025023862570663e-07
2.235523910502174115e-07
4.138483924459075848e-07
9.792569923112902620e-07
5.050436956896791449e-07
2.924040102991189242e-07
5.224963038540850354e-07
5.820082777181449779e-07
5.544395059456472606e-07
6.295790349881423298e-07
1.397069076235168307e-06
5.917042498130485484e-07
4.610423225919026102e-07
5.809521499147586156e-07
8.902952628289534954e-07
2.666558415817682029e-07
7.597828164405436779e-07
4.987368387197448551e-07
1.072397568418291723e-06
1.068075634372704566e-06
5.100531010898098615e-07
8.025324386473386599e-07
2.349488875074530005e-07
4.270971414057845914e-07
4.412360374865384478e-07
4.412376863576904424e-07
9.622154281572363486e-07
1.119944898826877892e-06
7.477757477329965515e-07
7.580835601800160668e-07
1.473030414628515939e-06
9.706995579789971446e-07
3.510849380886065386e-07
9.116768295895323968e-07
1.197785504484583026e-06
8.525624061995371379e-07
4.683663053707378982e-07
4.586404267046325140e-07
7.958846214054689389e-07
9.467078065498415053e-07
4.529465954257074560e-07
2.983318365160800636e-07
4.087962059406863154e-07
3.200418017097467149e-07
6.789585545438149336e-07
4.447720470839068644e-07
8.088341274520333326e-07
1.401702652613129401e-06
4.727729630851919458e-07
7.388358403396976016e-07
3.563460418777730665e-07
1.033410050446479494e-06
9.595354525908348564e-07
4.471042061049647305e-07
4.148238884294325488e-07
5.891508191528988813e-07
9.737793516049302350e-07
7.490740370232167527e-07
4.512150689982883512e-07
5.944412513260958324e-07
5.828554092799634357e-07
3.787805655911533391e-07
4.768575894438098334e-07
9.316423153246531999e-07
2.505118842970343272e-07
5.800973644554914710e-07
5.113565985187930575e-07
3.867275333667644394e-07
3.497430785020431004e-07
5.995245073236457851e-07
7.704051548752844855e-07
5.710969685948720180e-07
2.981532417306385605e-07
3.683629459345012091e-07
1.272531528077063810e-06
3.415691604780069279e-07
9.098000948344827554e-07
5.718913995073756077e-07
3.692914850686173254e-07
4.870109859923488520e-07
5.579277158663755170e-07
6.733879796890218074e-07
6.964801385197331411e-07
7.358667164144854974e-07
5.570260156152640361e-07
7.836270522632999631e-07
4.095889154331518293e-07
4.923802580710305967e-07
8.978391833472494674e-07
7.057352351423742658e-07
6.122599136182545429e-07
3.368327513631364242e-07
7.489176997981157124e-07
8.494809262235041796e-07
4.665469848194813182e-07
2.735531626364709259e-07
4.051916493908953192e-07
8.092443929218573060e-07
6.185453949911144270e-07
3.803026273370869632e-07
3.434975679102537269e-07
7.466868926800764799e-07
7.911729492823415587e-07
1.161242570705036602e-06
4.630869100561947736e-07
6.070814720727752708e-07
3.994355963512313646e-07
2.163963180609290285e-07
5.883264478626861727e-07
6.557154572353179113e-07
4.931791136193201416e-07
1.222316510861389622e-06
4.124405469949040694e-07
2.691473336603266742e-07
7.149377258580931603e-07
7.155243307739279966e-07
8.844785717271230927e-07
3.329151581534923799e-07
7.668415724852536756e-07
5.318581475892686991e-07
6.477279163111199674e-07
1.036411070955229618e-06
3.926447029817209374e-07
3.612061761808418934e-07
9.086466485319093647e-07
7.330580541858259089e-07
6.046901740429179347e-07
3.634482449334668608e-07
3.878512046202402417e-07
4.635845100589248803e-07
4.192815202423784658e-07
4.725041717622183920e-07
5.831248718982960006e-07
7.964567088357157358e-07
8.719848714133890742e-07
3.658538999499543515e-07
4.640164958485577518e-07
7.315041405268220827e-07
7.376389788304175272e-07
6.774914030344698148e-07
5.633962715947038456e-07
4.682125595365292508e-07
5.262790127619027886e-07
8.558278567197407956e-07
5.530776740721134798e-07
2.910483527233259092e-07
2.976917856611617619e-07
4.801858104733004727e-07
6.300489347587621133e-07
5.643994907366411560e-07
5.651859720982758797e-07
4.671231416053579587e-07
7.374543131912189627e-07
3.843529350868975632e-07
9.241295735300357274e-07
9.634953957287271040e-07
7.443428931517323660e-07
4.411286707260769332e-07
5.127740535902440997e-07
8.952395584190862260e-07
8.631455066644769654e-07
7.294086673691369055e-07
4.981185567101851587e-07
3.485264664800190272e-07
5.581493498180694756e-07
5.066382468025176394e-07
5.192978310264848324e-07
3.420847239934927624e-07
5.581976624985952487e-07
7.471644350119751094e-07
4.756467643768890188e-07
8.148272730246780457e-07
7.281986978006447717e-07
4.707636534023586804e-07
3.985439505726588610e-07
4.066097664757746057e-07
5.039216237876282368e-07
9.409333182290686400e-07
4.771635518404648250e-07
8.599917618134106053e-07
3.625584447579359394e-07
4.942254238920252919e-07
7.787082914211712088e-07
1.003109164640277895e-06
3.427277114156052991e-07
5.667412882631017393e-07
6.593949282252664135e-07
6.977490233221103913e-07
9.361033360424988749e-07
6.650402065504113637e-07
4.353435583248943317e-07
5.248942572915110152e-07
8.967538938712533976e-07
7.368125043189691249e-07
6.882957190769582085e-07
7.378842285577452801e-07
3.672050289519010596e-07
4.023604017720269984e-07
3.972941077971142797e-07
5.827306565069116069e-07
9.083693336082596431e-07
1.033025480106512482e-06
4.043325595545940148e-07
4.852829950666640078e-07
6.874280277131277305e-07
9.384463614074498705e-07
3.438629198033492454e-07
4.687572744904976500e-07
7.030070037744285396e-07
1.102666979185128169e-06
6.070942545773736472e-07
6.380236011841149242e-07
6.855945310204362698e-07
1.255655836721889538e-06
6.561376461766039691e-07
6.681037355716540689e-07
2.314108268014818025e-07
5.223454716306366204e-07
3.922466258683146183e-07
6.106880886753254164e-07
1.202130846703751372e-06
5.333054196764597895e-07
6.992955708286468720e-07
5.666752379832624967e-07
7.801198881666217478e-07
8.936753241762902915e-07
3.880501148878805558e-07
4.196019905197592069e-07
5.779376425466449631e-07
2.615440940223408376e-07
6.347767124667397786e-07
1.355501284476753322e-06
5.645398146334900766e-07
3.149432979670988437e-07
3.273920055295341242e-07
7.028571186075651489e-07
7.748512223389214592e-07
7.123487090757850154e-07
6.031839244839241359e-07
2.607348662533661384e-07
1.150796477439862820e-06
4.533877764866738884e-07
4.685113858596772955e-07
3.572864316215888970e-07
5.419849061043630837e-07
5.057954685448420459e-07
3.568853697794100696e-07
1.339265700604998491e-06
9.363475422388173603e-07
3.657059943360956166e-07
3.617806456170912538e-07
5.501180295669152364e-07
7.319402352045641547e-07
1.208297615995356745e-06
8.443601771580537856e-07
9.360170157818305857e-07
5.526694559710160913e-07
3.171461417904817803e-07
7.156257805133798943e-07
8.114838422563493581e-07
8.768201834359186916e-07
6.870614676029119510e-07
5.603919940568635826e-07
2.848517389637119652e-07
3.114250417024654808e-07
5.489112015716771727e-07
7.849067982509883399e-07
4.561227491224337456e-07
3.226093236986379969e-07
3.840055564790449709e-07
8.192804450382658129e-07
5.055767929784572704e-07
3.941706730910156966e-07
4.059349566710962243e-07
6.090404078112642814e-07
4.501724053292058163e-07
8.884998299650978625e-07
8.695113640376048019e-07
4.962239845818309336e-07
8.313096893495325735e-07
3.505639989257305478e-07
2.886796260364718968e-07
7.755986986962974772e-07
4.423994652127850086e-07
8.972820083286671304e-07
5.035698016295762647e-07
5.148431957268005569e-07
8.479837468810757143e-07
7.230157183683665323e-07
3.746524606054818748e-07
5.563902330497159828e-07
5.047758877168191084e-07
5.337383452948685194e-07
7.840985398331255473e-07
4.893638364935140334e-07
1.322892657423318069e-06
8.455552920987723306e-07
3.436227548430051338e-07
7.501090113738247536e-07
2.250984728907591570e-07
6.891463167253303836e-07
5.296168089323015987e-07
9.412678940204207940e-07
3.009197641224460917e-07
4.984803983937697505e-07
5.584142655712987306e-07
6.904329840654326540e-07
8.126129248970439307e-07
6.868821715801390670e-07
4.064116405919628099e-07
5.393490066201033607e-07
1.309423472118714768e-06
7.024899020865380221e-07
6.801225768449442752e-07
3.873751062222904565e-07
4.108970418096450915e-07
9.290717950729132251e-07
5.299234294925525913e-07
5.263946746775167778e-07
6.807724462846788858e-07
7.127114109207168332e-07
1.241662981614874322e-06
5.025410646030205896e-07
4.687374279057044686e-07
6.580920129146136081e-07
1.216581525403775661e-06
9.373238135541114769e-07
4.507815212106142946e-07
7.180706578731173514e-07
6.179265198291239184e-07
4.023195303804364915e-07
4.304852825785870010e-07
1.338941366503918882e-06
7.142448171557006688e-07
8.474780744909455015e-07
4.425237763328849084e-07
5.742246363211431699e-07
4.677197977106252925e-07
9.771818588723399451e-07
7.485538489628391844e-07
7.502442739117386566e-07
5.481800292943417010e-07
5.966566439383520945e-07
7.778003469615279535e-07
5.384468659962245302e-07
5.826646059343413776e-07
3.195326501448964016e-07
5.549162309447752335e-07
6.828866850000229107e-07
6.936089303953830268e-07
8.782876026315064147e-07
4.618125862737047617e-07
3.182496046819814576e-07
6.574473136081294697e-07
6.307992216658908126e-07
1.258151636657196749e-06
6.325976463329935571e-07
6.349791110648939371e-07
9.777914742956322559e-07
8.440439662693966251e-07
6.174772031869606188e-07
6.671458886533893053e-07
5.079435810332739432e-07
3.942981964370622751e-07
4.431039235609649141e-07
3.602691039004470679e-07
6.961125892029807776e-07
7.614701692910121777e-07
3.122273973478670261e-07
4.051841759371309253e-07
4.557081904983244063e-07
8.574931027396154188e-07
6.128374811899352749e-07
8.369654740467798326e-07
4.087938715320441676e-07
4.348708980761097260e-07
4.503265029367392948e-07
1.214193266776231883e-06
9.570453926165459886e-07
3.908551453980271990e-07
4.345589246619950093e-07
6.821225950737250193e-07
1.028354357076979091e-06
3.223559592717549982e-07
5.654627406232582468e-07
7.174198117215105828e-07
7.952619816437812257e-07
3.678347250013519370e-07
2.792795606910213786e-07
7.456205432947705229e-07
7.518106961497237576e-07
8.388467975969017344e-07
2.902874139362515893e-07
5.311680683845732775e-07
4.031814044107032990e-07
4.632934176571557109e-07
7.392127328012208234e-07
1.411665249021689349e-06
5.773646959193976330e-07
6.035315937468630030e-07
1.098270587026579747e-06
9.484898619969068151e-07
4.302417535834136090e-07
3.510924709571628632e-07
5.494220738507243249e-07
7.188324978853734077e-07
2.437495713246837440e-07
8.559545865068358730e-07
1.222552382312951367e-06
7.806285300414541472e-07
4.647346040929858260e-07
4.933041137847953958e-07
4.397666552663739839e-07
8.054596858824006322e-07
8.747552862416566788e-07
8.097863339437915718e-07
4.518111071347049327e-07
8.661792622894779708e-07
3.869658349958115372e-07
6.341851419723724286e-07
6.046900950516282173e-07
6.318645899034407012e-07
1.096940068188103263e-06
6.014455606535284457e-07
6.218828126912785606e-07
2.415484400910569366e-07
8.479851655120883224e-07
9.230072704740136145e-07
7.382872118083993211e-07
1.182298892718814920e-06
1.085123528961250263e-06
4.553064668978843689e-07
6.585860132371329214e-07
1.963391504585754422e-07
5.928082761944768775e-07
1.203277125081472406e-06
6.358417710611361118e-07
3.808147628802196941e-07
5.648936778873646547e-07
7.148584268904663530e-07
4.756318264697495811e-07
4.839826854979265402e-07
5.154869761576165868e-07
3.149113063072322221e-07
4.784221839665734858e-07
8.700291539098145137e-07
3.223075819536146716e-07
4.434885117472967843e-07
8.369231310357010968e-07
6.044913007412420122e-07
2.035324137660033287e-07
6.752367719355268101e-07
5.664120332749590878e-07
7.173911411481168961e-07
4.500978801249702083e-07
3.943082534408820824e-07
8.548156244842926580e-07
6.165234411236738573e-07
8.247113967752424178e-07
2.475541514430858327e-07
2.797466783404238320e-07
4.937465218579587361e-07
8.112545226523010857e-07
7.656018925499829470e-07
3.133539228325313425e-07
2.846910401906589679e-07
3.116059922709350706e-07
7.094216088201134648e-07
9.248381150127625694e-07
1.951297155921123726e-07
6.670321579539275530e-07
3.799970853785174531e-07
3.787326388757078624e-07
3.078204490501798204e-07
5.521827579802180858e-07
9.254178213927531050e-07
3.309042079620749433e-07
2.988279670652564971e-07
7.741592140274171853e-07
4.932886875145414337e-07
6.838995197921785427e-07
4.530184014780187946e-07
3.297666630862836324e-07
1.269285866433325371e-06
1.117128403295129230e-06
5.812771072549060045e-07
4.111530228533935058e-07
5.887326346671049157e-07
5.680135236702016211e-07
6.831994001940154613e-07
8.110060684523382898e-07
4.501321275142964963e-07
4.651863678640201419e-07
3.626228811766412789e-07
3.490964598201967618e-07
6.926874464105410313e-07
5.155809038543484086e-07
5.823828982536512506e-07
2.294689218592546859e-07
5.469492285394355425e-07
6.995470301602223835e-07
6.232423871913332458e-07
7.462673768767350927e-07
1.012844133417795580e-06
6.706472821365134154e-07
4.881320512939481129e-07
8.499655689018043711e-07
7.803527443821460850e-07
5.247373101945096369e-07
7.346757504864417573e-07
3.915809113184075587e-07
5.891241284291194538e-07
9.678141822591694883e-07
7.006237208239118902e-07
3.339789547097118013e-07
5.203952659004482253e-07
4.154782337776928264e-07
4.983457854170992680e-07
4.769284456359182375e-07
6.116362805456754544e-07
1.248262682164475504e-06
5.487375263621209856e-07
5.304864940307534055e-07
3.610270203432822709e-07
1.281183689188972551e-06
7.265557226508258732e-07
7.207436629692756072e-07
3.473252228365930606e-07
4.742853882792800434e-07
5.251469619258018777e-07
6.658578220757384522e-07
5.026535244627381650e-07
4.432830788298593324e-07
4.815057731964263524e-07
6.442505268430485216e-07
6.511160865388481748e-07
2.793966688090196013e-07
2.411454032189390239e-07
8.712339466358814183e-07
3.651735404216784225e-07
5.569380972509742096e-07
4.078247399605519259e-07
9.414346731080705952e-07
9.655310738870762896e-07
4.378462733407763362e-07
5.074703129276883749e-07
8.833125090990118340e-07
5.532487813691826778e-07
5.596081169203946971e-07
2.922350148322075881e-07
4.973592538628124215e-07
5.548350212009895380e-07
1.157109119918202399e-06
6.485211235448096696e-07
2.119758233641968090e-07
4.693143611380679608e-07
5.671460431759033178e-07
2.772058014061639385e-07
5.518217992707023481e-07
6.342465696864715521e-07
2.232537040063645064e-07
3.193299211979383311e-07
2.364557691360959260e-07
3.200158451705977744e-07
5.219719336401859982e-07
5.094884156329324120e-07
7.136021128672127353e-07
1.314220225871048072e-06
7.809105531487361965e-07
4.376885601377707175e-07
6.191467677388297364e-07
9.425704511794665323e-07
9.041396301012341249e-07
3.365301522777383235e-07
4.483620207300593331e-07
2.994150828377338136e-07
8.935355234729900848e-07
7.242120920442229711e-07
8.823649627596063040e-07
6.875854699977280558e-07
3.564277760467549500e-07
4.143479798985757248e-07
4.262930084445549657e-07
1.116378999096753361e-06
7.540023887655141610e-07
3.970764450953489382e-07
5.413646429568306277e-07
5.399782691023329779e-07
7.675554047289393784e-07
4.445731827938639662e-07
6.371481693953793491e-07
9.837882713915063821e-07
9.091094412040605632e-07
5.357358351071733689e-07
2.838573864314653973e-07
9.158483402098002131e-07
7.731959788284896856e-07
9.197618267527147482e-07
4.503564297815807863e-07
6.849166203398458602e-07
3.209853848670475966e-07
6.046808299371779275e-07
3.395833103260294569e-07
4.924384644343616926e-07
9.238083252729460677e-07
7.228221032321660286e-07
4.992104782497127458e-07
9.324050032305548521e-07
6.328276169441461388e-07
8.475813033138576678e-07
4.056537233433915392e-07
4.617016599914466594e-07
3.508416241365017402e-07
7.284202422635220463e-07
1.291548354350071417e-06
6.232372741788235036e-07
3.866738947999209198e-07
2.640917661643309876e-07
6.671841966647555832e-07
3.445623257905294171e-07
8.595611724874034756e-07
6.367551565547183269e-07
6.232697468592742413e-07
3.392818280865028345e-07
1.157684306880252710e-06
7.468965334839760123e-07
3.389510208570430720e-07
4.014495423765758311e-07
1.064671176102644930e-06
6.486562218948268237e-07
9.637423369161368890e-07
3.782653372053057359e-07
4.039178296354787322e-07
2.383795674007353492e-07
9.665598818560214880e-07
7.061487786267613091e-07
2.122027811053887499e-07
3.453039469098226746e-07
3.851175031488124044e-07
4.402375438070861433e-07
7.470588941835978643e-07
6.985572216158434642e-07
8.487866878480178531e-07
1.290488970599650814e-06
6.893116681112759743e-07
4.071735493051355415e-07
3.345563299035271568e-07
1.032718564958595105e-06
7.036333926261137621e-07
4.235425458976023098e-07
4.369238913382382590e-07
3.914532391185744729e-07
8.346692513083038778e-07
6.035150063954616141e-07
8.637395632502338947e-07
4.677668302665307764e-07
2.440545103381535718e-07
4.646118600802119554e-07
7.666626949487764166e-07
4.772076341237954698e-07
4.499270530990994235e-07
5.581753445169364099e-07
7.342654429253350083e-07
8.821940165620964603e-07
8.394463425452563184e-07
1.220462086531435361e-06
6.114103769560729091e-07
3.308799087452606079e-07
2.231907146539608906e-07
5.268326718596482467e-07
8.305581646679544104e-07
5.673354106991000949e-07
9.006367504380324078e-07
4.567731107919420157e-07
2.859481814065999638e-07
5.026729280016206066e-07
4.728577819649637673e-07
6.599689211738044406e-07
4.294407494083243321e-07
2.628628536979627045e-07
3.557531100688891876e-07
7.992660821270317659e-07
7.909766439257605351e-07
3.310733675764180410e-07
5.223584169231640550e-07
6.005716309616795124e-07
7.616246942739899004e-07
3.900847899769406608e-07
9.290432288182933539e-07
1.085193100459526346e-06
4.570812605382533120e-07
3.542706835370303744e-07
3.790107835661127615e-07
7.615366260417390490e-07
5.353326887035442688e-07
4.486028031041371790e-07
4.269492040543668288e-07
4.010915412718077692e-07
6.130851496935194734e-07
7.796904543026493403e-07
7.271234469073795138e-07
3.651016898561444205e-07
4.187769749534476850e-07
3.935268642932663747e-07
1.125775564626972479e-06
6.726771933911834203e-07
3.531520487033707333e-07
6.026845451903918477e-07
5.412524679271266439e-07
7.417245583432130560e-07
5.443085471238559153e-07
3.225648070837754412e-07
4.920268419524752827e-07
1.109250004288886752e-06
3.552388104369733071e-07
1.922452476335266276e-07
4.419376047057763755e-07
7.719759866302141177e-07
7.415069397319568386e-07
6.666921875666181789e-07
4.130631564388778209e-07
2.850187637962900687e-07
6.702322512811918037e-07
1.152800097404721270e-06
9.901982911780777787e-07
3.205969548397892412e-07
7.465459616761307467e-07
1.141740654196241118e-06
6.731733948856275952e-07
5.363730226034886693e-07
6.791837989938327408e-07
3.454655469082027803e-07
3.823102290070308735e-07
3.756369372133101603e-07
4.306102917363298829e-07
9.188149763389103806e-07
7.004291782855703442e-07
4.718278654959099922e-07
6.429525772246566967e-07
7.722486439154663776e-07
1.109818234116834663e-06
9.568748160016362737e-07
3.960527627566865766e-07
6.540372474141705418e-07
5.736078836909212904e-07
4.818323762149033863e-07
5.790515460564868109e-07
2.973054517550600146e-07
4.927755876848554950e-07
8.009700956277491193e-07
5.302482040024880236e-07
2.831891142027345819e-07
2.729945852752296122e-07
3.782582625639823251e-07
5.609932888420680755e-07
1.016180352681322589e-06
5.088368133883122247e-07
5.983427332486958190e-07
5.331995689241378846e-07
8.876371903510618018e-07
7.359732760195719310e-07
7.159073506135588820e-07
1.093732400310767082e-06
5.902923961301209200e-07
4.039647123120510327e-07
3.151011369242330660e-07
1.077731843326039781e-06
5.854840715998268809e-07
4.883098940688175581e-07
3.714975054130306426e-07
4.129480837359814052e-07
7.037968967244906846e-07
6.054512584666155969e-07
3.126523281853207087e-07
6.888305517504652041e-07
6.609638428484600102e-07
4.374439839679893851e-07
1.010203672429102298e-06
9.225002512066328595e-07
7.588388940087134237e-07
3.709417978465865795e-07
5.883870938722778441e-07
4.825982671158829021e-07
6.777929983494540361e-07
3.511860179283371659e-07
2.748355391307696138e-07
6.579411869393947845e-07
8.745148581772883969e-07
5.499092693757593539e-07
9.158756342101555553e-07
3.574817581911196637e-07
2.168963856991391739e-07
4.477343593393177818e-07
2.912708521582536608e-07
7.735699186774469239e-07
4.423774129025483373e-07
5.965544603054646551e-07
5.684862291883985068e-07
3.761473552866979719e-07
5.109772093043730052e-07
5.370344680151825297e-07
1.058896840581655312e-06
2.874579410383471965e-07
4.455727166712518966e-07
5.826089232142699124e-07
8.758063355834505333e-07
5.658109545381372651e-07
5.049335814562570258e-07
5.120483618519739216e-07
5.522012577236761395e-07
8.303912549046271203e-07
9.208730853339704076e-07
1.220124069561520097e-06
3.555556545623106569e-07
4.703585020625456574e-07
2.609796350311641399e-07
2.985967641534289022e-07
5.871194194365475354e-07
5.430455929703929529e-07
5.553423015887410801e-07
6.962270095935263996e-07
5.072300890374389373e-07
3.161222219829652291e-07
4.863521131831764328e-07
6.925755428502687721e-07
9.084501640347128110e-07
2.981545939699101025e-07
4.273417563691854818e-07
4.976257204593274669e-07
9.734644447600289623e-07
6.427125539767332915e-07
5.340170229698242535e-07
4.227604114580518238e-07
7.591397332003206363e-07
9.135676874077830695e-07
7.635472909021663162e-07
4.120113159751852209e-07
6.795772523627939377e-07
3.510061502456882870e-07
7.178909171846319233e-07
5.969538735525605954e-07
6.807263758039163902e-07
9.807010585765008016e-07
9.589686634986690327e-07
6.646889565917722923e-07
5.132934486783351918e-07
8.876577872930642561e-07
9.785304590966791615e-07
6.564110321858071302e-07
6.996164657727303192e-07
3.677072282642011749e-07
2.363682848134147263e-07
6.849945054210798557e-07
7.043319987513945658e-07
5.254053166375611636e-07
2.763474904074235989e-07
3.891738684039323164e-07
4.993029087030173266e-07
3.162867825236832632e-07
1.031383824361513837e-06
4.095386453387312894e-07
8.742631580789176517e-07
5.954527940587858060e-07
7.409795878701451337e-07
1.005112504519176519e-06
7.514434791653274688e-07
5.003288842287972136e-07
4.924411436661510712e-07
9.060639616735376474e-07
5.629626530491368000e-07
4.535695401049218421e-07
3.377069999230047525e-07
7.996075269898226085e-07
9.384740324496153853e-07
2.920603337335264291e-07
3.181316683119235021e-07
5.335978973715240643e-07
5.231783980460975604e-07
7.294654822396480695e-07
7.786280789105784649e-07
6.230023304096183455e-07
1.265081768941374528e-06
3.404385381882631181e-07
8.166240575974320997e-07
4.841369018059686585e-07
3.608812074139824003e-07
4.896271590440882654e-07
4.982598736331829415e-07
5.189232586151959038e-07
7.441043546855758853e-07
8.652026804014594965e-07
8.628316252623573078e-07
3.867193420846256390e-07
8.402409387106025943e-07
4.670897044034431897e-07
7.095819686063822815e-07
1.024431932575424093e-06
8.263857707802315733e-07
8.146454279434297837e-07
8.131123511835820148e-07
4.732551381710551630e-07
2.887012055390702052e-07
4.985187653598876365e-07
8.812039763564643392e-07
9.513337865626503754e-07
4.686916790021813738e-07
5.823648902725876286e-07
7.331665544066175708e-07
3.542650669076522935e-07
5.194209969511030034e-07
4.031376747279274376e-07
6.198883841922679972e-07
1.206726815577445859e-06
6.314501068572103331e-07
6.125901208867584948e-07
2.559997538710399985e-07
1.111338993756503281e-06
6.733315618476023712e-07
4.529620968419713768e-07
7.633431561966252703e-07
5.013343819573788543e-07
6.206519153318343692e-07
6.141309349652378318e-07
5.421229962810850797e-07
6.854082195530474973e-07
1.389112787433780899e-06
4.426852605821144594e-07
8.078035344222623641e-07
3.731346527552812737e-07
8.208472679377034640e-07
7.094892867500813838e-07
5.089741424495975984e-07
5.079139266580511624e-07
1.380879169433557749e-06
7.566364148783024848e-07
6.623681809586690146e-07
9.516534998302008295e-07
4.176082027949395024e-07
5.898992395943278148e-07
8.758518254613889054e-07
9.668915897534240454e-07
6.928397241798361659e-07
5.361323616274571377e-07
4.980007525814865440e-07
4.559032535148067671e-07
5.560762892898092776e-07
9.264916528597264147e-07
5.785762996168937297e-07
2.624647529661304003e-07
3.425579817284327173e-07
6.222615872347976929e-07
5.700693936920354375e-07
7.473836915469011771e-07
3.805878341194654472e-07
3.402998328874464998e-07
7.917943667296359611e-07
6.336129840320854414e-07
7.275595514097894019e-07
1.002773723234587923e-06
8.112872830071392154e-07
3.445353495497433383e-07
3.186393580500789175e-07
1.163127143149129705e-06
3.685050804546870237e-07
8.013408080963394831e-07
3.803084267698472850e-07
3.991218839390344279e-07
3.581055150427459460e-07
8.153235433409631724e-07
6.545920061700817389e-07
3.561822273967963782e-07
2.854363074069793111e-07
4.147575475191583900e-07
6.593774367768400504e-07
4.415518926495521531e-07
1.001224175485083029e-06
4.121809667722695701e-07
4.085752964584645294e-07
6.116505048868514661e-07
6.533733605171478058e-07
