5.091998962045797121e-07
5.396870323480885776e-07
4.053919660205132226e-07
6.316305528580717876e-07
4.633744067499083852e-07
4.711436641629577294e-07
4.434335880580143849e-07
5.858620307507492150e-07
6.330317418255491878e-07
4.960816521440450893e-07
4.617656760700326011e-07
4.567544667700160642e-07
6.529976190219296593e-07
5.305411492800340922e-07
5.193361898209423570e-07
4.715172820502199119e-07
3.847513444145256482e-07
4.076836605012630309e-07
5.523405248678827986e-07
5.193111835057260630e-07
4.336635005019181848e-07
4.030110445036129502e-07
5.078518967361370978e-07
4.992922410296341317e-07
5.935879725855343009e-07
6.226891185285541734e-07
5.458246643705614869e-07
6.406270993609352425e-07
4.744863278266150323e-07
3.962018805372712560e-07
4.345033267066412872e-07
5.698628036036192882e-07
4.939805006850726716e-07
4.905446417759643925e-07
4.835227931967384350e-07
4.134590033415677112e-07
5.170590453046796329e-07
4.888463103371562186e-07
7.273249384243554032e-07
3.587532795091531881e-07
4.837072107537708335e-07
4.740166132296931547e-07
5.877605798424969265e-07
5.275224845877005350e-07
4.196881093503093656e-07
4.944955321450203846e-07
5.312972750778825233e-07
5.300929494768021064e-07
5.135281562848266880e-07
5.143994026304879702e-07
4.127825208969888895e-07
4.423988808611731081e-07
4.929567729473377204e-07
5.700661998470738675e-07
5.860136133067665556e-07
4.675923358246662681e-07
4.603948402287439899e-07
5.179531308862613469e-07
6.147581278874175349e-07
4.052049041714073377e-07
4.763293760071121558e-07
4.885573226111948892e-07
5.695877555212664739e-07
5.028955422117990119e-07
5.099190725909316072e-07
4.319109165270324712e-07
5.974671376634287155e-07
5.308812808997621619e-07
4.767299591267746980e-07
5.700373090825786914e-07
4.435632406121881226e-07
5.215632860049800524e-07
4.681803978658674246e-07
4.935880194814002454e-07
6.090326032046757848e-07
4.951173661119993847e-07
4.618117751459478109e-07
5.548836551387889690e-07
4.634708030730194363e-07
5.225691717623221986e-07
5.888894480872220900e-07
5.123339717657341304e-07
4.403785598822103221e-07
4.711306344324707048e-07
5.962364055236785758e-07
5.699263435764494280e-07
4.999010996722414907e-07
5.244012682312905564e-07
5.751124488339749341e-07
5.576398961017295594e-07
4.647008742823044539e-07
5.876520710559313785e-07
6.693628413893728820e-07
5.084358718155389613e-07
4.883140526596948732e-07
5.380103540698782578e-07
4.369691573953727325e-07
4.875236970782586226e-07
6.167870410123007903e-07
4.898203389543030360e-07
4.072378678661897925e-07
5.268994423508569028e-07
5.571612582251126690e-07
3.897767536002199483e-07
4.174745954858608359e-07
5.378623825585792503e-07
5.045295686202203939e-07
5.945061049150342312e-07
6.129878722341988346e-07
5.201087418132447523e-07
5.260818902281773188e-07
4.464953061388468588e-07
4.412307280122071028e-07
6.670823943887271536e-07
4.935478072941067880e-07
4.527853414207439301e-07
4.311592601584734785e-07
4.511252593105930565e-07
5.579090947375673259e-07
5.520120674851209796e-07
4.713753879067241249e-07
4.407205982466101921e-07
4.470368425844537831e-07
5.443876019265264063e-07
5.057427412739479430e-07
5.908029942543126207e-07
4.484368300861078336e-07
4.786737254571772953e-07
5.267642601521584920e-07
6.348201928550010104e-07
5.855678891049473165e-07
4.992499529249998535e-07
5.124148652263151196e-07
4.172415837097552383e-07
4.389294034192897579e-07
5.525892866444409877e-07
5.332316863334195832e-07
6.182422484458135682e-07
4.576619109090871931e-07
4.068558260532256226e-07
4.642440289563164302e-07
6.033548872758136797e-07
4.843863527771669303e-07
4.588465929208361802e-07
4.955795897366806869e-07
4.693237732014942603e-07
5.363818498902107428e-07
5.643088691780275076e-07
6.520123587851813346e-07
4.744607337822592130e-07
4.669540474159291747e-07
5.716426472047563139e-07
6.666065246243952624e-07
4.649130702639731771e-07
5.318393819319013681e-07
5.130375079600097811e-07
6.638849033919671276e-07
4.360657045043152047e-07
5.162956457566786878e-07
6.772188598910979988e-07
5.818439534549912322e-07
4.179880562733045922e-07
4.764903329886613960e-07
6.050056670294662060e-07
5.574317716873232982e-07
4.983276690045439654e-07
4.956026364776432528e-07
4.069823422910463780e-07
5.823342229771083722e-07
5.659112807551071093e-07
5.141156478198525990e-07
4.319838430899440448e-07
5.605446034539711034e-07
4.807007385746178739e-07
4.820897326149019053e-07
5.242395223469900125e-07
6.461318737076278885e-07
7.688976085820092171e-07
4.374482188067454504e-07
4.823429318231477906e-07
5.812935604692639645e-07
6.234925547341086655e-07
5.427954889024938664e-07
4.749735997610417421e-07
4.918485362384614635e-07
4.275357194846973035e-07
5.158793539920820124e-07
6.250471951065674827e-07
4.816022289281712987e-07
4.614286413568795613e-07
3.681323815454935156e-07
5.261283570962174198e-07
5.291881103558371802e-07
5.172665599093190226e-07
4.293814153381200365e-07
4.855222573160723600e-07
4.785719948692589961e-07
4.239890419187287165e-07
5.348177632246981529e-07
6.643008700159151324e-07
4.984701569690585513e-07
4.556302391572772673e-07
6.136978489734047293e-07
5.644310490711540756e-07
4.887860653985198343e-07
4.772318859316206231e-07
4.326882075476176525e-07
4.226881820891329110e-07
5.191782543490783052e-07
5.398800051427277045e-07
4.076440364704463792e-07
4.789984892725318044e-07
5.132702673180709884e-07
5.342874789460238997e-07
5.313287062281645751e-07
4.898270385092191497e-07
4.128795081194847346e-07
4.525384012211590560e-07
4.662755943050645494e-07
3.886852070221577987e-07
4.391323367035776397e-07
4.684826699379598338e-07
5.101868686835374950e-07
5.074766422963247195e-07
6.131549748307282499e-07
4.095697909674319177e-07
4.234824745801429824e-07
4.700614763893197641e-07
5.616355656725060413e-07
5.559715207424614124e-07
3.545303229485779460e-07
4.829791969475667545e-07
4.540446614022279695e-07
5.336208271827056606e-07
5.247532383681163138e-07
5.245920907493532390e-07
4.682645871968225597e-07
5.087537233593264690e-07
4.648966918307512812e-07
4.550930535419965219e-07
4.730969740712889955e-07
5.767419654610415114e-07
4.986016917829109361e-07
6.500087318473936088e-07
4.265797433656556196e-07
4.417156323170487183e-07
5.389915231366579697e-07
5.738426995123831524e-07
5.884682762386382659e-07
5.053450476014232387e-07
7.183688752865087242e-07
5.770584835265718057e-07
4.674578889334269661e-07
5.295835468923084532e-07
6.032258842413361846e-07
4.796907265971000629e-07
4.748033394700434960e-07
4.914392442677712774e-07
3.841173525581837049e-07
4.506696703041810380e-07
4.383402053096342658e-07
5.165234393161880322e-07
6.765224808218465503e-07
5.148021598251265849e-07
4.737285041754172085e-07
5.084925722627411848e-07
4.917212222413587537e-07
5.429495975720773128e-07
6.970074177405993064e-07
4.808824349453144353e-07
4.571678550087284740e-07
4.388793260730634871e-07
5.457298177866912482e-07
5.610166902698767547e-07
5.447703014756832282e-07
3.451561509570916558e-07
4.687715142587339108e-07
6.833919437235291785e-07
5.164314522385780518e-07
4.631135320495256690e-07
3.849698386961044677e-07
4.190953605515329476e-07
4.777591628216017248e-07
4.482809923536747292e-07
7.899070482302957605e-07
6.193843453788394199e-07
4.946101314233338374e-07
4.808824845108807354e-07
4.834533078678884170e-07
4.407402752391594942e-07
5.000013227786183162e-07
5.464785426470907793e-07
4.655179379311508194e-07
4.225684324552294214e-07
4.245150301987400447e-07
6.003925194172436359e-07
5.081841703351879052e-07
4.664469897621346043e-07
4.501437166554659239e-07
5.060411236329193180e-07
4.563185244483309839e-07
6.257407540964417145e-07
4.046541111454365602e-07
4.532259346278954225e-07
5.124241076980269884e-07
4.120736413451732144e-07
4.566019531430805833e-07
5.097365161814993330e-07
5.650979096516611282e-07
5.214982539112219710e-07
4.001449600335915544e-07
3.757931325275701148e-07
4.998938024470814985e-07
4.988136206873629555e-07
4.591349384563585102e-07
4.777770073607063630e-07
5.780871548985952405e-07
4.926895590152269938e-07
5.554930408217293958e-07
4.935545100438377376e-07
4.933739645300921804e-07
5.624528212781158301e-07
6.571044577394570059e-07
4.033796436806718432e-07
5.509488521214555893e-07
5.403542469697789151e-07
4.007088323801677537e-07
4.884288359702266328e-07
5.088096332981064763e-07
5.634113667100622331e-07
4.073794274364370331e-07
5.048611151007417615e-07
5.889495268750392090e-07
5.573849270273271997e-07
4.522869822485793873e-07
3.836504974844563919e-07
6.501395968373320780e-07
5.181067086374963138e-07
4.943803990357309486e-07
4.035501250773362395e-07
5.092225181658983693e-07
5.328875443433956674e-07
5.927686133777375503e-07
5.555775328306044753e-07
6.192761234078113600e-07
4.673846479972616149e-07
3.958176602789255030e-07
4.920868769810346758e-07
5.814149685352594275e-07
5.712494201123717818e-07
4.472741676448624177e-07
5.133910865346853016e-07
4.261283253391982913e-07
4.541475256642369858e-07
5.204451616192109963e-07
5.299940603750717546e-07
4.495014105941948577e-07
4.604013747511432867e-07
5.599093951524607603e-07
5.099515199000961615e-07
6.023683988607813232e-07
4.266003953012677274e-07
4.556070844010523641e-07
5.221558987912884991e-07
5.465218799708653918e-07
5.660755967280550563e-07
6.076722307924288399e-07
4.914064440375890416e-07
5.186040414363931142e-07
4.019903824811231556e-07
4.462399632104503938e-07
5.825745053971476943e-07
5.477748617232077867e-07
5.955128974751915620e-07
4.652085297421434601e-07
4.372434438851471125e-07
4.925572034091456364e-07
5.754107051966790438e-07
5.215364365809400208e-07
3.908670953158805055e-07
4.828594569033421715e-07
4.835116286370761867e-07
5.081931745711770529e-07
5.547819839099714547e-07
5.351606562114829310e-07
4.994083559118205501e-07
5.934604130481817595e-07
5.618946871983075317e-07
4.728209824513670063e-07
5.365870537846504724e-07
5.029857647052409214e-07
3.980381227819251241e-07
4.857940958207873562e-07
5.547065231452844763e-07
6.445157694171783989e-07
5.002257784665434287e-07
4.832541276489992165e-07
5.276505564535653332e-07
5.346945556540984146e-07
4.903992880358107087e-07
4.828853408016103174e-07
4.543395353208769763e-07
6.848969418596574633e-07
5.356530506745997585e-07
5.226108417689026539e-07
4.184498773281995603e-07
4.733085618985878878e-07
5.617010062125778506e-07
4.673741301900745459e-07
5.051219328538589540e-07
4.777135747943108656e-07
5.115168269593822769e-07
5.673069539859894175e-07
5.266488398574575850e-07
4.676222653250203708e-07
5.134115483565434777e-07
5.699080117564871208e-07
5.489200675175854110e-07
4.407249874597693018e-07
5.216512657504519730e-07
4.093090754419763755e-07
4.545244367095334214e-07
5.403424876109580904e-07
5.802076518212013882e-07
3.973735325195806689e-07
5.106388706042433431e-07
4.963168374074661531e-07
5.966825542483224987e-07
7.158300924623044295e-07
5.585492032623220831e-07
4.938867116296394180e-07
4.428417233748626532e-07
4.003462380567576331e-07
4.617633503493770589e-07
6.060429460291939817e-07
4.391502523356761122e-07
4.318083936331229231e-07
4.470643354682708720e-07
5.546816709837032592e-07
5.586393162244024653e-07
5.684072220969098603e-07
3.828648396902989823e-07
4.420794158863041947e-07
4.796971345766830265e-07
5.130530343592075081e-07
5.558702233549064100e-07
4.180925289839442481e-07
5.174786724569239286e-07
5.763626648057534149e-07
6.689012003969506348e-07
5.287825429029466613e-07
4.657157108621098885e-07
3.970280825609368554e-07
4.214311479698167397e-07
4.951727844530154485e-07
5.498261137994526473e-07
4.201425426434986709e-07
4.073423963220935983e-07
4.744604840474663336e-07
5.407768889461609911e-07
5.117832681500490182e-07
4.690678919569224261e-07
4.447566267476915567e-07
5.230649793802487954e-07
5.366430398862992033e-07
7.287170563700189755e-07
3.849734286299284830e-07
4.881998991685270466e-07
5.684590423897389323e-07
4.352729884314281242e-07
5.405434154683743806e-07
5.486797303283813200e-07
6.134496233114037614e-07
4.655611387883599213e-07
4.555900978224111815e-07
6.544956168120234044e-07
5.043577064221966783e-07
4.294049016187983423e-07
4.924285501820438485e-07
5.554436698496993252e-07
5.401251748978814700e-07
5.296060584114209851e-07
5.042978340679222622e-07
4.347419240301152291e-07
5.365168638894248736e-07
5.456638762141048971e-07
5.221716017119234173e-07
4.867287474812168071e-07
4.740532778004299510e-07
4.155519942363613335e-07
5.136627974152272934e-07
4.671998729949056433e-07
5.502925663882487517e-07
6.007868053702017044e-07
4.190025619647125637e-07
4.649433500562113915e-07
5.836568226307059067e-07
5.766754332335625089e-07
4.891109996474570438e-07
4.909408160988977367e-07
4.294690244808537222e-07
5.492340343420133463e-07
5.863633439534777988e-07
4.756426310058750778e-07
4.570434352975124229e-07
4.477675497361787228e-07
5.419990352760670456e-07
5.179957282285186045e-07
5.298765104628944232e-07
4.716813898601368730e-07
4.516677372432760851e-07
5.258483093955961706e-07
4.808339923641420848e-07
5.551762795401711488e-07
5.899651752655341901e-07
4.996826116037776647e-07
4.526706201335232185e-07
4.578366213434847248e-07
3.546349315053287788e-07
5.468008221310026616e-07
5.347177854367167129e-07
4.866507193065819815e-07
4.379221450690890285e-07
3.728209276103462134e-07
6.713259877441940068e-07
4.992194663545106198e-07
4.868285510832573669e-07
4.229187369326527302e-07
4.721052015699873357e-07
5.347515522759457177e-07
5.820244149949667657e-07
4.241599297019801580e-07
4.827923696290717969e-07
3.897069603788640704e-07
4.945671600554010193e-07
4.989268913411140709e-07
5.175397104056351525e-07
5.080768761157451770e-07
3.919299651303808385e-07
4.324540735464932060e-07
5.340011187064559940e-07
5.182814379408626821e-07
4.812839589478960326e-07
4.575494056879776065e-07
5.970090622852957405e-07
6.225011587882179845e-07
5.148332497557173345e-07
4.348526858636306688e-07
5.477854670548220680e-07
5.990804700795129938e-07
5.455021972257341050e-07
4.629057755696079853e-07
5.384196137011158508e-07
4.797471570673406031e-07
4.060157207831017236e-07
5.244407812214049136e-07
4.839260489458262947e-07
6.527686242336212419e-07
3.890686454475941634e-07
4.606418420196495090e-07
4.519966331716374488e-07
5.503661921523956546e-07
5.080203677418560457e-07
3.738931438244745417e-07
4.902266672231667608e-07
4.993199886495816361e-07
5.932734637854756550e-07
6.000342530511761717e-07
4.661311527343621621e-07
4.222638148023802178e-07
6.110499668248394579e-07
5.498399015601093412e-07
5.827049463558575911e-07
4.870965702890257595e-07
4.965687293006694861e-07
5.286724811559010017e-07
6.015747265957327745e-07
4.555487330840426448e-07
4.787402002292761437e-07
6.150392437415639919e-07
4.535986122790520196e-07
6.039066524829143852e-07
5.583147045362840794e-07
5.786963574326446108e-07
4.403059904176134636e-07
4.990304990048266049e-07
4.125882984880715387e-07
5.484238164092748939e-07
5.418162710774309771e-07
4.845106575710729910e-07
4.518824307586548208e-07
4.610732934075158818e-07
4.822599082468427276e-07
4.589272811739594751e-07
5.961680351136090250e-07
5.416003112571885270e-07
4.642152957398337175e-07
4.854704266073946497e-07
4.619340535876014125e-07
5.761985265987421112e-07
5.913810994673100971e-07
4.960063536628427325e-07
3.587346372513942660e-07
4.604293094528180786e-07
5.423376254448755593e-07
4.799914585934306412e-07
5.458213934168004790e-07
4.385846754729140770e-07
4.161446417097793246e-07
4.468226442331642244e-07
5.110788672146252984e-07
5.088223822598522227e-07
4.449268797998280216e-07
4.487044254450227978e-07
5.138877823468324688e-07
4.731593280578691658e-07
4.599304965250014124e-07
5.659815325088725016e-07
5.691032653703639575e-07
4.624231672984593460e-07
4.134030382549326095e-07
4.317276731453027761e-07
5.449365826370839698e-07
4.986334249644903626e-07
4.295555357478261647e-07
4.302989983221295944e-07
5.386448900315112285e-07
5.342737560794367601e-07
5.606686341855843085e-07
4.314355887639013094e-07
4.322681840707687779e-07
5.162473683903070797e-07
5.440861712285009322e-07
5.273852502049690436e-07
3.853151361990674035e-07
4.916554584314837562e-07
5.534309032042903111e-07
4.627247830358906285e-07
4.480899071691656791e-07
4.253705316381220353e-07
5.306686674674240230e-07
4.781054123976279350e-07
4.649119664986608791e-07
4.399121236774569495e-07
4.902238510539687026e-07
4.921210448712164963e-07
5.534361507039524808e-07
5.232626388856173384e-07
5.077483879513946086e-07
3.850025394250961555e-07
5.602934973111801876e-07
5.694849160482335832e-07
4.259088301323744921e-07
4.989023066732455046e-07
4.814569789958308752e-07
5.566284762019135494e-07
5.862619968111227714e-07
4.799447055594246198e-07
5.314088027662978568e-07
6.543982622072838699e-07
4.308213352877218071e-07
4.307386138696790107e-07
4.831440470832436321e-07
6.489897868496328698e-07
5.024856356365521849e-07
4.366125128724707198e-07
4.936445229867535307e-07
4.850597529125589172e-07
5.074841115254684021e-07
5.003023338689927983e-07
5.142252524305161436e-07
4.132007731966263298e-07
4.515546587369585270e-07
5.356620081383759064e-07
5.158524164518776574e-07
4.339999505851905778e-07
3.881512213518710656e-07
4.592767964632200759e-07
6.248348188433376845e-07
4.722906935401459507e-07
5.257533259196029158e-07
4.966857572030812810e-07
4.906945430599350165e-07
4.426104815270582198e-07
5.006578841193802263e-07
5.419787431781598606e-07
4.119183620217228342e-07
4.897955618738210488e-07
5.410785833788741515e-07
5.356531764491958544e-07
6.812346040021577019e-07
4.299015586103462580e-07
4.553559214380804070e-07
4.933059794064826280e-07
5.428204963044703724e-07
6.261927969805206303e-07
4.148224182679868660e-07
4.796685629409793084e-07
4.773083983172604680e-07
6.363477822239890269e-07
3.868191254440738255e-07
5.293424615541207295e-07
5.614884398713952387e-07
5.897104149387715098e-07
4.251764903980243014e-07
4.508762267291876813e-07
5.019870854855900897e-07
5.891298386463632484e-07
5.261433903581822684e-07
3.780368556575648480e-07
4.945094785911795100e-07
4.674882097305583739e-07
5.366487914197941207e-07
5.464985275929859887e-07
5.370350304791329950e-07
4.676559004576147876e-07
4.663027762916212657e-07
5.807150019226881295e-07
5.961663824812918785e-07
5.505141684330434794e-07
4.820728250344300947e-07
4.885878027303844174e-07
4.727209857166168065e-07
4.785833152030993326e-07
5.604309954745975954e-07
5.509354556774689809e-07
4.418403588007255695e-07
4.735056717977214711e-07
6.150609575755066699e-07
5.795321934962007046e-07
4.663590140919079172e-07
4.825190786662367287e-07
4.106717792158133594e-07
6.045087080588945480e-07
5.416295977769366636e-07
5.176781386291753679e-07
4.388358456159052306e-07
4.627721917937293898e-07
5.724517803088711126e-07
4.988894769747874799e-07
5.204218285245665624e-07
4.497039001264053961e-07
4.223394845637585966e-07
4.277327938918970527e-07
4.674813421762501910e-07
4.685752637398793088e-07
5.579341274407064870e-07
6.062593666887160376e-07
4.859513695833534669e-07
4.712927104581190042e-07
4.226238419365950532e-07
5.305619206637575540e-07
5.580884048231675531e-07
4.861545463814033410e-07
5.277490503677876274e-07
5.102406701720848448e-07
4.769621592190041809e-07
3.419017047226929557e-07
5.559245842882824455e-07
4.969641735270836367e-07
4.036393348570724576e-07
4.653748143932240708e-07
4.928196979732786034e-07
5.246719400027630169e-07
4.879925940156920833e-07
4.681228988732890260e-07
7.422921648398634750e-07
4.287211122757642821e-07
4.076871241663068885e-07
5.334301054214457856e-07
5.187275069942498602e-07
4.916305456008887006e-07
4.638220560257096474e-07
4.476804785672719237e-07
5.127656420730811281e-07
5.291611480587526837e-07
5.383480472462995085e-07
4.238592611565551981e-07
4.325046546566271235e-07
4.915488188149910984e-07
5.614586022620309234e-07
5.343139200959606838e-07
4.469163029060797332e-07
4.458067408196823852e-07
4.854144127249255449e-07
5.094779027310548069e-07
4.563723085281868338e-07
4.402059302332442355e-07
5.122021174653300405e-07
4.547785012142642518e-07
4.193550716406063906e-07
4.351824831146413737e-07
5.464530346607358530e-07
4.769215559005288890e-07
4.973238164721602866e-07
3.681981947929670343e-07
4.991743567765472739e-07
5.194647591441713859e-07
6.494166689044347664e-07
4.007563596430534613e-07
5.007393173737467564e-07
4.527085609246022124e-07
5.609013321625299138e-07
5.868597269480701746e-07
4.603135099497767673e-07
5.048556002959154163e-07
4.149074864409561279e-07
3.707654817870537993e-07
4.546719320364937277e-07
5.905451890064382138e-07
5.179249477653061464e-07
4.496902712676425878e-07
4.512726559882402080e-07
4.761245731718444261e-07
5.071970308528423376e-07
6.051952401610319061e-07
5.984888016026334481e-07
4.568733835209939026e-07
5.156036495746259733e-07
5.429346006602016881e-07
5.330114219153720412e-07
5.137783204812557245e-07
4.671294993957967485e-07
4.240573011892874619e-07
5.553290768686698946e-07
5.528784717891694504e-07
5.331163899663701245e-07
4.103157418286195029e-07
4.798356797584906706e-07
4.909006703613990249e-07
5.036437073613494194e-07
6.097684900027831536e-07
6.098773803550028151e-07
4.668658552126518531e-07
4.417697386418451653e-07
4.515565362247270350e-07
5.538271649032482602e-07
6.247281424131101905e-07
5.531268342075737687e-07
5.024608964575010056e-07
5.507093274111047211e-07
5.609597572788438091e-07
5.487283365583790641e-07
4.828574255498016748e-07
3.949302231442034070e-07
4.113284368764191232e-07
5.417489055491631065e-07
5.109528256362911863e-07
4.550532993992673939e-07
5.305752573743594233e-07
4.843673049241791759e-07
4.832375219517701977e-07
4.999377413988831407e-07
5.592195364618503378e-07
4.847939995468475838e-07
4.115090033963346504e-07
4.199367958230089829e-07
5.392627131774982098e-07
5.284832583357238821e-07
5.525103745075789307e-07
3.904607986192371474e-07
4.581528163594657553e-07
5.295778071767472355e-07
4.863415826857879114e-07
5.904097668074172716e-07
4.557537849999901601e-07
4.141874184851771726e-07
5.093066872064631678e-07
6.041424470251493523e-07
5.249835497073678977e-07
4.414753226345429047e-07
5.049210263611977852e-07
5.368051563099401071e-07
4.574333813415585943e-07
4.197173686205814785e-07
4.153928299464548236e-07
5.780748005939860719e-07
5.169299180452868060e-07
4.331797022294052644e-07
4.337005322601939597e-07
5.503154222472894528e-07
5.230614353078613153e-07
4.608789079870177288e-07
4.261272602654082233e-07
5.449908291408730683e-07
5.401053576524813139e-07
4.384127690976080589e-07
4.980549931212368280e-07
4.898445212848130148e-07
5.546743680756890038e-07
6.437226783852181665e-07
5.496460801468061320e-07
5.098433698283464044e-07
6.708013044794606342e-07
4.292603309344784050e-07
4.927967718752428554e-07
5.698287228846487646e-07
5.198211994309034616e-07
4.269357554437421284e-07
4.755176119023729202e-07
4.652485809328261593e-07
5.364304066769375449e-07
5.035620924852564495e-07
4.866047487572813306e-07
4.442569985100045180e-07
5.738796506324095176e-07
6.797312336217558911e-07
5.170757991297010494e-07
4.692689753378218395e-07
4.723979160259697446e-07
4.652800375326434041e-07
5.090216318945638057e-07
5.080045392320747426e-07
5.695582755308510746e-07
5.855445613845709730e-07
4.026285552940154580e-07
4.904166124919499715e-07
4.845104425345100340e-07
6.898563472102571834e-07
5.741161807102636706e-07
4.929541505884399258e-07
5.088178050943481458e-07
3.919519827531866224e-07
5.374728459629937743e-07
4.370894895629403244e-07
4.176248797907410635e-07
5.145195310150811274e-07
5.816642284056595563e-07
4.774522449545367454e-07
4.348685265662732648e-07
4.452175466113874327e-07
5.570951522342068553e-07
4.987952166065310742e-07
5.417870257928617930e-07
4.392978280168180828e-07
6.314728518091246178e-07
4.696297630413796682e-07
4.847758531361130815e-07
4.511614059191424891e-07
5.521109468148969167e-07
6.153775137170720734e-07
5.760370516300558342e-07
4.312195968163699142e-07
5.000251251079661638e-07
5.279554416455486940e-07
4.992771618532458078e-07
4.760262257318467096e-07
4.133303251802330176e-07
4.200213438808980388e-07
5.102431164651561060e-07
4.228256030677388325e-07
4.051272011021649185e-07
4.682061486866884305e-07
5.104847717195975265e-07
5.690794416864859468e-07
5.367998181153871335e-07
5.511524051660793888e-07
5.083686345305150652e-07
4.275546775444817904e-07
4.489065437371944469e-07
5.724150850761121553e-07
5.070019292015004394e-07
5.017842433426129917e-07
4.486468175035260198e-07
3.430709592987742480e-07
6.001557200855014985e-07
6.227425953189374646e-07
4.000120353072619064e-07
4.579457986674773133e-07
5.162882883664891430e-07
5.965937393982649206e-07
5.369393406820129070e-07
4.107485666729699347e-07
4.725193712421231967e-07
4.603777924144692962e-07
5.227589349684420986e-07
5.721463041439215232e-07
5.060965499806672052e-07
5.164830711312377490e-07
4.956313362252111590e-07
4.491179500702130649e-07
4.653105373311987412e-07
4.892200601993566573e-07
5.364221260817749607e-07
5.219915146111408000e-07
5.526703794955846143e-07
4.720913535204623841e-07
4.743423946763202858e-07
5.324904779235972700e-07
5.916392733555478293e-07
4.209971113744250117e-07
5.029616729027593264e-07
4.976468063456903125e-07
5.451306394711375661e-07
5.576927387770801942e-07
4.707611573704336894e-07
4.629547365750485773e-07
3.718654886654757744e-07
7.022775630804558083e-07
5.003284412759159436e-07
4.567605967546576118e-07
5.842818628456966662e-07
5.041107080690515615e-07
4.423978197686420801e-07
4.690202834104013013e-07
4.581913583360430154e-07
5.340836953561202179e-07
5.900920809233645256e-07
6.304576337896760966e-07
4.522956379269617777e-07
4.828742937989419013e-07
5.291179858094019854e-07
6.364069753295002147e-07
4.266964381026457012e-07
4.782357085553430381e-07
5.393268909703292805e-07
5.088227136605975221e-07
4.071736036227234883e-07
4.822480546208545590e-07
4.541321424702275269e-07
5.259321291584961620e-07
3.870325576112752527e-07
4.428181938746228225e-07
5.556550083850173282e-07
4.992676985740030576e-07
4.101615667607488551e-07
4.460424599304370676e-07
5.098846304905197681e-07
4.788472144471028820e-07
5.343679213507838875e-07
7.372557214393731568e-07
4.869886177953819975e-07
4.402520308342871066e-07
5.122819365952941866e-07
5.558674618249328669e-07
3.966555521319815152e-07
5.032009064725712324e-07
4.864716331306546557e-07
6.426407325142621286e-07
5.917362633109344924e-07
5.012686005078798882e-07
5.318381486562345755e-07
3.841670686769805316e-07
4.727596613896023801e-07
4.295204466544181057e-07
4.694222500473954505e-07
6.053713090092446871e-07
5.630744920113451210e-07
4.748664954412683859e-07
5.150688952548181966e-07
7.281658790416037915e-07
5.988588974276132274e-07
4.422589572807605245e-07
6.172507428459048481e-07
6.277435014287856299e-07
5.418805948851437817e-07
4.587481803646379071e-07
4.512546461520128600e-07
5.211465294010868162e-07
6.397440323437515378e-07
4.627443082309062999e-07
3.786701101334251235e-07
4.538210740222273637e-07
4.242166580962677525e-07
4.766335663963383815e-07
4.453023813889611343e-07
5.840524202071785771e-07
6.116087166333684195e-07
4.926979163553178496e-07
5.397927240999909420e-07
4.369640224852853933e-07
6.759634444799957027e-07
5.715799062075363236e-07
4.591752322934867271e-07
4.554819717578545683e-07
4.756901747620428681e-07
6.054595133485831251e-07
5.403089077519523917e-07
4.787624726431019309e-07
4.931804230653279708e-07
4.579434184813473246e-07
4.348432497514796648e-07
4.758586678667554834e-07
5.487695564163368509e-07
4.040273335337689412e-07
5.097230396540297141e-07
4.798684503701872368e-07
4.484058773843746071e-07
4.537620416368317160e-07
4.909206096187451174e-07
6.285667773384599443e-07
5.086437478355105137e-07
4.184481184102056094e-07
4.348911524568589149e-07
6.365419762860116618e-07
4.744633080291755838e-07
5.246434076831826183e-07
4.984147741182354041e-07
4.310376285699265937e-07
4.528228424802784678e-07
4.971198862932911970e-07
5.350839790058614470e-07
5.321061479375748575e-07
5.935837158329854635e-07
4.645770490255451214e-07
5.210628051553709815e-07
4.267777332039148136e-07
4.518280189188051195e-07
5.655795206721190210e-07
5.224613544427418676e-07
5.237649699855088038e-07
4.157532304764649443e-07
5.665466501252374460e-07
5.724422893129294413e-07
4.566138501488103482e-07
4.185830880858902113e-07
4.592882080073332306e-07
5.821565994493537488e-07
5.016208118677217187e-07
4.376519024345181302e-07
4.710713116381440742e-07
5.072790213741911204e-07
5.780926866410654111e-07
6.663108581470369566e-07
4.587293016264494587e-07
4.838912792703935181e-07
4.060366482944092420e-07
3.712523710862908103e-07
4.801785342209590577e-07
5.032153577021034076e-07
4.864978811220754057e-07
6.747647002795760797e-07
4.725001805335873929e-07
3.862548875764429258e-07
5.452740902836344071e-07
5.721884173947375949e-07
5.646845893992118906e-07
4.333438284156871402e-07
5.213250619788306923e-07
4.981918453370871495e-07
5.358618809282726440e-07
6.042596449657720555e-07
4.659153773635082569e-07
4.234930087619607118e-07
5.890546676372241428e-07
5.474857956790754001e-07
5.275147452084893751e-07
4.503653174692180121e-07
4.645870689200416401e-07
4.496561212428098579e-07
4.616144969966497429e-07
4.774170972009640201e-07
5.146254561497770548e-07
5.715259585318064448e-07
5.486501040127690079e-07
4.237977878520243957e-07
4.695679292286852310e-07
5.548104016338180273e-07
5.689581387673711423e-07
5.276714555462555149e-07
4.872199231491809546e-07
4.836191473215136045e-07
4.924919266251584735e-07
5.982380359284034397e-07
4.924472265698362685e-07
4.453118737757724095e-07
4.026077321968541709e-07
4.988994957655208178e-07
5.232427214352570809e-07
4.458981016132608363e-07
5.541959578826150786e-07
4.620588491744569208e-07
5.038181058573808071e-07
4.003956555917368199e-07
6.397070790658498708e-07
5.783035296067162801e-07
5.338386043740364479e-07
4.335472579838666897e-07
4.685103495657635338e-07
5.620725064335220383e-07
5.435698532561388315e-07
5.530460509172762354e-07
4.589275032033253245e-07
4.351891511817224074e-07
5.064859360155106086e-07
5.154884819951076616e-07
4.480463592389627308e-07
4.390569734746759336e-07
4.823942288254954982e-07
5.147931274757711870e-07
4.872580090304835652e-07
5.536972103105594741e-07
5.141259065407754108e-07
5.247031841355902177e-07
4.381538106317622694e-07
4.576304339460101613e-07
4.260392582102575364e-07
5.975371554737850125e-07
4.906097467848051446e-07
5.519249616212912335e-07
4.547864748884504553e-07
4.856365458791910429e-07
5.185786809992500138e-07
6.083836260236624709e-07
4.305436607489486806e-07
4.755301786342650283e-07
5.056881913147503754e-07
5.117430084893385117e-07
5.804429306395510249e-07
4.925139014042104458e-07
4.822492187546094130e-07
4.825497590524578248e-07
5.759564633847725625e-07
5.432199589261185305e-07
5.266898820337606244e-07
5.045946180698298895e-07
4.598189175511183207e-07
4.434860791772329888e-07
4.448669690539823651e-07
4.994238701459050424e-07
5.487049227265186849e-07
6.131247973429586219e-07
4.541702012938139557e-07
4.511503866096431068e-07
5.174487632020138414e-07
5.758560249042638924e-07
4.252344211744187479e-07
4.548444089111726286e-07
4.788642041469493551e-07
6.367519998869362784e-07
4.881903625928767101e-07
4.831107237278379597e-07
5.325205310633212454e-07
7.001058703937544762e-07
4.660948906006299151e-07
5.472946433628606364e-07
3.914081373823434733e-07
4.728898413726251462e-07
4.551100785765319386e-07
5.200638293087077014e-07
5.995680833757478346e-07
5.041147663666710961e-07
5.251788940786833851e-07
4.912966745726913277e-07
5.708582264850671697e-07
6.043314259350373875e-07
4.805040593167205494e-07
4.799330767642654120e-07
4.531389340394717792e-07
3.945902382823028511e-07
5.126417175327751456e-07
7.077384316488688309e-07
4.908008307030683365e-07
3.918817651266719601e-07
4.326466475572889291e-07
5.005183350889486568e-07
5.272789009232060121e-07
5.878496568874421719e-07
4.586129413637187828e-07
4.003274092643853567e-07
6.102560323755823156e-07
5.067086898509616165e-07
4.326424179495773179e-07
4.810321651713708906e-07
4.878744158228264016e-07
4.398823124684559800e-07
4.292920961367999845e-07
6.944840736023914227e-07
5.130973900177045409e-07
4.131431222347268602e-07
4.241213398237564839e-07
5.147057653820660407e-07
5.299311638943600311e-07
6.647056338085177920e-07
5.654290577453465049e-07
6.090943245642802985e-07
5.110522578811734523e-07
3.935236187474151373e-07
5.185130198841970423e-07
5.450190722559363135e-07
5.606438785887151175e-07
5.366630859518731897e-07
4.812465177274664278e-07
3.847292359949105622e-07
4.119240383857955376e-07
5.177031473477510879e-07
5.353982578391895480e-07
4.512604609148914631e-07
4.335479979008375930e-07
4.541902720008152692e-07
5.522258353933125441e-07
4.825072659536171436e-07
4.682844333151686731e-07
4.484250833830897651e-07
5.238892112857671166e-07
4.948535722246301212e-07
6.175931544371674348e-07
5.794906317302844065e-07
5.068159876135387161e-07
5.439929019352257838e-07
4.315633523557461261e-07
4.055587367655008453e-07
5.412540641854253898e-07
4.967455348260918017e-07
5.565898299740863522e-07
4.755469607370529490e-07
4.778537482708979161e-07
5.778567842063117569e-07
5.240249768484180062e-07
4.316261444510727809e-07
4.586325543124896430e-07
5.201153264555136862e-07
4.659138532887690646e-07
5.742905548195638679e-07
4.529014841133136016e-07
6.743789364561329456e-07
5.869444398451716940e-07
4.621109633147885180e-07
5.254262712663256740e-07
3.669080978215072125e-07
5.283750552787602693e-07
5.126650587608891311e-07
5.998897778847752981e-07
4.005338287284051524e-07
4.564395505034116239e-07
4.562434425245315118e-07
5.497833659694127118e-07
5.981073437516653989e-07
4.828818359847506902e-07
4.545157668000369288e-07
4.382595019470666893e-07
7.071175056897793189e-07
5.521956948504948026e-07
5.022720556849057592e-07
4.679365768192189400e-07
4.604181003433351496e-07
6.195538471597929155e-07
4.957374692968410499e-07
4.834635571618127819e-07
5.311035699779848900e-07
5.782424823748179807e-07
6.602663494284304954e-07
4.725192364438875961e-07
4.958751032645445771e-07
5.345192732384586818e-07
5.920947533140272343e-07
5.541018711026774690e-07
4.685619588854333617e-07
4.958475634327409111e-07
4.998299807627800391e-07
4.839553565192983132e-07
4.529355161298985025e-07
7.157092461178947695e-07
5.219503557013535002e-07
5.518111541684941959e-07
4.599076561584276800e-07
4.938777239804060385e-07
4.995420607504431796e-07
5.696586173000001634e-07
5.380574186527046295e-07
5.372498071268830585e-07
4.681863481662656319e-07
4.800324065714916310e-07
5.388204247243246668e-07
5.196703446890693207e-07
5.008961273371765771e-07
4.047611185525964184e-07
4.487919131715553945e-07
5.517198316145610380e-07
5.102112440841155864e-07
5.325634769579328090e-07
4.594591278877701721e-07
4.323490106629658973e-07
5.185871824553064492e-07
5.047651940010532552e-07
6.971366411674440130e-07
4.667790215335494917e-07
5.079650161466311320e-07
6.010399431701762172e-07
5.552859330838196361e-07
5.172215560985171861e-07
5.460673811104723608e-07
5.227474846445997734e-07
4.777344256303023505e-07
4.722952737776924141e-07
4.617210618252018562e-07
5.305497243089799382e-07
5.260719168986455371e-07
4.168895807572374307e-07
4.331025380375367701e-07
4.768667604498208244e-07
5.297528280893399304e-07
5.521479389234386167e-07
5.880953349624530913e-07
4.709691101150110754e-07
4.685590733621724225e-07
4.953321300607461587e-07
6.825330395385508771e-07
5.771808506544213050e-07
4.525848265402751776e-07
4.760433991639481119e-07
5.140833623021375800e-07
6.017809056160721360e-07
4.325582161306586873e-07
5.469101163019948427e-07
5.389548321820359536e-07
5.276593219628292068e-07
4.634619737730733713e-07
3.951256257617775758e-07
5.009946343904350357e-07
5.667633788180491199e-07
5.284422713848003100e-07
4.265573700213850588e-07
4.666896160855980150e-07
4.818725019407629459e-07
4.773076254483406712e-07
5.527222591966738283e-07
6.850044336984596557e-07
4.952921835991176940e-07
4.797026216983219328e-07
6.612769397127242431e-07
6.319613072599573550e-07
4.824410080202547030e-07
4.722004646067955524e-07
4.678852186487521235e-07
4.979201093502683725e-07
3.917512138283327926e-07
5.367309202690051882e-07
6.372407465849166034e-07
5.543943877729804652e-07
4.542366475580476292e-07
4.734925212901012402e-07
4.687491543000131013e-07
5.555692027873438142e-07
6.113381021186929442e-07
4.806316203199861082e-07
4.566501419449106597e-07
5.479399730810728351e-07
4.438606315087212298e-07
5.014014321630649428e-07
4.701019336206031253e-07
5.232120955432418947e-07
6.317004975237339459e-07
4.736868733682429029e-07
5.015510745349430948e-07
3.681657961653082641e-07
5.846264869750416744e-07
5.357118342861518234e-07
5.465240407481124596e-07
6.167764835405269767e-07
6.693204990275207598e-07
4.726850048888031215e-07
5.035718719415879362e-07
3.628859315668630875e-07
5.116889267962445008e-07
7.159991776775876968e-07
5.199246648773899636e-07
4.401840611502055460e-07
4.755059028926949697e-07
5.584849950977873295e-07
4.704932226122534809e-07
5.198974775108529256e-07
4.643400704894748531e-07
4.247947966033187655e-07
4.956500134005298147e-07
5.107852925838786087e-07
4.403549995365370570e-07
4.556249284329715141e-07
5.520473153905005830e-07
5.215473521137585741e-07
3.630740700228972345e-07
5.231055478434594446e-07
5.314635808268367556e-07
4.995972189034155037e-07
4.603340842744649179e-07
4.068057418313936851e-07
5.557977778229031193e-07
4.987006898231210451e-07
5.160243771760629251e-07
3.965697918941802765e-07
4.278508592670396325e-07
4.961165898513918180e-07
5.458804656932238420e-07
5.990794811337382554e-07
4.232152444287043981e-07
3.974680714582559571e-07
4.494474341102813079e-07
5.234797795098493195e-07
5.777664553747624976e-07
3.421337495409209057e-07
4.948580159011031611e-07
4.564688154681437808e-07
4.072122269321618559e-07
4.069368046743643975e-07
5.013607616293600301e-07
5.587495718755282765e-07
3.936578454680307124e-07
4.049864011200057714e-07
5.556339832271386103e-07
4.938993366793608387e-07
5.330505013233645052e-07
4.937549813059035141e-07
4.323427465063632581e-07
6.603545160327906875e-07
6.093342074516008355e-07
4.521015784428438979e-07
4.479098715203895677e-07
4.705624620414860164e-07
5.137030441453440560e-07
5.697612814595884066e-07
4.874552076447708261e-07
4.591994015756121251e-07
4.527599019430198828e-07
3.980200037560316689e-07
4.280889043158895145e-07
5.467611382563500274e-07
5.157813288349477227e-07
5.184284340338636373e-07
3.824661427227086713e-07
4.697986092557125447e-07
5.113754606883276786e-07
4.999740753194950655e-07
5.440229033761110762e-07
5.921981197798462689e-07
5.051117182215529946e-07
4.646632590327598426e-07
5.674535008359511686e-07
5.886298948476890636e-07
4.913147478072953342e-07
5.170634495828862157e-07
4.476448406532135824e-07
5.117451762381843783e-07
6.193923283205283487e-07
5.036954961191416534e-07
4.223864809903789289e-07
4.559142094379112485e-07
4.308319510705206648e-07
4.801099410317715972e-07
4.767244567061614825e-07
5.156783560491812092e-07
7.449606443972715037e-07
4.661166328537394424e-07
4.713084376479104281e-07
3.985022729400693103e-07
6.319325331969484992e-07
5.493851576310631893e-07
5.158169285621322468e-07
4.381508258607496574e-07
4.722666985117509091e-07
5.031975197603289666e-07
5.095812840227895670e-07
4.693556313659043059e-07
4.518846537554280658e-07
4.391540166684849347e-07
5.276138078920577679e-07
5.326868240350636245e-07
3.942868250223589063e-07
3.644931257937087924e-07
5.800454060344048048e-07
4.284148674191462955e-07
5.041401107518889013e-07
4.428117090379797246e-07
5.622273424564301282e-07
6.018107680943591463e-07
4.681534977712587558e-07
4.539576870259352460e-07
6.506740257335750859e-07
4.974521422455153970e-07
4.803834464831351763e-07
4.244152416403930457e-07
4.796916964963445656e-07
4.807329904027283107e-07
6.607782136946070864e-07
4.589924907529409695e-07
3.658619179604908275e-07
4.626659595199906729e-07
4.959401653147125461e-07
4.087009938191251729e-07
5.442703206267800672e-07
5.017623719872612493e-07
3.840292725965613719e-07
4.191290523009966226e-07
3.877729223482360986e-07
4.093347868493414001e-07
4.851291884270299891e-07
5.055473060421634394e-07
5.089901154973783295e-07
6.947245536850747572e-07
4.839326839315978691e-07
4.517036832293444086e-07
5.196440328719260027e-07
5.855738760024714832e-07
5.922000313362196986e-07
4.307329845662044324e-07
4.647337368951430483e-07
4.456587286641577132e-07
5.804401926226154687e-07
5.523959258566172686e-07
5.586485376284965706e-07
5.472861883258255317e-07
4.263899662241804821e-07
4.432022807555668988e-07
4.552873246304927097e-07
5.817758181862101706e-07
5.375877803583202207e-07
4.117322637860553084e-07
4.736918843673810130e-07
4.964487243714351230e-07
4.993901106667390751e-07
4.726033182354701852e-07
5.117873926138885262e-07
6.219910345118361938e-07
6.218210310846702339e-07
4.783015190789859738e-07
3.860246255684307417e-07
6.070889648801499958e-07
5.507267415399563911e-07
5.280722686184723939e-07
4.514721193376951112e-07
4.673338302367803443e-07
4.190818083365857058e-07
4.980949042177614606e-07
4.325370223884337232e-07
4.938197628766093734e-07
5.655712793291416860e-07
5.609775892661190383e-07
4.810193679377651929e-07
5.199329330215449410e-07
5.325788520031294027e-07
5.408129087685215665e-07
4.826490093223432080e-07
4.817316489849972591e-07
4.444705711393621346e-07
5.055380404586907837e-07
6.844698453950052992e-07
4.970803860465619029e-07
4.401376199738844571e-07
4.184936989419618932e-07
5.161823812774845675e-07
4.449727485721674828e-07
5.563757897105000580e-07
5.259494394361796140e-07
5.303872093949388661e-07
4.296705292523959348e-07
6.246715514367424259e-07
5.796540638195342879e-07
4.298917130554283672e-07
4.723034480254963547e-07
5.923387709635884467e-07
5.131648119350212001e-07
5.643214155134481962e-07
4.775099124787077019e-07
4.364489860454467007e-07
3.863626481298572948e-07
5.540365349414225703e-07
5.179032883993227919e-07
3.792379347758829437e-07
4.338003223962909654e-07
4.738406833148540604e-07
4.809184544602364616e-07
5.565644498874197901e-07
5.430670547801996777e-07
5.223269305630173209e-07
6.799716038742181106e-07
4.902929418553013713e-07
4.223859637980833691e-07
4.143767815081939389e-07
6.258960947256555928e-07
5.083942882259426558e-07
4.903378900011253936e-07
4.822535499630063460e-07
4.399410617008505104e-07
5.408261589653671482e-07
5.213464441960037527e-07
5.534947290346576406e-07
4.526497520358327962e-07
3.758694587199224015e-07
4.810851783208397288e-07
5.953061798451163346e-07
4.960472573506418888e-07
4.368187794962320629e-07
4.821103983737827571e-07
4.932196413219313756e-07
5.288991195490051575e-07
5.453732425943341409e-07
6.269752637068048847e-07
5.361033874217632682e-07
4.070453776938829259e-07
3.821344692401330528e-07
4.950585848155847705e-07
5.433322384723796876e-07
5.084113558167796596e-07
5.942755041674370736e-07
4.735355532855698052e-07
4.298749761114703517e-07
5.087467881092146229e-07
5.282725785925645956e-07
4.894804040827553268e-07
4.805816987944442694e-07
3.937872499306821170e-07
4.288555485344710006e-07
5.347461259892502750e-07
5.377420570251583015e-07
4.030693626859104829e-07
4.702371595508010924e-07
5.120203665211489909e-07
5.005501220486472575e-07
4.387640987053026652e-07
5.367163052856650853e-07
6.467004173346382771e-07
4.657560359313467388e-07
4.103993627082379538e-07
4.471446172343683901e-07
5.920188423149025619e-07
5.184716571064866382e-07
5.033079242989197916e-07
4.214850905911166867e-07
4.442463809682304134e-07
5.384049570832253137e-07
5.531878266023794920e-07
5.627467139916708848e-07
4.389799793460807818e-07
4.487142708577221098e-07
4.495032399620371964e-07
6.193665972004003825e-07
5.256763981300650220e-07
4.089277777976565702e-07
4.801198510801961027e-07
4.974938875669662230e-07
5.138092630324628485e-07
4.487600679025818786e-07
4.169634384878177359e-07
5.201747776641584240e-07
5.606464083441480844e-07
4.175189449256428756e-07
3.590009350792857536e-07
4.780381801471070971e-07
5.160486547233269680e-07
5.232587822932378471e-07
5.280234247434869999e-07
4.979461868100687112e-07
3.858413106689562940e-07
5.050969883636126320e-07
5.931625221420527082e-07
6.240349561694561822e-07
4.279684588109501426e-07
5.088242193243082469e-07
6.511060802689917563e-07
5.646770382966353852e-07
4.754494734383503828e-07
5.061774892973739917e-07
4.200553492237527863e-07
4.292408001628358781e-07
4.194883338306461892e-07
4.384424842139621751e-07
6.197713470504249430e-07
5.164743257026381661e-07
4.760760958133031239e-07
5.031189744931067999e-07
5.268434300104918525e-07
6.018068514234364016e-07
6.378014314186481086e-07
4.494971779282652317e-07
5.585748128284651813e-07
5.232194714619255361e-07
4.595302235904438516e-07
4.956786493581424956e-07
4.306765960152620805e-07
4.783860741257997817e-07
5.719712993025176645e-07
4.831185696922599088e-07
4.151888546834353886e-07
3.835768295745497895e-07
4.456593946318807623e-07
4.759817736939084790e-07
6.261043655686103388e-07
5.140560899027654249e-07
5.161865573109084953e-07
4.744889241343034499e-07
5.673688619380659887e-07
5.327968433219375191e-07
4.874159156720103287e-07
6.308168704560988217e-07
4.728842869715905381e-07
4.315140790373646389e-07
4.161149801706486022e-07
6.130183293690305428e-07
5.158494145693864481e-07
4.971400751522674841e-07
4.562566875050874240e-07
4.307541503061355298e-07
5.259184816420059051e-07
5.207635326252996403e-07
4.203118005839845901e-07
5.774271544498922350e-07
5.267177054586965384e-07
4.690892977689883551e-07
5.718816104999631824e-07
5.562744170517921730e-07
4.870316434187236090e-07
4.427953348789059858e-07
4.811120580894189909e-07
4.637405800693041117e-07
5.300666970651005340e-07
4.254693347696362418e-07
4.145201492261238030e-07
5.106027418460924460e-07
5.486407670277061277e-07
5.072769451970937762e-07
5.762780689033461880e-07
4.613716223621410112e-07
3.730927364087934922e-07
5.026678078560532920e-07
4.121393964041598808e-07
5.886029242721103754e-07
4.853761573521878872e-07
4.879859169131111250e-07
4.800200055224330850e-07
4.416550044585277148e-07
5.409884319709754156e-07
5.207907245793475329e-07
6.185313216279329412e-07
4.109807394636770838e-07
4.589485798453714364e-07
4.900970226903738578e-07
6.295622869983720739e-07
5.012322440668893808e-07
4.499131818731209085e-07
4.778047280367504322e-07
4.949524498339249120e-07
5.333024911185941162e-07
5.975268220034889192e-07
6.266709949494894091e-07
4.446595201459985876e-07
4.788303244968631387e-07
3.890291922563368569e-07
4.338446361091146332e-07
5.162206844561461870e-07
4.981580921476745522e-07
5.004477554621474430e-07
5.418709242276419419e-07
4.662719051845955122e-07
4.286334257262694257e-07
4.946371372980977127e-07
5.785649976749476512e-07
5.547049640329645816e-07
4.472467035426175539e-07
4.608485002554449791e-07
4.774405042286879315e-07
5.891087403424536680e-07
5.524294916356472303e-07
4.955326094308667927e-07
4.363878185368740241e-07
5.648082478971896130e-07
5.860407502942289574e-07
5.547064295465293599e-07
4.240312786494372035e-07
5.308069279765817624e-07
4.310301802867625081e-07
4.949752980535359689e-07
5.109137554554972377e-07
5.175906226205596282e-07
6.042519559321495664e-07
6.270208379994965264e-07
4.935419541106701006e-07
4.639809986288146252e-07
6.223341637438266430e-07
5.885311257882414437e-07
5.353719866937242323e-07
5.142535648455190879e-07
4.397124487823122160e-07
3.673768737370034044e-07
5.445170946024077161e-07
5.336465283134500172e-07
5.002437014403529640e-07
4.124947211504613038e-07
4.156266205968746220e-07
5.126332011779295638e-07
3.939801493837312262e-07
6.690172460155548669e-07
4.403658081857119264e-07
4.845782371328884837e-07
4.648613637594652676e-07
5.369018633566412951e-07
6.119628284182194175e-07
5.235159896145889224e-07
4.618977159805116777e-07
4.754776061432045959e-07
5.262350018653392918e-07
4.992473815227530035e-07
4.618718441043849636e-07
4.205141031099591760e-07
5.452411365239724856e-07
5.953362059328254012e-07
4.064846335024950387e-07
3.949973290867934831e-07
5.015885759958898285e-07
4.758244376159585310e-07
5.356964088359369272e-07
5.861790411530356535e-07
5.158712702223604167e-07
6.222084634759172611e-07
4.363798677600404281e-07
5.657843301547804068e-07
4.690733365290235151e-07
4.604687582624303825e-07
4.504026083292751584e-07
5.140746393670680704e-07
4.753730287145846553e-07
4.910370247579408433e-07
5.807039285169106043e-07
5.501822786802719846e-07
4.334138211233137083e-07
5.343578723835049518e-07
4.664857487026369360e-07
5.571973848128824579e-07
6.185058049104709208e-07
5.907960083485865041e-07
5.624950165653217935e-07
5.336677859860401585e-07
4.634406681129150643e-07
4.320148731047715799e-07
4.862852188493210610e-07
5.324112654397675126e-07
6.005286290190401305e-07
4.349672751056734464e-07
5.046366275081464913e-07
5.624195141179391340e-07
4.083853324915286404e-07
4.563803249914560601e-07
4.485877586724499166e-07
5.243733185072679104e-07
5.989746234803878115e-07
4.983902506307064086e-07
5.122388132520389102e-07
4.002998635312035678e-07
6.143126938116134982e-07
5.533785814184269541e-07
4.646231755259487671e-07
5.437204576411513897e-07
5.105041496336249427e-07
4.624008161944136557e-07
5.076393862041912226e-07
4.571428368043795378e-07
5.737868056158601947e-07
6.663414821674495189e-07
4.738700899730546144e-07
5.098846493979338419e-07
4.309675283538923572e-07
5.545818367777954384e-07
5.065149733992355737e-07
4.454003418792675512e-07
4.786019005386372188e-07
6.409656035130928940e-07
5.737209685195017666e-07
5.234536181648352989e-07
5.960409685494882192e-07
4.802948619677227271e-07
5.097628189731663025e-07
5.850105892995024737e-07
6.286931097328667780e-07
5.273288040272203570e-07
4.774453992660135719e-07
4.782955012631688221e-07
4.616650123642541730e-07
5.025263803024269048e-07
6.207637046886879703e-07
4.895563035974874395e-07
3.852375533841610380e-07
4.334562145978825956e-07
5.226420084550112811e-07
5.081886690414343527e-07
5.192917536992927123e-07
4.478901403195240689e-07
4.165995565947015566e-07
5.481223106568743972e-07
5.354474922784362485e-07
5.574955387317407216e-07
6.242129965361226395e-07
5.140274768718585372e-07
4.308382511640397030e-07
4.479607968717015358e-07
6.699661517405364184e-07
4.733062504870671290e-07
5.394514034896753422e-07
4.439436014226482946e-07
4.254457117508252980e-07
4.227297839852403299e-07
5.530261301459434196e-07
4.906987248652023832e-07
4.319680488823600802e-07
4.182148851735974664e-07
4.826648578063724527e-07
4.999741236875237495e-07
4.982560048469953862e-07
6.138455750384765741e-07
4.608123782432186340e-07
4.703986124996177495e-07
4.938455298064618947e-07
5.489678773033268393e-07
