2.431867219785578749e-06
2.962271651401592477e-06
1.924515838803966001e-06
3.596480573539628957e-06
2.205793637345682423e-06
2.488448309025517270e-06
2.302352923134873673e-06
3.244165353078107234e-06
5.812084772157251707e-06
2.586217823947410452e-06
2.353037355751889806e-06
2.252846322547658422e-06
4.684580942743537922e-06
3.263454894575026350e-06
2.573447428339578784e-06
2.218783553016712586e-06
1.675375193254790889e-06
1.778596916810944726e-06
3.245604039477775114e-06
2.972724949011900508e-06
1.865696602175696172e-06
1.689855080471758824e-06
2.472262082208195106e-06
2.608293080487632600e-06
3.789291913544405515e-06
4.610953693227364854e-06
3.182646425753297723e-06
4.781041151547270881e-06
2.357632311883585477e-06
1.656501136514616808e-06
1.927871916976064844e-06
3.336789850756366324e-06
2.649624703800793781e-06
2.400457807081643046e-06
2.076854959826361698e-06
1.839726515259900289e-06
2.827739535524517948e-06
2.370693405937300532e-06
7.937079225109083569e-06
1.470805531108124194e-06
2.391028232795223736e-06
2.508971849518265880e-06
3.695657545095508982e-06
3.339977281119589893e-06
1.843474316840221547e-06
2.757182141257753351e-06
2.802494496714267945e-06
3.052368360455401535e-06
2.690793733030963036e-06
2.955747059923642478e-06
1.789456774435849784e-06
1.999203679877494965e-06
2.457564715680324577e-06
3.577296039353865129e-06
3.910741758309039715e-06
2.264698986007199381e-06
2.329364816917277331e-06
2.651457806113543479e-06
3.598182818582470943e-06
1.796968036492216562e-06
2.328128753435714389e-06
2.257523311927775041e-06
3.140168253599976256e-06
2.561387548193361834e-06
2.438294734432411774e-06
1.785645196505437208e-06
3.975785330032769218e-06
2.695084754798681133e-06
2.157395936821660456e-06
3.240043738514135395e-06
2.275519680812636939e-06
2.624883348405155134e-06
2.406343692196311571e-06
2.520517782108490278e-06
3.944842938830320586e-06
2.353240408420635098e-06
2.044530779835142747e-06
3.692982959645610377e-06
2.021047127771722152e-06
2.739009413963519143e-06
4.251467630996200926e-06
2.698905737910378372e-06
2.157329718082086907e-06
2.233414536338791026e-06
4.599917281592070209e-06
3.843327309295185871e-06
2.581272140878913056e-06
2.805098012433384017e-06
4.326008082955815748e-06
3.356290430037198052e-06
1.973993956362579825e-06
4.558771160096314287e-06
5.691039806169296471e-06
2.498754910850836365e-06
2.748360321820704808e-06
2.602876120424506105e-06
1.983858737475724940e-06
2.249667661016777326e-06
4.257136536705532543e-06
2.555907028137217260e-06
1.742864693664116190e-06
2.710086817486453600e-06
3.375430515658777498e-06
1.632828012810293772e-06
1.772503215667090418e-06
3.021419553634657308e-06
2.445731443783363986e-06
3.560235246710778780e-06
4.018841528167711085e-06
2.821799083038367613e-06
2.783702417040821805e-06
2.024920823523410163e-06
1.863797466547648695e-06
5.333035240362372924e-06
2.344099968602876570e-06
1.978746632535208745e-06
1.837037149630769685e-06
2.136456799817039818e-06
3.424990992729299356e-06
3.626971978364946640e-06
2.187148045166261023e-06
1.855813621824961015e-06
1.896655935289688989e-06
3.528051074560478652e-06
2.272913948853306143e-06
3.468852861685435517e-06
1.897231871034135123e-06
2.474891472413088010e-06
2.687363543898952135e-06
4.454877144085615974e-06
3.770334377805865249e-06
2.306877646544986827e-06
2.789934519783743628e-06
1.695119728562821703e-06
1.901260332660938121e-06
3.213802161194723288e-06
2.624181563109442099e-06
3.945272662983962902e-06
2.204302443773670027e-06
1.671033004204119952e-06
2.368723910118438916e-06
3.732550946449818321e-06
2.289434641145739464e-06
1.943847673839651857e-06
2.554969868491745466e-06
2.423908105845419203e-06
2.885279046288878621e-06
3.265238650918993380e-06
5.314772803160267998e-06
2.490198754274422824e-06
2.104190540763812487e-06
3.280753447790045632e-06
7.118053322224704668e-06
2.357207422404985604e-06
2.825031660096256108e-06
3.022146547651637495e-06
7.331718821531367505e-06
2.054496952110089231e-06
2.755098946766323713e-06
8.002450827898733790e-06
3.070370904241198330e-06
1.809139466520487328e-06
2.446875756256889384e-06
3.742675971247685083e-06
2.956736661953806006e-06
2.686530638792357812e-06
2.504347838210591443e-06
1.876019805764810050e-06
3.683959403373522491e-06
3.309977596212474521e-06
2.760903058815601654e-06
1.773339634507692509e-06
3.141637058676161502e-06
2.208508692277939768e-06
2.478737195258008369e-06
2.779738811992455067e-06
4.247980068612342075e-06
9.944975189584893366e-06
2.029177525013251921e-06
2.131500248349992632e-06
3.623155036088359769e-06
5.966462003470571574e-06
3.133607183720465326e-06
2.329770107462074473e-06
2.641655777753185547e-06
2.044159925014757062e-06
2.999803752703444041e-06
5.024636621657515994e-06
2.296865758193696600e-06
2.148322715193142317e-06
1.466091775414720832e-06
2.900796661052991539e-06
3.209844889098140892e-06
2.791376338463062327e-06
1.895871268361942568e-06
2.340537149013265648e-06
2.108823887334660572e-06
1.818200350738287272e-06
2.739097065792087194e-06
5.865818325691593194e-06
2.479044315492410565e-06
2.231065240962877220e-06
4.877248630633212273e-06
2.984005714067334369e-06
2.360529173076651763e-06
2.335042087611421393e-06
1.925916795642099782e-06
2.006664935260195556e-06
2.765703265419219828e-06
2.927777340350081802e-06
1.663430917115166045e-06
2.463047563114449633e-06
2.703201949565342388e-06
3.054849475362850666e-06
3.776355847657162033e-06
2.453143706090739045e-06
1.911495902139491921e-06
2.082120754286276855e-06
2.144982452547509479e-06
1.643328991661415237e-06
1.878816868273681751e-06
2.424133066153002625e-06
2.525069312642503115e-06
2.680267824889430916e-06
3.600863924687775201e-06
1.725558806293195489e-06
1.889828666472773458e-06
2.020285388375418018e-06
3.623757756542010881e-06
3.376468865491916307e-06
1.474220744344426758e-06
2.564804139974739122e-06
1.898906539036394511e-06
3.132792625256349998e-06
3.054699251836279956e-06
2.994007420751702637e-06
2.224915876511290755e-06
2.928973850794876515e-06
2.271930776643185203e-06
2.053339400544634650e-06
2.151510726732487213e-06
4.131897024847018116e-06
2.505513519238855668e-06
4.761921049438614525e-06
1.933461625917606695e-06
1.967030617455447042e-06
3.504340336375386208e-06
3.379403536506339681e-06
4.504620097621954681e-06
2.522214386107097211e-06
8.272890259590933752e-06
3.673800799706664257e-06
2.254491364463248021e-06
3.491162887664973670e-06
3.693194948303320329e-06
2.276269437377554040e-06
2.203973416515961344e-06
2.659064313503200374e-06
1.626581617406154561e-06
2.234108233691403807e-06
2.070651047648553556e-06
2.821134047970940235e-06
6.081077934263451703e-06
2.547932413775757604e-06
2.259687612257116957e-06
3.209983272023105006e-06
2.426860583329272052e-06
2.772626111578793595e-06
5.905538896782690735e-06
2.392620330397670560e-06
2.043781883300527557e-06
1.833241464711970513e-06
3.418636712689735067e-06
2.848096350060862693e-06
2.859371286025941992e-06
1.361230469929001041e-06
2.140449785205164873e-06
6.489335929592724072e-06
2.692307420392341277e-06
2.328834759550950920e-06
1.603509451299479150e-06
1.968904783443553879e-06
2.277731137534295674e-06
2.099464155038001357e-06
1.082775127350581469e-05
4.434558280545006548e-06
2.607500040275717439e-06
2.240635899399816152e-06
2.283574641045129340e-06
2.105511892272263011e-06
2.657350188587140689e-06
2.675157390782901161e-06
2.191554182337717049e-06
1.913110556734370063e-06
1.742471444519470492e-06
4.277665809251996212e-06
2.817647319612168231e-06
2.190003415464501430e-06
2.036141977884857195e-06
2.697811825241671038e-06
1.993667131059117771e-06
3.482291537357075421e-06
1.838122598414469155e-06
2.004674150714065381e-06
2.435785185315610385e-06
1.877512063237631336e-06
2.035758055706789330e-06
2.414188764638191055e-06
4.159426515063041361e-06
2.953611139565864005e-06
1.626278137118984194e-06
1.579216519926831869e-06
2.501755478640163769e-06
2.348577458227917529e-06
2.056871310565478410e-06
2.598345554676975031e-06
3.591334081072944035e-06
2.412776785541665679e-06
3.350767148173255942e-06
2.258548344269242643e-06
2.329852328305463581e-06
3.516885258508995484e-06
5.156274843979715139e-06
1.772749327981514551e-06
2.924466256956650980e-06
3.124263697839145604e-06
1.751461113279208478e-06
2.326054987163506514e-06
2.546850345051809087e-06
3.660676318781352548e-06
1.770949931394385767e-06
2.665149595601800100e-06
3.938167605564058675e-06
3.837629536675840704e-06
2.036802693943991170e-06
1.620114082792052678e-06
3.993707905478641976e-06
2.754573006658013284e-06
2.276536683874323409e-06
1.652010234204244508e-06
2.502897365582038977e-06
3.014051469877957804e-06
3.383583405788362295e-06
3.140453906544228960e-06
4.120232905512581345e-06
2.078403371954663229e-06
1.634710207988511446e-06
2.537742197331396069e-06
3.612035660486787369e-06
3.296291055476471227e-06
1.965672085196794915e-06
2.704522262477863140e-06
1.835625851047981363e-06
1.963149680371351212e-06
2.629869193153700442e-06
3.202618757369314211e-06
2.154836232490763089e-06
2.075382204937423109e-06
4.060351743158774720e-06
2.746651424348134643e-06
3.514160375425735382e-06
1.928189126306110682e-06
2.007564447910620501e-06
3.152519038382003514e-06
3.050653024474748548e-06
3.866378023963352969e-06
5.815422164191435990e-06
2.518499750810384637e-06
3.285319708039668710e-06
1.584208654081167419e-06
1.998338773261766144e-06
4.022545111617940053e-06
2.875182888564340560e-06
4.249379001509032795e-06
2.275408046918605561e-06
2.026150925583678905e-06
2.656304513099447222e-06
4.217535221330121384e-06
2.822508930883444852e-06
1.788705670844881851e-06
2.450619198456270668e-06
2.388069055291958422e-06
2.878070424584918912e-06
3.339179191292318426e-06
2.769637582661905725e-06
2.525348540289202978e-06
4.733699901580737278e-06
3.349349511008964981e-06
2.159809808997991642e-06
3.291051403868742964e-06
2.317780790510514857e-06
1.677598984381200568e-06
2.648413747907252671e-06
3.042288685956026190e-06
6.551299108825017721e-06
2.428860432845057016e-06
2.547302049608035263e-06
2.669191361559143073e-06
2.940417946110900676e-06
2.373887061586867853e-06
2.177101291222733247e-06
2.239868520804683930e-06
8.425617546019788565e-06
3.021298264298961799e-06
3.031337034005176191e-06
1.693243457047268601e-06
2.293710621747777672e-06
3.080316553395864852e-06
2.212253506038627336e-06
2.422774087307993499e-06
2.383194843562582276e-06
2.421329027255266463e-06
3.573529597521785284e-06
3.170144446630067593e-06
2.229530942629648092e-06
2.382889339620690559e-06
3.591854910626273281e-06
3.040187857046758359e-06
2.014071520592077238e-06
2.609559364224623342e-06
1.781693335051880228e-06
2.021480064903964295e-06
2.740208744091974220e-06
4.220567393620595278e-06
1.743504794705253331e-06
2.624012712949883652e-06
2.377058032501346400e-06
4.303232433594445987e-06
6.494047261672971293e-06
3.391376947237579362e-06
2.784714511694507312e-06
2.006983660444982437e-06
1.729110215911517766e-06
2.386771517684844006e-06
3.493476640703681998e-06
2.019901558428710760e-06
1.877680870579648252e-06
2.235174898975200046e-06
3.011050568179552458e-06
2.891188028169277136e-06
3.467859288465989660e-06
1.578443602389123318e-06
2.032312428016044695e-06
2.097496359051850549e-06
2.674308805569886761e-06
3.534487359343489001e-06
1.857384585761964246e-06
2.850017458431015511e-06
3.669130739414523062e-06
4.390871177622488448e-06
2.536523110372724524e-06
2.188152203342871751e-06
1.666007111106511299e-06
1.785443935220515829e-06
2.636392566795410738e-06
3.941791903272367741e-06
1.803191682712636826e-06
1.729503378869804892e-06
2.130727361091999032e-06
3.122235769345076553e-06
2.579593498011076401e-06
2.278598861210032916e-06
1.798743465367976147e-06
2.703791290357570102e-06
2.947858111799830724e-06
8.510665350119756464e-06
1.583752957539942750e-06
2.589209776379445790e-06
3.764356016372720352e-06
1.962165536384231463e-06
2.753475994543201736e-06
2.863768461848355433e-06
4.309136454417199573e-06
2.283127492256245669e-06
2.179520273089291893e-06
5.614085123304330141e-06
2.867232478827214198e-06
1.815041854957096390e-06
2.363559019305778694e-06
2.706314770960385262e-06
3.192399827751959885e-06
2.787489073335184550e-06
2.791967512661932962e-06
2.121744089308288337e-06
2.683848582455147945e-06
3.079495077632963736e-06
2.717618821271731151e-06
2.228625960932312093e-06
2.387886217784759421e-06
1.762725217432419607e-06
3.030036347546674247e-06
2.168572590737728607e-06
3.771135032333568572e-06
3.857798239174314093e-06
1.922898762089857281e-06
2.141339185248287265e-06
3.792813624330137659e-06
3.876967681677095558e-06
2.574189057734470598e-06
2.481081010758537265e-06
1.896949861505774518e-06
2.861296625804618585e-06
3.592484353221597166e-06
2.536266373779775631e-06
2.319115408105153577e-06
2.141281709827803790e-06
2.809614587398565676e-06
2.797388493917658313e-06
2.656488871847198827e-06
2.175581759877296142e-06
1.997388052133523304e-06
3.101239098673617992e-06
2.457308548969747109e-06
3.013838748734361688e-06
4.301784719287536547e-06
2.615012278343370024e-06
2.085247162929571798e-06
2.195892671265656008e-06
1.381351516598946855e-06
3.317403609746267852e-06
3.291835000784938116e-06
2.553617406444283001e-06
2.134601644291580396e-06
1.502758489600000357e-06
6.359812576221200495e-06
2.747984680531752994e-06
2.464866682553134911e-06
1.787044823190658294e-06
2.326900707787523200e-06
3.007616189943064858e-06
3.291128326455191879e-06
2.101147231417768090e-06
2.169694879074844584e-06
1.587961717256388424e-06
2.363799798025097202e-06
2.421664440536843771e-06
2.861239246769644716e-06
2.782416965728018735e-06
1.562299894694768074e-06
2.017685613757307573e-06
2.586429432190570089e-06
2.603572433194113479e-06
2.250202054508195316e-06
2.190333532324360362e-06
4.926874512356199457e-06
4.568989066413154448e-06
3.287187023206920081e-06
1.862228658732044329e-06
3.587286000727473379e-06
4.393519111851227376e-06
3.174419968935652984e-06
2.248741970084028796e-06
3.506942406431866234e-06
2.370888111252213166e-06
1.790150326183128567e-06
3.049203096508922562e-06
2.269309794199525999e-06
5.041341519165498235e-06
1.690721350693887817e-06
2.067790712147235189e-06
2.137130694648861969e-06
3.106171820130877878e-06
2.789622378727546680e-06
1.549771395552024783e-06
2.240228186937989172e-06
2.577929868601320390e-06
3.562751908748679759e-06
4.039109174461395400e-06
2.149506955017971764e-06
1.889267633279194202e-06
3.886369400081674867e-06
3.056392274748479186e-06
3.653988436141005213e-06
2.388173257775818373e-06
2.631217879259118027e-06
2.674294710159641186e-06
4.263219145799854480e-06
2.010473897803169906e-06
2.419557612942873946e-06
5.448723329154459265e-06
2.177188475996868737e-06
5.657252944355550983e-06
3.154690244021271776e-06
3.242891387205736360e-06
2.191660232203890856e-06
2.418497702850515668e-06
1.688747914712168554e-06
3.079082180393653937e-06
2.527054896727408799e-06
2.546922426913946384e-06
2.369564254136614420e-06
2.247671923223523521e-06
2.371648542838377955e-06
2.370258766445459836e-06
3.408385027264229230e-06
2.964571907561569092e-06
2.219368799165378403e-06
2.267707470642378037e-06
2.303891080136555600e-06
4.378801189266553943e-06
3.343783562081765307e-06
2.864625445948715378e-06
1.373278186312555485e-06
2.202320925647590633e-06
2.998444347301342976e-06
2.210266739328295976e-06
3.015619653618502623e-06
1.897169732791929981e-06
1.804306605809301396e-06
2.061769943580545606e-06
2.872642028531348662e-06
2.579360278963845924e-06
1.887414031097663847e-06
2.038960031286935635e-06
2.811625743356164861e-06
2.108202439985695256e-06
2.071333889586321691e-06
4.003364519454890796e-06
3.239469263460045679e-06
2.059151608173316833e-06
1.798548999755439665e-06
1.878103214574263431e-06
2.951327132830427896e-06
2.671445678002738300e-06
1.833102139954835572e-06
1.912913202608531514e-06
2.957836035442009570e-06
2.646782992039807519e-06
3.246794241836163983e-06
1.917763753530221234e-06
1.942307486979787858e-06
2.725768277559118222e-06
2.937137856263142967e-06
2.668811520417846053e-06
1.603003533901521252e-06
2.358694476334335595e-06
3.212528192887837423e-06
2.098873761950507271e-06
1.985033213387642659e-06
1.939375525034715710e-06
2.979354608073876407e-06
2.408356416806820875e-06
2.084616243241890234e-06
2.015891358425277280e-06
2.377942920546093551e-06
2.406125624081230798e-06
3.089202311754592026e-06
3.273807998024462631e-06
2.993707922793278930e-06
1.672541246748862663e-06
2.991796028166665042e-06
3.507537428799201540e-06
1.786888573161151770e-06
2.603336984930515279e-06
2.243985837686758437e-06
3.744438181590747039e-06
3.794859117402521182e-06
2.344404872394402092e-06
3.638652004716591943e-06
5.066857381601543336e-06
1.834331127702699486e-06
2.048259179183468804e-06
2.259056035495008990e-06
5.799154185362400961e-06
2.657453918359781362e-06
2.140571895644456231e-06
2.757033429659646876e-06
2.270658662332682668e-06
3.040952264692308651e-06
2.932288238210952042e-06
2.649590319743172457e-06
1.704314942645046850e-06
2.042166911852049970e-06
3.429256869199727472e-06
2.722457301274211026e-06
1.971006629727633138e-06
1.596773471611374738e-06
2.010659173428795710e-06
3.795286613420347236e-06
2.085287520519979349e-06
2.724257204015861631e-06
2.636973853824089612e-06
2.485701001920783585e-06
1.891324242867771973e-06
2.585704643480688319e-06
2.583648381949383943e-06
1.916911602193751764e-06
2.741994956151688866e-06
3.056804871793068998e-06
2.942288597476147088e-06
7.365361211344580451e-06
1.976422500916721023e-06
1.985653000606390542e-06
2.468658663100925510e-06
3.009763943197454109e-06
4.569100494701578230e-06
1.822545072298947509e-06
2.313214234171053121e-06
2.460929062576517504e-06
4.842870050132654918e-06
1.631141737930291238e-06
2.679044628806162965e-06
3.280882044634978974e-06
3.900639084614290613e-06
1.769453065461035646e-06
2.106494715608040552e-06
2.579614962626920533e-06
3.950731921130898136e-06
3.019348844259841528e-06
1.504391255671768370e-06
2.350381005814544998e-06
2.189487888656732241e-06
3.563934260823058592e-06
3.137378810245720682e-06
3.383492798323564266e-06
2.097450899674408172e-06
2.160745404411763335e-06
4.244507818439994614e-06
3.611149443640683364e-06
3.378542539345162719e-06
2.448206984086725634e-06
2.357699452700968488e-06
2.191913789217752343e-06
2.167802459839466768e-06
3.012696930731881841e-06
3.421708683598801517e-06
2.075081822182421425e-06
2.667589937451872923e-06
3.914404422326002129e-06
3.323092304549721027e-06
2.132110830873426486e-06
2.449003011494738170e-06
1.791594604109978800e-06
3.793092629195666299e-06
3.179689615910739082e-06
2.884168532940678415e-06
2.098633335073508080e-06
2.290937604065878824e-06
3.043040041947943589e-06
2.871833274755677028e-06
2.479300069405300883e-06
1.969940261280910659e-06
1.985180080089091579e-06
1.907874916156627869e-06
2.407167109163049206e-06
2.467060042973033079e-06
3.192877075797088408e-06
5.617983169846178793e-06
2.226850013698937342e-06
2.342884131635495127e-06
1.801698079235696618e-06
3.418839041905396742e-06
3.168190011940146309e-06
2.753889731019105809e-06
3.005601799590300578e-06
2.782919028865595736e-06
2.391639014042601486e-06
1.364246482659682442e-06
3.070220057135252601e-06
2.385985273243911976e-06
1.644243499542781040e-06
2.257164619302745507e-06
2.764443133451131686e-06
3.120999729873943638e-06
2.630608967401287663e-06
2.395822741102428530e-06
8.323808983158070653e-06
1.939106166478890319e-06
1.693548247463679138e-06
3.207048985265600824e-06
3.163796431674486372e-06
2.471749104756320185e-06
2.291870144561463135e-06
2.043691865325746472e-06
2.686618429239328813e-06
3.126044792450696144e-06
2.758510356955070111e-06
1.803956766984471332e-06
1.990273020619223638e-06
2.278042017965539520e-06
3.353025449158657963e-06
3.233327422479486903e-06
2.022310297616020037e-06
2.129644614386195102e-06
2.211647346683246569e-06
2.769039668108963151e-06
2.130523817163453296e-06
1.904922655670368010e-06
2.567178881573321139e-06
2.131899581852612711e-06
1.790691242856450956e-06
2.016959394054449186e-06
2.961547217411231117e-06
2.227294861923428264e-06
2.619809368258499621e-06
1.426403655364642004e-06
2.299621597090814919e-06
2.952658704261534798e-06
3.947909703830857239e-06
1.689087020822150490e-06
2.605292804261638325e-06
2.076713327143260076e-06
3.638989183377159688e-06
4.944121349003362787e-06
2.111946911895764103e-06
2.676532710006363741e-06
1.645544399264335027e-06
1.588324287817919377e-06
1.969851020326179862e-06
4.327313867968292980e-06
2.895772697068784831e-06
2.248616862977655513e-06
2.250275854750631015e-06
2.148692401481711588e-06
2.790948463456801027e-06
4.745264482651017481e-06
3.863686225434102123e-06
2.074024993613316115e-06
2.646172699523967733e-06
3.255773335063563646e-06
2.968246037889938810e-06
2.606607834760220961e-06
2.135082382496823300e-06
1.816687755610705520e-06
2.889894400889168679e-06
3.047744038498603333e-06
3.553223886779398383e-06
1.782076689183759656e-06
2.386496404477725756e-06
2.223118040528235317e-06
2.522725817622902899e-06
3.602001782133161513e-06
4.175230180986316567e-06
2.498838919135493452e-06
2.041616525744000476e-06
2.114746240766687505e-06
3.464350137587799880e-06
4.586190739465950067e-06
3.621684989101419127e-06
2.566998192052006503e-06
3.387028353377115343e-06
3.692396243158747136e-06
2.963858172546990589e-06
2.757311452436266740e-06
1.701585308369826660e-06
1.749331421804559619e-06
2.808510196293727326e-06
2.731302269119210654e-06
2.166401375215611107e-06
2.531609303317772889e-06
2.934589648828058948e-06
2.219871134171196181e-06
2.271010840260913552e-06
3.559534989471979620e-06
2.738272965954264966e-06
1.807092317123715731e-06
1.909016266692610144e-06
3.149644527766874556e-06
2.827150536461253002e-06
3.769143585080931955e-06
1.588368072641622927e-06
2.106591089808503588e-06
2.840583648731623372e-06
2.247142388125223733e-06
3.787726912261588727e-06
2.199133996174057134e-06
1.819629220105889308e-06
2.755574249094563187e-06
3.708626533044290883e-06
2.618916425326979497e-06
1.951472262646948773e-06
2.525774608360290789e-06
2.885931244363290334e-06
2.078541763114292345e-06
1.734243509464551217e-06
1.852663656724915938e-06
3.546529530352371658e-06
2.779218808793911320e-06
1.799976416544866779e-06
1.950874814435788013e-06
3.205894981323853292e-06
2.646437012869633255e-06
2.136182592605830085e-06
1.797750163729373212e-06
2.816684758573061459e-06
3.142946445620713616e-06
2.043703441837233734e-06
2.348983055819696149e-06
2.537933312156093361e-06
2.822051764645697015e-06
4.353768584599651999e-06
2.987164306671767720e-06
2.272224813192990676e-06
5.855072973915538606e-06
1.961947809432980275e-06
2.543335063128529302e-06
3.136929822089215818e-06
2.758560220539814366e-06
1.798899646118179977e-06
2.218254023722470594e-06
2.160157830572071446e-06
2.882493792525516038e-06
2.415269355612637640e-06
2.886512141761298087e-06
2.042630026751739632e-06
3.313540531977149362e-06
6.369393595682989888e-06
2.885855657053051530e-06
2.086699110140064751e-06
2.335035963965347141e-06
2.219966353938019266e-06
2.810167994175531854e-06
2.513532298100258850e-06
4.042936768332818984e-06
3.606176270409685681e-06
1.683928165243090706e-06
2.646284870690196261e-06
2.295690214403989155e-06
7.779162048120676323e-06
3.574932236092613638e-06
2.389101412599939632e-06
2.842755198616142801e-06
1.592672143446030476e-06
2.892093544011582007e-06
2.031211930799081567e-06
1.915028460404344930e-06
2.481918277448764860e-06
3.376215625664205754e-06
2.102722618217675495e-06
1.901238464744690704e-06
2.164269291037636492e-06
3.221940214450613897e-06
2.598904698010528309e-06
3.464471752189192063e-06
1.908331561538665561e-06
4.048274288829163692e-06
2.041693570363302218e-06
2.299723110992235101e-06
2.027986568935068345e-06
3.139634713655773338e-06
3.965343052836618535e-06
3.572330504136388175e-06
1.943123633066132251e-06
2.648528930151204536e-06
3.007810010404271377e-06
2.368780740347109123e-06
2.164061554272140929e-06
1.768473805957015985e-06
1.788632020627162270e-06
3.081184324198142316e-06
1.842275153274157986e-06
1.783685710947177873e-06
2.049474567841540989e-06
2.306507098304827233e-06
3.903004231795419357e-06
3.062800203196621889e-06
3.386143304569494588e-06
2.664711170399217797e-06
2.011485263922523637e-06
2.025235941859511796e-06
3.799538335260228470e-06
2.778145056566325902e-06
2.444744544361359798e-06
2.054865814489130067e-06
1.344984228197485310e-06
4.078974675813316768e-06
4.919776493982035662e-06
1.600865704473546999e-06
2.236567063801045367e-06
2.502994674036061537e-06
5.132967468601881248e-06
2.898271714498120537e-06
1.666203783636345667e-06
2.324097188629871358e-06
2.089957708182299072e-06
2.754858710843013371e-06
3.663227188177997493e-06
2.379632842623194294e-06
3.184500198664107121e-06
2.605737151034716572e-06
1.964049404804527798e-06
2.247050691348053474e-06
2.382075399239235395e-06
2.614661117335316644e-06
2.850364443952546715e-06
2.831313798547148317e-06
2.315941462749343771e-06
2.260580884074938395e-06
2.984413478172803765e-06
3.750958583546141818e-06
1.945969245650701948e-06
2.648697380685526600e-06
2.436414582569631181e-06
3.018982266369875213e-06
3.206796914930298375e-06
2.444826544003085337e-06
2.230197456127852776e-06
1.527996676077016507e-06
7.000458177547796057e-06
2.655598613396170420e-06
2.124395163631327822e-06
3.393817651385802955e-06
2.699451857433263184e-06
2.040266400404093434e-06
2.081623195412286587e-06
2.273199100686285381e-06
3.324258241364927325e-06
3.769777601084424466e-06
5.367936418077830112e-06
2.033045064929566830e-06
2.440436812241089807e-06
2.428704881211264371e-06
4.720775379444635887e-06
1.939308873201629530e-06
2.512582359060163425e-06
2.853679913548789016e-06
2.631060591107899268e-06
1.664778668104540642e-06
2.263297846890657704e-06
2.113242189015029318e-06
2.794704843906179560e-06
1.523804949547051973e-06
2.017727059492387215e-06
3.608872664362775553e-06
2.396320956204128621e-06
1.754304911981411766e-06
2.253341360074905019e-06
2.489176619144372342e-06
2.412917189488036459e-06
2.886316738369190903e-06
7.815175341977613623e-06
2.465642288146593275e-06
2.112138819264846837e-06
2.561289813358779166e-06
3.682746332128043272e-06
1.640633195650669578e-06
2.794019645191547459e-06
2.344877579650613918e-06
5.515632770571524728e-06
4.005778364275481917e-06
2.425558955589085571e-06
3.045729789800904670e-06
1.525041338701736766e-06
2.106304637315781764e-06
2.036247303273684653e-06
2.176140300996329578e-06
4.235365914645161227e-06
4.076513694059539401e-06
2.620875782913061071e-06
3.133930141553073274e-06
9.107866398270451637e-06
3.866139693048348661e-06
1.936711747811706558e-06
3.941055695465890311e-06
5.288009449104466156e-06
3.134896272732342856e-06
2.238483039502751142e-06
2.066228210274209829e-06
3.238179479659453231e-06
4.458001112847907231e-06
2.149322462261427682e-06
1.631973762840650034e-06
2.078719653094971167e-06
1.817202797310869378e-06
2.718350517794020605e-06
2.116719374804321493e-06
3.553862393731433100e-06
5.361834112956088576e-06
2.276978793129635865e-06
2.948229142312154128e-06
1.903180023763556477e-06
5.615475448561928162e-06
3.838627573892677799e-06
2.226608519324267167e-06
2.060097389000970418e-06
2.518683591218757695e-06
4.108236159715687243e-06
3.064586441766014777e-06
2.204372601017881763e-06
2.547176125112126881e-06
2.297785509653778673e-06
1.963977161830747269e-06
2.286504274494177325e-06
4.058797076520759227e-06
1.619784326019138748e-06
2.569165854574742683e-06
2.325587796590454816e-06
2.029234298615801099e-06
1.930050181603239470e-06
2.535555786640405865e-06
3.833691192110239276e-06
2.560909068452920992e-06
1.791819943511272652e-06
1.912661283219054762e-06
4.848570745687173810e-06
2.041007484197425237e-06
4.019221859726062435e-06
2.518928778464907723e-06
1.889813255253197638e-06
2.145317849652773010e-06
2.417159933653086273e-06
2.695429404643184726e-06
2.961439538411132209e-06
3.402947955591290045e-06
2.341935785973629302e-06
3.041127737462149770e-06
1.988729311519037051e-06
2.147195252799980788e-06
3.620642210776985570e-06
2.979044634499586068e-06
2.709586676613031855e-06
1.814685583095918935e-06
3.009304473333692183e-06
3.393105683284532910e-06
2.239494937378552219e-06
1.679821070653194308e-06
2.109886035539408122e-06
3.178839158445169513e-06
2.610264854272293995e-06
1.995566500890346431e-06
2.086570621882735074e-06
2.917800037043926987e-06
3.505877163585948200e-06
6.700908422166376680e-06
2.169403886901225108e-06
2.449125656202898569e-06
1.876719272293284091e-06
1.478526559688712329e-06
2.469728027054164756e-06
2.663679657347351919e-06
2.411651914746069142e-06
5.523968297590906755e-06
2.137085374687899102e-06
1.619344576447730204e-06
2.860102546929470924e-06
3.225449055287830511e-06
3.573603570247188782e-06
1.866320684644879950e-06
3.050690945067563103e-06
2.373485874147053835e-06
2.826235065233929086e-06
4.284546112218111619e-06
2.069813861671553826e-06
1.908191936080172698e-06
4.086497242626717685e-06
3.204859079808641086e-06
2.590205599918279298e-06
1.981528680627872766e-06
2.057575955149914373e-06
2.116740382889022220e-06
2.101422124170184280e-06
2.326246194710967612e-06
2.764085011621890615e-06
3.240380884913030829e-06
3.296254932309016349e-06
1.906601288164213113e-06
2.243640056657498350e-06
3.124681072255953315e-06
3.020929684740325276e-06
2.850318964381480157e-06
2.426763741268463570e-06
2.271629296296271327e-06
2.485714916239185250e-06
3.583114507076016388e-06
2.353714749343669265e-06
1.823566152877284763e-06
1.716917861033288310e-06
2.308166106048803349e-06
2.708303653096593508e-06
2.320075089769735030e-06
2.732907037979327348e-06
2.224485987463327165e-06
3.027023643390429556e-06
1.845867909990711476e-06
4.237888977182713312e-06
4.168270417355771750e-06
3.025186531663635294e-06
2.028897252983476350e-06
2.294601776485760376e-06
3.391606340267992733e-06
3.253460169085279378e-06
2.961427720713131759e-06
2.234127810895038333e-06
1.929159103827444966e-06
2.499442797133484215e-06
2.409714161208353167e-06
2.206391589669355551e-06
1.874380433186569663e-06
2.361467371080301345e-06
2.903090447486239228e-06
2.302311207401766003e-06
3.394970474734407150e-06
2.798334506842186203e-06
2.438245934364917656e-06
2.085827537990299937e-06
2.066223857754467755e-06
2.082230555953723662e-06
3.680169648390236918e-06
2.383630481920938545e-06
3.417089724546099782e-06
1.971273245988991342e-06
2.375788715251454454e-06
3.086344697963746708e-06
4.734321655766690204e-06
1.882467039733766167e-06
2.391808212701689558e-06
2.803116625634398835e-06
3.013095084733174735e-06
3.592914211663693439e-06
2.727942927047514456e-06
2.178452207336759906e-06
2.483618449695380737e-06
3.960591863407017601e-06
3.188331844555338023e-06
2.945669302422007744e-06
2.947433012793859862e-06
2.000436100560458433e-06
1.998087904225199525e-06
1.995560658042263359e-06
2.518306385946872580e-06
3.607015479770203538e-06
3.995035807680803421e-06
2.116188144077236213e-06
2.195298998882495612e-06
2.801417799661813375e-06
3.770061443259896514e-06
1.906823482071698112e-06
2.191544887105387828e-06
2.616294497284800103e-06
5.224637790546014373e-06
2.621013545687026608e-06
2.590617506936988268e-06
2.855704158640142692e-06
7.348317990040355879e-06
2.625701263409893367e-06
3.223395306697935287e-06
1.566384335713542226e-06
2.238363006260094475e-06
2.084507690090650162e-06
2.729953489036713228e-06
5.219140049094328600e-06
2.630318816487661542e-06
2.718877223348685337e-06
2.474076983240663869e-06
3.209412174238368242e-06
4.265742307106625279e-06
2.129051731778712119e-06
2.159437743293788121e-06
2.279897422181635779e-06
1.600838384279232770e-06
2.720705637169302051e-06
7.527638301045358254e-06
2.380016282118909091e-06
1.725032443291829588e-06
1.846589201248806538e-06
2.586784753477675776e-06
3.049936549682784505e-06
4.115717866677568388e-06
2.518498041677042005e-06
1.639546511352836005e-06
4.420848637677702825e-06
2.370093906596930479e-06
2.048736548639808440e-06
2.038813777356284683e-06
2.337735048291210937e-06
2.191066308218619885e-06
1.873430811582699155e-06
6.414144239489621670e-06
3.754641796525701271e-06
1.868979816600879950e-06
1.902299209031199370e-06
2.507599851313804872e-06
3.040476574131660563e-06
5.243172406229895017e-06
3.282046691908144414e-06
4.832031408759275327e-06
2.657543364041890160e-06
1.721620426591994229e-06
2.807094500621711321e-06
3.288915265622344933e-06
3.490494539488861748e-06
2.784534646375603505e-06
2.604365608608401078e-06
1.649283772115919880e-06
1.768250870089112473e-06
2.503556979274589400e-06
3.059591100898062668e-06
2.140424653578472088e-06
1.879100923949297562e-06
2.007047561089627159e-06
3.236014513453843684e-06
2.341749365070109964e-06
2.079988612073377802e-06
2.045421943305610773e-06
2.628661677609998536e-06
2.352466849912045955e-06
4.067998114991173807e-06
3.443486082612773553e-06
2.422922575828950028e-06
3.187817514225412833e-06
1.890638514818862012e-06
1.728209704586762460e-06
3.086943601396047744e-06
2.310033856234430243e-06
3.576317402488448098e-06
2.255436979570685092e-06
2.378505411950011412e-06
3.388323850280003826e-06
3.325957750716963682e-06
1.903341966601915198e-06
2.329158001583296621e-06
2.418108508517017615e-06
2.459070096366639734e-06
3.271993145214775989e-06
2.224805708219339416e-06
6.010814867567393432e-06
3.499198578054152110e-06
1.977652340834272444e-06
3.051314079023424111e-06
1.467716918720470244e-06
2.890695147384691013e-06
2.685846353227050660e-06
4.035936668005900647e-06
1.719855060249756211e-06
2.201180743066402211e-06
2.388243233075549706e-06
2.928787866517311023e-06
3.371832353319478379e-06
2.588440424399558317e-06
2.119315712402072998e-06
2.210568763518309136e-06
7.385421538957264585e-06
3.062310926632842800e-06
2.724186587643911744e-06
2.026545869958104637e-06
2.082710900186851791e-06
4.047904394952416003e-06
2.414581204849474241e-06
2.391174299394071617e-06
2.882361479057736150e-06
3.068722996465388205e-06
6.129649137178846334e-06
2.292591339098904123e-06
2.252868192670187591e-06
2.829932825841807350e-06
4.946246210299728419e-06
3.605796181949743181e-06
2.204484479870429214e-06
2.790019418932255365e-06
2.485498633766798366e-06
2.089735588041782872e-06
2.104134659425625104e-06
8.294112599753459091e-06
2.908319871554859038e-06
3.083047127910468856e-06
2.157879208258531485e-06
2.555489100007874640e-06
2.412817562233598531e-06
4.738390684662694762e-06
3.060027008771748723e-06
3.127220201150550162e-06
2.327505554208787037e-06
2.508212131054141114e-06
3.009966384459857163e-06
2.537513287896673182e-06
2.528814955645848195e-06
1.782501213212277401e-06
2.223293247545783692e-06
3.139451292972616268e-06
2.801398426509947702e-06
3.944912173538818119e-06
2.143131858155911678e-06
1.782362236998369669e-06
2.619020683252393794e-06
2.838101473405671322e-06
6.727775022827793028e-06
2.492248838148777485e-06
2.669505081901505772e-06
3.817115575911425781e-06
3.463452719024057930e-06
2.761110148767887552e-06
2.852544008650646855e-06
2.445726915761599143e-06
2.085069366168319633e-06
2.172624622964336336e-06
2.004537699096155279e-06
3.038811679851217860e-06
2.918803616788667188e-06
1.780714903124660499e-06
1.976315240676881229e-06
2.201728248478443602e-06
3.122056257760662447e-06
2.798876547493144012e-06
4.421939851461110123e-06
2.062134130665668426e-06
2.142621544711244507e-06
2.264762583960137056e-06
5.246281273299082466e-06
4.201636156972155815e-06
2.030170917077495380e-06
2.169502280132249322e-06
2.650785376877752705e-06
4.267809218933837109e-06
1.832231225912907850e-06
2.682204884968206362e-06
2.964637358869613311e-06
3.208402363342821185e-06
2.002408784334000528e-06
1.651375039742715504e-06
2.876200196306770302e-06
3.205622204696960661e-06
3.410660282482041302e-06
1.761245548824920539e-06
2.345887690385754775e-06
2.148945258094809602e-06
2.265027197956131423e-06
3.503195826331704113e-06
5.881358999865711036e-06
2.604178201198863856e-06
2.445830240160914186e-06
4.697069825678058780e-06
4.115474627408887574e-06
2.172512763618174578e-06
2.012784840386313181e-06
2.383298804097051780e-06
2.820563782951735809e-06
1.550842063352957413e-06
3.406407976028723136e-06
5.591932399841545113e-06
3.284411921059966327e-06
2.185831299675930631e-06
2.352178671318095951e-06
2.185520520580862140e-06
3.076255658269119697e-06
3.818691559667268781e-06
2.867346704266102671e-06
2.162212023890481836e-06
3.452551751772432408e-06
2.021188808309786497e-06
2.698077029573343525e-06
2.477868403250785144e-06
2.714685852529276113e-06
5.221464100287022734e-06
2.483523478775547453e-06
2.537005322680973040e-06
1.504994876007296168e-06
3.557223528612949270e-06
3.445237698603554404e-06
2.889772590335187183e-06
4.249323884016856747e-06
5.021560844977599019e-06
2.206170936663607296e-06
2.668752994287752471e-06
1.405896713292511814e-06
2.721689410070925078e-06
7.308546702641995700e-06
2.719810037878521902e-06
1.957191512932425512e-06
2.420772214501759423e-06
3.324562371974915319e-06
2.381371905777169058e-06
2.436183386126889501e-06
2.303699212484248910e-06
1.831297245981188360e-06
2.387648167869512928e-06
3.138133608076148277e-06
1.856088555805669779e-06
2.122308330421009607e-06
3.088458075078610813e-06
2.661976506297084732e-06
1.406831961754535492e-06
2.896775670201196152e-06
2.626218973621058587e-06
2.875905309938996961e-06
2.115078347355508830e-06
1.899735018589418434e-06
3.722832638053893085e-06
2.634051334197363521e-06
2.994108948707676662e-06
1.578496150418804446e-06
1.754744041592526754e-06
2.379730986210913128e-06
3.099390159968924280e-06
3.199931255813304559e-06
1.835334558974390096e-06
1.677359536363872004e-06
1.900278538211412975e-06
3.092510313135038724e-06
3.861338408298796988e-06
1.348100890869600136e-06
2.560455044119511969e-06
2.036044590849513311e-06
1.879175441076110677e-06
1.753993549314070984e-06
2.510241229721640382e-06
3.416806242553859632e-06
1.725821044026473333e-06
1.733849004367201188e-06
3.395702737592443671e-06
2.276731511267152293e-06
2.907858205097827693e-06
2.277597943230112874e-06
1.859253753941545080e-06
5.651838665271215508e-06
4.618168843991853398e-06
2.338548656370837411e-06
2.077432659705009449e-06
2.479920830987108196e-06
2.671084880932481982e-06
3.304133953063143845e-06
2.736961201569760081e-06
2.150422207164916859e-06
2.186885717546003305e-06
1.803496350280492066e-06
1.893684512012255200e-06
2.884704741215053866e-06
2.473834591675808355e-06
2.675624024688620593e-06
1.540249082701178794e-06
2.399472436290256195e-06
2.656106223088792865e-06
2.598224962549490689e-06
3.197211880047371976e-06
4.907118807770033553e-06
2.639861289987253315e-06
2.275856581324843525e-06
4.036622513049107854e-06
3.905557623875338717e-06
2.409506563388499027e-06
2.950934608485787114e-06
2.042587399960806270e-06
2.578881313690153836e-06
4.206099012784442791e-06
2.756207246371534695e-06
1.834623684472560868e-06
2.260307831247634227e-06
1.999269710192403628e-06
2.278368195506362652e-06
2.341395854396484407e-06
2.628732274336903012e-06
7.217228953762986535e-06
2.488065863120378939e-06
2.327743163850980700e-06
1.795703558999746855e-06
5.274288825130919174e-06
3.258895575459002477e-06
3.024107325562972166e-06
1.904991857587357183e-06
2.173673946004650822e-06
2.450647113770984212e-06
2.677665264608282729e-06
2.229318979316459459e-06
2.088535469267911242e-06
2.110225914095413092e-06
2.802859387475362559e-06
2.801006236965906098e-06
1.688455997555175838e-06
1.521498636824014285e-06
3.336376387425473905e-06
1.927830853619923081e-06
2.513069204914077102e-06
2.067081156039834175e-06
3.544086407086784888e-06
4.363657758548722885e-06
2.130126357507302376e-06
2.162968662211687842e-06
4.208771487277577628e-06
2.580247244820174110e-06
2.365137794041862598e-06
1.752406099976357028e-06
2.388842420553296359e-06
2.374653564805465239e-06
6.287200382740415673e-06
2.568680256496059788e-06
1.430375714024607039e-06
2.245934896581065363e-06
2.600761179648891233e-06
1.682931056220269027e-06
2.586710979730809291e-06
2.612281463501665589e-06
1.500094323444669103e-06
1.803062562572175285e-06
1.556805679684368976e-06
1.807523910691453506e-06
2.414596276236829326e-06
2.450636138852381007e-06
2.817418686811151927e-06
6.460593132753464284e-06
2.785598835727435884e-06
2.089587468855944726e-06
2.610647598023393478e-06
3.930242004616942784e-06
3.871670381274013198e-06
1.859380171018193953e-06
2.162006244784302960e-06
1.864765801108415826e-06
3.612809398093416672e-06
2.865654791283807657e-06
3.442556123067816477e-06
3.046033508444353205e-06
1.916682448614448361e-06
2.000463700556237414e-06
2.113804332786080489e-06
4.091999802279091299e-06
3.049037222693085634e-06
1.906950260057854365e-06
2.488748512415875598e-06
2.381527506788829525e-06
3.043003116461022032e-06
2.200141368629142661e-06
2.758388396593226272e-06
3.713992891645454436e-06
4.124410125270771917e-06
2.378728651112773592e-06
1.611583640357332818e-06
4.164375064386278853e-06
3.317008455525221448e-06
3.525268618806266764e-06
2.068789371007597547e-06
2.721713923844445183e-06
1.816375025237134942e-06
2.609635068516766030e-06
1.882273404251392436e-06
2.375791414239691863e-06
3.460224841528151865e-06
2.983817218201023907e-06
2.348992517670882008e-06
3.216914818558881899e-06
2.898679040980234462e-06
3.341575655857048903e-06
2.188958131383688115e-06
2.209973398302841252e-06
1.919404715701520362e-06
2.810663348015080222e-06
5.173776033562924656e-06
2.615302386121712016e-06
1.991335198275690895e-06
1.677656120689265976e-06
2.798752232807230169e-06
1.926122094435935212e-06
3.401406177150306014e-06
2.706535790410527080e-06
2.566077979544856630e-06
1.847827416263479809e-06
5.780197846818570276e-06
3.244513061144597702e-06
1.855411696707860908e-06
2.111323558440901956e-06
4.731646795260602566e-06
2.696770858894080244e-06
3.463085686314006857e-06
2.106558365936815405e-06
1.965237059626150167e-06
1.564067126503945593e-06
3.692165887405149850e-06
2.849584367579806271e-06
1.458575535876400617e-06
1.880392387548321532e-06
2.122849221281127655e-06
2.281355986991319596e-06
3.001906159587860355e-06
2.996720186370444562e-06
3.622911622095208715e-06
5.800382500711734706e-06
2.602704415373845727e-06
1.945633982780596214e-06
1.855654985650694681e-06
4.618215320062521812e-06
2.739755879941461606e-06
2.194642809843406682e-06
2.176972982094615813e-06
1.999103255730328856e-06
3.305376670872347810e-06
2.689447486570578888e-06
3.283194859586381696e-06
2.149762383233848184e-06
1.547272272470946924e-06
2.244661169025773031e-06
3.440465005364612038e-06
2.422169475716984370e-06
2.040795318845416564e-06
2.388141062179016320e-06
2.822312651837097151e-06
3.207348581696852866e-06
3.258746084064560126e-06
5.712837070758530465e-06
2.837638975081435632e-06
1.760784910190060474e-06
1.496361880930647994e-06
2.425765445878966132e-06
3.231074365963893364e-06
2.558873165360741733e-06
4.154627359812282397e-06
2.223369728280236671e-06
1.756004424564948061e-06
2.440569827603471486e-06
2.433740156104435421e-06
2.601010719118738544e-06
2.174131370090650889e-06
1.617339141458460563e-06
1.891382865460713505e-06
3.430940446849192900e-06
3.075090782346828460e-06
1.776967692173762035e-06
2.324645678874800004e-06
2.528014108854728363e-06
2.989168248753296598e-06
2.004611559092702190e-06
3.457529802886598956e-06
5.379194188311543568e-06
2.246379638615847413e-06
1.825806146863582712e-06
1.963682475503169331e-06
3.451438167470216116e-06
2.619613129776768134e-06
2.289463552051019953e-06
2.048760840372312498e-06
2.003884204499122924e-06
2.720093696371838584e-06
3.109839702872001027e-06
3.120014262007092683e-06
1.951900930745624985e-06
2.035976941972782365e-06
2.062933920660572609e-06
5.057268312567909425e-06
2.928316150256057547e-06
1.845446609224874045e-06
2.503494605054512561e-06
2.471807850823886170e-06
2.991961295595539334e-06
2.284981835147672997e-06
1.794854671401753615e-06
2.525617215634672353e-06
3.783167662629937400e-06
1.862780829508010337e-06
1.375188720785125569e-06
2.197522499712875752e-06
3.226267298040566621e-06
2.761287772805554422e-06
2.840142735693491961e-06
2.210963109684038816e-06
1.666940987788638499e-06
2.610143587828051826e-06
4.296842394109531878e-06
4.354996265606389323e-06
1.836792409919193407e-06
3.026919127827925378e-06
5.399272276631053877e-06
3.087969152433984772e-06
2.335975202817986278e-06
2.793367496697752762e-06
1.861080486554335209e-06
1.935089206122831136e-06
1.878483626271156417e-06
2.097517326384592549e-06
4.292314763996684874e-06
2.962708018400220627e-06
2.167641641325158131e-06
2.624460415457798551e-06
3.050536132845773458e-06
4.274572954277994998e-06
4.450592971736209931e-06
2.017622038044312600e-06
3.046172281960238777e-06
2.575244114911592599e-06
2.276764831191437455e-06
2.412538576147710633e-06
1.797718146044954293e-06
2.317757452469998563e-06
3.191697060383540544e-06
2.369717604184093145e-06
1.723877000364895148e-06
1.635397790231129533e-06
1.995950571022903330e-06
2.410864614881451110e-06
4.330006081373416570e-06
2.471829121775441577e-06
2.583962569378459628e-06
2.237939059144134212e-06
3.571078473054240329e-06
3.093901313419913336e-06
2.772365186625262830e-06
4.557063562082625227e-06
2.456923305871740347e-06
1.983347145431348513e-06
1.826173743245162383e-06
4.595969295899331114e-06
2.646304447548537382e-06
2.336643364095319547e-06
1.985519580867417820e-06
1.990330088171553934e-06
3.045444859279932407e-06
2.711750229643954895e-06
1.774349927098947904e-06
3.166550988305212202e-06
2.800420978096885302e-06
2.160918986715578917e-06
4.037786234811402028e-06
3.644466899897614258e-06
2.778595743563583829e-06
1.938558308744976825e-06
2.417682297964411598e-06
2.311581539122944372e-06
2.772418315480690319e-06
1.887667373120416389e-06
1.686000131405746128e-06
2.599870641001652980e-06
3.671665143244337889e-06
2.527206092273043818e-06
3.837454030592784575e-06
2.035079514775317864e-06
1.446092737415092972e-06
2.313171500970774821e-06
1.731804461449302769e-06
3.333550482202411113e-06
2.240077281951540735e-06
2.492972027413676448e-06
2.399353283216990252e-06
1.980986688479987481e-06
2.469550344554631150e-06
2.572398866329256154e-06
4.563939142786847387e-06
1.708985402459793256e-06
2.117457214666008098e-06
2.332305636309949899e-06
3.882316492608934718e-06
2.513852218074418912e-06
2.202708435145181761e-06
2.305646341752814790e-06
2.462566815841402661e-06
3.146553125416031007e-06
4.066492023316080845e-06
5.529419148206579005e-06
1.957128319221904626e-06
2.273891002544657984e-06
1.601670252768753903e-06
1.784646409756575896e-06
2.584396135011583430e-06
2.617793015657956475e-06
2.462609813153145949e-06
3.272831548382281972e-06
2.242574305100217334e-06
1.808551158880975460e-06
2.419456720973308620e-06
2.987778349753725628e-06
3.517002769142657017e-06
1.826217692392995331e-06
2.076079387309558983e-06
2.329831821305531812e-06
4.245303441658285974e-06
2.910108937211926385e-06
2.314901007523065301e-06
2.075871298873960723e-06
2.972896495385845997e-06
4.016540725184007560e-06
3.060835683206015288e-06
1.941823104861105702e-06
2.758107613714099480e-06
1.903891929282147039e-06
2.893997348077563934e-06
2.505429247071971202e-06
2.623383971017540499e-06
4.518346212541994288e-06
4.405322471103596233e-06
3.076465261034446905e-06
2.269973337055420544e-06
4.050277133046231010e-06
3.963762569934864461e-06
2.712928337025848570e-06
2.711697877375408011e-06
1.962822435520781943e-06
1.494813298689424920e-06
2.835877496844547252e-06
2.809323446583154727e-06
2.470856567172373771e-06
1.691058846055348944e-06
1.969735766342141914e-06
2.412396761975806922e-06
1.715122018386880747e-06
4.780406535262791647e-06
2.045852391951732953e-06
3.161490458466509791e-06
2.326257367661336754e-06
3.023478367207066016e-06
4.994943537395705931e-06
2.789871021702262289e-06
2.270057911395458910e-06
2.291942911416912097e-06
3.397418030426549532e-06
2.462465051028855548e-06
2.243460541631955721e-06
1.838962161134471935e-06
3.268311720790213409e-06
3.586035835832733894e-06
1.726408088365351579e-06
1.719883515283535238e-06
2.410201226615739824e-06
2.336740692300857865e-06
3.093020187926685737e-06
3.515520334582697169e-06
2.798810689406415637e-06
5.259864895585398505e-06
1.904945488159213619e-06
3.357584866875625599e-06
2.308196535894000937e-06
1.991091338511972555e-06
2.172718391755233081e-06
2.497938290521683811e-06
2.263246860285220490e-06
2.836688137005338786e-06
3.578832792325613748e-06
4.133027288622086362e-06
1.996956631269937983e-06
3.333162338667836438e-06
2.183768572913136332e-06
2.915662864722487615e-06
4.280092134244599774e-06
3.379080155293941271e-06
3.215940409772040817e-06
3.227234157297983139e-06
2.211109431094337770e-06
1.851532014487327764e-06
2.368233663606803681e-06
3.571828165104257728e-06
4.125732585074177308e-06
2.133618318085171654e-06
2.618842770425175553e-06
2.993691496564920037e-06
1.831118959014507541e-06
2.317073727830803692e-06
2.104032581911641676e-06
2.801310465989774862e-06
4.594917900970093248e-06
2.597639021493242010e-06
2.479731318352604623e-06
1.623204700355230457e-06
4.598576884239208782e-06
2.944101276366536860e-06
2.168011196979160975e-06
3.201964876389236275e-06
2.440947295515695189e-06
2.468798133327729629e-06
2.579889384233866741e-06
2.303825225983920030e-06
3.193600591807110097e-06
6.637784441106866752e-06
2.237467670453930464e-06
2.812647864298161061e-06
1.917117720571505138e-06
3.125880232109883762e-06
2.854973134305205387e-06
2.216964577644162892e-06
2.339139723274398409e-06
8.035672432766417371e-06
3.305390265270447762e-06
2.808668089392726475e-06
4.508949791300952528e-06
2.146207105705267299e-06
2.509641840970201089e-06
3.880605870003028215e-06
4.139213324888035859e-06
2.923288417049710929e-06
2.445587968720908376e-06
2.295046005663243700e-06
2.125219994641454556e-06
2.426022350188759720e-06
4.021301071791477867e-06
2.416298162602198028e-06
1.622476112968541821e-06
1.884674567611690240e-06
2.859042504546668382e-06
2.588665927644312182e-06
3.097512016598748487e-06
1.998774052571813445e-06
1.826532944599816929e-06
3.162888786153924533e-06
2.646637079573241544e-06
3.214359138862775784e-06
4.373915181265884141e-06
2.961943477334005868e-06
1.913532875088086248e-06
1.875326626024341915e-06
5.474080005350652183e-06
2.105311841677526042e-06
3.057106876434758169e-06
1.989839421949296241e-06
1.926163158700732839e-06
1.900806425488604167e-06
3.381766788836069140e-06
2.753131102308433400e-06
1.947245269424020419e-06
1.741251215503936235e-06
2.151843244403744652e-06
2.752106332413791662e-06
2.292612792408419067e-06
4.225832032887645207e-06
2.112561433994412520e-06
2.063611830732414945e-06
2.706891679017255190e-06
2.864512490773810812e-06
