1.887859871619224431e-02
2.131209210463614126e-02
1.145762503555693493e-02
3.098937921679065580e-02
1.238233246590107577e-02
1.645898216201925265e-02
2.500547738095344405e-02
2.538470626504267871e-02
8.724337883498303747e-02
1.909251232829841174e-02
2.409687224808270550e-02
1.833761127049307951e-02
4.355619473967256572e-02
3.661508299821075035e-02
2.035488696136831394e-02
1.095546089238018557e-02
2.567201771382962138e-03
1.649895715444950209e-03
4.536596765755144395e-02
2.729684989458340885e-02
1.439529869801360433e-03
1.219825946674253430e-03
1.801848974844593582e-02
2.469576630311151599e-02
4.002237698358879214e-02
4.608846139671008563e-02
4.319030019777912732e-02
7.271791380223269208e-02
1.752419474726359810e-02
9.904887149314197097e-04
2.597867095400928708e-03
3.882246709083153613e-02
2.952972817376206191e-02
1.783944177266268832e-02
2.099135867559100317e-03
3.123480683875190945e-03
2.449802683699608269e-02
1.435344671013361398e-02
7.727736360085682432e-02
7.518427362100709496e-04
1.455842497283094984e-02
2.321861287513158831e-02
5.303390882715434268e-02
4.578362790402978888e-02
2.386996449649852678e-03
3.356118366849718954e-02
2.791313992134161759e-02
3.130706561846008373e-02
1.718170127580940718e-02
3.696606509724710554e-02
1.330829688164710716e-03
3.843957703022258740e-03
1.748603510158790175e-02
4.653595958227907392e-02
4.279097633140664658e-02
1.438824699895462078e-02
1.597118286199492379e-02
3.058553275987975842e-02
3.197173934804625750e-02
3.163461066599800985e-03
1.613679540188665482e-02
7.917099594588075315e-03
3.129070128220941271e-02
3.128798492373163070e-02
7.979914028735391948e-03
1.004968123516998676e-03
3.118225748467332373e-02
2.465306107683016071e-02
7.593151213784180703e-03
3.514913607376115440e-02
2.538518265766159451e-02
1.966336191390083074e-02
1.960239065661328189e-02
3.245266731314590258e-02
5.270429314944856392e-02
1.711703852552916988e-02
2.527307027325373639e-03
4.172675350046595177e-02
3.022229739988269420e-03
1.895790725393829007e-02
5.166818232314109027e-02
3.174464408723197406e-02
1.754026382539048204e-02
1.533055133668153117e-02
4.270938236972786350e-02
4.008059640834829573e-02
2.301779701598295411e-02
3.386574582647904064e-02
6.245295213823916919e-02
3.053472897516175746e-02
1.650124337531318425e-03
5.299117171026627993e-02
5.285644606922007549e-02
1.790142483374989463e-02
3.771756528403401310e-02
1.294287549445059284e-02
4.696647332726468747e-03
9.495369639876176382e-03
6.582599095342868412e-02
2.110025249985091056e-02
1.175626807408164777e-03
2.828966065919009260e-02
3.975985048749951234e-02
1.238186337251381396e-03
1.389114458554624497e-03
2.005039274178763153e-02
2.116178788328538021e-02
5.821453004440046292e-02
4.435350322646203214e-02
2.402446618743820511e-02
2.459183928934516317e-02
5.538064339269308488e-03
1.569876536631141213e-03
4.307273542909723085e-02
1.372058724232188415e-02
2.425825574864895647e-03
1.364443879187372116e-03
1.227878209164687436e-02
3.784095055915905753e-02
5.741442281169607809e-02
8.906087456735788110e-03
1.384984132302660709e-03
1.760787498533087844e-03
4.533782349620690127e-02
5.084658809914805941e-03
4.234632265251966898e-02
1.491212681022136477e-03
2.943890970802065521e-02
2.909438212746258065e-02
4.447535797141487918e-02
4.109296267320116519e-02
1.003166616220030859e-02
3.680788611908928504e-02
8.844766862318637936e-04
1.845533127963326246e-03
4.409052488824320715e-02
1.158588462385715806e-02
3.393633863097493542e-02
7.997394791078102014e-03
8.921658731939492151e-04
2.213175692705107028e-02
3.596470563408656063e-02
1.404803795248312469e-02
1.652159382460840174e-03
2.474525940112080186e-02
2.115497120067262246e-02
2.592375240400841482e-02
3.725111329280106354e-02
5.734799857976621146e-02
2.260645102781129456e-02
6.431018449815995366e-03
3.692624228340703890e-02
7.004788413452114892e-02
1.990050112572618740e-02
2.328015290788298247e-02
4.684624224682625709e-02
7.357367234691962465e-02
7.031385001615400761e-03
2.273164286311066609e-02
7.487777837836535888e-02
3.282147581874332587e-02
1.755012221475466677e-03
2.321398066028895063e-02
5.727553520273553911e-02
2.214006828974057067e-02
3.550760425217406452e-02
1.384211082399256117e-02
5.259202481483168587e-03
4.306924489527093336e-02
3.162415420331227828e-02
3.081957566628656595e-02
9.434208713703843121e-04
2.581591166599049580e-02
6.430950720248670115e-03
2.471772043473785194e-02
2.691313642922094074e-02
5.745687773811853499e-02
6.782728765984061270e-02
1.036729292974748404e-02
3.122096344830351759e-03
2.692308115522426201e-02
8.034952306204178052e-02
4.083110414062175730e-02
2.201571509376597582e-02
2.603275348334613271e-02
9.358901417858559585e-03
3.127900036844279835e-02
7.017187076537910462e-02
9.939743063570281867e-03
1.041226098701743784e-02
6.055531268181512435e-04
2.298134201107637428e-02
3.418446163688890899e-02
2.822297833003096362e-02
2.440684665967366579e-03
1.820025018281413998e-02
3.713473603794812013e-03
1.375201526760064111e-03
2.837949678892643865e-02
6.738123460205973358e-02
1.741088526256708707e-02
1.068354999396977333e-02
5.908377944010202026e-02
3.547481731662464194e-02
1.082265246730162479e-02
1.677519464119119758e-02
2.436031661267832119e-03
1.420032528721616727e-02
2.368414063217358367e-02
3.201458068545236929e-02
7.790999312239337959e-04
2.372279855246120506e-02
1.684827975962554028e-02
4.225407661838029988e-02
4.473975293944117831e-02
2.019681043906874918e-02
6.247615236014022327e-03
4.647867815983382396e-03
7.357796399538264233e-03
1.042767651090401428e-03
1.590170723774571217e-03
2.124108181400272133e-02
2.580429301051268692e-02
2.085349771051353898e-02
2.338612866428813747e-02
1.159205481745341710e-03
4.420151089761088087e-03
1.931135628415960601e-03
5.034668708726092179e-02
3.320854175488845150e-02
8.093565368751171789e-04
1.956650458713196650e-02
1.121312553320572697e-03
3.996749461531854536e-02
3.905273847954920247e-02
2.570427778939901944e-02
1.171012484341984496e-02
3.200088527035021418e-02
1.533001640106468333e-02
3.771125272657203410e-03
5.739174332429756130e-03
4.272021009017377274e-02
1.993904445385004734e-02
3.677206254408916380e-02
5.678860426184269283e-03
2.375321337090089899e-03
4.109613736474993645e-02
3.280001688309094887e-02
5.178374701071994379e-02
2.362514259151982793e-02
7.744526162742888797e-02
3.181789662395304030e-02
1.422778914390724660e-02
4.580674549552794100e-02
3.283748614568585134e-02
1.756117558397448514e-02
1.401257017539368245e-02
2.322071707342954205e-02
1.100829406695330625e-03
2.103337511876827645e-02
9.820141401254180169e-03
2.792627413718012236e-02
5.282229278663327227e-02
1.990722908906997907e-02
1.223696423188796664e-02
3.373620343258282306e-02
2.070542521255792912e-02
2.176942991418295489e-02
7.277671612170286131e-02
1.750508224567520754e-02
4.508584130101495925e-03
1.117246081631704992e-03
4.376861835298875153e-02
1.377615686900616164e-02
2.240965620416728032e-02
5.418037814607665290e-04
1.266449636697037327e-02
7.386921406009133717e-02
2.215154002243159906e-02
1.682486712349411800e-02
9.323671102383112360e-04
7.590288178885123450e-03
1.171786138647706171e-02
8.749625238095829968e-03
6.806546669246621439e-02
6.075168992373448928e-02
3.237475682714786862e-02
9.507297825461988316e-03
1.124222592845230267e-02
1.334309223361808232e-02
2.366601253809440253e-02
2.074280796062225041e-02
1.335358740399612137e-02
4.305867771549545288e-03
1.077050843230056279e-03
4.172820608130660414e-02
2.994755779713775823e-02
1.051849739863665832e-02
4.371415433020826684e-03
2.712965583559545993e-02
2.139252217138772581e-03
2.525417176912270883e-02
3.023614734302667705e-03
2.315109349313137967e-03
8.124812975287387662e-03
2.296478396619163094e-03
2.860577031268654764e-03
1.791800085771205406e-02
5.121238974974764296e-02
3.211312964243065449e-02
8.327038566345441829e-04
9.031675485775261455e-04
2.051470591249658290e-02
1.053451834173576435e-02
2.795681517721722645e-03
2.594153537818319824e-02
3.307074572170864285e-02
2.367183443388690134e-02
4.062775795179050797e-02
8.557186185320879782e-03
1.089724749454828133e-02
4.539723917756191551e-02
7.570700006312251762e-02
1.953806253081096216e-03
3.559873892842587567e-02
2.866421594079707549e-02
1.787822135417850436e-03
1.073363232826788326e-02
2.128438431083471555e-02
4.984829395606896890e-02
1.764412874539947329e-03
2.082514266448465615e-02
5.967177800489314315e-02
5.662954345210186730e-02
3.630056737974298418e-03
1.009290375586343203e-03
4.112334669290304556e-02
2.985808539483859880e-02
5.752070959627977528e-03
8.927811867573346837e-04
1.277438678055520423e-02
3.697046846110913637e-02
4.640522387761013279e-02
3.386417023553508349e-02
4.164545796226250957e-02
3.380093862263647449e-03
8.678962882017924544e-04
2.663634212061191317e-02
3.081893191814278482e-02
3.795460696891969632e-02
1.750162478718964628e-03
2.396489350811438143e-02
1.834246127876081565e-03
1.600102390302428779e-03
1.835853072854573206e-02
4.533812960280331206e-02
6.867410916181603681e-03
5.547547330943803506e-03
8.635338265976877370e-02
2.359712901445167391e-02
4.755794327544261152e-02
6.253071754137532606e-03
2.390274746796165663e-03
3.398649094190068359e-02
3.487739408194115431e-02
4.662990218401222992e-02
4.508652407201396012e-02
1.972843043245554179e-02
4.706322559974952802e-02
6.939067360331456664e-04
5.871065466792765863e-03
4.757952316426834055e-02
2.436968425304663136e-02
5.307083117390132276e-02
1.597602450003545935e-02
2.666440499678966996e-03
2.639758868768179653e-02
4.727453505224703256e-02
2.793129360433592445e-02
1.012600575205392477e-02
2.398236244287027877e-02
1.593859335297067095e-02
2.638073680543577548e-02
5.858864619153782149e-02
1.631494019656108338e-02
1.934605392295064841e-02
6.383132151153074474e-02
3.912819851023811857e-02
1.054701105910506656e-02
3.146194933284430367e-02
8.674415260353784962e-03
1.014449422534581275e-03
2.678656072280517428e-02
2.896938643142286246e-02
7.122026649745097360e-02
1.695635210117819522e-02
2.541076163839950386e-02
3.175101960457343830e-02
2.526241396180638893e-02
1.862051080062595426e-02
3.275224011024691767e-03
1.034646600583537246e-02
8.329159175298871121e-02
2.890669451627546002e-02
2.947484265428015199e-02
8.850705854211690692e-04
1.478573818081683165e-02
2.131650584967189829e-02
5.321585562775216389e-03
1.787503766055938484e-02
2.001186879450046405e-02
1.376286581215073815e-02
3.517605166868224831e-02
3.843889805972793006e-02
1.561042680259216130e-02
9.205008755465629924e-03
5.464956733467619954e-02
2.980272316392725343e-02
6.482927879741070230e-03
1.563739157531595855e-02
1.486212929320842278e-03
3.930151384293543819e-03
1.596798166448579540e-02
6.035194736101349988e-02
1.720879317959168354e-03
2.154651346906921033e-02
1.555657715789920612e-02
4.015751536794220228e-02
1.009823427307403043e-01
4.704181221836346155e-02
3.924705450545573626e-02
5.100830949971595953e-03
2.126728693555288759e-03
1.825680088389088074e-02
3.154488785837181869e-02
7.517506106310588992e-03
2.003335962067373435e-03
1.464620288090641258e-02
2.322152388734372019e-02
1.945680050918479134e-02
4.717613973709308683e-02
9.257603439417669668e-04
7.439925949273573820e-03
2.057080488354421765e-03
2.560214801679512597e-02
3.317391114593817858e-02
2.702821057971876214e-03
3.349257361913449832e-02
3.405504590592410563e-02
5.025072905846240945e-02
1.185651982577877288e-02
7.622535148082465288e-03
1.095695622798706532e-03
1.036802315567907171e-03
3.731249954054177004e-02
4.467127920385832729e-02
1.338156918684136861e-03
1.505389285760384745e-03
2.671333792089279711e-03
2.463181310372094743e-02
2.255699049936734507e-02
9.824377309574887016e-03
8.391143811690664331e-04
2.276363529729273291e-02
2.563447113567145913e-02
8.174114608991701891e-02
9.183871041884752312e-04
2.503116957330100631e-02
5.166973176538148388e-02
2.779355674389760895e-03
2.082953499223669236e-02
2.349252987713973048e-02
4.026319856496972382e-02
1.684910548059702015e-02
1.558996963185713819e-02
5.849610082611415851e-02
4.408743537477645413e-02
1.099994368770133759e-03
1.406370004761526606e-02
1.850056052013428903e-02
4.278723730448628915e-02
2.641935580399352654e-02
3.217996591947006740e-02
1.254175607558068693e-02
1.344462390085279270e-02
4.202258826757988841e-02
3.240614231100991810e-02
6.357485518653919684e-03
1.716443621168776620e-02
1.065119470528971260e-03
3.114931634123927276e-02
9.967503201331721213e-03
5.207954764194524383e-02
5.633826072095190346e-02
7.786020002538976241e-03
9.299020396660350254e-03
4.367281937115410212e-02
5.118028368328746830e-02
2.617724632459029685e-02
1.637960628969204954e-02
2.117152468302186709e-03
2.866303567769597910e-02
3.297411569818619465e-02
2.435891805736071017e-02
2.084449740066926168e-02
1.599484218966285703e-02
2.473647197442230619e-02
2.754085229966031501e-02
1.883320030149555208e-02
8.156343996069230495e-03
1.396171035651792586e-03
3.218478397068896130e-02
2.359663288963533001e-02
2.138440355540013882e-02
5.517722452922739496e-02
3.054857780971953138e-02
9.577482044421619170e-03
1.523690277069865082e-02
5.371021750131086282e-04
3.396728683905729518e-02
3.662170561252420936e-02
3.092902486053378600e-02
2.327766804973030110e-02
7.223980999363683892e-04
5.702081913294684834e-02
2.601218696289010063e-02
2.670648569181410109e-02
1.420938961336469476e-03
1.608330300136167137e-02
3.648221298092118453e-02
3.765044462661806812e-02
1.162750590736372040e-02
2.962640861206223414e-03
8.144874195399583530e-04
1.596313097613384982e-02
1.338594820148120493e-02
2.960031740012407722e-02
3.122954809654132982e-02
7.042413430524720446e-04
6.163461641082218848e-03
2.558431802304216365e-02
1.759072034215585986e-02
1.014880892091306504e-02
1.236310006318245940e-02
7.285214874655522588e-02
6.346201448744429041e-02
4.706637850182619764e-02
1.651681161838375279e-03
3.461702625546921042e-02
4.872638131927069238e-02
3.786023066295395034e-02
1.872046653526801205e-02
5.481485730132694412e-02
1.413354262595495174e-02
1.634089261029777248e-03
3.570251794847582871e-02
1.095467909242807750e-02
5.860705352915234617e-02
1.096045189044648777e-03
4.355148193826623680e-03
1.013886335505248364e-02
3.918163358994963125e-02
2.818729421205747390e-02
7.976047818735884859e-04
5.185269914241078838e-03
2.641116827373875611e-02
3.829515711245503468e-02
4.083977379180465245e-02
6.932854969579755472e-03
5.497132705100504085e-03
2.771470810960708492e-02
4.159150067661299133e-02
3.647671376030822005e-02
1.921757139071112591e-02
2.333002666125774324e-02
2.455586201802551632e-02
4.452594844587817735e-02
2.879396234817411387e-03
2.203077540050785502e-02
6.328159703523127122e-02
1.741658598678513456e-02
5.912742322336746181e-02
3.550603936086434154e-02
4.402929881755125036e-02
1.518614563530748009e-02
1.548900894029522739e-02
8.164791800637755765e-04
3.082117240305938186e-02
1.062075059659290700e-02
3.282240535489192729e-02
1.549825685351292198e-02
1.506086606504991945e-02
1.465005056512349267e-02
2.439778756165826221e-02
3.757919615487440024e-02
3.282481430186517946e-02
2.174012174367811329e-02
8.388284966817689467e-03
1.555513109698482797e-02
4.003796097398157339e-02
3.757382491200251390e-02
4.238331571519737828e-02
5.245592355603007203e-04
1.145570165867215023e-02
3.783239850636135188e-02
8.053266802958411463e-03
2.445195351832914199e-02
1.507360804254457860e-03
1.218415738217834771e-03
7.075241869109376823e-03
3.330007301477864307e-02
1.724284307467966251e-02
1.349537266864609666e-03
7.847620036594896847e-03
2.566496640202210397e-02
4.164081931513851330e-03
3.118917555072753083e-03
4.033154775532984959e-02
2.382551647641509285e-02
2.563688242826900245e-03
1.654581338801452842e-03
1.542245160378814210e-03
3.053491172162264497e-02
3.370549416835583179e-02
1.230936625189553305e-03
2.093525441448539342e-03
3.134014662799408657e-02
1.856815278475091105e-02
3.779765087156189418e-02
3.888865606417300520e-03
3.990237900077893939e-03
2.089913411044306765e-02
3.218930094732262714e-02
3.090497262825236610e-02
9.721838093707981920e-04
1.354974675708724499e-02
3.468429173445032598e-02
5.021005147136914891e-03
2.693630276143444725e-03
8.148112082696544814e-03
3.934786873406420638e-02
2.343296538297676840e-02
2.586213162957484279e-03
7.976135705443969381e-03
2.132362049718451030e-02
1.529272491720893440e-02
3.010236690882834090e-02
3.750024429196201214e-02
3.760454881023751750e-02
1.427153781275630577e-03
2.255024258015625102e-02
4.617400622139072180e-02
1.063837041458978380e-03
2.423216852298195473e-02
8.230577264531628578e-03
4.199187882269456856e-02
4.405635580131296580e-02
1.366970136426784964e-02
5.209729621438926456e-02
7.440233993081531161e-02
1.459728449600464694e-03
9.724883549472696648e-03
9.643102505747378622e-03
5.469868766744549748e-02
2.608009836120648434e-02
1.818699483155855265e-02
3.621964439398145386e-02
9.229895970426085089e-03
3.401221841031251691e-02
2.618463630999557160e-02
2.339100590072304767e-02
9.020213045092279752e-04
8.005800521254324842e-03
3.763019733622055552e-02
2.420154428603517663e-02
6.663971153203608958e-03
8.430376833382770621e-04
2.176616239384491537e-03
3.361933783324309866e-02
3.533130325241859264e-03
2.590834487915597700e-02
2.404075371550936854e-02
1.923632666307785108e-02
1.404842611327403526e-03
2.896937856446474627e-02
1.213867295055511865e-02
1.039754572777395157e-02
2.749389581077610681e-02
2.884595814738251385e-02
2.957799440057209961e-02
8.984902816814234472e-02
5.730305983122772201e-03
1.643486539542920099e-03
2.099257870663606695e-02
1.677747130215331145e-02
5.538477725567455406e-02
1.875463163488587425e-03
1.543014434491779378e-02
1.953380417600802596e-02
4.925348631109072867e-02
1.032717687974828635e-03
2.424198957390643824e-02
2.322929698793109454e-02
4.604001908464056686e-02
1.136857617315482167e-03
1.298131342581527667e-02
2.005450868263187331e-02
4.365398448827137456e-02
3.598095495825971712e-02
6.380492797727812387e-04
8.999478953601560555e-03
9.680917133167816005e-03
4.494353613408899606e-02
3.734184282125818655e-02
3.851091906106571261e-02
3.045064454260333446e-03
7.413291749911176363e-03
4.071897963215553862e-02
4.688267883371286665e-02
5.620375903411706925e-02
2.994403365933638594e-02
1.276594295841221652e-02
8.153391075324785756e-03
3.843527931453870859e-03
2.829149684307094223e-02
4.495491216492862596e-02
6.654407553864154397e-03
4.381331359425666427e-02
3.832598963373250872e-02
3.930396244974537767e-02
6.530904152294012173e-03
2.582031741057634958e-02
1.648346980647125972e-03
5.425563885021841143e-02
3.045689177104644180e-02
2.369396514764056036e-02
1.528634805171564040e-02
2.239721398780456299e-02
2.568002443884527877e-02
3.286127491408284695e-02
1.222268522193236361e-02
1.962948874797281439e-03
7.988009157687728234e-03
1.984590554215571491e-03
1.812626608382019583e-02
2.577784902187951407e-02
3.072586516065392917e-02
8.576873115746383447e-02
6.574831946130722110e-03
2.047353386833501362e-02
1.299884082287040745e-03
4.241865037872635802e-02
3.061236801908985214e-02
3.948930392228976183e-02
3.374596641492188381e-02
2.856621735112279889e-02
1.676490610015890503e-02
6.035194781552555765e-04
2.326743880405970563e-02
1.165392668462863351e-02
9.556975255733780395e-04
1.496227618071031482e-02
2.031712860134668105e-02
3.261862959734888878e-02
2.716631928701895848e-02
1.427825545875793453e-02
5.687183751158232659e-02
8.090060897306636592e-03
9.782043711425260964e-04
4.338963901069347456e-02
4.006403037772519882e-02
1.884620682911682457e-02
1.291359868208121972e-02
5.608920484182274013e-03
3.218704363922722522e-02
3.395447849719229055e-02
2.060659316267852634e-02
1.243607559584053663e-03
4.010988690470691093e-03
6.032620635520887474e-03
3.980531020518214558e-02
3.782221450770048565e-02
4.169916439364068639e-03
1.154586306841037975e-02
8.880395876508519540e-03
2.981369942029290718e-02
1.370208034012489889e-02
1.607690813253416593e-03
2.122197188628183531e-02
1.148138920754516144e-02
1.214922074129577267e-03
7.312803937052233215e-03
3.273501365148331899e-02
8.427104482842787819e-03
2.487581460036797018e-02
5.616932914129436254e-04
8.524480274091588913e-03
2.143585380918871727e-02
4.237991541449336735e-02
1.058700359926984793e-03
2.971760602239249816e-02
5.973731997546829348e-03
4.986829607700374312e-02
6.678066764876541828e-02
8.482745390224170554e-03
2.236803514736179083e-02
7.266434246418129392e-04
1.156365385461644284e-03
1.703634649258874405e-03
5.808720396031803040e-02
3.960302370082788986e-02
1.304769904094362463e-02
1.953623975365903834e-02
4.686244918720470359e-03
2.494892034768003003e-02
5.050759562130380242e-02
4.821593964605966343e-02
4.866461815040192332e-03
3.387741145439653045e-02
3.363334008511001394e-02
3.519471683218912406e-02
2.648261251213892067e-02
8.900620605759034659e-03
1.255963342365169115e-03
1.947738433421387569e-02
2.412041865725982406e-02
4.976123331854315213e-02
1.650882021729173149e-03
1.812243932967860793e-02
6.666676954906870442e-03
2.292901244947401218e-02
3.365939162513615496e-02
4.188097952319227990e-02
3.125673342940758770e-02
6.392543607659903829e-03
9.984934866895937844e-03
3.903762496178691394e-02
7.462350354958575960e-02
5.029102379847808640e-02
2.351847658632608487e-02
5.154856880056012114e-02
4.317419164076594096e-02
2.592545995890796484e-02
2.590170835587602902e-02
1.602112341415860581e-03
1.255078008535710082e-03
2.641976280897849472e-02
2.545418078699255779e-02
8.721052719675827583e-03
1.247515607550967083e-02
2.745082514011229144e-02
7.988820029820511287e-03
5.236249607571033526e-03
3.888829785342239054e-02
3.310335353435688716e-02
1.792884010193903461e-03
1.033574300491471587e-02
3.525025984840857857e-02
3.025062018948989143e-02
4.231918761362609555e-02
8.119769916877168144e-04
5.404786090080395365e-03
3.127209267237764795e-02
1.018867869527810381e-02
3.941836332224299411e-02
1.444217854098295978e-02
1.618686282859587789e-03
2.813394152870169265e-02
4.177379678615105590e-02
1.962324133069668838e-02
2.069015763374930979e-03
1.643712853516034883e-02
3.773256334436939780e-02
7.335517709100621703e-03
1.157712123337249896e-03
2.262999416054446017e-03
4.220904409825512044e-02
3.266228836405599134e-02
1.117854722687046647e-03
1.988868900766861247e-03
2.781314536533332701e-02
2.277070464695505822e-02
1.408801074959709423e-02
1.200716754507092331e-03
1.640322388824191902e-02
4.656099730709106072e-02
1.018534937272685091e-02
1.020719857822572664e-02
2.782199263699448866e-02
2.169711587124117588e-02
4.970413928470236720e-02
2.387148400380825070e-02
5.060393817361408426e-03
7.197781073241184269e-02
5.140798932148691811e-03
1.709562878418598858e-02
2.903775250441168257e-02
2.675594346064831194e-02
1.247947797013270388e-03
6.991126520475300296e-03
9.710891936272709676e-03
2.350311006486854870e-02
1.041969382352306295e-02
3.163534651224066130e-02
9.401307077213592531e-03
3.179446163357845662e-02
7.565749061260761132e-02
3.311938307787236357e-02
5.009939801648322956e-03
2.790811418855219939e-02
1.267010206451636874e-02
2.434433157169291206e-02
1.841225509636026936e-02
5.718872663973433718e-02
4.215477567165950429e-02
1.134470799812686836e-03
2.314252971746619605e-02
1.373570722434326423e-02
7.522317729915617424e-02
3.050852548833844075e-02
2.250376263813628000e-02
2.813923271441995735e-02
8.576169362073410990e-04
2.646123672842898983e-02
8.506115000572406562e-03
7.287404400464725547e-03
1.209726032213426228e-02
2.451614236739727698e-02
3.773268825671575143e-03
1.886188864760381806e-03
1.553178560300839950e-02
4.382749095545944440e-02
2.704690210736734532e-02
3.986036158968694898e-02
1.697536020488967651e-03
3.482335624474173358e-02
2.342682772967841654e-03
1.260144574222109466e-02
6.322042166995241359e-03
2.816813564663118649e-02
4.453426662245568018e-02
3.425375975938614592e-02
7.206459161294254123e-03
3.005119058585883213e-02
2.374748470961385305e-02
1.482087452477294336e-02
5.110589018985286017e-03
1.412537699590139025e-03
1.068334070402096256e-03
4.089923531046923272e-02
1.451563885705723939e-03
1.950255085890141701e-03
1.766988479217096062e-03
5.899852142363635338e-03
3.623456383264057196e-02
4.000077480495346782e-02
3.590286246359063183e-02
1.993222843698582575e-02
6.347963909500094898e-03
3.698738987003753059e-03
5.319018796709987923e-02
1.987781477904456903e-02
2.024981835437337022e-02
3.322263184308968907e-03
5.836517226009001495e-04
4.370965686672224210e-02
6.098807207729755459e-02
7.034246141240238981e-04
1.394057962123464688e-02
1.453522219644862341e-02
5.881182787490753933e-02
2.839829092085070436e-02
8.961538457399909627e-04
2.190724604431874140e-02
5.311815556737598844e-03
2.169837224147132607e-02
3.880839855816732575e-02
1.619734016221652251e-02
3.815904425618346640e-02
2.783407371195559601e-02
2.398523214466700536e-03
1.740559665606335876e-02
1.689754020294469139e-02
1.499898132126455640e-02
3.393572661491253695e-02
2.758861920633469758e-02
1.096820086328243772e-02
1.016300643454075281e-02
3.101303737900414775e-02
3.600936252817363986e-02
6.468124943438366935e-03
2.635935281850355916e-02
1.305612257220103642e-02
2.252709548718470969e-02
2.199229196890177540e-02
2.634783280643870212e-02
9.933082608107999048e-03
7.794946238752471866e-04
6.561723847341030535e-02
2.857355484584350735e-02
8.776422964716869626e-03
2.896134573244510749e-02
1.901401543978606390e-02
1.072245256006475710e-02
4.693853622499332030e-03
1.258848203909984642e-02
3.940868182256729302e-02
4.916736567597741747e-02
6.047060507639566429e-02
1.878909743812430923e-03
1.726076433104941146e-02
7.141309010811958298e-03
3.567037994417095875e-02
3.644031177178662199e-03
3.090290272731345891e-02
3.059083469522286616e-02
2.442345534882038940e-02
8.887834839868205420e-04
9.782537582097142193e-03
1.070952461980021614e-02
2.971215132365064363e-02
6.504758074241522459e-04
4.343624903846835840e-03
4.784034860118551585e-02
1.390241603835441937e-02
1.749400084573325036e-03
1.655242523099226953e-02
1.781008567495850903e-02
2.241252468493004288e-02
2.389897935434352749e-02
7.809600231486481248e-02
2.300093834151545683e-02
1.548742018630145864e-02
1.783970028390173546e-02
4.300783260697355753e-02
9.655644196670441987e-04
3.468860195749075975e-02
1.341101404634848122e-02
4.822556896332336196e-02
7.512034255938777882e-02
1.204261269222909290e-02
4.349912494079050812e-02
7.115891497306819479e-04
3.827731245232807167e-03
7.722661443695941555e-03
6.802699962360339581e-03
4.952050742805479133e-02
5.617420538811459391e-02
4.068554221049760361e-02
3.372163826390161406e-02
8.730840109663434712e-02
5.586535272295899135e-02
2.382181568523772039e-03
3.974326054968044253e-02
5.308889048107076625e-02
5.650996461546016481e-02
1.422370093022306929e-02
6.064643931335099956e-03
3.322773270161531040e-02
4.379426932820983803e-02
1.209504843713628437e-02
1.147981082888405299e-03
3.890978637591210095e-03
1.564477210134614668e-03
2.993557916372406938e-02
1.540636943742280419e-02
3.517539524775668142e-02
6.951258729168301176e-02
1.461002383464628067e-02
2.413588603659293924e-02
2.020496999064740756e-03
4.607913650329883287e-02
5.226120097527492403e-02
1.851317000374025704e-02
7.967755553622215756e-03
2.480593940913404516e-02
5.067834132470129538e-02
3.703003563373762075e-02
9.574546500298172433e-03
1.995992259239152966e-02
1.630289245823618102e-02
4.324183454022701920e-03
1.392606359614412086e-02
4.030789790277029827e-02
8.023677142816210573e-04
1.952850944444813747e-02
1.414304173170311159e-02
9.656592691428636868e-03
1.341626768589018444e-03
1.853764093688192033e-02
2.577053645490356634e-02
1.666929729195274629e-02
1.397067952802321083e-03
1.645786592598185577e-03
6.941870849891174089e-02
2.407519842320514011e-03
4.679825350144969920e-02
2.063357982214045899e-02
2.095179376600829046e-03
1.498227419251632955e-02
1.422247961633074653e-02
2.511777419344075196e-02
2.531279665927084824e-02
2.100864948081034717e-02
2.499609477096388990e-02
3.512682195885251379e-02
8.116749203392078713e-03
5.977192454863025813e-03
5.367879073942605217e-02
3.602221294712072697e-02
2.116720742305743669e-02
2.077676087078492509e-03
2.977604818308139667e-02
3.939518814107274142e-02
1.627838734937419457e-02
8.159414454284261717e-04
6.765619350666982924e-03
4.303325615309648577e-02
2.440184710001617324e-02
5.447369914424077773e-03
4.538911529248393882e-03
3.307253399028967089e-02
3.339868366015685819e-02
7.036046762113734587e-02
5.156256781962711283e-03
2.224061388115556107e-02
4.517285242433698340e-03
6.886113375134398284e-04
2.465298127093354386e-02
2.540654286897494479e-02
1.010107582113330994e-02
5.189880672152978602e-02
4.317476711154159645e-03
8.406298329030989936e-04
2.498950153395711540e-02
3.515997328796791749e-02
3.547315922531468768e-02
1.501291255457268920e-03
3.186440045500254364e-02
1.478454837971733896e-02
2.085133530334512542e-02
5.604377591464584918e-02
2.877239398122382903e-03
1.958305218682685703e-03
4.526805086795951394e-02
3.471223280396983774e-02
2.630728659480708817e-02
2.337468058665820130e-03
4.341664424577468089e-03
1.144866610256858180e-02
8.859140636597796770e-03
1.294438042698117797e-02
2.399773508040330475e-02
3.069893599868235914e-02
5.389728286465454016e-02
2.277523362823535586e-03
1.035552938782678851e-02
3.209967199485972561e-02
2.344997329280516102e-02
3.220467152468836636e-02
1.358863570917945122e-02
1.243694151710493523e-02
1.348774186117595274e-02
3.100739168248902236e-02
1.227224881939486915e-02
1.103385680399577087e-03
1.372924829928302056e-03
7.941084953876687003e-03
2.253036274245847487e-02
3.206838319586564207e-02
1.331811294383741275e-02
1.523802118551011511e-02
3.242662468128531400e-02
3.828992586917290622e-03
4.280077236727950624e-02
5.420493341056428771e-02
3.324184335989699424e-02
1.091751002262926484e-02
2.566559953097872007e-02
3.111917988769564644e-02
3.266914754181752395e-02
3.476740435158615777e-02
1.532394108217428018e-02
2.679496183149153356e-03
2.193988338950010608e-02
1.091356434828565265e-02
7.076661968312123775e-03
1.444944261149057546e-03
2.206089458696358641e-02
4.463865909733463755e-02
6.458200023967301112e-03
2.658827889787608589e-02
2.983846887073235421e-02
1.158168607395716754e-02
1.187645391842453123e-02
4.556674762546858264e-03
1.558845260266021257e-02
4.662191377898281669e-02
1.226622378138671372e-02
4.011708061764951427e-02
2.194628281236281776e-03
1.651379367472554857e-02
3.551236722708282084e-02
5.019955526423490466e-02
1.704487647978089344e-03
1.498590520324838068e-02
2.921744196484337905e-02
4.169043568444618514e-02
5.863577372061568732e-02
2.922980687021268370e-02
7.170687492877906265e-03
1.852518325232959534e-02
4.749994156026347142e-02
3.763027067088087901e-02
3.062723769171553367e-02
4.464857620873785571e-02
1.693460923149643898e-03
4.586719675805098033e-03
2.328545747517557843e-03
1.803487641434320388e-02
4.411721141682226066e-02
5.179451677143484534e-02
1.211615820791517306e-02
1.438191774683651378e-02
3.125461279758526278e-02
4.297666190687977200e-02
2.850267059640358269e-03
1.335719849378565541e-02
3.007034396584282177e-02
4.688129976360999596e-02
2.288013612097113819e-02
2.082286203120560508e-02
2.899784797789966423e-02
7.697378423255289703e-02
3.430064071902028111e-02
2.238589660564273623e-02
7.482812212064447093e-04
2.145565903334338900e-02
5.124201986123785163e-03
2.576091927638565066e-02
6.796502463409687111e-02
2.301084354280461680e-02
2.021533637587245164e-02
1.777167251432336045e-02
3.562328691125526969e-02
3.694702368615884053e-02
2.705815158540876043e-03
2.947072610025673872e-03
2.603177955444966468e-02
7.326855934312097264e-04
2.776914856414845756e-02
7.154764049466764975e-02
1.447922499631021029e-02
1.796595193129671766e-03
1.590885227735752564e-03
3.621678124867935139e-02
3.724782487776080731e-02
2.731692010411969351e-02
3.391425535647647760e-02
8.355004575313357143e-04
6.698524421236856652e-02
5.860908393286398850e-03
5.477136473294764996e-03
1.347723756481981547e-03
1.179277926276992017e-02
1.339892996283409930e-02
1.649724170877081564e-03
7.620239047913580921e-02
5.260123322630080173e-02
4.825447962176486992e-03
3.757988986932171704e-03
1.594422786856422233e-02
4.185761657655072410e-02
5.613700171589664639e-02
4.574939027028422645e-02
4.322020015159778322e-02
1.967719898829767625e-02
1.441088441155255646e-03
3.411922257159423488e-02
3.766286779306017574e-02
4.327557187605945294e-02
2.184046991079037145e-02
2.333750313173231158e-02
1.381885717128094118e-03
1.429675269941101850e-03
1.177360716148568610e-02
4.253378783869085633e-02
9.200530074720542420e-03
2.085452325168539889e-03
4.299920835066884175e-03
3.495499407802140496e-02
1.464596917374733250e-02
3.588169906032187637e-03
3.876793879367481082e-03
2.738288591055323268e-02
1.668186972145173710e-02
3.509991233161904173e-02
3.968724127375286570e-02
1.528385133159135094e-02
3.553410669735108246e-02
2.200366306718358218e-03
1.204622033903583527e-03
4.528225380843735326e-02
1.149710291979616494e-02
3.734237045355491558e-02
8.714115354980870795e-03
1.865384587613233558e-02
2.998760824810025455e-02
2.569676274962186258e-02
2.845239821461722704e-03
2.131384955782689161e-02
5.232006892463705351e-03
2.123434372674537843e-02
3.192118632367370312e-02
1.601231581679346885e-02
7.358527232932333961e-02
2.692363167640193788e-02
1.715302921483254648e-03
3.027710673981790293e-02
6.186481709421756334e-04
2.535284779490409521e-02
1.405616371118692705e-02
4.446201197664963883e-02
1.679022445971030137e-03
1.502435764468631856e-02
2.082864454574850574e-02
2.975927217504440586e-02
3.539694210201901198e-02
3.019575167736840079e-02
1.230936482702470192e-02
1.874674797898140052e-02
7.099594414778535867e-02
2.131219666521638051e-02
2.524674755502483853e-02
2.453643069013460888e-03
2.814379690023294245e-03
3.775412960140089869e-02
1.413619705757073082e-02
1.507690595107068036e-02
3.034781251850567768e-02
3.376777063617565633e-02
7.442195815866767261e-02
1.729961379700278509e-02
9.970471187961585380e-03
2.395740067826045497e-02
6.510494759349920446e-02
5.369203771627850674e-02
1.233928624468641488e-02
3.328808713642457395e-02
2.585937215067844394e-02
1.964494592332244674e-03
9.100417944342553342e-03
7.426678813124422407e-02
3.538141735121350800e-02
3.337877443473966782e-02
8.012654857736131384e-03
2.583021555553285595e-02
1.040279210842424105e-02
4.986379987112055101e-02
3.145482849664509722e-02
3.561287978429309581e-02
2.289105792194013472e-02
2.480494228459563869e-02
3.884120668320770881e-02
2.044652563374757537e-02
2.045291041840835086e-02
1.687873541355986188e-03
2.198661189872011534e-02
3.445547082469663930e-02
3.056536176257764262e-02
4.597482802243965661e-02
1.218475942891092748e-02
1.006579829548961925e-03
3.086281494436779113e-02
2.270077661052519527e-02
8.195491682829475488e-02
2.210883127372932286e-02
2.009461590288817018e-02
5.279926012151495845e-02
4.279938422328161823e-02
2.083629098843493149e-02
2.293902506475251069e-02
8.696657351634806341e-03
1.986183958165615732e-03
1.186778459837858381e-02
1.834080030566840594e-03
2.945645321107326006e-02
3.468188082835730462e-02
1.272061686656859088e-03
8.065393741147511980e-03
7.859010308664862374e-03
4.214841790904298030e-02
2.072077899958742545e-02
4.911552554862431280e-02
2.436316707812547291e-03
7.651273146039456671e-03
6.316586122594605376e-03
6.860061459684912988e-02
4.302938494694549115e-02
5.558794847593158568e-03
6.594656746826213674e-03
3.515284586174916015e-02
4.588245286571164538e-02
1.288993264924194991e-03
1.017802634187534548e-02
4.017208670032885315e-02
3.768787656127935148e-02
1.720105268642214361e-03
9.807271552282172469e-04
3.844574066723597389e-02
3.365771077819565416e-02
3.522443661203335935e-02
9.722443119730969164e-04
1.967853651047082528e-02
5.362418725820242323e-03
8.963439895356486997e-03
3.083387028826051202e-02
6.432779032623914262e-02
1.812428776715408960e-02
2.812849580504663688e-02
6.441340000447863534e-02
4.485633970370892648e-02
3.257693051174234862e-03
1.464357125476070838e-03
1.915159128023936549e-02
2.644866255643489941e-02
6.634171687094364165e-04
4.919431175794533595e-02
6.845794017991777003e-02
2.985663978793437826e-02
1.381229528442520262e-02
2.176897146228698454e-02
7.491035589167914163e-03
3.942174313155868970e-02
4.144058737718851748e-02
4.877599128733716566e-02
8.132468173607772591e-03
3.796050860418191675e-02
8.183626515049878883e-03
3.025536587454541113e-02
2.720598680563888691e-02
1.969361363573724280e-02
5.146458272288371300e-02
2.205721585347919858e-02
1.913972471783299822e-02
7.472793850644418112e-04
3.911335697361656427e-02
5.129735103422113085e-02
2.745405491214323451e-02
6.174333061443074838e-02
5.307664590152090522e-02
1.235626570952765360e-02
2.070696453490462191e-02
6.021666340856379534e-04
2.547699608249140435e-02
5.124873454437479936e-02
2.572350654068135400e-02
2.730060662136225922e-03
2.627658736502478526e-02
2.812068334488017698e-02
1.371911954356737524e-02
1.422435617106794850e-02
1.765163356963075567e-02
1.569583376412363564e-03
1.538359109705793835e-02
4.305940365486207039e-02
1.231117940562013362e-03
7.243023300247167749e-03
4.329153862313834394e-02
1.635567654582270603e-02
5.365416688529167080e-04
2.878192060591366203e-02
2.107561309012376954e-02
2.819010599556250746e-02
2.986167071866416972e-03
7.424122260648760400e-03
3.929800239461252176e-02
2.018623686171929985e-02
4.903518437309166422e-02
7.149471541650827830e-04
1.116011388463328431e-03
8.400772663286714542e-03
3.904748990970554473e-02
4.312675622987048596e-02
2.171140400436619416e-03
1.101571407855713586e-03
1.357961127927134791e-03
2.654636566365373498e-02
4.575205533482634007e-02
5.802631730059040066e-04
2.794540431842266678e-02
2.655216480798278534e-03
4.141094951848198896e-03
1.494681233235002149e-03
1.785786007907003148e-02
4.498113040954694608e-02
1.751777948330122047e-03
1.502165512907502462e-03
2.826154313878644769e-02
6.702100900937018463e-03
2.890202166405521356e-02
8.813335370216257222e-03
1.455937672846950278e-03
6.557682567855779854e-02
5.215129052056519804e-02
2.284739964603779705e-02
6.877683692109029696e-03
2.404277300275473039e-02
3.392292153932716103e-02
2.777593392706521891e-02
4.717705946583624493e-02
7.458424075343824018e-03
9.465190192199685049e-03
4.233605354790762401e-03
2.764698563532785001e-03
2.674287910659950765e-02
1.256533862588915182e-02
2.239664150673422935e-02
7.629677232279862085e-04
1.610882208360247744e-02
2.991366364902186409e-02
2.848053450508861162e-02
3.435109068845005470e-02
4.653435867270444559e-02
2.493220214799438117e-02
1.638769426380964553e-02
5.694613922523327626e-02
3.671939044493714027e-02
1.511880761642515197e-02
2.679523171253581082e-02
7.871392060499483520e-03
1.992285618054496360e-02
5.499303283817706667e-02
2.653214629452692666e-02
1.565400240421190546e-03
1.531198239401765013e-02
1.016498612414037071e-02
1.354777105926011950e-02
1.701572803476275250e-02
2.332409286898210268e-02
4.945561969553981946e-02
2.422580587413429229e-02
1.593546499852392662e-02
4.135151619410094501e-03
7.074594813715584518e-02
3.610448095637642379e-02
3.546534392903941818e-02
2.621546584701166163e-03
1.085282286039081223e-02
1.200125958534110047e-02
3.442377407019169694e-02
8.220288525215313155e-03
5.057794650905850925e-03
1.514007232560069492e-02
1.975385883087031613e-02
2.722859208151597391e-02
1.127048239674884609e-03
9.910264448472782574e-04
4.228787718664489548e-02
3.694713381979000590e-03
1.988227347008485885e-02
4.894271526719457498e-03
4.521412782878508202e-02
5.023885092977317668e-02
6.047887948156569805e-03
1.173912049034003813e-02
4.003904298073605178e-02
2.040839392445346206e-02
1.159733222452253090e-02
9.525409371195325652e-04
1.630878182986082031e-02
1.567531371405419746e-02
6.686846092222627214e-02
3.172344146130105097e-02
5.921718065754882085e-04
1.623777624567353944e-02
2.163595587480272517e-02
9.601796984853834885e-04
2.201604597053826579e-02
2.275851720086204122e-02
5.931349340212281347e-04
1.958190841447526517e-03
6.700732846481818493e-04
2.213481836485755444e-03
1.707956204385943644e-02
1.131731641069142098e-02
3.378425143337723119e-02
6.897920456990852545e-02
3.428653569129960776e-02
8.755991511706811767e-03
2.391332813403682436e-02
4.527029811046887064e-02
4.083997568004497924e-02
1.507288812208713771e-03
1.378680699384117123e-02
1.141702483717942735e-03
3.989794102319024066e-02
3.066451130380326573e-02
3.690983110999174893e-02
2.644410237057324975e-02
3.830678617387283779e-03
7.976280025970085980e-03
1.047050771490416407e-02
6.919383941782407399e-02
3.930956120231562240e-02
7.824017895516149901e-03
1.811611157880685385e-02
1.416977723081030982e-02
3.943823790349806901e-02
1.147612727524108256e-02
2.286069938827926459e-02
4.464041210173985696e-02
4.231174714257748132e-02
1.501292703952559517e-02
8.723902780366416844e-04
5.656409822284191868e-02
3.271549284305787925e-02
4.598739286446278801e-02
5.968910394476872189e-03
4.006726329991642382e-02
1.683377243636566224e-03
2.111419994606656900e-02
3.071490450611311790e-03
1.686664122235505270e-02
4.571257408236157477e-02
2.343208962964047834e-02
1.239551559651642064e-02
5.807949863441671384e-02
2.099383510556115245e-02
4.767175187503328027e-02
9.063223871848193058e-03
7.027271217437822820e-03
1.509874188713214134e-03
3.341959034685097751e-02
6.263511258483066280e-02
2.148553729827806791e-02
9.271788399957126003e-03
7.849898452206266041e-04
2.627985771285482053e-02
2.772815839972683511e-03
4.833173941678963609e-02
1.916607266892840847e-02
1.457386842316859936e-02
1.483642511103428971e-03
8.148498873592419089e-02
2.579151320286006757e-02
1.648697524107567208e-03
6.932427758678055829e-03
5.642726755406223677e-02
2.398180394865896681e-02
4.057421600012107998e-02
4.621221265364091821e-03
2.988753862791957479e-03
7.426279116352143021e-04
3.999362556377042410e-02
3.038170981555650754e-02
5.580114873641616900e-04
1.590377050738411759e-03
6.909412687266128748e-03
1.139411432496207667e-02
3.510579804002785659e-02
2.911171071639457458e-02
4.424010675769091128e-02
6.080304794401294316e-02
3.097975201448944366e-02
6.127402691026998319e-03
4.526336507924963101e-03
5.023959347801996989e-02
3.486902024943087930e-02
4.541191087837295574e-03
6.565521576607474818e-03
3.826556853082374327e-03
4.480588652793245086e-02
2.201437716615228454e-02
3.652511696781551853e-02
1.264666110981318807e-02
8.338434343768857167e-04
9.561655295137543378e-03
2.886022048722454436e-02
1.227360190838955832e-02
5.428181352989074407e-03
1.442477312693035869e-02
3.678106374229769826e-02
4.798896783449486947e-02
3.910687002389993949e-02
5.795035228229369201e-02
1.912786427302236303e-02
1.952031186613637642e-03
5.830984447164312082e-04
1.554193397131537618e-02
4.540460572164457809e-02
1.884308159119746362e-02
4.040633460248551495e-02
1.028996434521954086e-02
1.061034687529423129e-03
1.307460815025282379e-02
8.645415661318848685e-03
3.242083907688181332e-02
3.983283190919864776e-03
8.373491233702261803e-04
3.540519264679741884e-03
4.358221169273584356e-02
3.489877587785827212e-02
2.222929615300024697e-03
2.018566938079815326e-02
2.292016509116387782e-02
3.160150667939248120e-02
4.638524681794839975e-03
4.398173120680005932e-02
6.727898755458965041e-02
8.154843980358194092e-03
2.474547955826981484e-03
2.380333684105913512e-03
2.357610805564341883e-02
1.333281150980331758e-02
3.453555907215306430e-03
1.225240777707129435e-02
7.747642519017898001e-03
1.987045327925326954e-02
3.199549513768550763e-02
3.312872875894109365e-02
3.221494676752595463e-03
9.096384990070227952e-03
6.454182320532016008e-03
5.229303575716914149e-02
2.845195580680670230e-02
4.976833351616702719e-03
2.883825204216457563e-02
1.214514268018148345e-02
3.477323299444632504e-02
1.908219676549756730e-02
2.004222534523014340e-03
1.193019033235830431e-02
4.851558875571772983e-02
2.205392536845031566e-03
5.022644484804730152e-04
7.555965195920329863e-03
4.166280182461067072e-02
2.663920149146446412e-02
3.324957512356321865e-02
5.529578810565351221e-03
1.279875404179728945e-03
2.166449979358579109e-02
6.383782647645139252e-02
5.591893302829928358e-02
1.489016361494514568e-03
3.205494287941011711e-02
5.586236100620742273e-02
2.244034576074946039e-02
1.478237120444939913e-02
2.913231969577830677e-02
2.136970868436096661e-03
5.811640865270598956e-03
4.051218138975166971e-03
1.075105251750017345e-02
4.969486600816521576e-02
2.923779278597702508e-02
1.048916539061803786e-02
2.081806908813040036e-02
3.651573612930890389e-02
6.312414747599012776e-02
3.273252305707160387e-02
3.121222917841298076e-03
2.110614288237438324e-02
1.960307734946197325e-02
1.093139869606244222e-02
1.540060983922818434e-02
1.306354215805111216e-03
1.997302286247878977e-02
3.292292551592759797e-02
1.848609704375923576e-02
9.917983902438544906e-04
1.316858899625040005e-03
4.404534346519510014e-03
1.613717367260628435e-02
6.282409283409726153e-02
1.476473351581980044e-02
1.875286582104622804e-02
1.190013954853761345e-02
3.600683899165234292e-02
3.271410499701183500e-02
4.273816584719770939e-02
5.167462889451938934e-02
1.842810189885903463e-02
7.129648701660893165e-03
2.757752206322443105e-03
5.685727642773571316e-02
1.672607196461894583e-02
1.283699577537632253e-02
2.192380118729821397e-03
4.010129490545579281e-03
3.024427065411654236e-02
2.621413471856983562e-02
1.151402648182879703e-03
2.587352104040033240e-02
2.340561824536566832e-02
9.142856950129828533e-03
5.503174900060159996e-02
4.107563900998546097e-02
2.826967206803806046e-02
2.204893111250663500e-03
2.217619846378009532e-02
1.228649644316672125e-02
3.391516142906038367e-02
2.861898032916457627e-03
8.156467924455534620e-04
3.170498131969615857e-02
4.075828762922301812e-02
1.887979302118382094e-02
4.802995735907038266e-02
2.493197928648274980e-03
5.747019228633641228e-04
1.097872003206542754e-02
1.146227641503602289e-03
3.036206232677667385e-02
4.765726842594624792e-03
2.862331856437684563e-02
1.849469614665357961e-02
3.322044836770219212e-03
9.812341905992630342e-03
1.412676071086407283e-02
5.051367141874478495e-02
9.405200846832635761e-04
1.089286092967870455e-02
1.323560257516686982e-02
3.336413037480721877e-02
1.917198266311956681e-02
2.011490832025259953e-02
1.235877767962986935e-02
1.113661848453963502e-02
3.704101938369014357e-02
5.306633705075240737e-02
6.824425166879050098e-02
2.780210898238289711e-03
1.220979923826595419e-02
9.805778198391829244e-04
1.021180307555169487e-03
1.689324068509452312e-02
1.915024828363652218e-02
2.225026278328098156e-02
4.118290581724664418e-02
1.343096734932737284e-02
1.333003433741674227e-03
1.161582843024522131e-02
2.245942924096464011e-02
4.959952163375565271e-02
1.141341532395352123e-03
2.402229395493734633e-03
1.471106225284670062e-02
4.858051690328655386e-02
2.116400475074275978e-02
1.293730576227606135e-02
1.075863678427341555e-02
4.471101130091739706e-02
4.245542180339984678e-02
2.983834291091909049e-02
7.806438711212986686e-03
2.869182616040038408e-02
1.881672157617260204e-03
3.521454945264414216e-02
1.504781670426682746e-02
2.463083947538067045e-02
5.420490344327048154e-02
4.535658291226467298e-02
2.888029263932585453e-02
1.638986218253000657e-02
3.252652428533520101e-02
6.458810459351725652e-02
3.118831722408385229e-02
2.469171742565616501e-02
2.456500698612551405e-03
7.354122921146209703e-04
2.652589962372919538e-02
3.057399583220353489e-02
1.010522183834152050e-02
9.595058448410411292e-04
5.951505137310349886e-03
8.378463594726199767e-03
1.874631597603168423e-03
5.519751352622023072e-02
7.223617675245408085e-03
5.193309690027975850e-02
1.871849310305098019e-02
4.265848918498584691e-02
5.150472943622713684e-02
4.334334289937224333e-02
1.439017710895566966e-02
1.541485232119107172e-02
5.009499903178685903e-02
1.898402658328176423e-02
1.146681045843557165e-02
1.805255286498549244e-03
2.966218243015730435e-02
3.876453363589627693e-02
1.243257477142338009e-03
1.637905541118435480e-03
1.615899913541724714e-02
1.974009602273515268e-02
3.905297255669587519e-02
3.873583604816802084e-02
1.915598669100250506e-02
6.171089555894770234e-02
1.969060783248406145e-03
3.817643272627271184e-02
1.530333665062799317e-02
2.265421233052800683e-03
1.148692487844689934e-02
1.149436008044187746e-02
1.549017751456778329e-02
3.600772277009171157e-02
3.516558434711377495e-02
4.453988417521725224e-02
3.165071923343781846e-03
4.516663834806650818e-02
9.663041206373082503e-03
2.763955970030495049e-02
4.815999702975411190e-02
2.750208534253650514e-02
4.092302870562981865e-02
3.028490218858348459e-02
8.551884637754041465e-03
1.724360547326614021e-03
1.955095322076971440e-02
4.454206357031374741e-02
4.488922395158659318e-02
1.706211837749375959e-02
2.240984653174453792e-02
3.698982816631776055e-02
2.344569580696494269e-03
2.246837006238743342e-02
8.089635171137131778e-03
2.868203791648313988e-02
5.844296332530232035e-02
1.733401206939214761e-02
2.114115161695609077e-02
7.987520810456625979e-04
6.603650435839865385e-02
2.040474495851757331e-02
5.966722789400434601e-03
3.638873233313658778e-02
1.526470101457126638e-02
2.487823498257032973e-02
2.125806647094583002e-02
1.943083786480177474e-02
2.469766024045276162e-02
7.609793189831623450e-02
9.106316632664670369e-03
4.179858703267990555e-02
3.185758514938073424e-03
4.916194560920286727e-02
2.370911170810017024e-02
1.814997171905012238e-02
1.225650225070161990e-02
1.250976948221231011e-01
3.492662511579891493e-02
1.763504487350160688e-02
4.325378276182450382e-02
3.144030265514120154e-03
2.352127094969291149e-02
4.048956129186177810e-02
4.246087957802961721e-02
2.556627105680659914e-02
1.695948688225990333e-02
1.638857821723980340e-02
5.669268216666957690e-03
1.313272863817355890e-02
4.169763615974363818e-02
2.402569182602502795e-02
9.159321112108956883e-04
2.454793111600622659e-03
2.532573724723037253e-02
1.704959903942284208e-02
3.955092572637738946e-02
3.188515421920591186e-03
1.777577047311658517e-03
4.157046114161000450e-02
1.143855402084661965e-02
2.825773917939881572e-02
4.421702647370430450e-02
3.791302724127915136e-02
3.777812497065591562e-03
1.121015977423484760e-03
6.608966170369075244e-02
3.116287319873350167e-03
3.825740287133004569e-02
2.318900806690920267e-03
1.948847759090498221e-03
4.194323034557424432e-03
3.596373487853658096e-02
2.989856620825755498e-02
7.337112054473009237e-03
9.721333027848288099e-04
2.851274823556820825e-03
3.086304890621683825e-02
1.028883352047746044e-02
4.836892976293782898e-02
4.161578550950173483e-03
3.513481865018851843e-03
1.863714990344737810e-02
2.055960953441588954e-02
