5.135814682517302054e-03
3.266713750837775716e-03
3.434558848244730414e-03
3.967868276445005171e-03
4.025393333986902744e-03
2.359613058902076347e-03
4.626283567630338697e-03
3.594895149367016447e-03
5.814000254386186319e-03
2.945730670869097824e-03
3.753118665172957245e-03
4.233715114332962243e-03
3.505264649258487807e-03
3.665745453386899406e-03
3.741751743705591226e-03
3.502799401817557109e-03
3.898411262565940408e-03
3.007719760624307740e-03
4.609115494397669939e-03
3.052540663756009211e-03
3.161116344121851947e-03
3.491100060455889879e-03
4.365714956153122529e-03
4.115023945205910708e-03
3.845541479520041793e-03
3.545081576967256797e-03
4.674590690528905058e-03
5.935567729118326578e-03
3.353546950693848516e-03
2.646764771747166841e-03
4.119998368388514721e-03
4.475465011858530302e-03
4.335639254378138852e-03
4.295068154765178080e-03
2.255204183667791282e-03
3.119231763341100919e-03
3.498674893605334055e-03
5.374024880037554797e-03
4.830848081355531252e-03
4.293504877207921823e-03
3.552665968715575193e-03
3.114566670571803416e-03
5.350967033226674760e-03
4.106938420325505386e-03
2.989761198359696358e-03
4.244960922120487486e-03
4.091404874418816742e-03
3.678812572050388450e-03
2.208002952148857730e-03
4.125034511170404261e-03
2.858469907671789927e-03
3.868161841448934136e-03
3.695095587395489690e-03
4.450851052844395118e-03
3.413618722208015821e-03
3.682757406913260943e-03
3.275293171954999586e-03
4.959072748427846740e-03
3.627162718838016636e-03
3.206440842842199750e-03
3.079634111140489103e-03
3.708164169012030404e-03
3.866623294047491673e-03
5.600903893233076004e-03
3.288942619231177613e-03
2.420657396039963515e-03
2.612324459844294223e-03
3.662026439345115059e-03
3.532046381851871794e-03
4.208272011687450367e-03
4.254912577798993130e-03
3.444123222157572609e-03
2.863538748607379319e-03
5.816683580440130431e-03
4.559273954519311653e-03
5.283684978650418813e-03
3.044561523961519019e-03
4.022370136612800871e-03
2.528080411323608244e-03
2.541294620579671783e-03
4.024381021768582214e-03
5.031303390893028873e-03
4.228721782488406924e-03
3.792711106302742909e-03
3.329187790567674204e-03
3.344743798101499667e-03
3.681145565047844702e-03
4.603422017371160309e-03
4.753781501508901573e-03
2.997377592271929705e-03
3.556644808061503859e-03
3.951237986085681664e-03
3.796384391864434434e-03
3.059801819470179662e-03
4.334410705869876784e-03
2.693899817187353409e-03
4.120514315710913610e-03
3.398975915611172644e-03
5.974545239546892247e-03
3.695412875916896656e-03
2.885156404544158854e-03
5.053454415516124738e-03
4.221425654413845166e-03
2.505954730109254212e-03
4.098746269975859710e-03
2.185805935117766073e-03
4.081101784237258639e-03
5.892050161038476196e-03
3.542584354426198557e-03
3.078257792873286165e-03
3.542326452042099654e-03
3.151189440582998023e-03
4.555524931659760655e-03
3.087907681826482405e-03
4.384550899103049036e-03
3.023700539895444583e-03
3.110764570280936860e-03
4.195305625828516481e-03
3.585683061902957252e-03
5.187285706150351547e-03
3.330214001147864967e-03
3.243645173556699689e-03
4.151469159764153809e-03
4.119815995012945063e-03
3.331375336431208114e-03
4.653035449278788462e-03
2.445589922026649658e-03
4.329991657185278467e-03
5.516870321454837682e-03
3.832355154332566221e-03
3.562834135811111889e-03
3.712715338075413696e-03
5.505347421854005566e-03
3.080555172409664248e-03
3.187091825759899664e-03
4.504459266883709297e-03
1.883033847410281805e-03
3.276663800836378954e-03
3.030412567852636564e-03
4.176294087292714390e-03
4.425246626590953469e-03
3.436298106904478282e-03
3.718230075292605370e-03
2.880470374468733791e-03
5.373725752106330543e-03
4.138548058168463675e-03
3.668338169358365593e-03
4.375188433700591406e-03
4.002633484760763014e-03
3.620047374958485203e-03
2.826090920873078598e-03
4.131357314456962637e-03
4.340519194611106024e-03
3.400417306594512561e-03
3.662157930898469940e-03
5.029769984298215757e-03
4.404237467064141785e-03
2.539210638381533477e-03
3.167947061877011711e-03
4.467230656553452216e-03
4.765176811903092807e-03
4.052894593853578753e-03
3.342555687239319364e-03
6.076174448005868672e-03
3.237013301451755008e-03
4.244686477794055307e-03
2.354006179178722274e-03
2.964391391798625475e-03
3.938373476863877599e-03
3.792702758945639199e-03
4.390557684086684662e-03
3.363027728063311232e-03
2.915676530997015313e-03
2.081933837416559494e-03
3.991706994129251389e-03
3.784843448810449283e-03
5.009835970432371423e-03
3.763413933428474446e-03
3.496199324039475555e-03
4.375147444490573925e-03
2.411032053582558548e-03
5.350990645874241156e-03
4.754074185861541062e-03
5.731898826802925631e-03
4.744503919215254870e-03
3.785414317267391145e-03
3.386077565210926597e-03
5.387674590605215190e-03
3.083355419819820697e-03
3.961731636570675098e-03
3.611125519011823722e-03
2.656146615905582899e-03
3.558182764666085671e-03
4.352926800464074382e-03
1.871096491516078316e-03
3.926527044782766873e-03
2.313709491992420059e-03
3.671836550469459448e-03
4.777519503056986729e-03
4.965894246517131572e-03
3.288382814265007701e-03
2.702041762008742642e-03
4.362934293893026838e-03
4.961959212269418350e-03
3.182246290147026316e-03
3.287655036262089256e-03
3.074479249007927746e-03
4.143160975578346304e-03
3.331051433453146877e-03
4.129815748551327048e-03
3.187901867155994943e-03
4.236190207833183743e-03
2.887218682301009084e-03
5.028383511573733013e-03
3.531524476134904802e-03
4.267899211449025301e-03
2.675530081182457207e-03
3.648289682032435609e-03
4.559145322691512091e-03
3.860893547439881411e-03
3.574393313729310254e-03
3.281745417029120412e-03
5.724042508287610284e-03
3.285071441799850261e-03
2.546880042557580787e-03
3.386216988989222600e-03
3.884385793769052839e-03
3.544615254064096676e-03
4.731551587435600670e-03
3.147623480529887149e-03
4.362776082843651711e-03
3.039024837385914928e-03
4.017970485152173692e-03
4.423021092478708789e-03
4.064511742441543826e-03
3.109189189515716538e-03
3.752691066534123102e-03
3.647718682519243260e-03
4.323167963950783933e-03
3.006083973444794496e-03
2.958586841091461264e-03
3.276459075061591286e-03
4.041140440577996318e-03
2.741686085620183809e-03
3.836397678220745695e-03
2.950502963291303307e-03
3.882778201794056649e-03
3.173129172163937414e-03
3.999845480194924759e-03
3.963016539966147944e-03
4.353657165002003740e-03
2.935150381773582017e-03
3.780267011581141777e-03
4.230838060888055668e-03
3.432377089368603574e-03
3.953869843694998894e-03
3.781858419287061589e-03
2.882370081570616565e-03
2.784260312272995429e-03
4.971748883370305516e-03
3.131975027051511155e-03
3.950955255518415372e-03
3.484073952936524686e-03
3.129254301191600456e-03
2.919344023032003754e-03
3.044235327014761794e-03
3.989517210701475948e-03
3.666615228483023538e-03
5.133304778802857266e-03
3.185519966465032941e-03
3.458609201334356814e-03
3.307410102243937920e-03
4.132487190298077435e-03
2.256563183763838840e-03
3.629753142363679758e-03
3.387710622579372111e-03
4.949146854949544941e-03
4.811252365866723439e-03
3.128406911960774934e-03
3.150460172712230261e-03
4.114362898298967210e-03
4.160659506194905148e-03
3.144956155097315166e-03
4.994183611084436654e-03
3.483626936194687829e-03
4.813682254572185931e-03
4.567215685158526606e-03
2.827455025442599836e-03
3.028818793243578857e-03
3.838522393449272756e-03
3.404904441597172721e-03
4.345985752182797077e-03
3.520664044474802485e-03
3.046696181453937158e-03
2.744520607471416344e-03
3.116207791721468078e-03
4.009094572646037732e-03
4.324238799037316561e-03
2.155005899199410446e-03
3.797564612390416389e-03
3.011648730613939156e-03
3.023169613290738102e-03
3.369263531003737454e-03
3.705789258303048353e-03
3.799068567567167806e-03
2.587604978046459218e-03
2.647134804472040838e-03
4.693321900717314400e-03
3.719480314323811172e-03
3.897729873805298034e-03
3.756721570593952488e-03
3.486246522333325167e-03
3.534377559182230039e-03
3.027213917649978527e-03
2.781659407351094390e-03
3.818068358017154534e-03
3.399946533574592106e-03
4.788521514961337038e-03
3.774960131025217099e-03
2.965660043574818404e-03
2.537292272392560350e-03
4.662903523690755184e-03
6.055224063128852516e-03
4.910406575383007705e-03
5.221385419258365267e-03
3.407438258990961536e-03
3.212853617035935690e-03
4.982012735929656697e-03
3.838431798579775879e-03
4.555861462334057782e-03
3.077736053052236836e-03
3.245723632343601363e-03
5.296251069803904060e-03
4.642196638567331300e-03
2.874225189584145908e-03
3.092179826816840275e-03
3.901389368193016339e-03
3.961528562747272143e-03
3.710902260042270133e-03
3.008152069958227193e-03
3.218535838645272817e-03
4.190652365153087894e-03
5.785442202357788527e-03
3.912939085422050337e-03
3.690500725975319560e-03
4.117004258617829905e-03
3.383124142026864602e-03
4.176316092334411180e-03
2.957786721594741000e-03
3.855861867396798408e-03
1.751396496441729855e-03
3.018881415906244509e-03
2.933762913230060498e-03
5.486674179755582359e-03
2.964535096822278407e-03
5.026052454258880114e-03
1.907543943718515919e-03
4.774609039617599103e-03
7.314451433972613513e-03
3.770905810444522867e-03
5.190028565418157783e-03
2.991522619418787460e-03
3.272881587292221853e-03
3.387874693458037007e-03
4.241932186249073797e-03
3.977326312722081515e-03
2.704618977544586290e-03
3.503717315043502079e-03
4.465674287791034265e-03
1.955326333302875169e-03
3.739124280441124670e-03
3.825012903950803130e-03
3.571073028207976882e-03
4.458705019737934684e-03
3.615535431641097881e-03
3.981585284258327972e-03
3.453690797969500518e-03
3.608473434200847648e-03
3.734945339962679033e-03
4.026588339383409612e-03
4.201430929538741040e-03
3.488402750345753669e-03
3.152116701793468770e-03
6.357472397435294173e-03
3.129039225522961976e-03
3.469563135566836563e-03
5.066610627137486944e-03
4.526809207065106075e-03
3.877828137232193755e-03
3.240237747277949134e-03
4.057436057436510611e-03
2.379810042298221347e-03
3.190204541043633810e-03
3.790348481509335250e-03
4.613707508488802157e-03
3.592251289852147356e-03
3.440773124138508336e-03
4.439102979762347967e-03
3.162748407969370040e-03
5.014828745582081138e-03
2.773587676053182721e-03
2.469042926401354785e-03
4.658479793926605973e-03
3.447245293145583152e-03
3.161487352014029622e-03
3.568556317740629886e-03
3.695775949433400490e-03
2.937911699009425510e-03
2.859669103827018610e-03
4.424313474910479028e-03
4.163525384967768118e-03
3.987607692017247976e-03
3.290237842699133240e-03
3.889126818777185069e-03
3.366428328710416393e-03
3.519324174066278208e-03
5.201806172559085735e-03
3.414599484832892516e-03
3.531378887310344071e-03
3.129487259654552007e-03
4.567609985469110213e-03
3.475437078558428049e-03
2.648776210010816718e-03
4.555650219259466116e-03
3.234110441319824978e-03
3.881980846203175826e-03
4.021551068228567706e-03
3.368044800156829409e-03
7.231737884543917513e-03
4.584279281801761745e-03
4.230862673915484345e-03
2.738070126117213461e-03
2.770406862872067198e-03
3.548753593684933223e-03
3.501629442653875820e-03
4.336607735648919520e-03
3.654922993114883417e-03
3.275597276019207808e-03
2.716054562877829714e-03
3.209928284118706773e-03
4.446391628281781694e-03
3.216389158956409287e-03
4.085123591882700370e-03
3.145139855974346445e-03
3.899424939679963474e-03
2.831533027382336209e-03
3.342601129403961237e-03
4.438670125553736273e-03
3.060398863170272002e-03
4.581498653915405152e-03
2.964458321236837588e-03
3.147454139073207861e-03
3.797908378527451584e-03
3.627001688005037413e-03
5.688883935852562593e-03
3.708577013828822863e-03
3.566216921387900095e-03
2.239084322035941443e-03
2.366194042421111178e-03
2.670648573162694248e-03
3.320535710866626307e-03
2.742317122360591469e-03
3.455803710863978272e-03
3.302611687947900471e-03
3.383150481632997506e-03
4.523523654389114725e-03
3.633225479312527512e-03
3.693020864791598558e-03
4.421975504105210564e-03
3.059101084179299216e-03
3.850336740727307826e-03
3.358636150221071606e-03
3.292496004783484597e-03
3.901722449030804989e-03
3.848730281190782324e-03
3.896515263426757972e-03
5.233072464955548092e-03
2.623506392434224715e-03
3.824859676209789450e-03
4.180240190244664637e-03
4.587748285478970324e-03
4.340862149139017995e-03
3.844385133659401765e-03
2.916100998818112883e-03
2.487717748803679185e-03
4.226664018317867824e-03
5.083114866090375321e-03
5.355813751125267086e-03
3.479890635884310291e-03
2.320546257589896182e-03
2.998381864099372834e-03
4.262252764655971582e-03
4.698924568443555404e-03
5.547233596568954331e-03
5.452149034758830247e-03
3.159037314428789385e-03
3.922326231507793255e-03
4.389343737402942938e-03
3.933976239085895665e-03
3.731694632675119569e-03
3.229774656168394285e-03
3.939967890897863242e-03
3.091658262452215943e-03
3.947267007598738442e-03
3.269815767328089224e-03
4.593368854385664231e-03
4.368323363130097517e-03
3.967703148307492531e-03
3.257710294817578369e-03
3.615972918651089510e-03
3.752901354163658363e-03
3.769254445195679027e-03
4.414632308262281951e-03
2.604170086860739357e-03
4.163577628291425733e-03
4.720206275681036387e-03
3.261324071769032031e-03
3.672968647961157799e-03
4.176502265346890633e-03
3.346174283850604416e-03
3.534910213656079856e-03
4.136471200792558867e-03
4.574828742236732547e-03
2.493741998545297069e-03
3.559688545339916108e-03
3.210066104908061539e-03
4.525420135489391892e-03
3.061921520142346729e-03
3.720004522065015629e-03
3.908524380488351789e-03
4.581210546667451380e-03
3.040618473851737068e-03
5.223976253382141624e-03
2.919503605685813945e-03
4.217823477815046962e-03
4.082077083295392213e-03
3.897525526528728811e-03
3.637201692387982081e-03
3.816991841948839687e-03
3.182087577414577199e-03
4.533932523469536881e-03
2.945630238905428723e-03
2.937719670065196565e-03
3.246311584962035830e-03
5.391187706591463701e-03
5.054708022387536907e-03
4.223639384244769202e-03
3.901558739179395493e-03
3.073617646293240122e-03
3.616638132329802642e-03
4.096867923926915574e-03
4.561957342197518750e-03
5.057381157107721480e-03
3.003432276282901395e-03
2.696418508920263475e-03
4.038443129568827956e-03
3.475791386390615894e-03
4.628089084258364336e-03
4.686282612849953025e-03
3.365994273215075321e-03
3.066159866358579220e-03
4.978442534573899493e-03
3.931018535290895476e-03
3.010957356385774494e-03
4.156187706393315792e-03
4.997480834554456249e-03
3.758260214882300134e-03
3.259981342765865073e-03
2.051431591719090220e-03
3.834780940015695798e-03
2.733270712533967910e-03
4.987860654157912944e-03
3.410871813772696579e-03
4.541027261036313656e-03
3.879971972973126400e-03
4.872313105633964761e-03
3.662993277245969476e-03
3.115692350091727944e-03
3.943044912596676763e-03
4.250464184173721217e-03
3.798817010250621004e-03
4.107894522802680443e-03
4.243308226443457190e-03
4.898206505042708610e-03
3.435207714796509760e-03
3.412863826867984160e-03
3.026263890633310982e-03
4.238305378146510136e-03
2.816632739744385008e-03
4.820142723059201405e-03
2.247906763407480496e-03
3.387975277108436125e-03
2.915001006805507076e-03
3.341136668533451880e-03
4.331494488720155460e-03
4.549587968672118114e-03
5.052542415901775837e-03
3.365684571094775500e-03
2.782704525005599318e-03
3.033272800043524970e-03
3.926295901763447553e-03
4.734053755571413814e-03
3.524743171082899904e-03
3.075095898955936078e-03
5.307773109739044246e-03
3.046865681260622731e-03
2.683495780069321789e-03
2.429576274295718648e-03
3.691991739969538271e-03
2.862506896618370166e-03
4.078662365151509983e-03
3.119741217329856896e-03
3.308077684070950472e-03
3.266423846564113585e-03
3.329590612148136328e-03
2.765259333107663794e-03
4.127531290083349090e-03
3.130604587754964429e-03
2.851099189330501965e-03
3.346606781447772176e-03
2.918544541467844866e-03
3.308862654135979412e-03
3.938576024787257372e-03
4.752671388051539665e-03
3.455834984708523131e-03
3.945352120163956103e-03
3.668435400348437399e-03
3.568375076713658795e-03
4.409345283078180966e-03
3.437410629130820041e-03
2.559063817452542598e-03
2.840916655277502586e-03
4.021749144025999270e-03
5.791027098010680108e-03
2.957604271304706527e-03
3.051519297669456291e-03
3.731101467130190120e-03
3.571581510039332271e-03
4.906231705492380274e-03
3.487678736551499611e-03
4.283591153150564067e-03
4.550177424426754026e-03
3.376597024563924090e-03
3.565892174800059169e-03
4.543400435682393330e-03
3.735822821740268900e-03
3.660682148799804247e-03
3.686766578614051812e-03
4.205850481029345389e-03
4.186948089431539663e-03
2.968862514120344017e-03
4.898561957937018832e-03
2.974054788887174183e-03
3.910122964097746331e-03
4.509748592763805110e-03
3.511669906410682437e-03
3.860130964350455638e-03
2.895044187035922603e-03
4.288404945785698891e-03
5.939766471603298049e-03
3.893145957487196065e-03
2.623845183586089990e-03
2.381575110925368641e-03
3.350462452583734610e-03
3.845784496799955869e-03
3.406241154320857698e-03
4.793538690418912979e-03
3.801572376572285965e-03
3.803969835446914700e-03
2.851151727950826907e-03
3.393241028046044185e-03
3.633114057376974054e-03
4.401730603675808526e-03
3.183342547976050849e-03
3.387599130901510804e-03
2.654566122104426093e-03
3.300436577965424126e-03
3.873041980005556550e-03
3.237076986440673692e-03
3.127154673017506353e-03
3.732940980713632829e-03
3.284143524666908228e-03
2.825334292626865973e-03
3.203217270353996525e-03
4.691005909516597280e-03
3.742369780475048469e-03
4.044545832771358901e-03
3.353303496249969689e-03
3.393976457147302155e-03
3.577337214523440122e-03
5.213540048333882050e-03
3.334425980657587489e-03
3.585225618373853469e-03
4.006742441223414344e-03
1.976686403941158802e-03
4.252511344446821377e-03
3.250362201073347338e-03
4.984516590706731393e-03
3.604692761901995540e-03
3.629551602816567888e-03
4.224583686902133768e-03
3.893177070880102404e-03
2.319762854926162802e-03
4.244816624004847140e-03
3.197788950107882146e-03
5.307999034939778378e-03
3.395448543725169185e-03
3.715399688517519346e-03
4.034162003444875452e-03
2.548740332290564715e-03
3.790032090013118089e-03
4.047818629964917807e-03
3.750981325026446316e-03
4.362640247246846355e-03
3.751784844458386226e-03
2.867546277515140105e-03
3.088064323548292498e-03
3.121181913806388413e-03
4.684264344812490675e-03
5.838033245765952145e-03
4.665413229692492655e-03
3.269749554000355319e-03
3.662293445275801532e-03
2.860434488360250049e-03
3.921558408078813264e-03
4.391597401874573238e-03
3.304012965009682674e-03
5.549058569480657017e-03
3.533712828262096980e-03
4.245164025707470062e-03
4.324383936604821697e-03
4.511184497966952943e-03
4.409550413341474691e-03
5.560322581539773289e-03
3.700710653914023474e-03
2.899752511426691593e-03
4.577775717537093184e-03
3.761641263319335984e-03
3.272743318159128650e-03
3.933649825460450861e-03
3.471250791848175081e-03
3.869063178686804778e-03
3.100207184634423425e-03
3.399177758034069730e-03
2.795164251326376532e-03
4.105781245567553459e-03
3.718507867396687698e-03
5.516880613822392268e-03
3.396439521305802140e-03
3.913691036954335817e-03
3.225734279083738824e-03
3.907144880214310709e-03
3.334590184406397827e-03
4.479593934181787945e-03
4.162382552327449463e-03
3.784383854507493081e-03
3.312001061620346593e-03
2.762625421892502594e-03
3.066278815834003191e-03
2.836157386968480004e-03
4.021159713279367706e-03
3.944696185765154267e-03
2.386080718901326982e-03
3.074849421342090716e-03
3.298576599541651246e-03
2.679823208233719778e-03
2.920173946815932814e-03
4.211520056058597715e-03
2.490887695965270012e-03
4.867455494638583263e-03
3.987002414085546141e-03
3.143939899136848418e-03
3.918988930890923358e-03
3.593961367040845751e-03
6.119594246590857010e-03
3.679143935279231836e-03
3.301521530368902412e-03
2.460737466937843593e-03
3.466118219918502916e-03
4.067052186523491784e-03
3.987865942770592656e-03
3.753416635665308022e-03
3.155399480149745188e-03
3.272898995283222805e-03
3.847460732817780879e-03
4.146264779699051183e-03
4.422841822499734392e-03
2.404149606270783966e-03
4.252508271428592605e-03
3.874371545169350353e-03
2.833726968669270617e-03
3.300662530788432952e-03
3.943257080234311741e-03
2.125018021359689410e-03
3.780710016408928530e-03
4.749833599467544361e-03
2.892892875615670455e-03
2.363313038774962106e-03
3.896414508958487722e-03
3.667257756392499138e-03
5.062558911817149551e-03
3.472508094082454085e-03
4.673774074499532742e-03
4.572377151056401627e-03
2.980232090965853533e-03
3.240041320500637242e-03
3.284737128915931129e-03
2.345069559245063859e-03
3.184457277262823290e-03
4.444703880952182232e-03
5.060241890608522738e-03
2.394380048178827887e-03
3.472212387524861287e-03
3.038949117381233630e-03
3.046862621568763047e-03
3.658772729798621514e-03
4.565507218453988304e-03
2.413073449053344810e-03
4.962096303508687842e-03
3.225234679069489442e-03
4.184072053941875757e-03
4.596232949289792181e-03
3.548414476500848062e-03
4.445356136895357163e-03
2.784865260856861369e-03
3.226697493169315440e-03
4.328571405503732830e-03
3.383937984718784434e-03
3.662687738264317708e-03
4.138110002495438283e-03
4.084984507499571718e-03
3.570747682543963172e-03
3.311854171891743821e-03
3.873883725709416880e-03
2.694135741171758795e-03
3.043906398514610936e-03
4.219887224411444579e-03
6.421295080765218773e-03
4.550273161890690601e-03
3.587193054813627834e-03
5.107469709422478125e-03
3.749565119785478254e-03
3.455521833465589974e-03
3.055807866668743943e-03
3.341380231893697084e-03
2.167336068141609718e-03
4.346078567444204219e-03
3.741238850898906485e-03
3.091115506763116461e-03
2.842604105950274473e-03
2.562156902570755877e-03
3.796498776371349301e-03
2.281990151938623375e-03
4.130843302226084798e-03
4.298306492962226596e-03
3.151577439120251470e-03
3.615114715477288961e-03
3.337408042654345808e-03
4.563581424388906543e-03
3.659680588239339408e-03
3.783839777701853216e-03
2.797670112378645383e-03
3.745591459047310084e-03
2.699086108583671848e-03
3.649085128895659599e-03
3.551795487644267366e-03
3.082449691294688286e-03
4.069985294165255445e-03
3.900056589078263001e-03
4.056855463475042035e-03
3.065106370762147713e-03
3.075259080965289053e-03
5.201216511304181979e-03
3.339464157495614094e-03
4.356300152901861761e-03
2.188253941170230105e-03
4.028434333460177881e-03
4.733769514772888029e-03
2.399519328026411720e-03
3.435728549216704539e-03
3.194469594534119546e-03
3.896042883477837497e-03
4.237087205633882810e-03
4.646653793462946110e-03
3.073360327704371259e-03
5.253271427023684104e-03
2.932844065665718945e-03
3.335210698524404462e-03
4.372007672764670165e-03
3.214106901106721786e-03
4.305492765555578305e-03
3.051107711411367267e-03
2.800521950619376879e-03
5.083697724133631399e-03
4.287057797197371851e-03
3.152080094007500815e-03
3.464872410174122015e-03
3.868616261027437147e-03
3.611941862349799231e-03
3.765750105739712993e-03
3.501395450932367429e-03
3.606920480923231365e-03
2.445619788058829569e-03
3.308427671327372234e-03
4.420012187045125988e-03
3.562310117667875833e-03
4.788518032346729750e-03
4.777192982773936433e-03
3.632562824270436398e-03
6.153200524651593166e-03
3.244406404461740601e-03
3.362335418306328962e-03
3.516267207557995534e-03
4.646585720428192748e-03
4.336521486203478819e-03
3.476152263554817441e-03
3.018279728173632517e-03
3.371253898539793622e-03
4.516630836190521116e-03
2.894176705249394514e-03
5.538860087451668787e-03
3.594001766576230758e-03
2.715256497983269297e-03
3.420923255384040063e-03
5.011072498289277123e-03
3.935606519893720436e-03
3.456377801475331909e-03
2.482319924666947369e-03
4.594509572223846525e-03
3.672906980474781313e-03
3.912267264383128759e-03
4.923146844925954495e-03
3.929734916624609380e-03
3.452398892051017874e-03
4.168555158232298795e-03
3.053908050451370221e-03
3.836665589415077030e-03
3.518997033595402339e-03
2.715701620273428159e-03
3.341891667337420612e-03
3.978835656361626519e-03
3.057848490724805572e-03
5.306847062097887549e-03
3.796008558963809721e-03
2.587681022896428772e-03
3.851347581657764245e-03
3.844463697780900989e-03
2.905813690091132821e-03
2.785332578536752531e-03
4.117495420312040043e-03
3.572437567254558785e-03
4.365961362023694677e-03
3.713087920201235421e-03
3.305769721153194521e-03
2.713472650754431004e-03
4.774922571475460724e-03
3.180831195271008847e-03
3.250852884967856630e-03
2.857927757615431885e-03
3.079498761429602920e-03
4.477788135633262341e-03
2.517322639066449722e-03
4.740409885026270267e-03
3.383118542678629093e-03
4.185999470345362627e-03
3.709789397420437933e-03
4.694957413479756113e-03
3.319146214872678493e-03
3.382748363596970766e-03
3.143542493535690218e-03
4.048991887211734683e-03
3.840883396125616914e-03
3.589865318569526037e-03
4.010333283751432547e-03
2.481672568375517095e-03
3.151294193806097703e-03
3.710047850631306449e-03
5.807477188287096109e-03
3.903070254562888801e-03
4.335510616569143716e-03
3.181998815890882751e-03
3.522501391681835334e-03
4.846499779632389669e-03
3.025356998991449772e-03
4.389446524019512651e-03
4.376953672386586780e-03
1.970718147793851151e-03
3.402932142796976939e-03
3.514640202940322831e-03
3.194593741775204540e-03
2.390108782056634459e-03
4.013755614669019603e-03
4.706818288083504734e-03
2.932140794924849216e-03
2.448009607714086208e-03
3.919498071700071654e-03
3.165707893342635786e-03
3.034857524779282275e-03
4.245966764636787370e-03
4.078032776603818244e-03
3.805227932931575744e-03
3.370900121874477982e-03
3.421699930776663911e-03
3.510077031386967146e-03
3.942959554704143083e-03
3.099529839930659052e-03
3.636966551253785832e-03
4.962346388599821016e-03
4.514642266380175864e-03
3.571131602720481555e-03
3.053199076074615721e-03
2.659461002690387092e-03
2.589269793977394627e-03
2.474625015268337204e-03
5.964592700144200760e-03
4.768163848444751697e-03
3.637004476875619827e-03
3.187886126832180193e-03
2.649506220601528187e-03
2.980676811277634727e-03
4.144945184995849075e-03
3.096631428256973149e-03
2.516559430012190162e-03
4.394047712255546093e-03
3.681261897421595278e-03
2.804512856456567883e-03
3.118663213284455019e-03
3.584267524955830463e-03
4.051259212572567818e-03
3.210003956734850099e-03
4.410131868019537618e-03
4.159095637610528418e-03
4.351622962746420215e-03
3.949931844972442117e-03
3.740536480360078572e-03
2.991401700059995519e-03
4.456650223939523543e-03
3.324463923400464323e-03
3.173647842597188129e-03
7.230515873484420070e-03
2.820417851190432350e-03
4.709722738489997840e-03
4.356609610243701927e-03
3.565476974084458208e-03
3.288851353845122661e-03
3.667620881394060509e-03
4.148556530961034113e-03
4.522004838542213571e-03
4.682954842150480884e-03
3.133591477213394476e-03
4.627595882105787692e-03
5.251880739464361708e-03
4.688294976011971732e-03
3.484302245647273241e-03
3.663082566774919328e-03
6.165808573838560923e-03
3.949795256260553444e-03
3.817843105666823399e-03
3.127318453945958972e-03
3.713850048375935946e-03
4.630432906621879431e-03
4.040332735396448376e-03
2.639086120424141268e-03
2.738304574457869726e-03
3.463989483870799982e-03
4.245911373226289934e-03
3.280963084518274345e-03
4.523408463927861001e-03
4.308958591556587454e-03
2.913254682582815461e-03
3.869237463023924520e-03
3.252314052638448361e-03
4.392768108389067706e-03
3.675841094129365331e-03
3.097612327718285256e-03
3.620209262836209495e-03
4.246305309339258767e-03
4.407176856993683979e-03
3.392214322292408640e-03
3.300561324180494548e-03
4.483314793600404538e-03
3.760237825603375203e-03
3.337245526277714952e-03
2.987625507379649409e-03
3.371516479726768475e-03
4.242133665266482889e-03
4.074149772757176824e-03
5.389416607383983558e-03
2.960777191330946686e-03
3.265440166838311491e-03
2.314506391429969629e-03
2.892903043543558136e-03
3.204564759815684786e-03
3.678430000332814399e-03
5.794042238925994556e-03
3.346925958403859473e-03
3.332008778485950201e-03
3.444313646060532391e-03
4.168808976269149265e-03
4.211154767561747607e-03
3.377124073953425426e-03
4.858615117332813760e-03
3.217336929795860858e-03
2.027035823443857319e-03
4.419287324150773105e-03
3.895066338538048702e-03
3.836294947600067499e-03
3.904663236843105081e-03
4.805700514910998811e-03
3.940497440320500817e-03
3.208312527736370719e-03
3.364094379474182744e-03
4.442899839107295953e-03
3.871008013541084921e-03
2.922396778188270615e-03
2.557322723328979072e-03
2.499143069900371193e-03
5.559465717870657429e-03
3.689550959275539853e-03
3.245309742797896583e-03
2.057718973429393128e-03
4.186792769683481824e-03
3.343984165460505472e-03
4.517734848411870084e-03
3.899659240098547145e-03
4.304187244266097050e-03
3.639038315144899147e-03
3.901554855512652693e-03
3.976929566134412494e-03
3.203791041893047295e-03
2.353142341921259009e-03
3.625955111063079023e-03
3.469661211916028748e-03
2.927924507716763748e-03
4.306113887028947991e-03
3.938560812308779940e-03
3.500843754275604226e-03
2.939694053859454297e-03
3.235685116474274099e-03
3.707984712185451344e-03
3.339685032296222777e-03
4.648109251817422911e-03
3.930206094500022715e-03
2.102297861832095206e-03
3.581022092840687072e-03
3.621382275385199700e-03
5.737230855561817854e-03
2.665289455151187512e-03
3.529385178577134317e-03
4.256597610954262860e-03
3.365458926333485604e-03
2.465443605986244145e-03
3.200344836776482238e-03
3.649027609995870221e-03
5.730710002973439174e-03
4.087543942161440784e-03
3.321800863557807480e-03
3.568087222067671278e-03
3.037383814263222223e-03
3.945667411101786218e-03
2.872517839069141637e-03
3.738581290075401135e-03
2.296033373891566420e-03
3.502724762747467212e-03
3.198535018940099235e-03
2.866670502182225473e-03
3.401393489594156400e-03
3.922936391869987112e-03
3.595620312259967342e-03
4.592204786362744789e-03
2.769049271029765894e-03
3.614672144950711787e-03
3.320590793138107275e-03
3.296804500906945663e-03
3.955778225256044792e-03
4.326457712253181480e-03
4.440629526252294103e-03
3.697567161129120157e-03
5.694019510648790430e-03
3.291161447252417740e-03
3.530027701853712119e-03
5.114645710044159882e-03
4.175426805642095014e-03
3.655368153919309575e-03
4.469876468576394063e-03
3.497780501205284553e-03
2.536258698835783948e-03
4.738210505825351734e-03
4.137438103078596233e-03
4.955670900939368809e-03
2.965462879578713556e-03
2.927203975180333369e-03
4.186596816510338402e-03
3.594248100293023860e-03
2.976987651714469666e-03
3.253941050829323601e-03
3.537205317199163934e-03
4.353109631189081008e-03
2.713657702241100301e-03
3.770979180382044195e-03
4.236926260813333837e-03
2.828998779479682726e-03
3.580728296274239553e-03
3.550277350316852903e-03
3.054641329092481431e-03
2.559487331108416773e-03
3.890314619606218514e-03
4.232194254873427805e-03
5.927836311914406325e-03
3.885322314393575924e-03
3.131618207092397126e-03
2.605654706901726174e-03
3.936356637743079930e-03
4.251766202878324089e-03
3.897465109377710145e-03
5.034481872517961032e-03
2.433391676123820152e-03
3.486276632507642574e-03
3.883499595789466699e-03
3.315184750686788438e-03
3.785683928854606268e-03
4.706950336884720316e-03
3.225587903124872875e-03
3.793266803655947345e-03
4.262962346744300288e-03
3.841648620791850675e-03
2.752908739120965911e-03
3.503251837428239361e-03
4.164545862346934711e-03
3.081274683102043412e-03
2.906266083907251604e-03
3.236182752835848556e-03
4.158316691763328486e-03
4.840939216852842807e-03
4.519398733972689909e-03
2.202827736792189843e-03
3.441456895944076163e-03
5.945857720812492732e-03
3.810603406629105034e-03
3.603817295078102622e-03
4.568219487491853407e-03
3.361860193158706413e-03
2.989819491675040422e-03
3.358512457877782260e-03
4.044241485107254348e-03
2.831458854712626434e-03
3.176300796901212076e-03
3.533463657261646726e-03
5.306021267374121282e-03
3.267307809231552104e-03
3.678166585375903640e-03
4.567449735505079052e-03
3.060603794672826956e-03
3.398021634524156509e-03
4.104878091913447512e-03
5.485921753039828784e-03
4.085084600771347711e-03
2.323449741522091994e-03
4.468583598352313807e-03
4.192613578856049447e-03
5.853823397665921212e-03
2.484331982912458669e-03
4.802656126409619516e-03
3.877324336410356738e-03
3.110739370462791472e-03
3.521936925898183027e-03
4.536453442777589953e-03
4.972421322082196289e-03
4.075137587492039769e-03
2.839656882734238868e-03
3.499517573053833285e-03
3.959325860681608099e-03
5.434648645333221145e-03
3.995646338027299127e-03
5.275554793552840634e-03
3.349018240651622808e-03
2.937091226715785215e-03
4.940178405525221840e-03
4.171198359087050986e-03
4.256986101429748211e-03
4.187205375600156279e-03
3.888611627903545715e-03
3.397643598593877261e-03
2.898811293942796154e-03
3.297490304454124381e-03
3.050392196277655447e-03
4.715903694430105889e-03
3.599749576024672583e-03
3.690947616475379403e-03
3.909317290726641372e-03
3.738938974852140662e-03
3.419733784386568606e-03
2.951304492571357047e-03
2.168162858528745011e-03
4.613730204004946531e-03
4.075061834511744044e-03
2.912622155732905865e-03
4.095889069417784148e-03
2.791627998003427379e-03
3.693431983628312539e-03
3.269552843792463206e-03
4.120087110730156522e-03
5.418536060835509212e-03
3.439570193848134894e-03
3.492288196284764560e-03
2.591369909454588946e-03
4.178434498027894066e-03
3.397364044364497258e-03
2.280186595463186156e-03
4.510727508192217440e-03
3.832892722698134913e-03
2.932683495459913279e-03
2.970085927074065432e-03
3.595335500349729815e-03
3.649338951848048965e-03
5.261701932529701600e-03
2.895098459505346129e-03
2.857404394607041508e-03
3.489121304877190743e-03
3.078182241429818465e-03
3.193997927433483812e-03
2.027931510266169773e-03
3.376605340107767441e-03
3.654049973860193801e-03
4.813970562772953987e-03
3.719926454300728682e-03
4.303731712667074535e-03
4.382424655065731908e-03
3.940052289063337813e-03
2.964473137568628819e-03
4.581082900045455909e-03
4.232959698354243905e-03
2.644016783259111551e-03
3.575132032181401603e-03
3.659921332205956761e-03
4.834559790320547279e-03
3.180807185721516630e-03
2.810457459540776238e-03
3.002244710536481048e-03
3.396836075438609652e-03
4.622248241865033018e-03
4.853771365351930780e-03
3.736422952666489626e-03
4.848374428565634282e-03
3.084742450942764159e-03
4.284440410294062217e-03
4.711949653151278720e-03
4.032278563478181033e-03
4.001620638151516876e-03
5.569094445043499576e-03
2.882701466254585822e-03
4.442802116310770079e-03
4.155057415666502281e-03
4.635384658940392907e-03
4.368033306693933603e-03
2.710567662804109438e-03
3.686812735159256203e-03
2.402585206157140888e-03
3.382264845035096862e-03
3.430073765291770990e-03
3.887114459673943114e-03
5.044116536312334351e-03
3.593634869557180665e-03
4.384215956415986673e-03
4.366885332347985108e-03
3.531719968119062351e-03
2.864399469525213959e-03
4.613516012877101093e-03
3.840633985002612875e-03
4.351766482002101394e-03
3.517939752597521071e-03
4.479840354323605736e-03
2.902109473142438795e-03
5.144239231540008624e-03
2.687066180685084623e-03
5.336424665137317822e-03
3.771101403161952834e-03
2.687953502587402989e-03
4.990076516296642131e-03
3.952778141388518622e-03
3.227500683008445708e-03
3.732979868485588985e-03
4.650072146018787225e-03
3.950411689069512414e-03
3.625430830924998744e-03
2.331679039905815761e-03
3.196306082970788547e-03
3.966185645774594933e-03
3.552307620094882767e-03
4.929978832009008355e-03
3.505536169126590839e-03
4.574638058206810694e-03
3.886653794985647521e-03
3.864839141911705599e-03
5.538757092038532233e-03
3.355405910641253049e-03
3.228230904678965757e-03
5.180494935667295277e-03
3.037057996920792570e-03
3.790671149887090384e-03
2.523239907850252910e-03
4.933356053209475740e-03
3.669336601907380747e-03
3.598574456988544879e-03
2.460152636405199978e-03
4.938184426923042034e-03
3.639620256152911910e-03
4.292330770841098868e-03
2.665617527446174743e-03
3.618174946548128983e-03
4.059278307634808618e-03
2.992209021557138467e-03
3.507795174370933241e-03
3.430528492234709119e-03
3.177153895473913171e-03
3.386068669959385602e-03
2.644843413253649637e-03
4.470874672557681104e-03
2.788248211260036056e-03
4.704482816272530753e-03
5.512380091623620033e-03
4.257899748516093610e-03
3.299654342702772799e-03
2.818724187148218246e-03
3.263022431934600037e-03
3.364224292902985580e-03
1.954867426772163939e-03
4.973998489122118116e-03
4.593271264109399614e-03
3.072335517007885979e-03
3.017616971535337731e-03
3.598339482843485558e-03
3.167117463884923639e-03
4.944560709588107644e-03
4.174952237667952162e-03
4.960089190245743629e-03
2.710847816722422501e-03
3.437570680568693016e-03
2.570933425606328031e-03
4.006182633148893182e-03
4.238601365917769870e-03
2.989405995907426505e-03
3.694252998241530101e-03
3.794395055866543482e-03
3.070976629311839620e-03
2.800304993975225466e-03
3.958658939791175752e-03
4.897994393961633414e-03
3.943136187105865387e-03
5.216963493612380813e-03
4.103059962816861007e-03
3.998511329931861945e-03
3.067281242107522225e-03
2.713456087122381732e-03
3.106751450797202996e-03
2.963899338166336387e-03
3.777343178624993549e-03
3.412629776856632331e-03
4.623559534242847185e-03
2.723015022542948048e-03
2.280619271704330698e-03
3.691472284880625062e-03
3.424347181332584259e-03
3.118803915172572560e-03
2.817936668453253739e-03
4.422288386504796831e-03
4.331488367533744416e-03
3.634430427589311740e-03
5.110851649925270308e-03
3.140710100780820004e-03
2.704290775458603399e-03
3.553875378336731478e-03
3.791549570888112786e-03
3.131181877051847189e-03
3.825953427961646149e-03
3.950055636987334466e-03
3.457514801181931201e-03
3.660078999558195965e-03
6.169922765788768762e-03
2.075164410098595709e-03
3.300611892268625475e-03
2.755296658714092347e-03
4.319784223949170096e-03
6.301182871820880903e-03
4.340136628061984012e-03
2.910104635697303987e-03
2.260473538262046302e-03
2.663441015192329498e-03
4.155962469873970486e-03
3.015242326925285030e-03
5.108773448149176236e-03
4.040836169697327278e-03
3.413041447081359685e-03
4.740723586448482296e-03
3.075541714672963816e-03
4.283105164713018123e-03
4.054795157989550189e-03
3.763379472165755135e-03
2.850971401989594711e-03
4.496295947600885759e-03
3.533479218790016880e-03
3.130599507089689652e-03
2.759988899973362005e-03
4.326561106498739984e-03
3.971374683482560217e-03
4.209788893862692963e-03
3.024044997564333693e-03
3.842435978746843936e-03
4.438996907797176580e-03
2.829450952116746403e-03
5.909491171838839388e-03
2.674476522078044274e-03
2.332198243132012523e-03
3.324594147412607021e-03
3.815377041662102592e-03
3.552709911900566158e-03
3.600148972689155413e-03
3.416885702914589963e-03
3.670776187420176761e-03
3.513446348008864278e-03
4.821377234872106093e-03
4.335691874212095100e-03
3.650604893493101123e-03
3.110900894992843068e-03
4.422884576238593490e-03
3.331537770284016993e-03
4.607414130594589610e-03
3.149475481497561978e-03
3.612104426224733121e-03
3.244798241200981190e-03
4.136896891224733051e-03
3.646674364384515105e-03
5.032790465982746840e-03
3.407582561004282671e-03
3.471646381027853473e-03
4.055832132879104088e-03
3.950689118545601571e-03
4.733753109727471299e-03
3.302545654254270598e-03
4.463664216197535568e-03
2.845705048765511617e-03
3.205505699947917755e-03
3.322578779790856529e-03
3.466226341940184270e-03
5.312419736454449155e-03
4.374461599332966563e-03
3.773576596684402248e-03
3.998800566334221977e-03
5.119708999607649851e-03
3.153908837966899401e-03
5.103028637282814098e-03
4.231346109025383752e-03
3.347506362605321296e-03
4.079795369195175075e-03
2.698375558817078367e-03
3.794683476964100244e-03
2.444449388216933441e-03
4.410095429858450211e-03
4.733687469645526773e-03
3.812373939740028393e-03
3.579816051818176907e-03
2.972031364011449867e-03
4.272995124529590551e-03
4.054609657566075193e-03
4.018221931865666001e-03
5.101095028925690771e-03
3.634602714605236762e-03
2.883128232859510746e-03
3.575116682210106259e-03
2.470935969400677411e-03
2.976249129767910648e-03
4.756795676580835922e-03
4.215455555721055007e-03
4.076983240619861011e-03
3.661482237194394959e-03
3.278322326270859469e-03
3.152813033356014968e-03
4.811421966886842913e-03
6.109999253163219193e-03
3.665377956668729523e-03
2.320304750523565634e-03
2.950101014313948576e-03
4.089995286381972739e-03
2.250530071022379969e-03
3.368443738534321417e-03
2.576997783133675238e-03
4.283090597743078806e-03
4.522967336097427800e-03
3.794117927734597974e-03
3.234620687615332845e-03
5.441914197610735020e-03
3.924994878467626992e-03
3.558832956221088042e-03
4.086452361897546619e-03
3.535217473244515411e-03
2.554181078681353519e-03
4.214272317131595100e-03
4.377248742272157184e-03
3.653333982487575165e-03
3.053222604219631760e-03
2.770798541112501259e-03
3.426136265830433385e-03
4.288358253583160473e-03
5.753604670807811912e-03
3.931493362049355220e-03
3.507281165285258250e-03
2.622405775829944521e-03
3.635389816425243972e-03
3.775443847055361037e-03
3.555492529673943101e-03
2.875218962917561790e-03
4.792093721730127792e-03
3.796030622784260511e-03
3.167609449769638683e-03
3.239979309660185550e-03
4.852828650542061195e-03
3.162504563608591231e-03
4.182811379625369155e-03
4.099989184771490706e-03
4.545831184996480985e-03
3.812930576226177416e-03
3.513540985724942535e-03
3.627362381022754007e-03
3.245141086336469222e-03
4.742870427493837797e-03
3.760059289336538726e-03
2.908675869288898132e-03
6.202018218082856575e-03
2.755012019020086113e-03
4.497526248222733988e-03
5.014815080724890038e-03
3.624701616615439836e-03
3.696345732645672181e-03
3.885543070414942089e-03
4.503948508460031697e-03
3.231913796882438395e-03
4.038248009716710434e-03
2.372577298060880076e-03
3.799153999591194097e-03
2.665009597481244469e-03
5.074236751479309533e-03
2.822908106889018744e-03
3.603073498967155393e-03
4.062468714911336362e-03
5.479609749324343762e-03
3.238524437828654845e-03
3.108289929736179728e-03
3.485242476541534039e-03
3.926301170030054369e-03
4.037404784786632027e-03
4.031577185316872688e-03
2.696601417818625043e-03
3.317595061046832525e-03
3.619661720673301563e-03
3.103662518155172502e-03
4.162949467942808623e-03
3.413337828188873612e-03
2.542115381590210992e-03
3.318802014338154832e-03
2.855541020066540512e-03
4.557947497314144419e-03
3.848144564065558975e-03
3.666112903562033370e-03
4.189859364927726697e-03
3.925494285140849159e-03
3.744415984339699664e-03
3.235604930879479833e-03
3.733596141270200015e-03
4.959444885028668759e-03
4.170090542870176324e-03
3.279133490538960628e-03
2.511226483259171478e-03
4.690126096813598995e-03
4.051765632749420275e-03
4.187735093127085625e-03
3.508020467094421450e-03
5.333047271773378589e-03
2.965172971180991390e-03
3.443263495633197904e-03
2.176315129488317918e-03
2.657079986408314096e-03
3.761426631737635733e-03
4.098767936760938473e-03
4.996367174337368149e-03
3.887304232651637818e-03
3.751659352782633471e-03
2.760930244205836090e-03
4.798531872683042127e-03
2.977315574623759942e-03
3.001935410068177611e-03
4.748661667644673429e-03
3.798036864245344854e-03
3.232983942500179501e-03
3.751489974508932530e-03
3.150455603851562425e-03
3.123101914711025329e-03
2.901239907788778077e-03
4.190258318325998897e-03
3.504152123933726090e-03
3.871503835570394222e-03
2.792661650555069118e-03
3.995420015686724016e-03
4.201933765729211519e-03
3.441933132125557775e-03
4.612196160307870975e-03
5.024891078846458956e-03
3.884885707661690779e-03
3.223973288217779273e-03
3.853012172076539493e-03
4.833395088186292349e-03
3.154113204740887494e-03
3.581788176546365880e-03
3.917083973316779627e-03
2.469239550109626063e-03
2.563469807687593100e-03
4.560388931882959108e-03
2.792970251884544560e-03
4.813299635782106699e-03
2.734281173643157009e-03
3.558985847273164575e-03
4.017194413266821779e-03
4.167770056161739650e-03
4.178485167966380399e-03
3.242835265497388732e-03
3.430011963082956437e-03
3.473346992755205719e-03
3.436422002633714168e-03
4.556009098164255991e-03
2.658864008937184258e-03
3.767885672160813885e-03
3.573970513326283922e-03
3.893920603165670555e-03
2.294830213309599458e-03
4.185828199950459780e-03
2.629285622825548816e-03
4.134176643904137298e-03
3.291205667828972850e-03
4.214058389671930700e-03
4.517211939858972042e-03
4.198008767043326026e-03
4.019562408304732867e-03
2.619043691498737329e-03
3.862056002202672936e-03
5.252822974193461017e-03
4.945725047882308135e-03
3.326389091932554793e-03
3.194907927372840715e-03
3.841309400752711180e-03
2.789416887523492490e-03
4.740596432860992408e-03
4.179324925786061413e-03
2.800502084989920770e-03
3.774043544122885566e-03
4.273703300799834050e-03
3.251144372669357695e-03
4.385862571386115426e-03
3.160142494843956942e-03
6.152905397131394789e-03
3.419917956131644093e-03
4.155388790803889697e-03
5.127079435716787835e-03
2.500974760449817258e-03
3.838961683373221401e-03
2.880846811584029422e-03
3.527450580181523600e-03
2.425122648806333353e-03
4.092679741479335505e-03
2.097007481319900293e-03
4.286289226405217909e-03
3.644072736100944458e-03
3.880580101958081528e-03
2.587954347957823094e-03
2.959868830852778552e-03
3.369221664375447820e-03
2.875393643438221066e-03
5.155935982966484629e-03
4.138496019839934571e-03
4.089701801631380473e-03
3.755995142809867918e-03
3.237490027932628418e-03
3.760114240449417052e-03
5.689320964809898955e-03
3.952706464867295974e-03
3.257780781300016488e-03
2.822836819922045631e-03
2.735098220397449032e-03
4.101351752743207651e-03
2.785019512308094074e-03
4.100595109366964551e-03
3.378660047484102064e-03
4.235881724740080817e-03
3.233691488381443269e-03
3.890479583069112162e-03
3.265709193325320916e-03
3.167813926879694316e-03
3.860741112159493497e-03
4.192749130651696014e-03
4.543022932743232337e-03
3.502888900021388155e-03
3.379608293921898630e-03
3.884729468839903058e-03
4.407740089266934391e-03
2.834786880573524851e-03
5.354844139270432957e-03
2.621161757753759369e-03
4.054481799122052789e-03
5.099254886443780471e-03
3.369797935225699297e-03
3.167017550775778120e-03
4.214729959673816501e-03
2.842669368296483947e-03
3.456064842899627711e-03
3.722343329517161740e-03
3.979268008406816257e-03
3.278658276175313788e-03
3.342680918541717731e-03
4.810228111515145802e-03
3.021128560446790200e-03
3.362125962559971929e-03
4.567941510523667453e-03
2.391624765210453776e-03
4.126326627422656837e-03
2.445203255809377980e-03
4.219196794422992378e-03
3.812503634021656429e-03
3.195508331935908997e-03
3.497253656919291614e-03
4.321633446046740414e-03
4.292523572601326075e-03
2.601300882411560454e-03
3.800957477190992223e-03
4.917202783929141077e-03
5.000229199017302770e-03
3.329074630298707333e-03
3.085182440024355609e-03
3.782861281840980451e-03
2.572767081817314751e-03
3.518167261975114340e-03
3.045833905515769099e-03
4.179132571122058833e-03
3.779329153143348805e-03
3.389386633903352861e-03
3.919968711426123111e-03
2.137832507640000448e-03
4.309528611081971453e-03
4.828287044316648992e-03
4.522208811247538547e-03
4.411002094074088602e-03
3.536224970119004798e-03
3.759971784781386116e-03
2.869697836747280018e-03
5.166313528360351633e-03
3.616119809682024656e-03
6.301556277406587109e-03
3.661361284203358893e-03
3.503811821472141083e-03
4.007031975408205035e-03
4.191444686466721907e-03
2.564505904559478879e-03
3.796666121711084977e-03
3.873188336753544819e-03
4.876371138308082873e-03
4.076652637195117904e-03
3.612530203196579002e-03
2.824305366813100772e-03
3.092737959376981420e-03
2.992932654498359820e-03
5.605521717091417958e-03
4.752726207519959202e-03
3.579328010843071343e-03
2.689591220136790597e-03
3.335790029226798001e-03
3.520974266771899775e-03
4.683070491853915350e-03
2.018462796342546540e-03
3.438206827666030405e-03
2.608218511136600748e-03
2.920233326757608761e-03
3.128134032356953784e-03
4.728456552128407035e-03
2.662385293750861495e-03
4.570299097510012107e-03
4.186259615681804484e-03
5.184884953751933180e-03
3.871647818892535141e-03
6.354329010626261730e-03
2.845669347927643617e-03
4.150036375502441817e-03
4.794267368883982881e-03
4.075022738884898771e-03
2.787382652410978680e-03
4.501951183381754790e-03
3.036265422931852098e-03
3.750123924020722088e-03
2.746430202871495002e-03
2.867808064199320675e-03
3.729597004389896726e-03
4.608030576153371478e-03
4.864450891329299628e-03
3.977170921507493934e-03
2.467134191552846668e-03
4.144871352668498196e-03
3.321318402451561413e-03
4.132648871036564975e-03
3.311781557176748502e-03
3.912814666617276706e-03
3.174439351140708777e-03
2.868744928406199036e-03
4.298258942638254892e-03
3.928347263184187553e-03
3.452269278661054298e-03
3.494443680469059427e-03
3.174069623106562290e-03
4.684726868403152507e-03
4.323222074667141222e-03
4.039223853667285938e-03
3.876774572964244124e-03
2.863876397860682342e-03
4.597277873890952965e-03
2.904990522517848523e-03
2.961641058838420781e-03
2.110433382655676343e-03
4.144417607038684143e-03
3.798003699629138794e-03
3.739733479075734671e-03
3.285804485133985309e-03
3.520665643960675661e-03
5.368094073402577757e-03
4.158566807400362539e-03
3.857811927873987766e-03
2.372917786622636381e-03
4.186607797624767625e-03
4.408594081449557223e-03
2.799760503423542966e-03
5.016197592581244508e-03
3.012583318317194753e-03
5.007076051190710586e-03
2.952873764923179441e-03
2.992747969440456759e-03
3.926436270304465605e-03
3.431994770513017382e-03
4.100759608926701424e-03
3.740559454963936388e-03
3.665771093316781346e-03
2.738159954161733557e-03
4.368194979640308701e-03
2.490169125937598000e-03
5.163447146305329659e-03
3.734401669516386382e-03
5.508325989384275576e-03
3.350426116774271341e-03
3.933336809624906130e-03
2.955587173189121869e-03
7.210586146149815939e-03
3.381680120873193588e-03
2.257224236484586637e-03
3.199416625181339489e-03
3.793707004839527112e-03
4.566765487609830525e-03
3.366897400343176784e-03
3.621553092761082247e-03
3.449104497104172641e-03
2.736224756019287312e-03
3.705146394416258641e-03
3.849811630550768141e-03
3.059751497226623033e-03
3.794563591499291316e-03
5.737209094893835036e-03
3.134552324535795458e-03
3.049426755418781828e-03
2.906800437574611710e-03
3.471682884067592376e-03
4.289980989686833016e-03
4.221564891946453894e-03
3.520916184687290004e-03
4.605147315544277746e-03
2.928586909590836194e-03
3.367496821882957729e-03
3.581059146888578276e-03
4.450545407150947701e-03
3.076299441586363183e-03
3.490069111664122984e-03
4.838991604489217314e-03
2.324299103714805564e-03
4.117597455948638838e-03
3.231806656986037016e-03
4.749290992080268392e-03
3.104711311712694734e-03
3.278038914351007280e-03
3.788680113746672237e-03
2.989584308493118629e-03
2.692904556451504970e-03
2.833172280257738578e-03
3.905639697055561955e-03
4.215856532046589542e-03
3.982405039955379776e-03
3.886499397473892631e-03
3.924777407382178292e-03
2.441088879226128647e-03
3.339629719415467511e-03
