1.924712949056812867e-06
1.992645526794110715e-06
1.518883370916630893e-06
2.312223217213360728e-06
1.747413727336846284e-06
1.760430756579042189e-06
1.656976705159051681e-06
2.162982123363170387e-06
2.222705108212357742e-06
1.861704733684983915e-06
1.724221682772621557e-06
1.730126386983162326e-06
2.337202709674348576e-06
1.946048368627777405e-06
1.947268463847879162e-06
1.789603933782574333e-06
1.488554267624385935e-06
1.564422625117735695e-06
2.029928175438434487e-06
1.903329093894391647e-06
1.650677996606223113e-06
1.545861241322842163e-06
1.902598145066637933e-06
1.865761287784239069e-06
2.120547518427509456e-06
2.243152744783413223e-06
1.991327767684510119e-06
2.288307022433425096e-06
1.789406657887992579e-06
1.527552679389631523e-06
1.669144293396581552e-06
2.074597979605573907e-06
1.861545765359657581e-06
1.851239630925367328e-06
1.823882271691176744e-06
1.567427171819038093e-06
1.920737548612125226e-06
1.844119476802312338e-06
2.511468003511378021e-06
1.402686433156915554e-06
1.801022158192319158e-06
1.774267704729067782e-06
2.138831512177215943e-06
1.930592694406689062e-06
1.614863613066796409e-06
1.828695470157121689e-06
1.977324118829263608e-06
1.948263158686082735e-06
1.922632542044772164e-06
1.895775555420792067e-06
1.587004723263749427e-06
1.697322449975793229e-06
1.857000742106927861e-06
2.057174838717086199e-06
2.130055823867801870e-06
1.759192350070730659e-06
1.723936543077930866e-06
1.919638657053603793e-06
2.252457443823854661e-06
1.562569630902832966e-06
1.817813737355781102e-06
1.859647806168790732e-06
2.095634654106930736e-06
1.883080984103905817e-06
1.906169153014220068e-06
1.652416392271567455e-06
2.191281756636391929e-06
1.997738809832079019e-06
1.812094531473453666e-06
2.132413340360497871e-06
1.676287751960287689e-06
1.944385863308434379e-06
1.756893793844792438e-06
1.859905331619452704e-06
2.210008033321775362e-06
1.866692260537738166e-06
1.770917453005119418e-06
1.975154332614003694e-06
1.775709597452537282e-06
1.984789846381968923e-06
2.126015572311618981e-06
1.920189039847504744e-06
1.651709960372103822e-06
1.774366994619626016e-06
2.162895279043524787e-06
2.046377624537517945e-06
1.880364582786285527e-06
1.923749600252209390e-06
2.052818368791926033e-06
2.060200385312928069e-06
1.791974718308031512e-06
2.123722778806130500e-06
2.418065436392108665e-06
1.929783277563545355e-06
1.787779148864411117e-06
1.983481386034559549e-06
1.669149860854734233e-06
1.859204996739648482e-06
2.225365358523514878e-06
1.816908783899050419e-06
1.562528787026517210e-06
1.974762774951446685e-06
2.028847187281165942e-06
1.533755106627119079e-06
1.622044123919242888e-06
1.988939162150277302e-06
1.903598538337678647e-06
2.136376675158007834e-06
2.240220264292256420e-06
1.955794502854061353e-06
1.954807309100765632e-06
1.695386330324078476e-06
1.710324677501531176e-06
2.415191364902015749e-06
1.875635728861724410e-06
1.742922288637064525e-06
1.678292680697549429e-06
1.713412505396173531e-06
2.018710174030900289e-06
1.991972006965708232e-06
1.778306549352390398e-06
1.694616213586561730e-06
1.728097860460122579e-06
1.957759190684294733e-06
1.917277396017075764e-06
2.168100383798667212e-06
1.741350888080454264e-06
1.827717718551824592e-06
1.974966044855083365e-06
2.304592716111037308e-06
2.126561777171383398e-06
1.912524756366603823e-06
1.906048330606847889e-06
1.601236729396747430e-06
1.680532923443567374e-06
2.024564572762142332e-06
2.023463090654102904e-06
2.229923016095813066e-06
1.729183530554905548e-06
1.570750811356455641e-06
1.730949702657339180e-06
2.208966941230264405e-06
1.860111240107710929e-06
1.749900884854475399e-06
1.850760741544955295e-06
1.746089787356115106e-06
2.007515113435150392e-06
2.070033832173171219e-06
2.292792474729888191e-06
1.760710605127143423e-06
1.802839931199457231e-06
2.098248011785523820e-06
2.269015987553650248e-06
1.753784897479791014e-06
1.955603612068501184e-06
1.889879754378482631e-06
2.312476608948814275e-06
1.671711784771829119e-06
1.933112528460476216e-06
2.367413983366711894e-06
2.132932915551522225e-06
1.624647152217288328e-06
1.774577320623151570e-06
2.183779683335823416e-06
2.067184587860319482e-06
1.865803651769130269e-06
1.856613639596341230e-06
1.558992507793385746e-06
2.145885961932594571e-06
2.086288880748407120e-06
1.931628574002347930e-06
1.643987534682293874e-06
2.076682527492311847e-06
1.824051185630606171e-06
1.803079839371165571e-06
1.947866755398099787e-06
2.319016136503469007e-06
2.616454628116913429e-06
1.674438040678691860e-06
1.833337340790547301e-06
2.126174518323553633e-06
2.227501108320291589e-06
1.997951240848255975e-06
1.788448628202151722e-06
1.822862602561569101e-06
1.604087413904661891e-06
1.908132710987189224e-06
2.186039533486048740e-06
1.832979511715037016e-06
1.746658604373246037e-06
1.442062300489254875e-06
1.963958830331160775e-06
1.946569683883600585e-06
1.918882670264424613e-06
1.632878251175165622e-06
1.818208310505641914e-06
1.824407250296159663e-06
1.631984528437887864e-06
2.019534932172045497e-06
2.363965438764492055e-06
1.901524889196788938e-06
1.713622158657948837e-06
2.208264963631310761e-06
2.049019422280335859e-06
1.852041246674760977e-06
1.807250267860771983e-06
1.664581033605128208e-06
1.610627713486330034e-06
1.937407408020923887e-06
1.988378763569530588e-06
1.587149793810769466e-06
1.781542489015548010e-06
1.918359882767181116e-06
1.938839512317806066e-06
1.954744281266401719e-06
1.849108924728405540e-06
1.564011280653771605e-06
1.719462204415817706e-06
1.751119614744062807e-06
1.515749544330196409e-06
1.664522424947084410e-06
1.733973130173207418e-06
1.915325911294006171e-06
1.900438003010664302e-06
2.281858051766479793e-06
1.580602728287734235e-06
1.647382018258841079e-06
1.804742423025124374e-06
2.033794182029504889e-06
2.036017645213925394e-06
1.377271368634693682e-06
1.807113611714197174e-06
1.751197387561516572e-06
1.966138529744698251e-06
1.962054014020084924e-06
1.950411237913609307e-06
1.766476167099508152e-06
1.876234829856654984e-06
1.736153047353684782e-06
1.737740379029968813e-06
1.786957071992969760e-06
2.088418934179075954e-06
1.857756128444319937e-06
2.350806307362235032e-06
1.648026261509504516e-06
1.672703985412913149e-06
1.961618342097739800e-06
2.116362206378832192e-06
2.124183443857906417e-06
1.918109473049822328e-06
2.479056617415363122e-06
2.119190716412757212e-06
1.752657007965756229e-06
1.911968925491821957e-06
2.183648201795789129e-06
1.835003798543956955e-06
1.818413434514835153e-06
1.815415894700209389e-06
1.494050098328642483e-06
1.717897124695453272e-06
1.637765852260932333e-06
1.911180782695505922e-06
2.396545739890287377e-06
1.976228396442411145e-06
1.773531578224054859e-06
1.843371751891293510e-06
1.857648187851469073e-06
2.034687066095127373e-06
2.430214677425403478e-06
1.809214294605601397e-06
1.758576186563121264e-06
1.696257365425285496e-06
2.002958943559315721e-06
2.128843842230776519e-06
2.013470703441432490e-06
1.351537356800690804e-06
1.794463003096941733e-06
2.379825509198228325e-06
1.916520041830047768e-06
1.737458164077563395e-06
1.495714457006950076e-06
1.591012965427382768e-06
1.813945572364969178e-06
1.718203547310453638e-06
2.650831772066003080e-06
2.196574727805749597e-06
1.844187893296457381e-06
1.810374666233672954e-06
1.840249242092182683e-06
1.662283803614435328e-06
1.871296456359923188e-06
2.082185788008997031e-06
1.772224275277399710e-06
1.621255393936434645e-06
1.636058476977645247e-06
2.157410356722494713e-06
1.874979498091609370e-06
1.778305746355219010e-06
1.707672232841350668e-06
1.884121883503515308e-06
1.761670759066044984e-06
2.316461113176820291e-06
1.541192051321172686e-06
1.730664677403708488e-06
1.919293756403867634e-06
1.560409601653675141e-06
1.752350571705448953e-06
1.910484029178554700e-06
2.011579535153466195e-06
1.909351695006776782e-06
1.573088042231963206e-06
1.461479237941466606e-06
1.880328997115179399e-06
1.896880378288582402e-06
1.747824689605055863e-06
1.789780456793050945e-06
2.083536803434023313e-06
1.870476013318004379e-06
2.045422121693866546e-06
1.849213475027788483e-06
1.871086910950127573e-06
2.045142662598220489e-06
2.325122642358800357e-06
1.554851922543899139e-06
2.011971038825728523e-06
1.981828768783562634e-06
1.536445235740562703e-06
1.837639124296797838e-06
1.912862759943651077e-06
2.065306313407121597e-06
1.562796817146766761e-06
1.849768722301099350e-06
2.151924170411893383e-06
1.982957382238290375e-06
1.715021223832619944e-06
1.500975684776896288e-06
2.358495392757426777e-06
1.937134771281759241e-06
1.870943400713966449e-06
1.550722054501319618e-06
1.909671443065922847e-06
1.971403136495255325e-06
2.216567449461078215e-06
2.073705889501107889e-06
2.231652978746363986e-06
1.807605236102341063e-06
1.522428646064417669e-06
1.841833790850899077e-06
2.126593363071588111e-06
2.085672497552488959e-06
1.724844352896870397e-06
1.910782931109152483e-06
1.621134391953695523e-06
1.711424768305280090e-06
1.954735383147335266e-06
1.933636342013364817e-06
1.686139501110032411e-06
1.742502537463331930e-06
2.018994201306588334e-06
1.871627558512734051e-06
2.228178305153555298e-06
1.652522962418333401e-06
1.731347327940056746e-06
1.916840225660143306e-06
2.029524035675105856e-06
2.076349462106444925e-06
2.118397719191160726e-06
1.864692221624115435e-06
1.903832884085606180e-06
1.577350499900511467e-06
1.710062413032687285e-06
2.067855255049982708e-06
2.021409156656905817e-06
2.131205157590917704e-06
1.748809974124390877e-06
1.643774984306288949e-06
1.832240163541456398e-06
2.076585646012193010e-06
1.943759923249285947e-06
1.502888081892025332e-06
1.784628129364543819e-06
1.824913722437883531e-06
1.873613991549059652e-06
2.056589591160855759e-06
2.003402763532464522e-06
1.867365079893697436e-06
2.169481381931004672e-06
2.084281367775486571e-06
1.804923441661343930e-06
1.958645092506958817e-06
1.898143662942524131e-06
1.543465437027930072e-06
1.819357222963784304e-06
2.063515965750536431e-06
2.266446700369399978e-06
1.880313839838676262e-06
1.805999945020994199e-06
1.999967766813667979e-06
2.018971943634624652e-06
1.821982156086532832e-06
1.818768824878831460e-06
1.704603242929165562e-06
2.331182452028749246e-06
1.987218274702374346e-06
1.897382056179198033e-06
1.640675355814110560e-06
1.783572137518262401e-06
2.096522405081088606e-06
1.764998892057843714e-06
1.887197355810687133e-06
1.817550047540046957e-06
1.952053762729099386e-06
2.056069808383883225e-06
1.894795897566163485e-06
1.793495807350826220e-06
1.969009210852267049e-06
2.076986400875637233e-06
2.008118484958314036e-06
1.701990351822043793e-06
1.937174942432795093e-06
1.564535386580028519e-06
1.744808444621402996e-06
1.985553517390266130e-06
2.074326752028391105e-06
1.533625640082096196e-06
1.912127966514303043e-06
1.878333549227527788e-06
2.161159908179388020e-06
2.523807132461052227e-06
2.012279087452822371e-06
1.839703642432228438e-06
1.685857112162691407e-06
1.549379428571820360e-06
1.742717933444013821e-06
2.212729490830842804e-06
1.680080142736346473e-06
1.653240613727202931e-06
1.676178693944427590e-06
2.068509494990327737e-06
2.042186168991204222e-06
2.071140196061155857e-06
1.483494995172641850e-06
1.683015140726144714e-06
1.835198285445584482e-06
1.914080235262021175e-06
2.034373718509235479e-06
1.598167269275626390e-06
1.897512303233499341e-06
2.115394338814382902e-06
2.418458826512178954e-06
1.984449584745592584e-06
1.772432624157675963e-06
1.542200069801239558e-06
1.630336968256379654e-06
1.854235467923887191e-06
1.990185228038187855e-06
1.616506450540783104e-06
1.566377313493960096e-06
1.796706315236541812e-06
1.974710998418702996e-06
1.938567073588951164e-06
1.779434897729069973e-06
1.692814700088522651e-06
1.960821274914243126e-06
1.997988576617754504e-06
2.453297073785988714e-06
1.511257905282788850e-06
1.817285119317937276e-06
2.053617717786888438e-06
1.660004393006304614e-06
2.005363252364938636e-06
2.006833494660543980e-06
2.211802269114220505e-06
1.740031001461580628e-06
1.716848399596910193e-06
2.343902022819728887e-06
1.851231421545673561e-06
1.671824336312575701e-06
1.852014400135543852e-06
2.062542087488593213e-06
2.012612530469367571e-06
1.972265356837776419e-06
1.877151525288141786e-06
1.649700327794924199e-06
2.017452868476596088e-06
2.051943286354766090e-06
1.963701352076739248e-06
1.837698077486700377e-06
1.777512131608104210e-06
1.600748945957312159e-06
1.865438519146560028e-06
1.779264984049332561e-06
1.997443766128212281e-06
2.173888650891541742e-06
1.601083115904423729e-06
1.763272061636664160e-06
2.132461946996806732e-06
2.092547987933980440e-06
1.808235820217813915e-06
1.815182618820086552e-06
1.633420647566752858e-06
2.074441338004527625e-06
2.145280091273215893e-06
1.790000902327281571e-06
1.691285987441728424e-06
1.695754204824307084e-06
2.030861195361216203e-06
1.901034520128672942e-06
1.999834528170337686e-06
1.776367332812294353e-06
1.714324014466745558e-06
1.904196766433901984e-06
1.783463531329390474e-06
2.072043306063297918e-06
2.110144614489061765e-06
1.887765217060839289e-06
1.758853416356614007e-06
1.724035009250183435e-06
1.387029842229351173e-06
1.990326838388421755e-06
1.983342134139645540e-06
1.823524883736669151e-06
1.671318777648744464e-06
1.442989203088927342e-06
2.368987758479185550e-06
1.860752449040157222e-06
1.840851891095290254e-06
1.640961176339944632e-06
1.764820432296410103e-06
1.954739213895764814e-06
2.153844975047031309e-06
1.591021074031590405e-06
1.805665548871896215e-06
1.516751872854590110e-06
1.868191965447203468e-06
1.871999126418986158e-06
1.923359534054334665e-06
1.878667767508847817e-06
1.529185588312723856e-06
1.636114437824150834e-06
2.009721374670980359e-06
1.955947730537002701e-06
1.823753333440831762e-06
1.761649244610485139e-06
2.125873050027031061e-06
2.243853698809250817e-06
1.878451393384729207e-06
1.662166256957367391e-06
2.014453747681249094e-06
2.139596374086830192e-06
2.017882328064338970e-06
1.723273652621787628e-06
1.958528981856276576e-06
1.827302172714300027e-06
1.548478585216350646e-06
1.931804250728853466e-06
1.862540785527331574e-06
2.364317835593460472e-06
1.486573918616856536e-06
1.743264858338903706e-06
1.727170685905356907e-06
2.040801100595930219e-06
1.884738314969746845e-06
1.435973679601987816e-06
1.856108407562880294e-06
1.853186949545987574e-06
2.194887573445502557e-06
2.177198549663163923e-06
1.797424402879994114e-06
1.637620155903451432e-06
2.218261968224685764e-06
2.015288519858778293e-06
2.114750691305333804e-06
1.839171529363001963e-06
1.879484054721340809e-06
1.995181707097777037e-06
2.154491503095183703e-06
1.757390835389826162e-06
1.799879335905997469e-06
2.137407912343959297e-06
1.734596866008970233e-06
2.147019240510432073e-06
2.053848733216758478e-06
2.123991337019238800e-06
1.660186224912892730e-06
1.887132808362560707e-06
1.597721705425500258e-06
2.028334481455152473e-06
2.058819097212382727e-06
1.803532381513904218e-06
1.677375386992513709e-06
1.738851257942072046e-06
1.817727889786059523e-06
1.733438129794452668e-06
2.193731866316724290e-06
2.003696079108193470e-06
1.755836704604235757e-06
1.828227571592105977e-06
1.729970230213693879e-06
2.060221888450484707e-06
2.184564025952999797e-06
1.848060974297040722e-06
1.407743822573187009e-06
1.753948994636782544e-06
2.008113909925639556e-06
1.836323244083339290e-06
2.014941519872994845e-06
1.697524500398536825e-06
1.590593596739034896e-06
1.687438167003059055e-06
1.906311330400723329e-06
1.910817764154833436e-06
1.714390698521016933e-06
1.718472889682951184e-06
1.908398609517332730e-06
1.816237782592477223e-06
1.734399637667497246e-06
2.006495130325784638e-06
2.108968860163195467e-06
1.761129421538740336e-06
1.592329855320838050e-06
1.648773164493107062e-06
2.015248401197285745e-06
1.887799117906672143e-06
1.660882572337992132e-06
1.634872599768692384e-06
2.012042530610736036e-06
1.996322249434784107e-06
2.058003980279764464e-06
1.643142808524930302e-06
1.664493589303898527e-06
1.931256571379379015e-06
2.017364459312576210e-06
1.975075817847567208e-06
1.510492117344630679e-06
1.874998044195913155e-06
2.009794359503696383e-06
1.770573897767583699e-06
1.710196343710951304e-06
1.637053687194280975e-06
1.944773159633744692e-06
1.806370430259567390e-06
1.758514900439439874e-06
1.669785710817701177e-06
1.843316040622038497e-06
1.867090027218075426e-06
2.034609291033257797e-06
1.919503644627736633e-06
1.851155609242557169e-06
1.479401312011041359e-06
2.061513258524409640e-06
2.075955071307936157e-06
1.645276733849029755e-06
1.861949358930574133e-06
1.810629533051636777e-06
2.017214604320299547e-06
2.140664707394673818e-06
1.831022715693044312e-06
1.917464888029448333e-06
2.362310218082586803e-06
1.645766128019810124e-06
1.637346370060892399e-06
1.837667081843725617e-06
2.252322506429760932e-06
1.881944261974483322e-06
1.637520645791345427e-06
1.825642292463453267e-06
1.816579119873007913e-06
1.897601377363548517e-06
1.847125954311347273e-06
1.932183201167091489e-06
1.581324558491114936e-06
1.711330523585618360e-06
1.952544912389568892e-06
1.911448271246756693e-06
1.664268074339210981e-06
1.507192692059801489e-06
1.774077620191474561e-06
2.270178169394762874e-06
1.827100462756066933e-06
1.962303512037280749e-06
1.858870357342961781e-06
1.839660820980798197e-06
1.674527709548344832e-06
1.866508405829596496e-06
2.056458433527168332e-06
1.570370933580533666e-06
1.819544687521250425e-06
1.976384319032699935e-06
1.993178148176124159e-06
2.337052098585982601e-06
1.653690693633027061e-06
1.717112493333169761e-06
1.848735402315226984e-06
2.034787482293458902e-06
2.229870037883725220e-06
1.604765332372221532e-06
1.813960366320361760e-06
1.785138997937535847e-06
2.299485248871363571e-06
1.494219767581562496e-06
1.981172862208642218e-06
2.013572187035117658e-06
2.124731741244181821e-06
1.650541410070241254e-06
1.701957836108079405e-06
1.863288242942878040e-06
2.136142149303849858e-06
1.946665867357728579e-06
1.484300001975951600e-06
1.841527577665667998e-06
1.776347653320615104e-06
1.974045818476500550e-06
2.019907806389310393e-06
1.967805125149194571e-06
1.781972142124839742e-06
1.764675082546102944e-06
2.062604517527074014e-06
2.167534172235773607e-06
2.024621078770865706e-06
1.823527280012048042e-06
1.831872783696775697e-06
1.778494474048606419e-06
1.832250769834541378e-06
2.085789846724047802e-06
2.054632282945717568e-06
1.673156403951148818e-06
1.751852490948420395e-06
2.218686167367596989e-06
2.120500083843910624e-06
1.775127016052652960e-06
1.818396960954206770e-06
1.573324414651632273e-06
2.224882737750252263e-06
2.010530257939634001e-06
1.890266583544610359e-06
1.658256087905435995e-06
1.748967129798123768e-06
2.112864399291250430e-06
1.831959128736395582e-06
1.968444245270101399e-06
1.728778454755705487e-06
1.613523172565098961e-06
1.645203651295027661e-06
1.768021847217209108e-06
1.748060053062611489e-06
2.068478933630367317e-06
2.099046990471915227e-06
1.848844272166428067e-06
1.773216191139438345e-06
1.629990600245871065e-06
1.942798322892438050e-06
2.059945406938141642e-06
1.807379804892298870e-06
1.944735210931623822e-06
1.895606194963131865e-06
1.795264018018067332e-06
1.349142898423927814e-06
2.046305706683350976e-06
1.893247323695562670e-06
1.565231621956427780e-06
1.726504392809389485e-06
1.807424491441663367e-06
1.925257074975366005e-06
1.807005660580433363e-06
1.782549990319742392e-06
2.478125817497127014e-06
1.655814651039180553e-06
1.592401160793232555e-06
1.981166511012206957e-06
1.891118162510260495e-06
1.864694353476712119e-06
1.724080591334929047e-06
1.679294025649276152e-06
1.921456907424605975e-06
1.961720073586697867e-06
2.029666008169103524e-06
1.633537527585908549e-06
1.640566488991261268e-06
1.834727700623804706e-06
2.080009637176928357e-06
1.962879692184869499e-06
1.692691312021765511e-06
1.706524055174887954e-06
1.855493890318879664e-06
1.883870732746001612e-06
1.734639447636730475e-06
1.687838751798249594e-06
1.926394436222637136e-06
1.720412080456622610e-06
1.606701241499489780e-06
1.665930149254933624e-06
2.020173517494973989e-06
1.831862241643059284e-06
1.839266299717436853e-06
1.437843670012218068e-06
1.905556082954025438e-06
1.934841420006271428e-06
2.363225958638623477e-06
1.565405424970812052e-06
1.869618853962339917e-06
1.738668640111487251e-06
2.063053715157001915e-06
2.068927252943988119e-06
1.766420462322190627e-06
1.863979435326936408e-06
1.607232305082286944e-06
1.446685790056489230e-06
1.741375273619611958e-06
2.132599051522893526e-06
1.902587078533764516e-06
1.682849778419270456e-06
1.710449762887614776e-06
1.814856444578320802e-06
1.884114191388504801e-06
2.154449855316785851e-06
2.239238709319280819e-06
1.745218325900890603e-06
1.926683667805999130e-06
2.001261669174608200e-06
1.985776032074552442e-06
1.943038296492990407e-06
1.793963267923797582e-06
1.628768009735257920e-06
2.058121276271196582e-06
2.080051660234778667e-06
1.907044048599340002e-06
1.559698469585168822e-06
1.794491848909035339e-06
1.855511245559978444e-06
1.868707679361799119e-06
2.249540945505975130e-06
2.170416177903423879e-06
1.755022221159539461e-06
1.690591457074787494e-06
1.708984279955945401e-06
2.022946621219633278e-06
2.288736848462580409e-06
2.001358239512127383e-06
1.879664182446034276e-06
2.032183183222953348e-06
2.008263550160103651e-06
2.018570514878177516e-06
1.775827485176707030e-06
1.527458072731375404e-06
1.601259041995859596e-06
2.015294494338800618e-06
1.909572568139867074e-06
1.721777283825676329e-06
1.981740966757643198e-06
1.782956701001390268e-06
1.825755319045487971e-06
1.915773646289040093e-06
2.044654660616223614e-06
1.789089220561292541e-06
1.575599497355426647e-06
1.616849225753144715e-06
1.992788436429717797e-06
1.950375759080970255e-06
1.985030560547012555e-06
1.527110926910947716e-06
1.742378105375878199e-06
1.961866787529608325e-06
1.847623161581105632e-06
2.132902665482171997e-06
1.708055913444125481e-06
1.593866363471226828e-06
1.863931747549420430e-06
2.231944978986435583e-06
1.955194181067993769e-06
1.701611111753496907e-06
1.907423950530323515e-06
1.971154886796007584e-06
1.760556661962118197e-06
1.642472477883687823e-06
1.589928506476351719e-06
2.087912715125285929e-06
1.944506017703307858e-06
1.675421720805987738e-06
1.630672459341279371e-06
2.024593951482438876e-06
1.983676157992181752e-06
1.770496063899022391e-06
1.623893717755979448e-06
2.050428078003706498e-06
2.021103380251994411e-06
1.677230969355671688e-06
1.878138752097724343e-06
1.831175474069125627e-06
2.064125960951935017e-06
2.290815801536042878e-06
2.001325279821359076e-06
1.940226602495532709e-06
2.375370076850850133e-06
1.635780589575499880e-06
1.841074799136533663e-06
2.138761995364840019e-06
1.931518806310588225e-06
1.657779933173445012e-06
1.786638816024207311e-06
1.780389117749657983e-06
1.982696082672259624e-06
1.923223904270664679e-06
1.792059222478573461e-06
1.703814018713935827e-06
2.121332878104556015e-06
2.350411892307130251e-06
1.918393566207539040e-06
1.781636316276746669e-06
1.786665030109510528e-06
1.750865776859160538e-06
1.892296648427945173e-06
1.908708265956508411e-06
2.081042369851964713e-06
2.146526983580761211e-06
1.561681329180069830e-06
1.816096591021451836e-06
1.849145940446971029e-06
2.392619675669362789e-06
2.105531312511922655e-06
1.847749030671516591e-06
1.863530030650011087e-06
1.520083277056215108e-06
1.969451042015362654e-06
1.668073654418061264e-06
1.577899224321693695e-06
1.958963433112137023e-06
2.140052774633622632e-06
1.842848146977365390e-06
1.663731468366810438e-06
1.663624738197664031e-06
2.059692320044679758e-06
1.873942158102048415e-06
1.969970933195249247e-06
1.655546769537908277e-06
2.310933871488419018e-06
1.795769992308430971e-06
1.828506660482099562e-06
1.720752248791101775e-06
2.028915686495214537e-06
2.210649102921084046e-06
2.070934431763953424e-06
1.651567280665669950e-06
1.851957946880529218e-06
1.945796041141825931e-06
1.896024509038947215e-06
1.803907378590921818e-06
1.588252040421665905e-06
1.609474019991385036e-06
1.911573700780926193e-06
1.624261949095512272e-06
1.554788744307901517e-06
1.807249306655622305e-06
1.937259396803295716e-06
2.019506314408682100e-06
1.968165432081717107e-06
2.057129489781544063e-06
1.885199115938820652e-06
1.617516861051588373e-06
1.707131145857433174e-06
2.080854789721143585e-06
1.874255794136135709e-06
1.873446201846506643e-06
1.694229042419897648e-06
1.343676378995152979e-06
2.146072720860378606e-06
2.252286546665610902e-06
1.555277192091308900e-06
1.730624740006893747e-06
1.929738487519592335e-06
2.115672794769958153e-06
1.985890445341537108e-06
1.606681122332275069e-06
1.797292423683314684e-06
1.755995805225638490e-06
1.954516731180090118e-06
2.094977620541247679e-06
1.944793820283338053e-06
1.900421414420430111e-06
1.865973753424655291e-06
1.716621693219588238e-06
1.752907327806093710e-06
1.826735872165477328e-06
2.000112507525417366e-06
1.938411836845874730e-06
2.075883355102210379e-06
1.788172461245315178e-06
1.778666047559423319e-06
1.951724004017298665e-06
2.167547521989949757e-06
1.595238638497706785e-06
1.864549485198276796e-06
1.852410560871993124e-06
2.006059570614330795e-06
2.079048735632998087e-06
1.773634085036509161e-06
1.754518917582878317e-06
1.440074863541454551e-06
2.457079603081501899e-06
1.900361695111376057e-06
1.742575390769804014e-06
2.143411740232131403e-06
1.869918092147661843e-06
1.687167488883381387e-06
1.812467982963138415e-06
1.699829529970073251e-06
1.939796932347621826e-06
2.138862969466635744e-06
2.248047090576908471e-06
1.731522395420284926e-06
1.813778273456213390e-06
1.992073624259607539e-06
2.287049496638938399e-06
1.620179028358597659e-06
1.787282077063090949e-06
2.026637144276986825e-06
1.900341545809328203e-06
1.590200661002668578e-06
1.815323374694398976e-06
1.740856274247678068e-06
1.938632528211647912e-06
1.518475248371045267e-06
1.678290386776601045e-06
2.004433962245795814e-06
1.884138111462612086e-06
1.597027066508250525e-06
1.665762475216978858e-06
1.900202229631801632e-06
1.815841377019344649e-06
1.987815984672275027e-06
2.538703099540721541e-06
1.803189926849381172e-06
1.671163520204379734e-06
1.923523389361084977e-06
2.036364290781879546e-06
1.540740985871157336e-06
1.856499089995236937e-06
1.848703899728488184e-06
2.273440762416513171e-06
2.151328202412130733e-06
1.881596908318236970e-06
1.941776082093840282e-06
1.495995995045020151e-06
1.786188144261303231e-06
1.620665242007037485e-06
1.779134660798016832e-06
2.215161066258585600e-06
2.002175406034141791e-06
1.751777250439059062e-06
1.891604152356539512e-06
2.486064293705926334e-06
2.193639178354661672e-06
1.709679280570205986e-06
2.269047791529736562e-06
2.216359345756545987e-06
1.984335398537128660e-06
1.749960263780849322e-06
1.695657650348296378e-06
1.913706361952038440e-06
2.294333298567567638e-06
1.763271719070906320e-06
1.447354814758630970e-06
1.729484269256828992e-06
1.634695765431163471e-06
1.779490734582506170e-06
1.704728343396007137e-06
2.124059043678168775e-06
2.135845055868734368e-06
1.867569699325291363e-06
1.978006381610776522e-06
1.671355206321375450e-06
2.411441667018400055e-06
2.069292594329587993e-06
1.762931259104169050e-06
1.724392483720086748e-06
1.783501729869032485e-06
2.182599579241339093e-06
2.001225481338666642e-06
1.813594834204513552e-06
1.850426648331357592e-06
1.687467650538223271e-06
1.661510440590685481e-06
1.811359035454574083e-06
1.992204974619047467e-06
1.572176920272434897e-06
1.918215579601783435e-06
1.807944991916398515e-06
1.734013109574339851e-06
1.731054515789263076e-06
1.836260745458171247e-06
2.307323185162029412e-06
1.887820110444270106e-06
1.631146627682240343e-06
1.655779594030730968e-06
2.275241206761668984e-06
1.854610053848973859e-06
1.881753798266681797e-06
1.890314464484833279e-06
1.644833873464706269e-06
1.712423306688475744e-06
1.856093525538758927e-06
1.980841673604734542e-06
1.969739320668347829e-06
2.191811496590038186e-06
1.753137144944628351e-06
1.905307783382084026e-06
1.627105204852281676e-06
1.695690106939147171e-06
2.090284781701433786e-06
1.948350275604320730e-06
1.968371731755871578e-06
1.594583624599447168e-06
2.097594515475400363e-06
2.076129448833373276e-06
1.729896180770575795e-06
1.604785793968094388e-06
1.753804233815936936e-06
2.158389495667615342e-06
1.866165937215249938e-06
1.671201136035021293e-06
1.836045968491528526e-06
1.855480745792288141e-06
2.109293520523856493e-06
2.352140655668518727e-06
1.740800537044012957e-06
1.812443924185618260e-06
1.541919577489593282e-06
1.463250769229166313e-06
1.798166447690614698e-06
1.865390938722308740e-06
1.847748589198498865e-06
2.373911045293159783e-06
1.799945204602895381e-06
1.490780824610730750e-06
2.009403401239777805e-06
2.150892045916796135e-06
2.061935140660698509e-06
1.667470834102643237e-06
1.898804227769133991e-06
1.863536624405213685e-06
2.002355620366930475e-06
2.192358333369273238e-06
1.773688316332737016e-06
1.610336144966329803e-06
2.161184905114326934e-06
2.032378302735452106e-06
1.969116583964146302e-06
1.730106278218240868e-06
1.779270804662757781e-06
1.696634984079355810e-06
1.763188281919406472e-06
1.795530900759789686e-06
1.944322268848849467e-06
2.118299815534501057e-06
2.022123350828382003e-06
1.627508667702392624e-06
1.787278912522530785e-06
2.055273144359726452e-06
2.099378498277706422e-06
1.966789481241953924e-06
1.824071981841134568e-06
1.826977813617665239e-06
1.842411858425513098e-06
2.190551867800066063e-06
1.831014427273008513e-06
1.723945545412348623e-06
1.553187115212524342e-06
1.889396682903693415e-06
1.951304005892759894e-06
1.666531348037047157e-06
2.079470877984790022e-06
1.754512739088152243e-06
1.835845516637908776e-06
1.513935939415649710e-06
2.335342932133934326e-06
2.083259281294650172e-06
1.968368538215999840e-06
1.628785803196178374e-06
1.788758392162757568e-06
2.043805934101028534e-06
1.974945019710621967e-06
2.030925286146237209e-06
1.735836262353867923e-06
1.676206392393964593e-06
1.907997388036170464e-06
1.946765210596107850e-06
1.666274650820534565e-06
1.685503299698212859e-06
1.798744900147325776e-06
1.912771151118555166e-06
1.846141945305723202e-06
2.021311777807690252e-06
1.901802805260501231e-06
2.005327811156659456e-06
1.693434553101083896e-06
1.737340887960266700e-06
1.589053191441023678e-06
2.190901460110166230e-06
1.872433510991829913e-06
2.008607587073701415e-06
1.746833292404453795e-06
1.855462746650845533e-06
1.913753644969005034e-06
2.188322189522776662e-06
1.640614892834016627e-06
1.772140899757923351e-06
1.874632230136181128e-06
1.921606013752137784e-06
2.093097135294976900e-06
1.823407011462121804e-06
1.820493171763346813e-06
1.840259344641810091e-06
2.065952794865361752e-06
2.001889389411615868e-06
1.964345851635548270e-06
1.867959168737953161e-06
1.745573163605553402e-06
1.677346203670191326e-06
1.693064473357665083e-06
1.859995702642161782e-06
1.996357151935257946e-06
2.216801657433665702e-06
1.743850873548427713e-06
1.688939031966436072e-06
1.927766896104239024e-06
2.086384489572488820e-06
1.639110974590139611e-06
1.733022264992936963e-06
1.764614004982132362e-06
2.238372868085602287e-06
1.791100373600494341e-06
1.780356889707936300e-06
1.992031202222028561e-06
2.439276097630890566e-06
1.717101606726507934e-06
2.031066255530870285e-06
1.536522821878878964e-06
1.787338656705119205e-06
1.753706966325020628e-06
1.954426492574084883e-06
2.115220041496882921e-06
1.914732883211880656e-06
1.920982846973039409e-06
1.829216076376797389e-06
2.123814040526426319e-06
2.198198206475127919e-06
1.853359400901285634e-06
1.830166273909679943e-06
1.703475604197829514e-06
1.517180144405580581e-06
1.910528622382194421e-06
2.478670105588803899e-06
1.826307704739757054e-06
1.511216136549403901e-06
1.666633457694427451e-06
1.862175808051303995e-06
1.961761595720250036e-06
2.167332631262187065e-06
1.702542179374181900e-06
1.559732630778452993e-06
2.186325786704948547e-06
1.913042076198240329e-06
1.633125416094595536e-06
1.850370482427593633e-06
1.818598702512571819e-06
1.654257793140308340e-06
1.640488895110059288e-06
2.441758296493774450e-06
1.868419736576357845e-06
1.575391151548557985e-06
1.626885205834896714e-06
1.919692512193308549e-06
1.939139267258801202e-06
2.353590943123790980e-06
2.079609257333093989e-06
2.189271328690279881e-06
1.917080050803955056e-06
1.513794620295082544e-06
1.910924855694470293e-06
2.010102713418984875e-06
2.048853597752515616e-06
1.969093727378958867e-06
1.812788305964119861e-06
1.484240069700264048e-06
1.582089530968288456e-06
1.942004591807485856e-06
1.972405373470998032e-06
1.712820711834548733e-06
1.685362890940661057e-06
1.745160554612988733e-06
2.024176143537408519e-06
1.829851521172190418e-06
1.789129955746773128e-06
1.701139209400979614e-06
1.970134783008874853e-06
1.914864993766615681e-06
2.245340284199363960e-06
2.104889185651911290e-06
1.937231761572361946e-06
1.991638721841275960e-06
1.658478202550800116e-06
1.582493226741133587e-06
1.999269400592605454e-06
1.908462942050992716e-06
2.031559667965860312e-06
1.765962250775437251e-06
1.789991101710475804e-06
2.110811314515037049e-06
1.923476326620897361e-06
1.645519394460151290e-06
1.714756515519288154e-06
1.948371148443012000e-06
1.764911321154409574e-06
2.111668007176939815e-06
1.713757347321214772e-06
2.385376053958003493e-06
2.142293184368817267e-06
1.785380846797466553e-06
1.923749793577095400e-06
1.427712450575906341e-06
1.940049216000551286e-06
1.930860139781720719e-06
2.199096005882079417e-06
1.545710613812957171e-06
1.730094952218574807e-06
1.716001698760234495e-06
2.031693796335501183e-06
2.213723194863482054e-06
1.785885866968524258e-06
1.742638895096645408e-06
1.650935676733332932e-06
2.475979173791270900e-06
2.039856571799463423e-06
1.861201270868673174e-06
1.779797493758850677e-06
1.763515815255668230e-06
2.237886695528466727e-06
1.855702975684691637e-06
1.820044618107619355e-06
1.978102434291466048e-06
2.158955254085876111e-06
2.282819515548440854e-06
1.786776485096909804e-06
1.886076066046357513e-06
2.021590719686151056e-06
2.097193162447443443e-06
2.006551355603969454e-06
1.782515145826799733e-06
1.841931300439772870e-06
1.881484333032512862e-06
1.823029625254708898e-06
1.736702064750746162e-06
2.466439207316869769e-06
1.927919470002808236e-06
2.014320750474312637e-06
1.736078702542154683e-06
1.855825644783223140e-06
1.913438106530677284e-06
2.063883500819148748e-06
1.998783449093671494e-06
1.986053110903352464e-06
1.775836088372541656e-06
1.773960689224611852e-06
1.992120986496164429e-06
1.973293189459213391e-06
1.864561757106733334e-06
1.562962842081171168e-06
1.669700300243148966e-06
2.075761528566396411e-06
1.878657947470278548e-06
1.906647467078613353e-06
1.733348868803451213e-06
1.639590297513604779e-06
1.951867611068803040e-06
1.885409212959129228e-06
2.438804427983402624e-06
1.722778998125145614e-06
1.895747996448084825e-06
2.189163977557528333e-06
2.021215083754869404e-06
1.935964739464852811e-06
2.006718954753093317e-06
1.991720055228072870e-06
1.827588354034197242e-06
1.796098469697915657e-06
1.760824005153884800e-06
1.951493266192689621e-06
1.946835929276207634e-06
1.611202863047866081e-06
1.661049182113620323e-06
1.810650783528612257e-06
1.950523624024950139e-06
2.053335436063178179e-06
2.147765075283365604e-06
1.795107226677072750e-06
1.786810829833104536e-06
1.884196662086191173e-06
2.446446784093703735e-06
2.052070976686029320e-06
1.729443805736484022e-06
1.796773114766830132e-06
1.897853799811037310e-06
2.173930477108277037e-06
1.656495560466909473e-06
2.056915245458436129e-06
2.012477098013279716e-06
1.968028024793969357e-06
1.773822476745119286e-06
1.522651146849081782e-06
1.851536306088535657e-06
2.084747179205538329e-06
1.935746388976578675e-06
1.651195080016230537e-06
1.756991401566255831e-06
1.841670141013824513e-06
1.808308416930931715e-06
2.061392120217585055e-06
2.446471431803617445e-06
1.843605999133662297e-06
1.797877582149500435e-06
2.363900155244553412e-06
2.270754371580956289e-06
1.836127921114821292e-06
1.819253767293248942e-06
1.743413974936290932e-06
1.826777379450691221e-06
1.508453355463766346e-06
1.965580795675948995e-06
2.260592680532354836e-06
2.032915718421036467e-06
1.707479805731097504e-06
1.795359101595453546e-06
1.787324532640315478e-06
2.049187764924712946e-06
2.223658832241800953e-06
1.762646767064550895e-06
1.723872563014236741e-06
1.981507172378795012e-06
1.703542581857474811e-06
1.858106442022089684e-06
1.752100618781899757e-06
1.938866120699179645e-06
2.268852994182118806e-06
1.770418767918382153e-06
1.846977843006709397e-06
1.427386326588051392e-06
2.129684964080565330e-06
1.938925519344330020e-06
2.016582824391246473e-06
2.216152207094830858e-06
2.345554781393155651e-06
1.804348923509325297e-06
1.869848557781734262e-06
1.437936205545182772e-06
1.945133975979058194e-06
2.478302608063018604e-06
1.949918647708492392e-06
1.668521392097409512e-06
1.802725424279255136e-06
2.073265623205350472e-06
1.789399847009871901e-06
1.981593151617079219e-06
1.750045907501816153e-06
1.647013216496065635e-06
1.888539881118707790e-06
1.849902367521807525e-06
1.690331337738576521e-06
1.723251875064285884e-06
2.038644693846920795e-06
1.933653151374716578e-06
1.422040769924302129e-06
1.950602391504190751e-06
2.004878909482856746e-06
1.835126664849652785e-06
1.731002880853634822e-06
1.552153216265479877e-06
2.017085098867315652e-06
1.861418626035672257e-06
1.900628324129453211e-06
1.530968359357910099e-06
1.664275379729170474e-06
1.878327140515321571e-06
2.009534912824033885e-06
2.215076673307540042e-06
1.653464177088387778e-06
1.531982867075235486e-06
1.746139142763676649e-06
1.932146729134964635e-06
2.058673426984231782e-06
1.344393574740138638e-06
1.830345455553245822e-06
1.761652197007529412e-06
1.557126838906811489e-06
1.578950889492081974e-06
1.877989088690555122e-06
2.036269561127063311e-06
1.507147681787376627e-06
1.570947079507582019e-06
2.024165144725058734e-06
1.867163245624464946e-06
2.007601113806322603e-06
1.882013536472665684e-06
1.662037331790389027e-06
2.318881258468171978e-06
2.161315051709237231e-06
1.692911014775665189e-06
1.707611656157059921e-06
1.748876074818871987e-06
1.968182999793016715e-06
2.138881371053236281e-06
1.784982170185157561e-06
1.736173814630057497e-06
1.691454002948602819e-06
1.509488949531178118e-06
1.650564563100650609e-06
2.006190531333796640e-06
1.965050641592220905e-06
1.943811715350615062e-06
1.507975790429802367e-06
1.762147857170541926e-06
1.895517408661004544e-06
1.878633534884034089e-06
2.008046360422537849e-06
2.096234819534900176e-06
1.862136852349875839e-06
1.758069900173729237e-06
2.079258455254736165e-06
2.149119134356558994e-06
1.858453211989612597e-06
1.895627372009295006e-06
1.726636031577960924e-06
1.912302637408347835e-06
2.266879773992941629e-06
1.838603771677043474e-06
1.623029417066423528e-06
1.703795165795995223e-06
1.622159115050947054e-06
1.815100989866359574e-06
1.810225497545093337e-06
1.956890648290039133e-06
2.602451185455983588e-06
1.753719158909612667e-06
1.768678243795725262e-06
1.520436384759859427e-06
2.237018187241914242e-06
2.028325400513937182e-06
1.905832378484800747e-06
1.693522497906422813e-06
1.785285826462720884e-06
1.889979866314928468e-06
1.907396677636336741e-06
1.767278553609309788e-06
1.715968178457226625e-06
1.661915265816802895e-06
1.960534497275192323e-06
1.982453340930612878e-06
1.534484079756462718e-06
1.427888571884729792e-06
2.117397438140466086e-06
1.649241050406742747e-06
1.900361212230693824e-06
1.680215017506892226e-06
2.018872658727936706e-06
2.185009833855966847e-06
1.781944097370809444e-06
1.704132008903096978e-06
2.355647734722400612e-06
1.870517371564058446e-06
1.798779268330148676e-06
1.628957986550482315e-06
1.822599115893489099e-06
1.812951132992005834e-06
2.341596991156568052e-06
1.704378015437112959e-06
1.429509533033745575e-06
1.753580290070949918e-06
1.865273283163505229e-06
1.587268077526518814e-06
2.045081000329594728e-06
1.881469031251282387e-06
1.495752857858285486e-06
1.603863821668765077e-06
1.516092673170987974e-06
1.574919560365229134e-06
1.829349836877627506e-06
1.901720038206962327e-06
1.891186606950090075e-06
2.436450808634119942e-06
1.773367960207433355e-06
1.705160343763557881e-06
1.951520829629537687e-06
2.118187364598791530e-06
2.162526229898541240e-06
1.657338883123007727e-06
1.777150448061936676e-06
1.734250676772863220e-06
2.108842856653642262e-06
2.062705796190299950e-06
2.026298229223681722e-06
2.028959563012074383e-06
1.638745075257860978e-06
1.674456351029837131e-06
1.743674548770120585e-06
2.091966373006868520e-06
1.983720652979317167e-06
1.576935429564494705e-06
1.751576669521146820e-06
1.874039124018508110e-06
1.831078917131316151e-06
1.803064097785215463e-06
1.902495672699203430e-06
2.235009751880069876e-06
2.260494385126166470e-06
1.795958361420121228e-06
1.471303815156263571e-06
2.233251792341424481e-06
2.025223798786742663e-06
1.909231839687370471e-06
1.696656073360913535e-06
1.733398827656595883e-06
1.629715845151686263e-06
1.842704284977686541e-06
1.674196309691462483e-06
1.879004064638910655e-06
2.045883112481522044e-06
2.066147673113959851e-06
1.809289131533458010e-06
1.886493223409662342e-06
2.005195346407546661e-06
1.994220431999988887e-06
1.855170328234743303e-06
1.814827553642383722e-06
1.703377188321776078e-06
1.890317024122825766e-06
2.375956109116350268e-06
1.848613798436654637e-06
1.692688006585819863e-06
1.617840792516899475e-06
1.915685699078429360e-06
1.708205992688534594e-06
2.054139717213086730e-06
1.948571816282354735e-06
1.961719671448636179e-06
1.647636890103506258e-06
2.208813790702229040e-06
2.141992109985202714e-06
1.648921013133538866e-06
1.816625748139708466e-06
2.099886583417223162e-06
1.886321835806028246e-06
2.059182197662060244e-06
1.845542880583461558e-06
1.658236642968284231e-06
1.514347302030146443e-06
1.995374287280217127e-06
1.911751661275858242e-06
1.483456947984731348e-06
1.647926463027418980e-06
1.825693460468953799e-06
1.843858833763409511e-06
2.055667387088571305e-06
2.019812835306263601e-06
1.905659773907474574e-06
2.405175153689829391e-06
1.818857101964443984e-06
1.600589721900285546e-06
1.614393803977015259e-06
2.204502924635991981e-06
1.885810893247241539e-06
1.885173182541013166e-06
1.828125382471393399e-06
1.661508640672344363e-06
1.980747670397439999e-06
1.955679404294363863e-06
2.026694047191605326e-06
1.712372561806315437e-06
1.469516749599796476e-06
1.815015279727866883e-06
2.195869839701031129e-06
1.881788594649680888e-06
1.631986407453269492e-06
1.808947253436376071e-06
1.811074205124251300e-06
1.926663772654600607e-06
2.031128685752646476e-06
2.213721204852991744e-06
2.013019045565097169e-06
1.559705615423405734e-06
1.485105451392840703e-06
1.858593770957802132e-06
1.995940582385290999e-06
1.911670839513040277e-06
2.143281006363640358e-06
1.812534434314614489e-06
1.658484582923517332e-06
1.936994673465204781e-06
1.997588986834054507e-06
1.836046146819609172e-06
1.832141416828059722e-06
1.524602185084227016e-06
1.634940913521748239e-06
1.950647222210232725e-06
1.971767581686347773e-06
1.550206891689430510e-06
1.774030705790573093e-06
1.920586913564279102e-06
1.842582339862392342e-06
1.676170131580965822e-06
1.933371610514080943e-06
2.328560829872578750e-06
1.751948786270601461e-06
1.564692357007394536e-06
1.701401045529282309e-06
2.172009220003624991e-06
1.941727753421159775e-06
1.909950128823473005e-06
1.603571748974969220e-06
1.707034312183073127e-06
2.020547976415373881e-06
2.031823632069370660e-06
2.090434625281817239e-06
1.687502841591069727e-06
1.694137253957471157e-06
1.723251768829847532e-06
2.173299483916858045e-06
1.950756036399676519e-06
1.573293732802628688e-06
1.776384170804899849e-06
1.867718398884923229e-06
1.891942412569958253e-06
1.680281701462648798e-06
1.610335665506011716e-06
1.963587609692403673e-06
1.991250678914352920e-06
1.592383177683337536e-06
1.416574958533495996e-06
1.810843917504745930e-06
1.888069785811001389e-06
1.933089464880916881e-06
1.978328622631994190e-06
1.900862246986598497e-06
1.496546259868590967e-06
1.872066833552909975e-06
2.115681452006580999e-06
2.274739981552615395e-06
1.643653949294164122e-06
1.864775327271692054e-06
2.323863470818719329e-06
2.074440187774358555e-06
1.790275221484805914e-06
1.876787000003858482e-06
1.611757109706676752e-06
1.643176655502501148e-06
1.591540460071922571e-06
1.670048385924698001e-06
2.228953935626505423e-06
1.913702044378550664e-06
1.785361287629099368e-06
1.854909112629281144e-06
1.930672643266462134e-06
2.148917836259556081e-06
2.279109079243198325e-06
1.717561120966339518e-06
2.076428773123730564e-06
1.966861226459853682e-06
1.733668586698792644e-06
1.846071475805345972e-06
1.668835655119644113e-06
1.834040232948735741e-06
2.109874991078038766e-06
1.821553497071351761e-06
1.604138750391411154e-06
1.496599225829105325e-06
1.714795974089550953e-06
1.780905603788857098e-06
2.305775851975190490e-06
1.951644594493989893e-06
1.922247303367844553e-06
1.774225056721562313e-06
2.065232386275486558e-06
1.970247417846241558e-06
1.813794443858361763e-06
2.260293508767762885e-06
1.759365447050893722e-06
1.635255389386406368e-06
1.618036056217241652e-06
2.155228028021895117e-06
1.928356054218219057e-06
1.897751333968104476e-06
1.737488995205153375e-06
1.624953279886333091e-06
1.942388447459764768e-06
1.953725123386398857e-06
1.613167286372025116e-06
2.138114534614431250e-06
1.958021276217760553e-06
1.788048062377844600e-06
2.084842691989273384e-06
1.997103355547845985e-06
1.765498482334761475e-06
1.683416515867933412e-06
1.790649841470388857e-06
1.768011666062977345e-06
1.991298869022736823e-06
1.629473378685173650e-06
1.600229472639814933e-06
1.897463982086161506e-06
1.983981881543650524e-06
1.913647696133923526e-06
2.091938963047353616e-06
1.784861980335681690e-06
1.448007057835509936e-06
1.929989021275047726e-06
1.602182020570005196e-06
2.181100953687593532e-06
1.859348928407613389e-06
1.851835306669175255e-06
1.800417138744224606e-06
1.688521717467377232e-06
2.031588463811701859e-06
1.948123768226695517e-06
2.232402731772021680e-06
1.585208275950010059e-06
1.733987636223107081e-06
1.816614298863518418e-06
2.312901551082522323e-06
1.879654886560374355e-06
1.701708490838478164e-06
1.786042644792259595e-06
1.851471437407310847e-06
1.956483082895208016e-06
2.193912200484042982e-06
2.220086368381669476e-06
1.706097600845837612e-06
1.811432125123244453e-06
1.507466940503222594e-06
1.670532774731428641e-06
1.927350444944718060e-06
1.867213218538381740e-06
1.899558291099530175e-06
2.030257138935418311e-06
1.765132907564965564e-06
1.645248485906241558e-06
1.874354463289166555e-06
2.162587585313705870e-06
2.028666875969236468e-06
1.728395515434541641e-06
1.736899331107850221e-06
1.790901236607439209e-06
2.128782159980805315e-06
2.075717542971971775e-06
1.860361384020308788e-06
1.661486141192810230e-06
2.103443731676957601e-06
2.135141305034774847e-06
2.046488195915415049e-06
1.610581703642134721e-06
1.969622585770546968e-06
1.646048782807364199e-06
1.817645000364433750e-06
1.898948143918693186e-06
1.949136336326875300e-06
2.197324146934677395e-06
2.262843749407261011e-06
1.812399239806528992e-06
1.757239203407501726e-06
2.261448454568134082e-06
2.148570599721704924e-06
1.978105066881557711e-06
1.902835521548920776e-06
1.679165963604400612e-06
1.427586947635662311e-06
2.021744759451869527e-06
2.003321136369958540e-06
1.867063119773271018e-06
1.596700177964573808e-06
1.584144542637840381e-06
1.943841482236814580e-06
1.512492396223663995e-06
2.430827638385864771e-06
1.687864300684505386e-06
1.758252658085435308e-06
1.727352713517667852e-06
1.997526054724778353e-06
2.200916409421610743e-06
1.952514903389071352e-06
1.730561773990554136e-06
1.805137834668643051e-06
1.915569811842766650e-06
1.876220514235330330e-06
1.762340507644810743e-06
1.614991115556610819e-06
1.978019652486526495e-06
2.126458152845748122e-06
1.567923423273467131e-06
1.510293853345044384e-06
1.880360748812121370e-06
1.815378231834689701e-06
1.976791321549622351e-06
2.172975101156708278e-06
1.913342014734873191e-06
2.178837640043307057e-06
1.679868972689117521e-06
2.065904704830981786e-06
1.784683111333015529e-06
1.767608033630283829e-06
1.677413257513868359e-06
1.957731869366558377e-06
1.771419739988094660e-06
1.813715885998216701e-06
2.115603843138915715e-06
1.983198064456785905e-06
1.659825145290290498e-06
1.927579646718976011e-06
1.772545454050869729e-06
2.077156356163409453e-06
2.217309176344633747e-06
2.135304386295749327e-06
2.047867899366571331e-06
1.934575750991874725e-06
1.747008961406997387e-06
1.704477628660890997e-06
1.860145107019519480e-06
1.924115399073347957e-06
2.182997127934025726e-06
1.661918004595300268e-06
1.894568678752108002e-06
2.107462628731225018e-06
1.559910175391422444e-06
1.723295135700946353e-06
1.716812691227643916e-06
1.962885000651812278e-06
2.120063748885233746e-06
1.834947126143864794e-06
1.898221142127195047e-06
1.553417071611341807e-06
2.200817485223654357e-06
2.052073982653625332e-06
1.757616525044481967e-06
2.024783631269973216e-06
1.919210761853167318e-06
1.714329120283130090e-06
1.889833724062648712e-06
1.718279505650584840e-06
2.136835911286372475e-06
2.309974637673049114e-06
1.793900876807367126e-06
1.860360349706013885e-06
1.643351086039965797e-06
2.055084227759839042e-06
1.872809248050313517e-06
1.672935417212081110e-06
1.796237923537625026e-06
2.207130119293065035e-06
2.108521819350250947e-06
1.924833933019096713e-06
2.133448522432892938e-06
1.829155571918484918e-06
1.907587069346786888e-06
2.152110067082972274e-06
2.297061320210437581e-06
1.935019482890148458e-06
1.801623253860441482e-06
1.806915229157110306e-06
1.741314001852590994e-06
1.880610547415349463e-06
2.292776605422299751e-06
1.827112995822534709e-06
1.502033847002300160e-06
1.664456828633175337e-06
1.959987518325131598e-06
1.910927837052957203e-06
1.917777245501865350e-06
1.719091447503115103e-06
1.594606234594177208e-06
2.018672512422658499e-06
1.987678653216391513e-06
2.052980992325669507e-06
2.229217766055652654e-06
1.883092787797213442e-06
1.662488194216959144e-06
1.728215830820073226e-06
2.388436624373386259e-06
1.819900209369202975e-06
1.985795763273606138e-06
1.701500355483182798e-06
1.617738415044703540e-06
1.620417690901961114e-06
1.995245769764772370e-06
1.830930755737367787e-06
1.661110266502346695e-06
1.617071437456385149e-06
1.828835723080613456e-06
1.875918726050502715e-06
1.910831888535708143e-06
2.196958559675535048e-06
1.764424964409821566e-06
1.775595417623003945e-06
1.834365746023633709e-06
2.050793344044804989e-06
