1.997796206638840465e-07
2.029859090712898425e-07
1.593047218788045739e-07
2.330879543728661212e-07
1.805854407944491750e-07
1.787225907439931362e-07
1.699617394306081012e-07
2.207685269050876963e-07
2.182426573082159706e-07
1.908003577975199135e-07
1.793795723761847405e-07
1.774613655389480629e-07
2.306985060879350444e-07
1.963783379430665433e-07
2.024377409578108931e-07
1.861566815143128716e-07
1.579542890397331267e-07
1.641264536460410539e-07
2.064507888164122550e-07
1.933526584684673486e-07
1.752979799274315038e-07
1.660138178511806473e-07
1.988271500564096670e-07
1.905670417984798060e-07
2.166801698456634634e-07
2.194597582078899995e-07
2.026910830437278724e-07
2.295618126759360051e-07
1.851714784868402575e-07
1.620532663455368610e-07
1.756843500442805523e-07
2.107720527465367295e-07
1.908933549059767006e-07
1.908797848587760895e-07
1.962527189276559386e-07
1.659954054651385462e-07
1.959829230053038298e-07
1.888822127105972856e-07
2.476834212252552042e-07
1.477521028406141163e-07
1.882675065095382117e-07
1.812641630406739233e-07
2.155982107844754779e-07
1.925329331601707170e-07
1.699410418819769633e-07
1.867841963245074639e-07
2.035972143650932251e-07
1.961963175164550235e-07
1.985943384468157228e-07
1.915406845952138103e-07
1.657714445830634723e-07
1.755386922528467352e-07
1.905735667254393927e-07
2.085809648952594913e-07
2.101706021156142752e-07
1.822097348997369019e-07
1.761439291199812899e-07
1.995125622497968393e-07
2.262224978416763658e-07
1.634986321667394570e-07
1.883503639261564214e-07
1.933381536688083011e-07
2.152821095974334672e-07
1.949255966489328767e-07
1.976442731179484947e-07
1.782352137263081331e-07
2.162870291834165499e-07
2.057635247104464055e-07
1.904960878311263685e-07
2.155581584756605574e-07
1.719706728783346526e-07
2.010735511328007672e-07
1.817847585215286993e-07
1.923359136696392718e-07
2.221910528752045857e-07
1.945264113358349710e-07
1.853241753193197994e-07
2.014350626195688569e-07
1.884892652630455223e-07
2.013269673486791535e-07
2.118754370189751593e-07
1.942252742036979988e-07
1.708444552059796197e-07
1.867673622741686934e-07
2.149107445312831609e-07
2.051372768548898804e-07
1.918511513548345758e-07
1.990687313959146057e-07
2.051557030529164995e-07
2.075687664734312208e-07
1.894562692144933548e-07
2.073355576621622681e-07
2.335915487371350741e-07
1.994628387239897770e-07
1.814668720850262841e-07
2.090984506238300796e-07
1.730381839684910326e-07
1.929801885967109335e-07
2.208495778267829800e-07
1.871821031372891825e-07
1.650556565353292318e-07
2.031535788917111013e-07
2.048428075176023702e-07
1.606987297474394468e-07
1.708538908795908825e-07
2.026022637024611564e-07
1.978837515026734995e-07
2.212860079940276927e-07
2.255410662602491217e-07
1.961881222652560722e-07
2.009988020929842149e-07
1.780123214051378894e-07
1.810074691148596344e-07
2.389002850732047993e-07
1.943779881845379642e-07
1.831390747087261387e-07
1.759773168362650107e-07
1.781492892261398823e-07
2.059931483567351168e-07
2.017017242747633729e-07
1.866898533536883833e-07
1.803285944258892338e-07
1.830717686832332844e-07
1.945579832261784752e-07
2.024582550553517211e-07
2.219696560151426640e-07
1.844006926497356332e-07
1.858725325431281493e-07
2.029846472281012652e-07
2.320260099467067772e-07
2.146750441471198646e-07
1.987703603707924394e-07
1.938902745454158297e-07
1.738645816925276171e-07
1.771865166357390449e-07
2.072122901811879535e-07
2.091173303049743831e-07
2.240979234925927893e-07
1.780149425700869995e-07
1.683179006073258194e-07
1.761640170728770179e-07
2.219288246728286822e-07
1.921811894685430671e-07
1.872321928797612683e-07
1.892278795323396303e-07
1.799167514042304655e-07
2.050701009485078266e-07
2.081795016774785953e-07
2.275192828634499591e-07
1.799804404573830038e-07
1.886820478996227945e-07
2.160563050345860299e-07
2.266089165041189650e-07
1.801449295250531022e-07
2.009580669233182100e-07
1.909884372724814594e-07
2.263683285877606664e-07
1.715661691167819347e-07
1.962716220378028463e-07
2.289122888393667344e-07
2.210158355496898751e-07
1.702237073687925324e-07
1.841073863504945501e-07
2.206385489668965228e-07
2.122537830085807048e-07
1.929893915630547730e-07
1.903271715809113078e-07
1.617387341032449563e-07
2.152977385508047493e-07
2.095407170499617248e-07
1.982419941638546200e-07
1.783995027463271912e-07
2.132454458674344779e-07
1.916143554373402119e-07
1.854339156388579517e-07
1.990560111802343632e-07
2.356775053293412384e-07
2.542092639513477261e-07
1.742018381290591098e-07
1.947888570469843308e-07
2.132846359971711450e-07
2.178480373529609930e-07
2.043959167215804979e-07
1.837140874035916889e-07
1.863850311764978610e-07
1.668217015036177429e-07
1.921641776590926214e-07
2.188437846670920552e-07
1.885057549900819774e-07
1.833770940166074690e-07
1.526678988634425445e-07
1.978269676880038626e-07
1.976219189278998591e-07
1.936997666750635196e-07
1.725867648897077109e-07
1.906092556030133248e-07
1.936061272679328836e-07
1.713130401533670475e-07
2.063807994708746803e-07
2.342181807488073847e-07
1.942615338766093486e-07
1.773171930968620929e-07
2.177974966650751566e-07
2.140341655962956694e-07
1.894673648031120741e-07
1.886861330326918246e-07
1.734717910170503656e-07
1.658795511168265026e-07
1.968840662167534077e-07
2.033903434806291229e-07
1.672499457005260038e-07
1.846760747397250258e-07
1.953531485999387159e-07
1.990396017715248530e-07
1.958058777746084575e-07
1.912752788124434567e-07
1.644867461046998244e-07
1.790538909537269191e-07
1.849562886881813854e-07
1.584874568677988812e-07
1.777717595697632876e-07
1.806411008214752119e-07
1.977899856418799509e-07
1.952555081965487017e-07
2.286471252858772190e-07
1.679051470734005111e-07
1.712529251259064688e-07
1.899623349003874578e-07
2.033867499184433663e-07
2.047471582691805502e-07
1.460400456494586814e-07
1.826144901720104752e-07
1.855929989238161454e-07
1.982660789541029163e-07
1.979934496232874264e-07
1.935327161931395977e-07
1.835757209554962496e-07
1.891353713958304623e-07
1.795131763613350213e-07
1.812532559413096337e-07
1.879127381857268488e-07
2.081052770520224825e-07
1.913415833383019844e-07
2.329891716636888882e-07
1.700638818684903814e-07
1.755815209593028989e-07
1.974449307485434664e-07
2.165093016226496612e-07
2.073637370946820066e-07
1.977266351959865433e-07
2.360180596705652977e-07
2.089918938960745719e-07
1.820129502448278662e-07
1.934743119286203708e-07
2.207289602890037551e-07
1.901993717265970817e-07
1.899366320303536148e-07
1.867385589811653527e-07
1.566101508387881525e-07
1.762115715273992897e-07
1.720338887146173002e-07
1.946392643103560266e-07
2.343368580324877670e-07
2.016774762183509783e-07
1.858951508472195057e-07
1.846307293664277801e-07
1.916331684091040294e-07
2.086820116451883334e-07
2.447703638126358200e-07
1.874416778252009491e-07
1.831465453269351128e-07
1.808492727178586636e-07
2.002792896036844636e-07
2.170885710748738196e-07
2.059766566612371321e-07
1.439199027612534140e-07
1.865306631831829315e-07
2.345563130815264413e-07
1.988101516502361015e-07
1.790466920863733488e-07
1.580405960504551279e-07
1.646435007971200630e-07
1.888787115576671337e-07
1.757480091836784852e-07
2.518035963555865882e-07
2.175995006916110594e-07
1.900860109661853454e-07
1.902860389798240953e-07
1.901076244579755838e-07
1.718205002927021081e-07
1.904428327680760095e-07
2.148856593435007814e-07
1.842837479775597117e-07
1.684288936987643442e-07
1.765713435795327958e-07
2.113244450010062154e-07
1.914384469428316324e-07
1.830451413154911500e-07
1.794319978747545131e-07
1.932816722506492496e-07
1.833781115286217166e-07
2.368747026604875853e-07
1.600348709917034697e-07
1.819395002746276288e-07
1.984487376486985726e-07
1.616015012404523876e-07
1.821053309266917450e-07
2.012421465246285401e-07
1.987042465042634059e-07
1.931277850745715845e-07
1.657784152185363670e-07
1.526740365334719706e-07
1.941800967700312068e-07
1.965122280188434254e-07
1.831679919928155064e-07
1.819600252701509486e-07
2.113982605251306372e-07
1.938464179025628703e-07
2.064855780700308491e-07
1.969022792634229103e-07
1.955332037151819225e-07
2.038767410407592585e-07
2.351839733751406004e-07
1.618199069393138043e-07
2.092059535876457722e-07
2.026989484098490717e-07
1.622358240345126961e-07
1.898308983699754431e-07
1.983226416591031401e-07
2.077386576484826587e-07
1.660477437640153008e-07
1.915524819668533724e-07
2.133392228672241084e-07
1.984435484564733625e-07
1.805529956619775537e-07
1.567993033389928167e-07
2.406956633785701214e-07
1.994871491701416844e-07
1.939980190352623031e-07
1.660382121536270231e-07
1.965541561323209569e-07
2.019429018589041491e-07
2.250442559218893105e-07
2.114983609540473690e-07
2.244979021717004256e-07
1.878138032551242229e-07
1.628579414489762319e-07
1.895420263740684694e-07
2.149945462388774737e-07
2.141087988809909846e-07
1.786316186532496744e-07
1.975288106896760570e-07
1.738107218788858206e-07
1.833053840152443192e-07
2.019511234231658838e-07
1.935476482610230766e-07
1.752542634184182782e-07
1.840488217017815620e-07
2.002919353644142801e-07
1.920576558441784768e-07
2.259440262208705542e-07
1.710468623628069607e-07
1.822510441971358899e-07
1.932942817561624028e-07
2.069233709609308189e-07
2.062000980818103777e-07
2.078195846389390979e-07
1.895738455846121024e-07
1.882439557077580166e-07
1.686231191869261909e-07
1.793954958242843107e-07
2.072644750469847569e-07
2.087083897582042316e-07
2.124615465977234183e-07
1.821236913418980076e-07
1.710592551511771387e-07
1.866551577426837953e-07
2.067924812226500888e-07
1.990007962410830973e-07
1.564169642016889395e-07
1.862597787427211213e-07
1.874886493963921654e-07
1.909582478969787258e-07
2.048515533074363853e-07
2.027649300041797506e-07
1.918788429560550109e-07
2.129220565500204443e-07
2.091262185645431838e-07
1.888696638343266771e-07
1.974936666514882322e-07
1.989796688525222095e-07
1.622294085666656380e-07
1.852707228768256264e-07
2.101777115507481296e-07
2.182249195870735670e-07
1.967636161428176273e-07
1.858675869206831908e-07
2.062630785561476359e-07
2.027089179482483905e-07
1.916270763656924827e-07
1.913063895834162176e-07
1.754806772346761172e-07
2.253583947755822757e-07
2.006680318445455694e-07
1.933527376065487228e-07
1.732184295475052135e-07
1.845807164112627184e-07
2.110479951221139938e-07
1.826621837062765327e-07
1.985098326152053713e-07
1.845592341210504912e-07
2.012215656405195488e-07
2.054953448800208888e-07
1.916770025914100872e-07
1.848593193522775024e-07
2.035430788716223699e-07
2.080361182620765223e-07
2.069317677797416240e-07
1.754839619597763966e-07
1.998565652416153784e-07
1.639701863960140996e-07
1.823814213893385509e-07
2.077446588025812292e-07
2.053042602495815800e-07
1.600755654562132892e-07
1.956574486682456798e-07
1.947547972587511788e-07
2.129618895040752286e-07
2.472502419370418656e-07
2.063447526111921736e-07
1.875384714674966571e-07
1.759554096594825855e-07
1.635184655657444904e-07
1.762805687845535570e-07
2.253316672592388064e-07
1.749486673847970063e-07
1.754406172268440552e-07
1.723747640501292603e-07
2.126119124524762886e-07
2.120711478397258827e-07
2.128559218342413617e-07
1.589809931123411729e-07
1.751926154398438862e-07
1.921929143678711321e-07
1.966967581053708721e-07
2.035455883084463887e-07
1.681408984161949827e-07
1.962420228149092938e-07
2.111915861294815689e-07
2.434118010969475817e-07
2.064152467748877942e-07
1.820347926870721665e-07
1.627355391459407369e-07
1.703187176288987597e-07
1.891348436627592277e-07
1.975927543383185073e-07
1.705540314800725059e-07
1.666562018267903634e-07
1.878452307877107957e-07
2.009451396179774556e-07
1.992994290358341635e-07
1.821452306738174439e-07
1.832272440795625080e-07
2.005479823502322330e-07
2.020988822774866278e-07
2.405662950273500020e-07
1.594875481150954788e-07
1.861684477447841956e-07
2.066917858432247630e-07
1.726780034270760672e-07
2.068354471210777407e-07
2.087560035931603954e-07
2.202193924782957494e-07
1.810622267173160548e-07
1.795581931684079748e-07
2.313726214501505163e-07
1.899737959247009205e-07
1.741778995441247709e-07
1.930977554519624450e-07
2.165019116107242116e-07
2.068352760138958477e-07
2.021753414134333289e-07
1.922072713442893781e-07
1.688391513325264863e-07
2.071913691925017177e-07
2.090782720351593800e-07
2.000224186214896962e-07
1.924227199160821616e-07
1.830063703676607751e-07
1.673460275164402103e-07
1.907282074958948521e-07
1.858079510767290879e-07
1.959324848859838558e-07
2.200663989647810564e-07
1.661878299395433652e-07
1.852671499779855364e-07
2.141280928439354665e-07
2.089288695743063167e-07
1.872707954948618543e-07
1.871560372521282377e-07
1.731129730718167516e-07
2.104846720319713874e-07
2.185670584453751908e-07
1.797774444480959718e-07
1.756621840879271359e-07
1.751605967996538479e-07
2.060022010709139244e-07
1.948783868185309275e-07
2.055778024423922713e-07
1.866055222514368170e-07
1.787082923884049876e-07
1.962462857364291823e-07
1.840803941525654216e-07
2.109768808257837083e-07
2.067411726264845996e-07
1.906600934100256024e-07
1.809092945926933086e-07
1.798656951367157328e-07
1.487942024519694952e-07
2.019826582049500173e-07
1.995720694106555960e-07
1.878943686398641861e-07
1.726010547235087649e-07
1.546085015731671260e-07
2.302297385933599138e-07
1.907266350971439429e-07
1.887022233178774687e-07
1.735994499142045980e-07
1.839202475898380015e-07
2.017442294144962014e-07
2.205317765818701703e-07
1.645604289680252278e-07
1.922056755591722210e-07
1.619223521067237876e-07
1.952723112382389151e-07
1.931661141602167458e-07
1.959411295997991563e-07
1.926857618782188365e-07
1.641950100597040226e-07
1.695706331224572959e-07
2.112361770218983493e-07
2.006845132262096582e-07
1.915048235011601588e-07
1.811305095853748628e-07
2.134205151312217916e-07
2.223688438776440931e-07
1.886949025479025192e-07
1.774035602375267627e-07
2.034329059105898978e-07
2.115291883255342779e-07
2.046394736210093576e-07
1.799944190862117031e-07
1.971010227722878082e-07
1.868155240128753149e-07
1.619896466301845946e-07
1.941372254571177236e-07
1.914534287031664175e-07
2.366162163748987366e-07
1.559195138627153019e-07
1.843824224641234566e-07
1.776842464381036884e-07
2.060014134135240611e-07
1.896115607830449379e-07
1.529709102006420062e-07
1.947343858593003887e-07
1.905523821451417232e-07
2.200357749351747986e-07
2.191081053875435561e-07
1.859071267957425137e-07
1.700980573148437484e-07
2.235427829266826403e-07
2.066631321149840391e-07
2.156646357522442615e-07
1.903426485660427300e-07
1.904624367486088521e-07
2.019792022265281387e-07
2.145953094404701353e-07
1.836957111808257746e-07
1.846870551047836722e-07
2.120990065284586090e-07
1.791474003446879921e-07
2.135810375170486976e-07
2.097492973950135765e-07
2.192434008746474075e-07
1.688872706326019465e-07
1.953242006817258584e-07
1.698257992649612632e-07
2.064429508341791379e-07
2.157100997658491860e-07
1.852923362693722437e-07
1.732713813294145237e-07
1.804492816135106127e-07
1.883443944986606397e-07
1.778038110248294452e-07
2.233470535444649452e-07
2.035843850406432865e-07
1.842224849773749088e-07
1.921349166778061729e-07
1.808046331177603723e-07
2.037360038723205101e-07
2.238950262693910426e-07
1.858286888040841639e-07
1.526999851846264573e-07
1.802611267296645771e-07
2.049766559793258242e-07
1.903879657540704487e-07
2.068059605548371725e-07
1.768044110721334133e-07
1.667843954781513924e-07
1.766728559949080782e-07
1.920400400253036044e-07
1.965978764290288033e-07
1.820242551526637535e-07
1.797471330926284336e-07
1.936430732749904464e-07
1.900811790784904212e-07
1.826509382377907346e-07
2.000149838841632710e-07
2.136073030318731373e-07
1.842530043737770216e-07
1.676052082584378630e-07
1.735927365833891844e-07
2.058790580881905943e-07
1.925544609189394727e-07
1.742717984625274451e-07
1.720810476416336276e-07
2.063173113920263532e-07
2.073800722742609217e-07
2.098169606842474481e-07
1.740720408053611875e-07
1.727567677056544314e-07
1.995534547340425300e-07
2.062889024042380736e-07
2.052728920195966298e-07
1.591226106171665519e-07
1.929727334628540613e-07
2.047073094377661259e-07
1.840021862638668255e-07
1.796330051143125717e-07
1.706370174168505130e-07
2.005835883326523169e-07
1.850037135175312789e-07
1.860367370642249091e-07
1.754030114443413999e-07
1.920349122901963833e-07
1.903915181954717523e-07
2.099363355554398225e-07
1.907739252357767336e-07
1.865336402975847889e-07
1.551613000942631453e-07
2.127615597377169907e-07
2.074105836915119274e-07
1.741888576054646395e-07
1.917029892860064906e-07
1.878921594186274726e-07
2.015517568030014669e-07
2.148045292016695538e-07
1.884974831204220410e-07
1.915203467469574288e-07
2.310599341028160665e-07
1.748822522375426921e-07
1.700392353842594713e-07
1.923758142201848003e-07
2.230499692276240859e-07
1.919568285342064358e-07
1.698163550331714587e-07
1.863072675832130920e-07
1.910123891639609336e-07
1.909745597248035150e-07
1.847571613216082387e-07
1.972651675224304767e-07
1.699049015442769517e-07
1.814904664912052212e-07
1.986759133044988953e-07
1.959647468339407824e-07
1.741818150707536760e-07
1.598132203496614810e-07
1.856492375176445813e-07
2.314697274029738962e-07
1.900028057133926861e-07
2.029219335406069638e-07
1.905026779806499742e-07
1.909160509744544790e-07
1.797400370694934900e-07
1.922575633009220366e-07
2.129760075708218953e-07
1.640443943272335333e-07
1.867382941737439230e-07
2.018012555494409644e-07
2.041401758889337876e-07
2.260398330341410997e-07
1.708457684129158287e-07
1.822971574665151167e-07
1.902901987950794888e-07
2.051475649348930130e-07
2.257360751114699706e-07
1.668900221324535939e-07
1.871369735302883629e-07
1.830265671495340113e-07
2.294333760891569158e-07
1.578940614543337099e-07
2.045151993020125975e-07
2.055513514943556801e-07
2.120262830471853366e-07
1.748463050021562786e-07
1.782990342282244431e-07
1.925715597740375013e-07
2.132827128514509443e-07
1.979326235577714723e-07
1.576008201479071116e-07
1.922327082134388803e-07
1.836430395716567735e-07
1.979568401999197659e-07
2.030274287842941958e-07
1.965737092493364039e-07
1.853579001202029409e-07
1.849680532172076756e-07
2.036162574061467073e-07
2.200911906108405988e-07
2.049889325663909222e-07
1.882898905440016415e-07
1.906318690696193690e-07
1.865711116953119715e-07
1.894595058405347833e-07
2.127273960404682730e-07
2.052188695017639024e-07
1.727455175572988413e-07
1.782127835248902927e-07
2.244599398638993088e-07
2.173740510599236878e-07
1.850713607213065621e-07
1.875390890136345053e-07
1.662473933398965763e-07
2.221701798658548112e-07
2.041922137907782977e-07
1.921995639871948409e-07
1.719734413961002264e-07
1.806648401800949661e-07
2.176034399540590516e-07
1.841821330962964565e-07
2.040221874068888087e-07
1.812004261754183443e-07
1.657765506153335679e-07
1.700363232905706640e-07
1.812546074816687211e-07
1.767833438726758927e-07
2.094153119212234143e-07
2.054936192338239427e-07
1.926912031848676241e-07
1.834831328072837871e-07
1.713099525735459152e-07
1.946392186046333168e-07
2.108466639325814523e-07
1.838914280918589293e-07
1.962884247195985542e-07
1.934989022643845986e-07
1.848014198363736459e-07
1.428327812778985056e-07
2.081732059373318176e-07
1.932837756297790051e-07
1.670696896426790059e-07
1.806161469728640138e-07
1.843846690094919141e-07
1.952336512619536386e-07
1.858264106828109844e-07
1.811137795188880511e-07
2.397454108709229677e-07
1.721151512716970359e-07
1.674263588899311242e-07
1.961956755132157053e-07
1.910653359448591330e-07
1.909952861571508722e-07
1.782797310084349750e-07
1.783123618150265382e-07
1.947702933179671096e-07
1.990788761520297935e-07
2.086994747659021005e-07
1.726272381093440565e-07
1.708571361986672330e-07
1.927533104996449545e-07
2.110398240273223573e-07
1.982380817340023635e-07
1.785209583488987149e-07
1.751512469520860201e-07
1.944671833356102486e-07
1.908566099400044060e-07
1.811728077885121475e-07
1.778888183172501690e-07
1.973585714965864254e-07
1.795741175247788833e-07
1.699317483549773750e-07
1.729866705698574094e-07
2.079491385204664114e-07
1.905126661221306493e-07
1.876082553363005285e-07
1.556890272006239662e-07
1.990472178525507732e-07
1.948335589893275151e-07
2.394300039608817241e-07
1.638558736412801451e-07
1.911364066740114747e-07
1.787982430837879619e-07
2.051765489198759143e-07
2.040941191748417708e-07
1.834776629972308296e-07
1.909765079116711846e-07
1.728339884119127646e-07
1.508567733162786706e-07
1.830473358725995338e-07
2.121005649517286096e-07
1.945518089445601875e-07
1.735226814362569268e-07
1.759186690923293099e-07
1.897282701898854010e-07
1.924928261634711973e-07
2.102303142453749608e-07
2.214712397194457824e-07
1.822293565999829812e-07
2.012064120618107148e-07
2.037644740074489364e-07
2.016418663355799386e-07
1.996711309920700912e-07
1.875555104579630650e-07
1.715691892159164704e-07
2.133369158018028263e-07
2.101910535798948622e-07
1.932674609169864144e-07
1.664233066888866341e-07
1.864112845097240578e-07
1.963420138651363373e-07
1.952884479575501815e-07
2.268256098778095520e-07
2.161418165686332535e-07
1.796567178477392779e-07
1.747829034936102794e-07
1.800950540779186498e-07
2.034936760812465250e-07
2.266249388654541862e-07
2.019917060395405753e-07
1.963058657273674389e-07
2.052650301199964395e-07
2.032599214884081570e-07
2.068777257084789668e-07
1.813301962314586013e-07
1.612153909604494577e-07
1.685395364676262802e-07
2.084129825928391960e-07
1.951478826073831499e-07
1.771939844624363536e-07
2.081791236382525577e-07
1.792944556831847469e-07
1.919348379931480055e-07
1.984020018438213249e-07
2.032385713205162249e-07
1.834506348862492643e-07
1.646660378954896397e-07
1.692130841884998849e-07
2.031729042704774837e-07
1.997333199763538067e-07
1.984661469071055814e-07
1.622122754223132785e-07
1.816106458494833674e-07
2.028778589624857478e-07
1.937446212226388453e-07
2.148577210486605318e-07
1.784382064413915213e-07
1.655042537342961066e-07
1.930726233565540789e-07
2.253168385716156844e-07
2.027247686630623568e-07
1.771320740312209773e-07
1.962155233347119033e-07
2.031632804870264092e-07
1.831183773412968152e-07
1.745707225492965312e-07
1.660988234378931411e-07
2.132174933171435724e-07
1.976833680690541978e-07
1.789239439131975492e-07
1.715292266274140060e-07
2.069259998797608238e-07
2.048823930030273660e-07
1.837401363422426233e-07
1.736217498044196533e-07
2.084988785136205569e-07
2.051175304349992889e-07
1.759058563545007791e-07
1.965536549490771139e-07
1.880881688286763508e-07
2.147938906193279741e-07
2.290043975487284718e-07
2.076264042665752633e-07
2.035657861119125895e-07
2.320562465343365098e-07
1.704008244644967367e-07
1.872367870398762392e-07
2.181959543627552227e-07
1.984124717863179479e-07
1.759230668998781757e-07
1.851128194877159361e-07
1.854700558310919131e-07
2.019839753811583471e-07
1.982471386150330708e-07
1.802463365111325420e-07
1.762844423117078408e-07
2.148500212805127134e-07
2.326506291711167630e-07
1.932765975256440415e-07
1.895341956881606693e-07
1.832780495926461371e-07
1.825243602355769979e-07
1.919169284530354800e-07
1.970523818893334440e-07
2.077512199217854501e-07
2.162949300998228359e-07
1.653631372237732574e-07
1.852347822942577444e-07
1.920119236791063603e-07
2.316530385639565169e-07
2.115822582613776695e-07
1.931447543011916359e-07
1.921312213935992130e-07
1.632316762970865672e-07
2.061110911275772415e-07
1.716090201349071804e-07
1.661236021644138841e-07
2.021522065406809052e-07
2.185715429317975588e-07
1.929484359995301962e-07
1.753774255400045763e-07
1.737931751687721612e-07
2.084283232115490981e-07
1.921962468008546978e-07
1.992401068274349508e-07
1.770994420689675452e-07
2.330732657078558457e-07
1.909664169817042420e-07
1.907517119430724250e-07
1.825815481557075403e-07
2.033750573358272038e-07
2.254905749005471195e-07
2.129051888856620767e-07
1.742729297194393935e-07
1.913223431520837575e-07
1.982668858378148640e-07
1.967743065166644591e-07
1.884505239706574469e-07
1.685841409927376500e-07
1.690481990489520986e-07
1.915075794380776365e-07
1.705494641539987853e-07
1.629656708695449114e-07
1.877425346628837421e-07
2.036430915565805371e-07
2.003963952591343183e-07
2.005346293549067714e-07
2.058375143144426420e-07
1.948891470133407916e-07
1.681057816994521035e-07
1.785697492918827159e-07
2.091254324463222470e-07
1.918346124381930323e-07
1.939601296651484400e-07
1.766466923680405814e-07
1.448456141030644029e-07
2.199963905596055435e-07
2.227319531977264748e-07
1.665681424082882757e-07
1.784772531869447592e-07
2.020598186103906814e-07
2.091298083559304034e-07
2.032714399657193347e-07
1.703856641158264880e-07
1.848240442190207390e-07
1.835572557397327779e-07
1.997439543866061232e-07
2.106630291535776723e-07
1.999072583543912538e-07
1.911093492940849585e-07
1.905479966622508358e-07
1.818270774963307798e-07
1.832020422129968059e-07
1.906107566204501518e-07
2.099674585802417462e-07
1.965902300125457252e-07
2.127562428608347739e-07
1.858348407710462814e-07
1.862693030155834202e-07
1.997937806001386637e-07
2.171589743399415633e-07
1.669575827435976489e-07
1.917264059379067371e-07
1.909452531876714370e-07
2.024175899968850113e-07
2.106653819183948045e-07
1.817461204352759944e-07
1.796677319744525054e-07
1.530662686774494818e-07
2.408182334907738586e-07
1.922984575126048406e-07
1.795855449278676484e-07
2.162144012761423544e-07
1.882839978671224076e-07
1.760808428296342647e-07
1.894148874568364133e-07
1.759090102970005889e-07
1.969306261494009665e-07
2.145812172310168020e-07
2.206314004880476330e-07
1.792775495221333210e-07
1.856564062636803195e-07
2.094279753150513136e-07
2.269659729931420543e-07
1.694298254967595478e-07
1.813744919009547481e-07
2.062383076991813864e-07
1.946467736899164415e-07
1.684062925504637430e-07
1.895988751253869745e-07
1.814988124449512602e-07
1.985140351495343706e-07
1.622908882112757436e-07
1.767940373628752044e-07
2.035337542877503624e-07
1.964048056355550236e-07
1.681181667733485357e-07
1.714184739409033639e-07
1.986743145234604292e-07
1.842774826988288674e-07
2.040007215038218626e-07
2.452354517622810078e-07
1.868182531843198125e-07
1.721224963754143298e-07
1.971196868172965653e-07
2.032520065017648953e-07
1.638560642304003224e-07
1.886153783104471505e-07
1.905378462639963791e-07
2.216011592367095192e-07
2.167790730445660415e-07
1.957629436205826418e-07
2.002962022784789432e-07
1.617126859343469389e-07
1.895176474637722770e-07
1.686177579797091442e-07
1.849192490643273279e-07
2.219403677471398855e-07
2.043259024768269948e-07
1.805077336885546727e-07
1.925326762868814137e-07
2.383735247752871735e-07
2.204132360895174186e-07
1.780569314348653705e-07
2.296035952478328232e-07
2.192520671412503821e-07
2.038238023892549792e-07
1.776918093726031190e-07
1.788904708329579530e-07
1.919456134857902725e-07
2.327565452375408757e-07
1.833966398653643269e-07
1.524649986016461807e-07
1.799152631083765234e-07
1.726334668764609408e-07
1.797708917069587685e-07
1.754450530189104877e-07
2.151198160234979687e-07
2.082980057448687517e-07
1.965490825837195488e-07
2.055326692097087168e-07
1.774648043693064295e-07
2.349342812776241721e-07
2.095476483120382938e-07
1.797877119524788137e-07
1.822972837330280585e-07
1.820042365137655864e-07
2.187723178431045212e-07
2.032424156789912829e-07
1.904104345506161580e-07
1.890729195257654858e-07
1.750330116150125871e-07
1.729881439569000849e-07
1.867492279330269115e-07
1.980256234304504026e-07
1.685336350928986479e-07
1.962547779311953497e-07
1.874263298630606131e-07
1.800514006273722608e-07
1.840231469147115743e-07
1.882455528599594573e-07
2.321194352595798163e-07
1.949116561726874539e-07
1.707352977765777975e-07
1.744129932319026548e-07
2.257795386866236666e-07
1.944966926407094779e-07
1.867723052947499371e-07
1.942920907340995392e-07
1.740332726667427931e-07
1.803894700767386960e-07
1.943295119064042593e-07
2.058846899603611154e-07
2.000715443585519120e-07
2.223957020242852347e-07
1.805669650228829229e-07
1.931468915627011962e-07
1.691374620223034854e-07
1.749415118224840849e-07
2.119936982600281583e-07
1.979306348905105361e-07
2.015773189870111185e-07
1.679444192637746586e-07
2.159862143086075816e-07
2.110455915245158299e-07
1.789375910940975346e-07
1.744279717634595474e-07
1.819228157675336355e-07
2.197058184045536264e-07
1.903478269709672436e-07
1.737973181874760454e-07
1.910827156916958824e-07
1.887126757574870488e-07
2.120301039376759313e-07
2.299570751529499369e-07
1.779833772738948838e-07
1.867127630980862826e-07
1.600704894139392611e-07
1.552534238045046867e-07
1.849371743225802750e-07
1.925035972354130960e-07
1.867025083007169883e-07
2.360656694266748557e-07
1.871454583993216852e-07
1.572742841391347772e-07
2.060552260776511106e-07
2.183975500418816004e-07
2.063609818328997406e-07
1.756191277456973565e-07
1.946112723943602252e-07
1.954725839157859653e-07
2.037724058968687328e-07
2.208840909657802333e-07
1.862628454697679387e-07
1.675180818097744107e-07
2.181891226290566035e-07
2.036873666905231163e-07
2.057748005320772624e-07
1.816950371612612976e-07
1.878250079989823216e-07
1.773264901680928279e-07
1.848104992259252686e-07
1.861596832478627603e-07
1.985281795036375883e-07
2.157357197560276017e-07
2.042180568627799257e-07
1.684091783666844472e-07
1.833583195938084100e-07
2.103857829093943637e-07
2.156694031535971726e-07
2.042274450774611027e-07
1.875833211217759079e-07
1.910075087915969710e-07
1.897241386811826088e-07
2.180452035761897021e-07
1.921371356338876496e-07
1.843107140012579068e-07
1.644401070892843399e-07
1.966437293696162667e-07
1.999778349758462759e-07
1.719880770683302861e-07
2.146872134742737058e-07
1.810438813023846028e-07
1.846977629328074351e-07
1.576338871264671617e-07
2.343696432138539574e-07
2.075313786018575686e-07
1.995935299172439243e-07
1.712720530360775489e-07
1.835092624420798126e-07
2.047496053925336498e-07
1.995887241381146573e-07
2.106302777687380918e-07
1.780382627282111588e-07
1.744399882558988725e-07
1.988675176957025431e-07
2.029487851046798130e-07
1.724277331829465946e-07
1.782670724493557569e-07
1.875856640880947304e-07
1.946293776144757433e-07
1.902151653082484740e-07
2.024734347181851825e-07
1.937280027207639260e-07
2.077499467369548286e-07
1.737910863647842333e-07
1.831560664130772461e-07
1.656342506273013706e-07
2.212506274804473552e-07
1.913744301404680546e-07
2.003834617975195898e-07
1.838661540823466799e-07
1.911889874081754213e-07
1.926956844179018750e-07
2.169433417037624646e-07
1.726682558224326686e-07
1.846569934173370885e-07
1.906002119627474389e-07
1.916216556664966487e-07
2.122131336899255162e-07
1.839185925892180050e-07
1.931926543728207481e-07
1.868515876064600477e-07
2.066212999162630482e-07
2.003921153170077506e-07
2.007077025867944395e-07
1.883431376655633663e-07
1.843915713918550768e-07
1.763783264655138338e-07
1.763837963346552803e-07
1.920855849767091552e-07
1.988704077937317586e-07
2.218844661692622496e-07
1.810281960566153590e-07
1.747581919952174044e-07
1.958391698536664214e-07
2.056948623665653058e-07
1.699799335391004051e-07
1.781782555844531250e-07
1.794588738125804992e-07
2.186889743401607210e-07
1.850411378338013030e-07
1.832243324723807059e-07
2.035687601175871428e-07
2.390619524948501587e-07
1.740573046877265895e-07
2.038437701270897977e-07
1.630132076700112290e-07
1.876619194628153618e-07
1.803778725314381999e-07
1.993323180159688110e-07
2.088597002821372010e-07
1.940951733948610686e-07
2.002544582539860666e-07
1.897500720492717592e-07
2.156969326845213852e-07
2.174182083081563122e-07
1.930086888852522231e-07
1.902241690004618985e-07
1.750715281036948349e-07
1.623922647072483910e-07
1.973156285478249829e-07
2.418571477616216358e-07
1.927736941616649776e-07
1.575201054222481550e-07
1.765192905722224120e-07
1.934813173086141736e-07
1.971016712057921715e-07
2.103287867241354231e-07
1.743207692040871347e-07
1.652136250557799279e-07
2.172921475941989743e-07
1.968249776225938197e-07
1.681156596755743165e-07
1.952896894594181575e-07
1.905135902784090123e-07
1.697792479463577483e-07
1.736030444332796106e-07
2.376932969102558286e-07
1.862662951770884039e-07
1.654401207575223068e-07
1.698280220751141712e-07
2.001941873390466846e-07
1.981249182534482482e-07
2.325683499872772417e-07
2.111868806299409028e-07
2.172830769214886904e-07
1.966290641169548159e-07
1.579539814323455447e-07
1.963473718742507102e-07
2.021405280648259379e-07
2.058182807737671983e-07
2.047309487235955823e-07
1.825034601917050271e-07
1.562451288126443045e-07
1.662171691151598364e-07
2.013328561039275023e-07
2.022855017136559948e-07
1.768040775055606814e-07
1.756547779555893039e-07
1.839171589550690177e-07
2.041818539404651193e-07
1.888231582890019376e-07
1.893017557233551202e-07
1.783062689199352744e-07
2.050007509446134094e-07
1.941673017085088623e-07
2.263906959924174019e-07
2.164189453240414665e-07
2.014603153514653728e-07
2.014983862581758204e-07
1.743261776969037711e-07
1.647570752348342780e-07
2.033372227972075320e-07
1.983795218166953668e-07
2.031983173386012380e-07
1.859585795305847329e-07
1.836682926947014843e-07
2.147598680080150191e-07
1.939666879575988663e-07
1.741102079131884424e-07
1.756551534458553987e-07
2.029806949154855291e-07
1.787987897769604931e-07
2.157777864182447585e-07
1.759555811866146788e-07
2.338073135562994968e-07
2.137785272566277453e-07
1.886411812158683017e-07
1.945862630146211591e-07
1.522742478994206912e-07
2.007671485240709258e-07
1.951639227425070382e-07
2.224431926816283341e-07
1.628054883089202524e-07
1.773096970138490187e-07
1.739467338472158799e-07
2.094315618664321073e-07
2.250201090289213950e-07
1.847617030157645851e-07
1.813023486601423897e-07
1.691931015925383455e-07
2.402396449203650545e-07
2.065104642226147937e-07
1.899578128174523256e-07
1.910449539823718610e-07
1.825729633059517428e-07
2.257184993583068946e-07
1.933596219530070994e-07
1.877195339096784613e-07
2.018606257617140975e-07
2.240126421138843546e-07
2.262145632298843919e-07
1.849113234540139885e-07
1.988755212234935571e-07
2.071076319610777434e-07
2.050930061109104321e-07
2.035560870734676386e-07
1.844325868323911373e-07
1.886450268386559183e-07
1.937185704290530691e-07
1.960550859754038162e-07
1.804633876199288229e-07
2.394841411192989898e-07
1.948440616905805394e-07
2.077124504224235549e-07
1.811835183260866031e-07
1.898300111952911884e-07
1.954359418431073217e-07
2.045513577065435740e-07
2.016734517135324850e-07
2.020235185920435599e-07
1.825941468154751208e-07
1.838804874110974313e-07
2.030814918273860956e-07
2.025989595872769896e-07
1.933850184616425052e-07
1.625668757090226653e-07
1.739657963658994780e-07
2.100348993231968215e-07
1.900975332866176448e-07
1.910205948633128510e-07
1.815325163810846820e-07
1.779893530769851866e-07
2.019181363865511209e-07
1.916398135944910244e-07
2.413114332963044517e-07
1.756238640550871529e-07
1.956339662979344945e-07
2.224582884660357591e-07
2.035487696515401792e-07
1.942513755802581145e-07
2.099536905201815302e-07
2.046864909330276377e-07
1.925762923227047998e-07
1.897335626875734060e-07
1.861013593424005870e-07
1.986520025314781863e-07
1.999737464359506985e-07
1.696564744271657491e-07
1.733714847827839695e-07
1.896449670166050630e-07
1.999041284686822050e-07
2.120621797105364175e-07
2.126052301043853270e-07
1.904564917165480537e-07
1.872871169160827013e-07
1.976938098067202061e-07
2.441454962325765524e-07
2.034384213315778137e-07
1.816373303312095823e-07
1.900414140099910651e-07
1.981434521091871275e-07
2.186042465064299436e-07
1.767158561972861621e-07
2.131603033425944116e-07
2.051522318474856074e-07
1.963383017296991914e-07
1.872294309657651950e-07
1.626093512097802559e-07
1.905282882006333686e-07
2.143043715312485364e-07
1.945420858458377175e-07
1.756742164300902216e-07
1.810922120249350280e-07
1.935885705137035945e-07
1.858544872330700995e-07
2.051689619507247816e-07
2.361801095606219245e-07
1.889279302386739200e-07
1.867252900251786029e-07
2.351796315454985656e-07
2.320477125533612265e-07
1.913526523206443895e-07
1.923234212649351104e-07
1.799222938199852451e-07
1.845175273084144532e-07
1.641614445759610489e-07
1.969807152020361851e-07
2.236947052513858867e-07
2.042947332637310418e-07
1.789064985792519321e-07
1.845661762300715288e-07
1.849637402335748650e-07
2.095856988607563082e-07
2.265779909346060913e-07
1.796761358361062623e-07
1.791188103430923924e-07
1.992972638100143672e-07
1.787714408349967558e-07
1.900057606477841865e-07
1.798182798222727007e-07
2.002128055568196352e-07
2.260488891325809676e-07
1.800238216535791822e-07
1.938037339815596634e-07
1.515795935924974992e-07
2.157159817830621683e-07
1.974454225158475393e-07
2.092344176342798537e-07
2.217432007793370815e-07
2.383327109253964925e-07
1.876012498149707552e-07
1.927172779247127673e-07
1.546016350215076453e-07
1.970191944643762986e-07
2.415001510395287020e-07
2.004947748899269311e-07
1.767328548430280413e-07
1.854744034230072379e-07
2.099027785546652441e-07
1.826051291677419888e-07
2.054768385389236561e-07
1.804685862303589281e-07
1.719889608055317007e-07
1.958713346337892410e-07
1.845383052650439967e-07
1.790078693207284284e-07
1.785398415003915046e-07
2.080071546306311374e-07
1.989792814701340285e-07
1.534668659183923434e-07
1.970511241941756413e-07
2.070845600022839415e-07
1.865289551151784924e-07
1.810666785249099298e-07
1.607254113822418686e-07
1.992227211433674503e-07
1.875807503575996917e-07
1.917228227401539512e-07
1.655490526237099304e-07
1.780918820332126644e-07
1.920592781274108171e-07
2.042823505913238399e-07
2.288381379954551637e-07
1.719126886709944790e-07
1.623432073861009866e-07
1.835649541854600954e-07
1.918973595479740881e-07
2.089181586794042890e-07
1.435951702189611049e-07
1.897847280725241994e-07
1.824054046332385831e-07
1.609945203258055314e-07
1.653597928724597179e-07
1.941224931271798640e-07
2.076418108153883784e-07
1.589718762582937001e-07
1.651530301309669368e-07
2.049574464921366807e-07
1.944193710626880461e-07
2.035620985431698745e-07
1.972289860081732336e-07
1.756313543672264027e-07
2.249698564639778504e-07
2.174937049354950700e-07
1.739826082702103503e-07
1.770033946312633345e-07
1.783372164586064084e-07
2.005490095237791921e-07
2.135765068839784485e-07
1.821966664733775243e-07
1.812719824574082449e-07
1.763912613328951465e-07
1.587286800254420858e-07
1.721619402592285017e-07
2.075801443814539320e-07
2.017988307490134589e-07
2.000541497349112858e-07
1.597083992552580187e-07
1.788769164703335800e-07
1.960061188472149729e-07
1.922773740076370098e-07
2.001179269196602937e-07
2.057189035944617343e-07
1.912069074300036405e-07
1.825857871868455018e-07
2.074000241450403884e-07
2.113307730257667145e-07
1.907754452726992255e-07
1.941790979856505929e-07
1.791270667711329596e-07
1.963090690183499364e-07
2.237523376132271399e-07
1.891072180334630132e-07
1.704353555123496044e-07
1.764948804324287240e-07
1.705536445645261897e-07
1.880659464301283870e-07
1.877958992439569507e-07
1.974362555887117944e-07
2.523789922776342493e-07
1.787834168294129353e-07
1.822851253632202191e-07
1.592200552586806129e-07
2.242885604210506776e-07
2.031463821861214288e-07
1.951154152401678877e-07
1.789363566045102117e-07
1.876007089516169652e-07
1.946613651671869122e-07
1.962162139399949389e-07
1.826546033758581443e-07
1.790725641224090307e-07
1.724061273611981946e-07
2.016975476871159675e-07
2.026304432529694611e-07
1.596940291756855386e-07
1.500645633740176851e-07
2.168962196011278071e-07
1.710613791674317560e-07
1.970441465583768253e-07
1.735469208521360427e-07
2.050308387099319026e-07
2.138704330054626787e-07
1.861892756606241223e-07
1.763657832263818498e-07
2.360207407349998196e-07
1.916056302530649199e-07
1.834623197593210951e-07
1.741816173555352020e-07
1.876973889443753709e-07
1.843302566065476268e-07
2.273852233780727681e-07
1.730110718531309287e-07
1.542683936263423360e-07
1.805854538822770891e-07
1.898848147148247059e-07
1.689528509039811720e-07
2.133579035632065426e-07
1.935416668645518713e-07
1.613393112641676621e-07
1.698431798630301522e-07
1.602346072972794831e-07
1.638267138677838446e-07
1.886855108799437992e-07
1.970692485176422445e-07
1.898722902630983208e-07
2.382584570780818316e-07
1.803823089825001035e-07
1.789817163117352128e-07
2.014033209582263931e-07
2.126899687913680302e-07
2.149244982919447607e-07
1.742796913071693915e-07
1.869621221989542182e-07
1.818410089572384149e-07
2.127565429965036999e-07
2.141229422002464162e-07
2.061045809075785348e-07
2.071314737540418046e-07
1.709079367004010524e-07
1.783361897335752268e-07
1.804336225817848626e-07
2.097308555917156082e-07
2.030173051000955430e-07
1.647974948636774179e-07
1.802910942448609525e-07
1.946686928115410777e-07
1.851190714865358020e-07
1.874821950580924612e-07
1.951136386170775771e-07
2.311767672890803090e-07
2.261730120085343998e-07
1.843831426197879601e-07
1.578253240725003122e-07
2.217682829848830809e-07
2.057765464785446021e-07
1.914299730996800769e-07
1.786348542117883703e-07
1.751373432388898291e-07
1.703958906431783060e-07
1.886870019102441882e-07
1.765756283005226372e-07
1.941831700213490886e-07
2.080366622346939998e-07
2.115996609824444778e-07
1.874727574297234972e-07
1.913746235341921414e-07
2.014484902001864655e-07
1.990803335427054411e-07
1.923645403283009322e-07
1.914583428155011823e-07
1.795419845027812631e-07
1.928047580080122242e-07
2.404714258181062059e-07
1.907717620226672563e-07
1.773404978340663830e-07
1.739229201522547440e-07
1.962099042739270179e-07
1.813156238106729093e-07
2.068121709838412294e-07
2.030031890452002775e-07
2.064546114925523818e-07
1.751547720813306238e-07
2.150484392542475390e-07
2.193394792974257661e-07
1.745533024929639093e-07
1.921078784442450867e-07
2.073526562932566899e-07
1.939857156071504365e-07
2.084636454536241166e-07
1.937442658366500697e-07
1.740826282257986665e-07
1.604348704470168719e-07
2.047815279329905043e-07
1.936197995204709830e-07
1.613024246790810842e-07
1.751243751396342391e-07
1.912989642737260552e-07
1.901493953985793946e-07
2.119336491491254122e-07
2.018892013767291827e-07
1.910650118106374346e-07
2.388635168782370639e-07
1.892209425086639301e-07
1.670858697744385107e-07
1.676996863695539355e-07
2.196180389898004899e-07
1.919368971949567331e-07
1.969620761151249047e-07
1.935091817967509116e-07
1.748694369890451105e-07
1.999941087556219245e-07
1.984854098353253851e-07
2.034252376069824563e-07
1.795306463391137509e-07
1.555582142988523129e-07
1.901167096416608732e-07
2.217036988089531262e-07
1.943240082780167698e-07
1.716805454535626690e-07
1.860558212709514082e-07
1.855632608124358292e-07
1.966539901595038995e-07
2.040906110242871769e-07
2.155090599493380928e-07
2.046618976800708487e-07
1.653610311280843526e-07
1.597374121241014791e-07
1.941283632440955687e-07
2.045552431880983061e-07
1.956716628366665328e-07
2.151268651890689022e-07
1.871608959091653621e-07
1.782101109379450275e-07
1.999427404143016706e-07
2.090774979933454908e-07
1.885133320589056906e-07
1.907953718726897651e-07
1.625617913305076565e-07
1.730181701253253297e-07
1.965851720789719505e-07
1.995061327372802833e-07
1.621264451129921089e-07
1.828616420431488227e-07
1.996952845185695452e-07
1.815782205559112342e-07
1.744480863925799145e-07
1.966936509326950322e-07
2.281015163413765698e-07
1.800622485387826900e-07
1.646294788946076627e-07
1.804036688423009104e-07
2.180851525395769074e-07
1.994829472899660924e-07
1.980497208181377881e-07
1.645194041525524623e-07
1.791673874325063849e-07
2.093366372817628866e-07
2.083274807038556106e-07
2.130569646430028025e-07
1.763637237314362479e-07
1.795602365186538745e-07
1.777486381515025855e-07
2.134663250147256164e-07
1.992247417549242808e-07
1.643414653339156030e-07
1.840359645808958531e-07
1.921506156456542696e-07
1.925990539205068582e-07
1.729679179323775592e-07
1.705953743076857306e-07
2.048279910438224737e-07
2.014692786435016684e-07
1.669038795339347701e-07
1.518026953878844758e-07
1.901693844210444381e-07
1.894987511724390651e-07
1.979473171019494190e-07
2.008364745724812577e-07
1.996439376225193941e-07
1.555642882386497479e-07
1.924163419541552322e-07
2.105628846754853566e-07
2.263104828604497582e-07
1.738340403811630590e-07
1.895311641091419332e-07
2.302655526641804458e-07
2.147649853605962487e-07
1.826607549287510642e-07
1.908457420086255260e-07
1.680648149968636028e-07
1.718783054396654945e-07
1.681313466831108395e-07
1.710990982745360577e-07
2.233163741866989717e-07
1.940761485551527831e-07
1.897569567558887567e-07
1.912287978677228415e-07
1.967146764765282035e-07
2.154375774641620120e-07
2.265422182039385755e-07
1.788021763974007721e-07
2.105542843174564791e-07
2.043835799728310980e-07
1.773959188930172834e-07
1.923538793377108061e-07
1.785091930435306238e-07
1.901544666814762214e-07
2.160918207822368947e-07
1.886133246963742214e-07
1.693508195883868285e-07
1.570311162147672112e-07
1.785956251996373901e-07
1.832157236306181918e-07
2.313746551255518670e-07
2.004441040746758257e-07
1.994642919617941213e-07
1.875400960673751460e-07
2.061342950213691022e-07
1.970679198918879464e-07
1.835143714442714879e-07
2.262267263141695925e-07
1.818847285351138418e-07
1.717017631363522653e-07
1.687599420799848564e-07
2.151111047145171901e-07
1.975065762127798050e-07
1.958001484580030235e-07
1.843986064306955369e-07
1.693697164683388261e-07
1.962608899532733589e-07
1.992234514547466890e-07
1.718719412225555939e-07
2.188275354558675337e-07
1.976453961360434186e-07
1.855247634580056196e-07
2.086732172006900820e-07
2.017055804307498222e-07
1.795113794050636990e-07
1.773928254583567183e-07
1.863077363152900400e-07
1.788228123746874252e-07
2.038900001851344904e-07
1.720339875754523961e-07
1.713887945287251067e-07
1.981138980274163624e-07
2.009737147464195465e-07
1.973404934255215666e-07
2.114119735070969158e-07
1.854348744742327686e-07
1.578138782497860923e-07
1.994083736734134916e-07
1.689876009107020671e-07
2.220154802376386277e-07
1.917721042984879900e-07
1.896446719523824843e-07
1.877998698907017594e-07
1.767739822261074839e-07
2.148025374503070231e-07
2.037412395915576372e-07
2.216928705697778649e-07
1.686803365490778851e-07
1.828537350712407340e-07
1.924620138412313678e-07
2.322667088179605505e-07
1.949995311769702812e-07
1.753404204840117473e-07
1.838813839159642406e-07
1.916408976089192130e-07
1.981333519425626937e-07
2.177072717178282973e-07
2.199493735548938872e-07
1.785486181394968604e-07
1.881951426251718153e-07
1.614116565016103827e-07
1.796674621074023468e-07
2.009470641506891729e-07
1.897439139410681730e-07
1.969690820981074866e-07
2.032292482643259213e-07
1.828732563861799508e-07
1.752584269298028663e-07
1.932634106664346503e-07
2.196316955693840932e-07
2.029365020817338679e-07
1.856592828897946634e-07
1.826201223037420139e-07
1.860117523899725250e-07
2.125338808689046389e-07
2.119095219031838524e-07
1.965907374505886414e-07
1.711633786871644288e-07
2.165317743128447869e-07
2.106772377925478050e-07
2.099471232102036568e-07
1.697738323519655572e-07
2.032858442076255908e-07
1.724589003026424407e-07
1.845827827365707545e-07
1.969305297342453921e-07
2.002381039692786207e-07
2.202720630850035073e-07
2.248849146647510045e-07
1.814020748396222585e-07
1.810656574613342594e-07
2.270082490863307033e-07
2.161733460379787577e-07
2.066752847985161845e-07
1.951747091039450532e-07
1.748089962936065797e-07
1.525378413909477571e-07
2.109338020943843233e-07
2.042652185150852149e-07
1.929205876208379023e-07
1.705013804220695838e-07
1.622908779789277406e-07
2.016680207371128955e-07
1.595639083217760334e-07
2.420164275592062832e-07
1.758271879697011257e-07
1.766732966410035631e-07
1.796497207107346927e-07
2.017019630691323807e-07
2.182461913806785357e-07
2.002381161619305642e-07
1.803029910547010341e-07
1.863086811988878211e-07
1.890140747141658815e-07
1.946350371502926531e-07
1.802948722746509622e-07
1.685076856903638123e-07
2.004357578090830134e-07
2.181619672487502611e-07
1.654526856605903959e-07
1.600333984140493474e-07
1.974929510858964610e-07
1.866530020924430098e-07
1.993750685648809045e-07
2.184027971202933214e-07
1.952956735159278035e-07
2.149020675142792625e-07
1.758994045555006334e-07
2.103429549505702692e-07
1.819901015456756971e-07
1.867947845269056693e-07
1.759105783120773488e-07
1.996566860493922893e-07
1.864894577854409597e-07
1.840464330774114940e-07
2.139206543899393886e-07
1.985144929572258040e-07
1.715135742764229022e-07
1.969807541126124379e-07
1.833406735042039905e-07
2.136286932954874021e-07
2.255675791870843855e-07
2.183112904856939280e-07
2.090331164054653945e-07
1.973373900186054500e-07
1.820370420346778441e-07
1.766536835165966360e-07
1.917849052827268585e-07
1.927930728153967111e-07
2.177457474038028987e-07
1.708986293816697685e-07
1.970653386281979420e-07
2.149628521849843556e-07
1.626393413521654597e-07
1.751853954827572369e-07
1.765970979510629770e-07
1.990420982242521594e-07
2.111604284426700429e-07
1.903200638326956075e-07
1.991750714749991903e-07
1.657264750892035414e-07
2.192254284741904282e-07
2.103219869003368608e-07
1.816175033109921990e-07
2.022036666191877628e-07
2.001798925198462106e-07
1.748384248547893833e-07
1.958780681347148568e-07
1.757532442073614052e-07
2.161525631339598418e-07
2.210695586282173560e-07
1.883217696318363585e-07
1.933052736231136008e-07
1.731680620666684735e-07
2.093662045366359724e-07
1.888105531894590379e-07
1.728097840664186667e-07
1.857225073534758352e-07
2.110227137528196042e-07
2.170343528071575638e-07
1.985061531621187610e-07
2.115754610936590982e-07
1.921533255803086526e-07
1.994685269019535035e-07
2.159527062840984972e-07
2.285283283836576098e-07
1.962248165994353893e-07
1.852252456624564026e-07
1.873037273062273812e-07
1.820442690984605211e-07
1.972501747400273200e-07
2.314156382548104031e-07
1.912054914644985530e-07
1.565934238646479542e-07
1.762809847835600671e-07
1.991401990645607742e-07
1.946538156993129765e-07
1.916513125466696844e-07
1.799642722577881943e-07
1.674220358786080027e-07
2.051898437347318758e-07
2.050620422903011472e-07
2.084227150079960553e-07
2.237875321150984251e-07
1.905819873472419886e-07
1.727005451453916665e-07
1.828517223123532982e-07
2.347984450738739607e-07
1.894696339458536680e-07
2.043786293917522459e-07
1.760381245453421032e-07
1.676963109774900843e-07
1.686752047237075893e-07
2.041529693772726124e-07
1.871358414947907173e-07
1.741797305341368212e-07
1.710129685997221044e-07
1.924585366095358945e-07
1.890234330408913827e-07
1.987987131589486675e-07
2.187972697090860285e-07
1.816278978749414790e-07
1.891367389843146581e-07
1.854624623252933999e-07
2.096997327436091514e-07
