3.779854829653455375e-07
3.847735008908230826e-07
3.005863300918048140e-07
4.419979425626334426e-07
3.420026456586594154e-07
3.394501247374303369e-07
3.219462541627924910e-07
4.183648723575049593e-07
4.142091722950514487e-07
3.617142901054061286e-07
3.388472710107659414e-07
3.368568345392165322e-07
4.382893646243463558e-07
3.724066263530365833e-07
3.826420070345128521e-07
3.522756946310632353e-07
2.988491052329975766e-07
3.103868772177537634e-07
3.911264295497335932e-07
3.662978148906504348e-07
3.305351056198841468e-07
3.125489957074938878e-07
3.751947786982351270e-07
3.613912450135751310e-07
4.086383534233620418e-07
4.181362448984761611e-07
3.833123389329636126e-07
4.345718700495154419e-07
3.502167817269399194e-07
3.060793446737558949e-07
3.319522994623934127e-07
3.988495980298429020e-07
3.618492046408066283e-07
3.614239668349286910e-07
3.686507191725944210e-07
3.129924868110132588e-07
3.710957993276828370e-07
3.582635586307436359e-07
4.686524672504194741e-07
2.799954691272653181e-07
3.554019256741755598e-07
3.437894127741972404e-07
4.086567715744743092e-07
3.661464234050555239e-07
3.212041168698795891e-07
3.536798301109036583e-07
3.850256540145223386e-07
3.724233340659311054e-07
3.760947330891441740e-07
3.633140815354466591e-07
3.138253452396337207e-07
3.330634244293891372e-07
3.611762556094997390e-07
3.943275920582518964e-07
3.997933781288099216e-07
3.450330121785961893e-07
3.339579710026931470e-07
3.762560233722079641e-07
4.296031058642787723e-07
3.096218575288258586e-07
3.571145357142070498e-07
3.659921474741848891e-07
4.069310710031594583e-07
3.687865490950507392e-07
3.734331523701161037e-07
3.351011134314811678e-07
4.120894927676548855e-07
3.895138139696431498e-07
3.597524224661978548e-07
4.093067245250602442e-07
3.262669772495423270e-07
3.802206119073520086e-07
3.439184206458795740e-07
3.641485494266446911e-07
4.205625398170651869e-07
3.674462016585864416e-07
3.507688432064828581e-07
3.797270179202797557e-07
3.557827009798897215e-07
3.831738096913873171e-07
4.022340865235020639e-07
3.694613920465839480e-07
3.231546971174240421e-07
3.519265002657886270e-07
4.087492354914803145e-07
3.886195318168482808e-07
3.642683519170348396e-07
3.757467249107286479e-07
3.883375567441766483e-07
3.941643807307214372e-07
3.578614300044055793e-07
3.954370233336401898e-07
4.462028194993628946e-07
3.780999124719962217e-07
3.435497929804238702e-07
3.934302522378820141e-07
3.276528012790814166e-07
3.655959787871032617e-07
4.190401851249949662e-07
3.540791091393307809e-07
3.115736211410501858e-07
3.846064905743030294e-07
3.873660354066902407e-07
3.050107799981361305e-07
3.234702270471674535e-07
3.841063499398836473e-07
3.741035286176303072e-07
4.160400701433866382e-07
4.280548527060340922e-07
3.735535645461425627e-07
3.800376960622948400e-07
3.360311055183561159e-07
3.422697337335458761e-07
4.543414662551818587e-07
3.681331072178646522e-07
3.461698137228997845e-07
3.334975710376819995e-07
3.372791769577526889e-07
3.896094685540303097e-07
3.814727082792249573e-07
3.523143774022515578e-07
3.401177005172527120e-07
3.458202299474782890e-07
3.690802002922151480e-07
3.816910386575990366e-07
4.195912669328248915e-07
3.486212095527171611e-07
3.540632312826084694e-07
3.843780187219601830e-07
4.394952457138695686e-07
4.066819238433071407e-07
3.763898186134776665e-07
3.674384623986631963e-07
3.267355602544149355e-07
3.348622995254907673e-07
3.920182640707528622e-07
3.970143659932024430e-07
4.249704899804511185e-07
3.375533650268896754e-07
3.169495204290340414e-07
3.341930081370747159e-07
4.214484218020909092e-07
3.648219823857508184e-07
3.525160249523910470e-07
3.586981466302950571e-07
3.403928403270191696e-07
3.889911013551252481e-07
3.953269113463202185e-07
4.309636720566674785e-07
3.410815227506360414e-07
3.575883445937584388e-07
4.082149507474076155e-07
4.271554827598224256e-07
3.415168742800020333e-07
3.797928920520531890e-07
3.625049870276673866e-07
4.294958349049214586e-07
3.256670834066352497e-07
3.729409605313876461e-07
4.357670401461995277e-07
4.169934184761566477e-07
3.222322094472193807e-07
3.478866641451353325e-07
4.172702450115839355e-07
4.015371585157355926e-07
3.648808470894301333e-07
3.607308700345140590e-07
3.065638869890212140e-07
4.090610528906553982e-07
3.977356625277310137e-07
3.756554893761406618e-07
3.349773964418401021e-07
4.033936427519655598e-07
3.618488725076796909e-07
3.512233821682961066e-07
3.770937716509115919e-07
4.450497315211496817e-07
4.815552896415609548e-07
3.298173876279945372e-07
3.666916399617573392e-07
4.049042399443523252e-07
4.146443949012583193e-07
3.866711551872128252e-07
3.479938356419369119e-07
3.527295983441818659e-07
3.154288000268275989e-07
3.651894291328039629e-07
4.134549023199222074e-07
3.579484045135492268e-07
3.461917299164835909e-07
2.887923372159978892e-07
3.759601515852315851e-07
3.744628905929781541e-07
3.678613979262078682e-07
3.257684152452281142e-07
3.596791246113617534e-07
3.651866217551222240e-07
3.240489322374931461e-07
3.920311094513681312e-07
4.442991386208294350e-07
3.688559122239065184e-07
3.357355228482863138e-07
4.138636588222988535e-07
4.024170251648846321e-07
3.596850497905372262e-07
3.569270612321787586e-07
3.284598848644454239e-07
3.146989453170008796e-07
3.736756484189015576e-07
3.846999199392678681e-07
3.164756189863174818e-07
3.487124308666128855e-07
3.704039699376385588e-07
3.756209765984157190e-07
3.720953240484509017e-07
3.621100188681363136e-07
3.104954913256520700e-07
3.388349256057941478e-07
3.479513943637185580e-07
3.004313471706966869e-07
3.350663223952373200e-07
3.406390744601127845e-07
3.746742592207696585e-07
3.698132809753902959e-07
4.346798467963868844e-07
3.172368466664897218e-07
3.250929368247456220e-07
3.589602467203213962e-07
3.856498238220966237e-07
3.890603750840744801e-07
2.763267427623756840e-07
3.469529322100751441e-07
3.503575710897189989e-07
3.763240243643110508e-07
3.765110383209788815e-07
3.687931479366439405e-07
3.470076658829080568e-07
3.591214095684436304e-07
3.393382389007067590e-07
3.431776730848414761e-07
3.550750451374183365e-07
3.951944134829981456e-07
3.618309845266068162e-07
4.428881001768095587e-07
3.231330800054361100e-07
3.315305953856021597e-07
3.742718461908116962e-07
4.095664930676205637e-07
3.955610132814521061e-07
3.748203082847197718e-07
4.498963781002699227e-07
3.981509393721316632e-07
3.440062430114967763e-07
3.663097877402930026e-07
4.176517421658551428e-07
3.608541866290494910e-07
3.595289327683102157e-07
3.535784915091939083e-07
2.966383088994978417e-07
3.346314572779464673e-07
3.242791079281858298e-07
3.685127167661039929e-07
4.458846430583004579e-07
3.836872963513011990e-07
3.507414919320001836e-07
3.503993579578121623e-07
3.631904165580477904e-07
3.957067366771819893e-07
4.617891830292612384e-07
3.548217197400218079e-07
3.469622944283231090e-07
3.414285134223225408e-07
3.806828539047231612e-07
4.127160722213991636e-07
3.901207592524521372e-07
2.722655718002307934e-07
3.533671551017043545e-07
4.442295871620940867e-07
3.752128366827369313e-07
3.387689235321382512e-07
2.986254398358262711e-07
3.116876410835410327e-07
3.572503806083229176e-07
3.341391786295604498e-07
4.786692456004013035e-07
4.123175317511185025e-07
3.597772052730039950e-07
3.594752721289874364e-07
3.603770007549307915e-07
3.254311384909481530e-07
3.615347538751815115e-07
4.074785102223816593e-07
3.489743642901851586e-07
3.192059199678607450e-07
3.323402673773625872e-07
4.020622344704025985e-07
3.624131778287111061e-07
3.474890614121990333e-07
3.389504898901859686e-07
3.662747023156483831e-07
3.477484508333008650e-07
4.487602619728687940e-07
3.029583146279514021e-07
3.440100554637751115e-07
3.754121059556403693e-07
3.057417356658413012e-07
3.452815802109088674e-07
3.791638646746675685e-07
3.772030199196332088e-07
3.662431780470909719e-07
3.143853603363978658e-07
2.896636408898178884e-07
3.675924965008850715e-07
3.722656280582818558e-07
3.464405838658564226e-07
3.453953320283619620e-07
3.998631674723917923e-07
3.670109732204804375e-07
3.919366783601222192e-07
3.703232389145822795e-07
3.696123726525291561e-07
3.873385163225826939e-07
4.438611920024364257e-07
3.067185297480104486e-07
3.940227397739939448e-07
3.832216862403190111e-07
3.065964559064566073e-07
3.595524701235827688e-07
3.752959701329273402e-07
3.940992165078791851e-07
3.133412418620356218e-07
3.616177321809032715e-07
4.060523276039254754e-07
3.757747864965833153e-07
3.408787761515961594e-07
2.974918643455791566e-07
4.551198125814008950e-07
3.775514872227963302e-07
3.670039837581350790e-07
3.128235435630760630e-07
3.722424887512312733e-07
3.822146508312838644e-07
4.272081406110770979e-07
4.007395075422751371e-07
4.252592341140504039e-07
3.561641222202330708e-07
3.072470907745226725e-07
3.587823507404433157e-07
4.075683519700332913e-07
4.044289773622158759e-07
3.388473836639258411e-07
3.733951609459993379e-07
3.268030104943266295e-07
3.446124405891154617e-07
3.820468586279929212e-07
3.673018721055004165e-07
3.311125544865612998e-07
3.471044863850337007e-07
3.801782810380520733e-07
3.628063241644017468e-07
4.285029205356888979e-07
3.247270923310129149e-07
3.441889713473600985e-07
3.667714860630315715e-07
3.920540554771634763e-07
3.926266733907528596e-07
3.944054065649364665e-07
3.605906741537966041e-07
3.585056706298410089e-07
3.188525540231908885e-07
3.395101807758597517e-07
3.922829120043906925e-07
3.944230321796260894e-07
4.026315376090167054e-07
3.442583481629202524e-07
3.233861617032727517e-07
3.539589528206130214e-07
3.929671663339881029e-07
3.770140029851511696e-07
2.963052301383518131e-07
3.508993156466429006e-07
3.556170932794992671e-07
3.612350750466594973e-07
3.901528221602086082e-07
3.853911360770447703e-07
3.634983247163503757e-07
4.058415550599313554e-07
3.975244203180084299e-07
3.571899946264955471e-07
3.741411533112967717e-07
3.756747601083875902e-07
3.072208851602544001e-07
3.518853336824315965e-07
3.983908328774178287e-07
4.159995123033888807e-07
3.713819417275368024e-07
3.517799452362425743e-07
3.907823485532417433e-07
3.863433119344661734e-07
3.611294421807420005e-07
3.610035451186330640e-07
3.322404760568440588e-07
4.278312995136810007e-07
3.810588907684902778e-07
3.651435194067013933e-07
3.279625472694191125e-07
3.494141742004425157e-07
4.015688605078696352e-07
3.455425817425189826e-07
3.745318876211523108e-07
3.510944486397349123e-07
3.820551682252981275e-07
3.899904197952198340e-07
3.623916191049597182e-07
3.508074473370218691e-07
3.862810032469398834e-07
3.948788010640437289e-07
3.907596714561219059e-07
3.333362903484627182e-07
3.776510938739002412e-07
3.099121935757177738e-07
3.450983424389768969e-07
3.911074798201155372e-07
3.900093562036936125e-07
3.031921839223989030e-07
3.709602086712568764e-07
3.687096783020401111e-07
4.051151824039650573e-07
4.692300437677418464e-07
3.893529134411585366e-07
3.554522974228366147e-07
3.328109481371717694e-07
3.094770976977738242e-07
3.353343025387109566e-07
4.259291113534610859e-07
3.315782411945840949e-07
3.310658302491723439e-07
3.264006588410354932e-07
4.025973636620998022e-07
3.996374592733311176e-07
4.018728836493834343e-07
2.999149565312535275e-07
3.316060062816948953e-07
3.637516094104839964e-07
3.726447500352313882e-07
3.865484702640085088e-07
3.176586634194146844e-07
3.703328751558251653e-07
4.017882654704867330e-07
4.609914189405156419e-07
3.903289512961288411e-07
3.452723878831695935e-07
3.081400275451270556e-07
3.228851056554647792e-07
3.586080232437667465e-07
3.757430034606222236e-07
3.225439039846916285e-07
3.143158567372062590e-07
3.547412010115401633e-07
3.801921556720389584e-07
3.782913988324275286e-07
3.454874274146854561e-07
3.444160474282314464e-07
3.801731493843762294e-07
3.841119438924468011e-07
4.545184764710434395e-07
3.022011120952101064e-07
3.525240066929379698e-07
3.916335084084972429e-07
3.269806877601266631e-07
3.914791515437369182e-07
3.934726384217993023e-07
4.176480324020442337e-07
3.419063792329814045e-07
3.390113305726261122e-07
4.398695017377193457e-07
3.590153434136950100e-07
3.307445680314385370e-07
3.650185189248205286e-07
4.076331017612159403e-07
3.916223114881809021e-07
3.828115288413681054e-07
3.640868839323932704e-07
3.207087099776276333e-07
3.925355711949151132e-07
3.969811225461110913e-07
3.797102981760251717e-07
3.632014385288434307e-07
3.464391539987243938e-07
3.171356501631374762e-07
3.604880810554322128e-07
3.516899128156847274e-07
3.731501158089522747e-07
4.163550519754548927e-07
3.150104178577456810e-07
3.496923798885938403e-07
4.062017522697568859e-07
3.966931315847811866e-07
3.534716169555261552e-07
3.535682684703232225e-07
3.266390933778696670e-07
3.999296890929276061e-07
4.136261108841426281e-07
3.424175952132457087e-07
3.313025079694860624e-07
3.317049036649595461e-07
3.914522490626628425e-07
3.686999573578616948e-07
3.896426352254361412e-07
3.519706823955358852e-07
3.382766588855287243e-07
3.700406939658586692e-07
3.477673660303216858e-07
4.001410477398226847e-07
3.936529027576473336e-07
3.627513283352830522e-07
3.445738946019853742e-07
3.399390302186973297e-07
2.806322130378048006e-07
3.821980093516765373e-07
3.795662512213495179e-07
3.561116592834271370e-07
3.274424112250363089e-07
2.914904136411445834e-07
4.387182512043555481e-07
3.612605819680641982e-07
3.577013931276939267e-07
3.284632817094902100e-07
3.471986625614307511e-07
3.807963160570731317e-07
4.172016839452762960e-07
3.114475563048710613e-07
3.614184048862408820e-07
3.056764826489238177e-07
3.689837564818080424e-07
3.655714535619072978e-07
3.713816895362705548e-07
3.641949955580747461e-07
3.098024743301903927e-07
3.210965400028455333e-07
3.984773253220724095e-07
3.810137722696233652e-07
3.617016589159474903e-07
3.444425955803774688e-07
4.038666512000224403e-07
4.220520970043286899e-07
3.577560937055962963e-07
3.347383097989477325e-07
3.861325284018201904e-07
4.017487157078761856e-07
3.882156247399159691e-07
3.394744223112957338e-07
3.735029455500664171e-07
3.550653411987099618e-07
3.063448227046304009e-07
3.683700550186398568e-07
3.644192747391497393e-07
4.488990689398581335e-07
2.947737615966131320e-07
3.476704644920053654e-07
3.373563517133743207e-07
3.912027917176211049e-07
3.605747768571504043e-07
2.886087581712891030e-07
3.676505328415768482e-07
3.607086965244089899e-07
4.184176556017699260e-07
4.153260495905329100e-07
3.531456686926734924e-07
3.226984999538464016e-07
4.233351014582367191e-07
3.908503736088425302e-07
4.078573356758632801e-07
3.602341479652586284e-07
3.625252130668315386e-07
3.838892446453258042e-07
4.069436251084222129e-07
3.479711906838719955e-07
3.500031945266800869e-07
4.008893551548091161e-07
3.397460923472711403e-07
4.047210035961526665e-07
3.967731782502050747e-07
4.139687991041986892e-07
3.204911285959429427e-07
3.699869520134155204e-07
3.211411760597041298e-07
3.912040387374880746e-07
4.075656232268757041e-07
3.508133247002583802e-07
3.276803331558536093e-07
3.412024050377296536e-07
3.563075443008471276e-07
3.374068799467199996e-07
4.229239270316173401e-07
3.863027187089318198e-07
3.477586170560392210e-07
3.625411694075678702e-07
3.415476853420088268e-07
3.866244786000031949e-07
4.236971018259849010e-07
3.533347685841502230e-07
2.877604927100638173e-07
3.420603151213205405e-07
3.882650001289279333e-07
3.605467184735333872e-07
3.914080373804799027e-07
3.351036382433990910e-07
3.154906955189382899e-07
3.336358757315464970e-07
3.650824035125500845e-07
3.720365451457206915e-07
3.435145364416961567e-07
3.402507698092430783e-07
3.674311679245478440e-07
3.597237606910016187e-07
3.446984176881201807e-07
3.784422050045517407e-07
4.051761951172355478e-07
3.488506451361164087e-07
3.168723483233083452e-07
3.280470435775254828e-07
3.898352659080534967e-07
3.656137832861709955e-07
3.297136239085111470e-07
3.248413883344731887e-07
3.907531273080937713e-07
3.917025067104145582e-07
3.971268500584522266e-07
3.283166567129343014e-07
3.275891020011941664e-07
3.778306700697070372e-07
3.900342009482749255e-07
3.877107812543881838e-07
3.013203654720939205e-07
3.663605900589535220e-07
3.867683285793749678e-07
3.487282946453905391e-07
3.391807821138780491e-07
3.235820556524589241e-07
3.786527346180944310e-07
3.509391078206211177e-07
3.507164330976057086e-07
3.312007754727014600e-07
3.630825175174625036e-07
3.615519244352133066e-07
3.962429327169224411e-07
3.628112919332881938e-07
3.538076329357293167e-07
2.935356410782569871e-07
4.018143900858490781e-07
3.939022970096154860e-07
3.290870476575112567e-07
3.630966200336754724e-07
3.552103904703869368e-07
3.827061450642371349e-07
4.077455870772061675e-07
3.581612251649204075e-07
3.631158061847744322e-07
4.401059160292981782e-07
3.296988465431763320e-07
3.219812239601421980e-07
3.635987910392363745e-07
4.218536351872154435e-07
3.640781867961037141e-07
3.211717382088256646e-07
3.528871876830689072e-07
3.602400966502229155e-07
3.631655744302554421e-07
3.513556318741495668e-07
3.744900696949559628e-07
3.200270021118068319e-07
3.419244470440632018e-07
3.759520250258435196e-07
3.707465814527318509e-07
3.293659320180078187e-07
3.020789697391061611e-07
3.519469826748447900e-07
4.377909626485196061e-07
3.600195950033430045e-07
3.837516001933538113e-07
3.609572596322941941e-07
3.609208838054447996e-07
3.378828555818114059e-07
3.636474534703433956e-07
4.033705806967608100e-07
3.102760852196771834e-07
3.534176483484402797e-07
3.816058737491225016e-07
3.865660415928974256e-07
4.289904306831525629e-07
3.240643830522293971e-07
3.431618332213517210e-07
3.601330109222585747e-07
3.901475711864971330e-07
4.266271120763350941e-07
3.166192196322272031e-07
3.546951667384425896e-07
3.467604244276289433e-07
4.355708582558161965e-07
2.983128064796052916e-07
3.869965017719434475e-07
3.878236431930334298e-07
4.020556290135900758e-07
3.302315654933129668e-07
3.368790494910665315e-07
3.638506462712679988e-07
4.049395791399812271e-07
3.749835592167391409e-07
2.983727524109302735e-07
3.629406636816026107e-07
3.476932365380301907e-07
3.762111998988240491e-07
3.857158277689705419e-07
3.732219128698508008e-07
3.506310482274182352e-07
3.492959376688216253e-07
3.868683702023347165e-07
4.161444409617127167e-07
3.888261274102315571e-07
3.569455577887254291e-07
3.601198488924698617e-07
3.521411777626206183e-07
3.594092882190827672e-07
4.032740287139776080e-07
3.909358715443368655e-07
3.268770187332569491e-07
3.377555752523987889e-07
4.244993565149346379e-07
4.105277982646945835e-07
3.499225831600382451e-07
3.553575911817621764e-07
3.140277674580809895e-07
4.223087021301037619e-07
3.872310598910142701e-07
3.634472437592255348e-07
3.253198937064253057e-07
3.420177532950144185e-07
4.111639864432591081e-07
3.494859215899005996e-07
3.861132709028070605e-07
3.428430677924411177e-07
3.147398416417218258e-07
3.225799241654160680e-07
3.439956663265706525e-07
3.356707947975352625e-07
3.975176804601352204e-07
3.895845251716353730e-07
3.648359475396523057e-07
3.474355880336678948e-07
3.242556396093792483e-07
3.696730985127889444e-07
3.997294912342830662e-07
3.489330546998157118e-07
3.721418997719619017e-07
3.668037451844809783e-07
3.500343110082590868e-07
2.706381830879977433e-07
3.947271433746104331e-07
3.673418533845585209e-07
3.154605500893398245e-07
3.405531610699892676e-07
3.487107359122871179e-07
3.698667051391124837e-07
3.515346410363565324e-07
3.446953772892671198e-07
4.540407535575240075e-07
3.266503988425760629e-07
3.168957221375589232e-07
3.739080267007242354e-07
3.619828701094284490e-07
3.626859798947347186e-07
3.370067349113884287e-07
3.356651252539442216e-07
3.697790751130946209e-07
3.774244642593734471e-07
3.956781603109928607e-07
3.264179846606111334e-07
3.232685999911321070e-07
3.633049419563373684e-07
4.003696975212084268e-07
3.763322952786640418e-07
3.369174083205577094e-07
3.326867053262795348e-07
3.681646866411668709e-07
3.619956617889612904e-07
3.428874370981738074e-07
3.362660596296484303e-07
3.741956651878696315e-07
3.394241580504354121e-07
3.210397181203112935e-07
3.277060674753337022e-07
3.931689114740669100e-07
3.610405633602577633e-07
3.550334814561416926e-07
2.934668070954297011e-07
3.765840067622959575e-07
3.701789777525978709e-07
4.533915562943615699e-07
3.110293322299211232e-07
3.624132206267106860e-07
3.397695135362182419e-07
3.906097936115682355e-07
3.868824032514273994e-07
3.479185107677828005e-07
3.609734895467648359e-07
3.257231515508148082e-07
2.863424667992687134e-07
3.460189742547554371e-07
4.032097832353126637e-07
3.678071838103400703e-07
3.283484566175900484e-07
3.338318224062538468e-07
3.587687377663032431e-07
3.645860688686640924e-07
3.999405450980861356e-07
4.229915875318364672e-07
3.449335162669187708e-07
3.800223463449932612e-07
3.859652735687361033e-07
3.827839274501512078e-07
3.786437298189875096e-07
3.548447753107817649e-07
3.242276364684014771e-07
4.031923861780999786e-07
3.999517413740475728e-07
3.652625181237656534e-07
3.134842957919338126e-07
3.525637461036318455e-07
3.702176711531062456e-07
3.683470684017896993e-07
4.304105242421116582e-07
4.092015590379335521e-07
3.407600872416132233e-07
3.314417891387683885e-07
3.395252413816503005e-07
3.858634408239137920e-07
4.316642223117531277e-07
3.826284980251417743e-07
3.704538880318708923e-07
3.894607169115000405e-07
3.843684676957392486e-07
3.908204485653694904e-07
3.433782660477020416e-07
3.049713182481796216e-07
3.192562406988248203e-07
3.933746660839416199e-07
3.700273212975335130e-07
3.358794456113301602e-07
3.926576669683671089e-07
3.402969336276534140e-07
3.622951309690273681e-07
3.766676883872169576e-07
3.865071192723719835e-07
3.467456198282851910e-07
3.116631265451751111e-07
3.205457988315990530e-07
3.850166418820225885e-07
3.776707435864549226e-07
3.763399992329684613e-07
3.065648453426743383e-07
3.433733535507316343e-07
3.834890378379198279e-07
3.659303280467642858e-07
4.066029852920107737e-07
3.368636833871854633e-07
3.137059895412026787e-07
3.643055825401258838e-07
4.277650978799579918e-07
3.828574072420805794e-07
3.362595139441919690e-07
3.718377245933787425e-07
3.836890992080197285e-07
3.470283972851782716e-07
3.305082198899294065e-07
3.145676130318324119e-07
4.023974558650742025e-07
3.758423909412506421e-07
3.379703052805433434e-07
3.237846187358766824e-07
3.915547679926063752e-07
3.884306299953104554e-07
3.480812398621241349e-07
3.268503380531700055e-07
3.959031552512344204e-07
3.893100596700458222e-07
3.326510147156880247e-07
3.708539633459365058e-07
3.562278042361447214e-07
4.052547650983198053e-07
4.337324257299362693e-07
3.910980031786669990e-07
3.847928128427329080e-07
4.413742320896803942e-07
3.229011165317170823e-07
3.553370911612476372e-07
4.139636463675342396e-07
3.754895112909293035e-07
3.325063383216223358e-07
3.500246194236100512e-07
3.513574339088258503e-07
3.827982932091247205e-07
3.761691825482516143e-07
3.425636657766233586e-07
3.342356382286064762e-07
4.080272193411841351e-07
4.398774445716491272e-07
3.669522887802498274e-07
3.571275063779763045e-07
3.479787951255754861e-07
3.447826169869378633e-07
3.641896472489650299e-07
3.730274808018665199e-07
3.951626123306621262e-07
4.101647086468087515e-07
3.125442876518517853e-07
3.508379097877868791e-07
3.638357734718173364e-07
4.401483242584981393e-07
4.018400358673985028e-07
3.642908505388561043e-07
3.626822285101108203e-07
3.078751956966478739e-07
3.883910479080582154e-07
3.257245332442334933e-07
3.132954532123636034e-07
3.833019929914516123e-07
4.136904172068028008e-07
3.655971694827902964e-07
3.313089146929304412e-07
3.280974519208089325e-07
3.952446417163892171e-07
3.643822632757445230e-07
3.772579663980545158e-07
3.329706241744879766e-07
4.419854086191592415e-07
3.601556918791000297e-07
3.606316929399359087e-07
3.445726774494981413e-07
3.863918082609517944e-07
4.253879174489181849e-07
4.015335884656443076e-07
3.293172026476641571e-07
3.614374468788434142e-07
3.752589917588160334e-07
3.724112309786621312e-07
3.563399261733292746e-07
3.185020671569667794e-07
3.198833040424378833e-07
3.646809489407708062e-07
3.225172525733051345e-07
3.081629003207656721e-07
3.562024289981277892e-07
3.842930612137865582e-07
3.797929068136205627e-07
3.796041990119634102e-07
3.923846783466788321e-07
3.683103440670485053e-07
3.181462514684620331e-07
3.371703954777413502e-07
3.962297655576270840e-07
3.630202741474445791e-07
3.667410570177633759e-07
3.336697364268952265e-07
2.730680488080168718e-07
4.145736620468827263e-07
4.235994384201386460e-07
3.141333689760030402e-07
3.381509143461759340e-07
3.814861491843902483e-07
3.970976320859292311e-07
3.849951161304730224e-07
3.224685901165402148e-07
3.506798665208516810e-07
3.472756993974572260e-07
3.784982717975290952e-07
3.997302529333222658e-07
3.799235269133859174e-07
3.628416545493447033e-07
3.617163396429879447e-07
3.432673299034118588e-07
3.460722641860910027e-07
3.595307300932584252e-07
3.956960465240769992e-07
3.730239811343655010e-07
4.030308153011885261e-07
3.518861377402281534e-07
3.514466350290841036e-07
3.774636029863010290e-07
4.128987094533602768e-07
3.155460543291455909e-07
3.627865400913957850e-07
3.610497936465924046e-07
3.837909430088124815e-07
3.997254353794796052e-07
3.448694022271056715e-07
3.407412282049882468e-07
2.891224953727521302e-07
4.570469467970545811e-07
3.658687112564952506e-07
3.407780025170572501e-07
4.099355085745884402e-07
3.576406023217668840e-07
3.331877957994202488e-07
3.589779389646147657e-07
3.325104047200988536e-07
3.727480031696206849e-07
4.067700147589224426e-07
4.194073708852373727e-07
3.399328272263080775e-07
3.517237016823276627e-07
3.950096965436836056e-07
4.308161522349449234e-07
3.201618746723446819e-07
3.443684982999397237e-07
3.908455797153205278e-07
3.688281391393530931e-07
3.183929218634957628e-07
3.579065972717333019e-07
3.436999608697084967e-07
3.756432332377806992e-07
3.065622418256312204e-07
3.338514701115716832e-07
3.849134837867185953e-07
3.708747749497789882e-07
3.185299461014733263e-07
3.242883194889484893e-07
3.747449037021287219e-07
3.499526714810673676e-07
3.859138266689012845e-07
4.657916187489509096e-07
3.526751887823941361e-07
3.261612476237433900e-07
3.739091169586906970e-07
3.865781298694979556e-07
3.099044404286313895e-07
3.574512385603900153e-07
3.613440221530682338e-07
4.215329087779326385e-07
4.108327061686351566e-07
3.702296473455237351e-07
3.782427123154099448e-07
3.046183923186928916e-07
3.571275861549315380e-07
3.190302940848608161e-07
3.497523709298496212e-07
4.215147143190624561e-07
3.852813171844747027e-07
3.409096154513244922e-07
3.644801963851588132e-07
4.534581195929925111e-07
4.183278771197823066e-07
3.376430399791400278e-07
4.355253478368663205e-07
4.160839445209305738e-07
3.853300829517377105e-07
3.380619709255193348e-07
3.367457978477213151e-07
3.646305164118375526e-07
4.400196463699254188e-07
3.473762106378201973e-07
2.881463017564651387e-07
3.406091928644659023e-07
3.263919532090892793e-07
3.412802205366064894e-07
3.326660555131234110e-07
4.073556847990169028e-07
3.956267470724333425e-07
3.719023841762021831e-07
3.876226422836813143e-07
3.344775340818069874e-07
4.475121407711829424e-07
3.964863781162671459e-07
3.418160037497592395e-07
3.438769082086875173e-07
3.453194273223733915e-07
4.148775791104258052e-07
3.854876159864512057e-07
3.592846486031629480e-07
3.585134207607784346e-07
3.302214261110035482e-07
3.276182911467934693e-07
3.541516108781755911e-07
3.763760511135732558e-07
3.178479349152782071e-07
3.723971629282790254e-07
3.544376548461574884e-07
3.417205425248275163e-07
3.472109722268298405e-07
3.568178369556592846e-07
4.407053284908372493e-07
3.680822586939394014e-07
3.236335068841715893e-07
3.296961552475618657e-07
4.280715844389260904e-07
3.691252081706933434e-07
3.542147632190830730e-07
3.685832153961315260e-07
3.284819765197963878e-07
3.404556031745816470e-07
3.662840005689788970e-07
3.888381514334572483e-07
3.794670984189246590e-07
4.213020685956021006e-07
3.423339767212683464e-07
3.656576471792800763e-07
3.201190181257250691e-07
3.313109027970874475e-07
4.019903063206374533e-07
3.757540118577748117e-07
3.821975021590605707e-07
3.176808818786973577e-07
4.082864767439198019e-07
3.988424703160340309e-07
3.390873951648524914e-07
3.277657020365366099e-07
3.446862929469876466e-07
4.164467045613480654e-07
3.604345771601752393e-07
3.292405172455845222e-07
3.630674620721080070e-07
3.571301438102085190e-07
4.019768139075524291e-07
4.371066843681560046e-07
3.380058016915383532e-07
3.531173033470907939e-07
3.026442657172447111e-07
2.941518417785684171e-07
3.505223481290479432e-07
3.638902407716138567e-07
3.553523867804221061e-07
4.466333483129570663e-07
3.542206821733546006e-07
2.974076817498764877e-07
3.898231261881787882e-07
4.146614072475443239e-07
3.918551594424407564e-07
3.319524804982401860e-07
3.674344465498522679e-07
3.688242312605782366e-07
3.863257253429074148e-07
4.187151243083955648e-07
3.520580787641065226e-07
3.172776647514236692e-07
4.141592082301231120e-07
3.873955921403155465e-07
3.883760624030481305e-07
3.436794947632509417e-07
3.548513995523157978e-07
3.349976472648112022e-07
3.491429458354132474e-07
3.524777100828411408e-07
3.771005902255209122e-07
4.089868879329692524e-07
3.875327239653787572e-07
3.195027098807063737e-07
3.477540000054311008e-07
3.983015631915199910e-07
4.075013541119711424e-07
3.855743515364007513e-07
3.555886877970796273e-07
3.608621647198806278e-07
3.590385595798151536e-07
4.143337221057983131e-07
3.622167960200905045e-07
3.478170716914566751e-07
3.105093354882352061e-07
3.721843267204173083e-07
3.789830942745550590e-07
3.253660673979000084e-07
4.061618554679442891e-07
3.431382045741030340e-07
3.501070278320487408e-07
2.981286476427917562e-07
4.449045108952261261e-07
3.939190650034800540e-07
3.783665034166972095e-07
3.234120350756766556e-07
3.486555056710641816e-07
3.885235208223563873e-07
3.778364176560971360e-07
3.974098668112477640e-07
3.378634292774345051e-07
3.307208946479238768e-07
3.761640668893025189e-07
3.837239240938072489e-07
3.255424685203359870e-07
3.364856956199849369e-07
3.542805515759602293e-07
3.687351229143127133e-07
3.610161105869491616e-07
3.841992727301934000e-07
3.667507159379453886e-07
3.941358625866623038e-07
3.304837612167776116e-07
3.457543416676343930e-07
3.123137576738657352e-07
4.193551154308884452e-07
3.638179370725464848e-07
3.807704581820037773e-07
3.479168569136515442e-07
3.629178325316005714e-07
3.658344833670637366e-07
4.122699014654153653e-07
3.262574709828446669e-07
3.483673262869880801e-07
3.614189486597798089e-07
3.654384988202534973e-07
4.015796697236757180e-07
3.492743705190303706e-07
3.639343428672581665e-07
3.557588939015366704e-07
3.917369539236805855e-07
3.809387047241453864e-07
3.807053419331007190e-07
3.572465133117037335e-07
3.477123208223926858e-07
3.328981325213034329e-07
3.338883162399854641e-07
3.631295329739334576e-07
3.773308413073185199e-07
4.208709667380568576e-07
3.431816054833142256e-07
3.304436933432780374e-07
3.715836175246343017e-07
3.912004695826196117e-07
3.226301651279173680e-07
3.384601006112945394e-07
3.398004591569327416e-07
4.154341878601531199e-07
3.493762773959835256e-07
3.463221906678097192e-07
3.861882667980538517e-07
4.537187724101853477e-07
3.299953232425181771e-07
3.873606384917795278e-07
3.086354688274218193e-07
3.545778988300948701e-07
3.427301812968180470e-07
3.780677504746193882e-07
3.959055575256801674e-07
3.693900578368566894e-07
3.771447036316696997e-07
3.585666710743124851e-07
4.090065846306978513e-07
4.139142177672035094e-07
3.656933284085340917e-07
3.599488464704189510e-07
3.312947382511108371e-07
3.061004071334004517e-07
3.732998448760349889e-07
4.593278641177200617e-07
3.627372053736590060e-07
2.985621705464439084e-07
3.334792295611385237e-07
3.655382687025164673e-07
3.748855967060763445e-07
4.025058103586937471e-07
3.302041931426761308e-07
3.125640006479897260e-07
4.122367686476446402e-07
3.730327325454663050e-07
3.182251512263315951e-07
3.695491281230963704e-07
3.591837259025314232e-07
3.221228487364939662e-07
3.275841346928531383e-07
4.519319640443215564e-07
3.539925184383129057e-07
3.127808298372282913e-07
3.217185401745412993e-07
3.778703277692942252e-07
3.747683044792352030e-07
4.412822167818611568e-07
4.002557414650813012e-07
4.125231240342491359e-07
3.725030742888464018e-07
2.992652963643412052e-07
3.713738420916742005e-07
3.839922039678721334e-07
3.905442607423983815e-07
3.856446916131300671e-07
3.472599353630839847e-07
2.955447310661730932e-07
3.143229853559110155e-07
3.807257926999597353e-07
3.825140561016132466e-07
3.351993115891648036e-07
3.331525230660044954e-07
3.475374144819928126e-07
3.872713947027990923e-07
3.577351364600686556e-07
3.573750488320637287e-07
3.368033666323477146e-07
3.876039532428727706e-07
3.701148962667454410e-07
4.287772070384568163e-07
4.080304163116521759e-07
3.818741271176148720e-07
3.816553979464310686e-07
3.298217421834079820e-07
3.126264810639553889e-07
3.854444368251368150e-07
3.756001147644986309e-07
3.860162128383907050e-07
3.500485745858051308e-07
3.480632124653738899e-07
4.063620698815873734e-07
3.682051636461966871e-07
3.283667582390583341e-07
3.327661224535340996e-07
3.836769079025869351e-07
3.403186157772725028e-07
4.082944995575975805e-07
3.337309270676512367e-07
4.442734604402431492e-07
4.056320131847590183e-07
3.564821125389482821e-07
3.684224677193696917e-07
2.876980943314639339e-07
3.790858701147893645e-07
3.710306723702755926e-07
4.219319726589003389e-07
3.079384938195267461e-07
3.364426128829474743e-07
3.303904029012149565e-07
3.958000435479280717e-07
4.264334224718608392e-07
3.485881774260626857e-07
3.434201676833030776e-07
3.207231770948730497e-07
4.570794512523226788e-07
3.914058734453098309e-07
3.597652265558729867e-07
3.597046811431568381e-07
3.458064812313950454e-07
4.275430252916237462e-07
3.650541908541260098e-07
3.558393772670310594e-07
3.828796364983034488e-07
4.239710796813066106e-07
4.277809255252209406e-07
3.500512233201774256e-07
3.753120777364640794e-07
3.931137573290095939e-07
3.900659232409071077e-07
3.853966926210367362e-07
3.495219763801839525e-07
3.570632840571458160e-07
3.671705346832520890e-07
3.680751101119556210e-07
3.421158647265276087e-07
4.548338145760313950e-07
3.693174388314579684e-07
3.920104265799196626e-07
3.423928382560162994e-07
3.599370726263239003e-07
3.716552818494005254e-07
3.889526206999406204e-07
3.832555452073902911e-07
3.829656358151494515e-07
3.463704054352036066e-07
3.473341360398738069e-07
3.847193768551918659e-07
3.840639471320789428e-07
3.651871718443539520e-07
3.081516152240781707e-07
3.283069844716679387e-07
3.993518384110471257e-07
3.602285854898425342e-07
3.617600026138263924e-07
3.429454756893950673e-07
3.339449749014421369e-07
3.822400668359770908e-07
3.637994150879783582e-07
4.571533269249737249e-07
3.327793160775062672e-07
3.704044306888597723e-07
4.212757665972746068e-07
3.857070297783535572e-07
3.697412114055137145e-07
3.957387976326294256e-07
3.884235368816990897e-07
3.638616458449619140e-07
3.581989479960778273e-07
3.512784996467812966e-07
3.763971738683217152e-07
3.784252520843871030e-07
3.207737305850994541e-07
3.283254312240881499e-07
3.581849540012162527e-07
3.780172406408138160e-07
4.014163956734041132e-07
4.050784125678169883e-07
3.588408386850845606e-07
3.542208511490195335e-07
3.736391356780244516e-07
4.633373198081396635e-07
3.859013400960552550e-07
3.433060350522394716e-07
3.580483279953899468e-07
3.736269162863692671e-07
4.140142628679658196e-07
3.330913158979473888e-07
4.036706050188482154e-07
3.894464654351197907e-07
3.742550911860442201e-07
3.541137830395104315e-07
3.065817801053913148e-07
3.598148693248070896e-07
4.052480837814885189e-07
3.694261601842141416e-07
3.318226585590102690e-07
3.428495833058748723e-07
3.658758657771672611e-07
3.525683479679308324e-07
3.913135381218597160e-07
4.505027381170219923e-07
3.579772480456177564e-07
3.529606056138091780e-07
4.462302775749082523e-07
4.377474011896367614e-07
3.621875552881566522e-07
3.633101880084758707e-07
3.407032712432881191e-07
3.495449731289557690e-07
3.089143280689694009e-07
3.741211679907586780e-07
4.246207340097702229e-07
3.873488401792637353e-07
3.375315376591595531e-07
3.500113046295638696e-07
3.506741168021179710e-07
3.964314404277298200e-07
4.285369304777894533e-07
3.396893627727044378e-07
3.385487483462528632e-07
3.774167835475183162e-07
3.378352744685553019e-07
3.599766425821895340e-07
3.404868848899477917e-07
3.780176409373537727e-07
4.286606949654718747e-07
3.411853760819546810e-07
3.649134253267240995e-07
2.864275684503686061e-07
4.082778772375976406e-07
3.733645229431662055e-07
3.948538558453286905e-07
4.201271485425752342e-07
4.489628922369950807e-07
3.551829235055843810e-07
3.643400640552548304e-07
2.921728859406607249e-07
3.750462111361489855e-07
4.582415103057534605e-07
3.797695277265223373e-07
3.332658312488370349e-07
3.518078094652616633e-07
3.983428624819094539e-07
3.468163389710968923e-07
3.892880023631243667e-07
3.420275400354578277e-07
3.260861993631725293e-07
3.713444306052406869e-07
3.502929915687009839e-07
3.381410546679792821e-07
3.380010572729383730e-07
3.938224659472874065e-07
3.762359433698947219e-07
2.895415699549033453e-07
3.742423383311466363e-07
3.920380801123703872e-07
3.535406520172568776e-07
3.418391036442777419e-07
3.045242878247536678e-07
3.791194293563092956e-07
3.563061330032703351e-07
3.636303173720687176e-07
3.115318034940213918e-07
3.361970528774982933e-07
3.646073042850920148e-07
3.868935932594340713e-07
4.325117887484913317e-07
3.262726115439856993e-07
3.066660716736266888e-07
3.479130492281973917e-07
3.651079089400413999e-07
3.943590906102897002e-07
2.715233920612321786e-07
3.580658648707255784e-07
3.462193891354397143e-07
3.053345693662824035e-07
3.130346152855959020e-07
3.669101971218878504e-07
3.923891404101481089e-07
3.001343007685845763e-07
3.126726113354438424e-07
3.881775757117146333e-07
3.675058677441079913e-07
3.866675462357912609e-07
3.729639473367711380e-07
3.318749999620457231e-07
4.279205755015283182e-07
4.110518920921896886e-07
3.296914385284231565e-07
3.356360375706590970e-07
3.377479083647743665e-07
3.819216145191629572e-07
4.069178554873918052e-07
3.447120860648782943e-07
3.427190637312531553e-07
3.326318153518477992e-07
2.998050798255755635e-07
3.260031596624061869e-07
3.919995627537290013e-07
3.828481401534818338e-07
3.785489142320302659e-07
3.026522442613248190e-07
3.397067500187887580e-07
3.704800855501549502e-07
3.643454367000687252e-07
3.808348478533931682e-07
3.907583150229536551e-07
3.613295745731677766e-07
3.456719247189325437e-07
3.941215743914539772e-07
4.025763984076233883e-07
3.619114453461043229e-07
3.669740553899212961e-07
3.401271406488890351e-07
3.720973890885779492e-07
4.261689906438755884e-07
3.567148418752371399e-07
3.224781014984698963e-07
3.339313075756672577e-07
3.221068835584314971e-07
3.561376619583869660e-07
3.556398009665202747e-07
3.760441277742673772e-07
4.799089785172864214e-07
3.394531180273163032e-07
3.448490083718665972e-07
3.008928043952521986e-07
4.240293587976881625e-07
3.860852841660773037e-07
3.695157311990159117e-07
3.382921365714514790e-07
3.541274528899027972e-07
3.685837223624245243e-07
3.714065355160822912e-07
3.456551310020744425e-07
3.384792886748570453e-07
3.261971858231671607e-07
3.814327850045271125e-07
3.838444898992108183e-07
3.032420419312786850e-07
2.846251489185503247e-07
4.097697520469010576e-07
3.245236402092898430e-07
3.728372577080537379e-07
3.290477658712340457e-07
3.874005979580301396e-07
4.076320958571940942e-07
3.523048103498207719e-07
3.337945584082344543e-07
4.475851258244829690e-07
3.635131370029603815e-07
3.478843078974821986e-07
3.280461347814251975e-07
3.559695850958026099e-07
3.498645688181868542e-07
4.333701651939520542e-07
3.281041526790818316e-07
2.908996870475594909e-07
3.424871089551328632e-07
3.607035019059256541e-07
3.188654178840709923e-07
4.029390893769332724e-07
3.668155800669711950e-07
3.040854528803829485e-07
3.208990262163589314e-07
3.031975378814611581e-07
3.104964793760528438e-07
3.573119415782872483e-07
3.728333998424438606e-07
3.607036499968165320e-07
4.519504405357040569e-07
3.414513276352914126e-07
3.376814167203049516e-07
3.813563007829663861e-07
4.030385091255994010e-07
4.083950851888335969e-07
3.295860544387459752e-07
3.533206679922437503e-07
3.447442379040663946e-07
4.030291086616772799e-07
4.048272898008399711e-07
3.897595396929993037e-07
3.925811081650013114e-07
3.241625607042117386e-07
3.359246757315355292e-07
3.420803229692394794e-07
3.974540000492104503e-07
3.845285405855185797e-07
3.116745541743976121e-07
3.408613719196830623e-07
3.683631159821839573e-07
3.510568742237113650e-07
3.546668474927332892e-07
3.691860302996499067e-07
4.348771242267939552e-07
4.294304851350800634e-07
3.494018545824404421e-07
2.970587606994080115e-07
4.220634875982740931e-07
3.894364188842322535e-07
3.625722385011287415e-07
3.369405494627114719e-07
3.324650615869627461e-07
3.232490758795587666e-07
3.570365823034060521e-07
3.338946817685459419e-07
3.682113873082328957e-07
3.931270926711733034e-07
4.000731708277089160e-07
3.546144431295912173e-07
3.622414923902592128e-07
3.839170565021814564e-07
3.786479339275063567e-07
3.647162000595497836e-07
3.606868826708813827e-07
3.391530725026348461e-07
3.659112438421387724e-07
4.530309380076890892e-07
3.609003403081350467e-07
3.357052081801050532e-07
3.278087097265755950e-07
3.716214107152671996e-07
3.422383057510679442e-07
3.929075702466889909e-07
3.830457431737843685e-07
3.887964674649593964e-07
3.305215178667858299e-07
4.091948215852106609e-07
4.152206881664515986e-07
3.295620691985219528e-07
3.625842679024444945e-07
3.933467996118543492e-07
3.665203966181986151e-07
3.947406465971085312e-07
3.668783081497828646e-07
3.286545291342932481e-07
3.037856753377727878e-07
3.863417897872094273e-07
3.673191881670997503e-07
3.036963738161750323e-07
3.300572582004869132e-07
3.622210704770669956e-07
3.608829876275801792e-07
4.006528587833791314e-07
3.841872646356529925e-07
3.631029453233759551e-07
4.530525340008187938e-07
3.568920362371256448e-07
3.158678832037113500e-07
3.184811174549973059e-07
4.156755724692631401e-07
3.640073416856494848e-07
3.728889252581191201e-07
3.652515211573248590e-07
3.300685341821698071e-07
3.793767122973715995e-07
3.771107729348987068e-07
3.859826784691811772e-07
3.390407092929282675e-07
2.944569566146039567e-07
3.589655524325115425e-07
4.204443962369750263e-07
3.680513481183363093e-07
3.237514253951343102e-07
3.524023497537601177e-07
3.506874545624835060e-07
3.716250530225001608e-07
3.879311465866666477e-07
4.097057474312036267e-07
3.888916041081534336e-07
3.119434197276757222e-07
3.008774067959650581e-07
3.668924047404209439e-07
3.869663298813294714e-07
3.709843848323331390e-07
4.075293920141887168e-07
3.549153505944425586e-07
3.359348380362073678e-07
3.789165709050233700e-07
3.952516987766581819e-07
3.574435537364484293e-07
3.611700710168177766e-07
3.068327775328203750e-07
3.265958489699990491e-07
3.726637627211894124e-07
3.780803125032660830e-07
3.068713000964063768e-07
3.464653930712059525e-07
3.769778786617975454e-07
3.461591497824739033e-07
3.304792247710629024e-07
3.717712959866180864e-07
4.345359888942588758e-07
3.410966813156712672e-07
3.106255518487449373e-07
3.403743573439551444e-07
4.139491384327229483e-07
3.781526374235065390e-07
3.749019782564977533e-07
3.120534575246988855e-07
3.391139804645196531e-07
3.965719078658544355e-07
3.939397405435668261e-07
4.037587663858452465e-07
3.339471926753805831e-07
3.383224490465960413e-07
3.369089616080358848e-07
4.048646653372348605e-07
3.775746220033494823e-07
3.110945415058421171e-07
3.473108736618204002e-07
3.638888686713776182e-07
3.645648665441243297e-07
3.274610571246313871e-07
3.221247424754775226e-07
3.874913121401556621e-07
3.801267124277353203e-07
3.158320368243211520e-07
2.872228987119946446e-07
3.589390373376524368e-07
3.593896659618906081e-07
3.745380425403451955e-07
3.812744438844998042e-07
3.777375847285241081e-07
2.948814971231456550e-07
3.637508624156371762e-07
3.994348557620487087e-07
4.299725873496104061e-07
3.283848834825489107e-07
3.591544959638999724e-07
4.371677644228832421e-07
4.054646510509423243e-07
3.469343023776528013e-07
3.616633924604351920e-07
3.183557986046190566e-07
3.252829252433693817e-07
3.171263843127298517e-07
3.251635864643480869e-07
4.229061077334841899e-07
3.676397614534453324e-07
3.572598566144727108e-07
3.615524170419617321e-07
3.720967626253424652e-07
4.074342996715442576e-07
4.297468929215319256e-07
3.386548397532063225e-07
3.995987193846127964e-07
3.861777436564815563e-07
3.363169918575578878e-07
3.628458294411225370e-07
3.368364240642792547e-07
3.605524934907054297e-07
4.086602132430053216e-07
3.567208757341543506e-07
3.200063618257052925e-07
2.978518178048043418e-07
3.385608174589086679e-07
3.467026084306410648e-07
4.399652275459092791e-07
3.803857738996739267e-07
3.771142065114991927e-07
3.529691470188313883e-07
3.913451190345802752e-07
3.747137762685852381e-07
3.483785701249103085e-07
4.287049951837509681e-07
3.434909166839759829e-07
3.242967936447159769e-07
3.201886144152601378e-07
4.067056687185596244e-07
3.743677358397050791e-07
3.714476342021907890e-07
3.476294813856767259e-07
3.202621465557286151e-07
3.722812172875629904e-07
3.777875519018989839e-07
3.242695336119009203e-07
4.146565766436240225e-07
3.752645696551456705e-07
3.515153139723830819e-07
3.960406754432565812e-07
3.814015381270418474e-07
3.392481768125911827e-07
3.353230553721322046e-07
3.518006657425530120e-07
3.403191647660029739e-07
3.865472507186768639e-07
3.248487642799162420e-07
3.230442576809208891e-07
3.736676888827882340e-07
3.804314798671346711e-07
3.739029620594354326e-07
4.002155565907153702e-07
3.517692642059139308e-07
2.969114403878995444e-07
3.781249232399111417e-07
3.197166722942610506e-07
4.209780274652207675e-07
3.640470913066456369e-07
3.602249125796319081e-07
3.550526552441161020e-07
3.343387534313399786e-07
4.053336510175364934e-07
3.847687860804342095e-07
4.210868134105181183e-07
3.183757534819516576e-07
3.449947066324393657e-07
3.616866174521392671e-07
4.406850702077961022e-07
3.684656357434513113e-07
3.322064104324687470e-07
3.481571609926708228e-07
3.623807848067844081e-07
3.753975284589452340e-07
4.141641046113967016e-07
4.170293665544032331e-07
3.380658140928143943e-07
3.560121985674721074e-07
3.047330316344102469e-07
3.382320924637376184e-07
3.792517372620455364e-07
3.600803061611763183e-07
3.732325561550812193e-07
3.871739481300948043e-07
3.460998133267362018e-07
3.304127931689455113e-07
3.665324406256361612e-07
4.166457685577728001e-07
3.853316555652586940e-07
3.500492024555806989e-07
3.440614791424777082e-07
3.519597602284820149e-07
4.033060150530936926e-07
4.021345250664312768e-07
3.703714527442734248e-07
3.248564206031194825e-07
4.097466616114456461e-07
4.013898389218605435e-07
3.969957405677095127e-07
3.207410822506679190e-07
3.844161108430880713e-07
3.261102203801846012e-07
3.496683790383508757e-07
3.721769046776393087e-07
3.798088268932166120e-07
4.180297106781487111e-07
4.268216323936791529e-07
3.446924331104521264e-07
3.433790711080716235e-07
4.303309049077404997e-07
4.100725547192685808e-07
3.893609166866199696e-07
3.689019176783422001e-07
3.309562825461507570e-07
2.880772413771289989e-07
3.978574607684060963e-07
3.874354704771576531e-07
3.648949966924013634e-07
3.214814237142578505e-07
3.083735529069845316e-07
3.819311435780643018e-07
3.014419707985825872e-07
4.596737780345279541e-07
3.329683944926722609e-07
3.348985487896390418e-07
3.389002764624029547e-07
3.828831157166155706e-07
4.145331516281636459e-07
3.792990328646192016e-07
3.405968050675647707e-07
3.532734482017396901e-07
3.596610454024468051e-07
3.680735859863451652e-07
3.426730587345173912e-07
3.192860407315530055e-07
3.793580539111114215e-07
4.113377863236057529e-07
3.131111212720412202e-07
3.023174641043382948e-07
3.724555605525074969e-07
3.542782861426886784e-07
3.784179241559111408e-07
4.149525735761610317e-07
3.699096412655401998e-07
4.072413313192620668e-07
3.330543550072557931e-07
3.980637127773149071e-07
3.458528764221572970e-07
3.530231061079619838e-07
3.317089797907370721e-07
3.798013532339134265e-07
3.513802133571474111e-07
3.491075695042695806e-07
4.049395100474318277e-07
3.761980412355323155e-07
3.254267700719669954e-07
3.720111653004396199e-07
3.473387209776017536e-07
4.042929191984937305e-07
4.258372904101831393e-07
4.121537092491087924e-07
3.949172387027184168e-07
3.728214114849023897e-07
3.440163769908871622e-07
3.363172541293745168e-07
3.639168605232390230e-07
3.656110513677790624e-07
4.131570408177173863e-07
3.244683545875805131e-07
3.725682425984665586e-07
4.077381192603433878e-07
3.078424932109949274e-07
3.327177476622460500e-07
3.349710966868862739e-07
3.783860800469066828e-07
3.998699326145784776e-07
3.590194872550757532e-07
3.751626466208003951e-07
3.129737288013761772e-07
4.155122419436443831e-07
3.984171054440502170e-07
3.441723200472087353e-07
3.850674425024029598e-07
3.782195924676445181e-07
3.312017346732932463e-07
3.701786821327660420e-07
3.330918979276640511e-07
4.106240409013159513e-07
4.212860731032165544e-07
3.559684224286883746e-07
3.642708881265346626e-07
3.267074923521407657e-07
3.967156391297155034e-07
3.582094295974100309e-07
3.274844862531508697e-07
3.512053439911242373e-07
4.018248643815598575e-07
4.104181269732466499e-07
3.748423849925051442e-07
4.015434528915259034e-07
3.632028750112467146e-07
3.766505457670744593e-07
4.104565496987450192e-07
4.345582495989043292e-07
3.719434464033438949e-07
3.510950421716775659e-07
3.547348829545200802e-07
3.436235994399173426e-07
3.720703622924048380e-07
4.393310959322525141e-07
3.606988315519435977e-07
2.971930483108130442e-07
3.330078885970716225e-07
3.781723785383590547e-07
3.696451386667842533e-07
3.644135138218704606e-07
3.406884037007091629e-07
3.162784317880572691e-07
3.888008081106051985e-07
3.873423795321748397e-07
3.948239317783811421e-07
4.233889481875880758e-07
3.613145500563774925e-07
3.275492796003948697e-07
3.455971950278571801e-07
4.464249151233710750e-07
3.586425584037514913e-07
3.862130277929618422e-07
3.336593761845366072e-07
3.174673637183821022e-07
3.196311689873760487e-07
3.853673532466505372e-07
3.549620442031055304e-07
3.297288618707644540e-07
3.231175776587896647e-07
3.631339302937556966e-07
3.593792811077133336e-07
3.768709827075497830e-07
4.149724157680964530e-07
3.447191893905037370e-07
3.561026257105626636e-07
3.519578561575643686e-07
3.976141813768307680e-07
