6.107337715050204989e-06
6.576922774321373093e-06
4.787645335122019687e-06
7.712099508558770423e-06
6.107036477202672335e-06
6.030513269845684331e-06
5.676041895583159726e-06
7.452615430396651003e-06
7.287080685550516568e-06
6.372836709316806695e-06
5.395038696662382083e-06
6.175365430535384486e-06
7.889938309482090914e-06
6.702802921269160304e-06
6.052136845985433656e-06
6.295307661364888500e-06
5.317545111700702255e-06
5.346306509466889388e-06
6.889520904533130455e-06
6.374650700193341650e-06
5.275385012338538505e-06
4.989286393518596672e-06
6.480512187478489221e-06
6.519141974423468175e-06
6.612028781745735086e-06
7.550782338966107857e-06
6.866356966688256604e-06
7.511853888060242297e-06
5.318259750764870193e-06
4.884789406133553502e-06
4.777320692652713506e-06
6.424077504368525997e-06
6.577185772944111345e-06
6.508981784264220759e-06
5.963911205272969572e-06
4.865655837897797804e-06
5.574835629966937174e-06
6.405317853793716213e-06
8.088339504083272939e-06
5.014316944085185312e-06
5.949489305167501632e-06
5.770077077042837627e-06
6.990557163843003793e-06
6.732323146125378458e-06
5.537629440062310493e-06
5.349260943842763964e-06
6.239494416756246481e-06
6.560312613918871944e-06
6.717661249551320623e-06
6.351331455337709429e-06
4.683701007521522942e-06
5.974028140080502761e-06
6.340992929369472399e-06
6.339022622726485656e-06
7.255664701116432734e-06
5.616744384211070455e-06
5.015267030345843673e-06
5.850035566713417260e-06
7.600930287577871081e-06
5.535606086803131486e-06
6.441335065227148923e-06
6.578034318229340664e-06
6.479666553366090276e-06
6.381836681483629562e-06
6.409838787113627997e-06
5.366879211830303513e-06
7.511433268487970352e-06
6.871255187624808704e-06
5.814867237614115469e-06
7.347574721319177958e-06
5.957960667778337840e-06
6.115200846021006646e-06
5.258932815768706840e-06
6.605084291432426794e-06
7.474825858225566126e-06
6.130554805307326073e-06
5.535481548774844740e-06
6.051775714906836876e-06
6.066195788091886992e-06
7.032071083805907176e-06
7.190669760734065887e-06
6.711596901620501523e-06
4.857033260280825505e-06
5.566207666098255638e-06
7.476530135713638871e-06
6.688267893241384360e-06
6.720660894475507041e-06
6.239412893854403831e-06
7.002574618407358182e-06
7.119728367662805697e-06
6.257808290785987959e-06
7.222006260994213287e-06
8.151343918978459067e-06
6.632137995382430579e-06
6.050184358797918922e-06
6.276525004170365038e-06
5.835858164889316585e-06
6.316944734700429641e-06
7.444991173886562212e-06
6.278183103884512984e-06
5.401910367807942294e-06
6.836053294900205285e-06
6.778046672275900707e-06
5.665610207017580894e-06
5.776384097401300168e-06
6.950791230290214836e-06
6.680832534295500271e-06
6.530511823356547288e-06
7.643887548975550640e-06
6.833799731728484425e-06
6.288624936026932317e-06
5.698633618558792437e-06
5.537209997257966272e-06
8.255923504726817523e-06
6.732436022285206715e-06
5.411628932330112790e-06
6.087884658146766053e-06
6.046716490621275324e-06
6.768179850483543388e-06
6.612419248461086559e-06
5.713652765097889584e-06
5.588077647422520186e-06
5.828827422854391700e-06
6.528949237513168201e-06
6.177527777889862326e-06
7.201032085276585468e-06
6.318898195720533752e-06
6.595318297597709616e-06
6.530528923910050905e-06
7.926334186540529790e-06
7.292710799088823653e-06
6.807571349288974595e-06
6.508406600030203109e-06
5.203559305158587977e-06
5.394614451719335103e-06
6.830918157541140349e-06
7.273110562365708874e-06
6.812343984370827080e-06
6.040598956915094848e-06
4.905096197712585444e-06
5.848122462650268381e-06
7.662955868755152474e-06
6.666288061762239675e-06
5.648780467966609861e-06
6.484070151067715339e-06
5.122779355887951488e-06
6.944532277433226273e-06
6.962746722721713710e-06
7.555999804494771301e-06
5.913387843204328962e-06
6.538398883728117378e-06
6.758100387959219456e-06
6.770280679407864265e-06
6.083790195315259095e-06
6.433544669542923177e-06
6.547343538605530453e-06
7.569150447379700960e-06
5.946290871436146324e-06
6.602583561482538662e-06
7.800570067436757564e-06
7.014143512271494152e-06
4.605162499178004812e-06
6.141638265542572026e-06
6.856620338397779806e-06
6.838620412028668657e-06
6.435871009218422532e-06
6.234055189334859366e-06
5.563080943170974608e-06
7.462990449417997982e-06
7.148721395549349627e-06
6.781277427969862196e-06
5.317858380775382166e-06
7.277998962141945644e-06
5.910519954235426621e-06
6.217048774961568789e-06
6.593336162049034458e-06
7.342657250544499622e-06
8.406849682994481200e-06
5.905466170457046627e-06
5.655085007686358212e-06
7.424325138573472362e-06
7.563234467041877786e-06
6.872250078338924779e-06
6.151363788745367417e-06
5.221726778729730595e-06
4.903032711661457424e-06
6.820037206578486656e-06
6.642345368195342054e-06
6.543507959890259449e-06
5.973681747665114031e-06
4.429653508370325806e-06
6.825002405586222210e-06
6.667364255071169758e-06
6.556253717731358685e-06
5.303480021294994865e-06
5.778316591477801073e-06
5.929123757021437775e-06
5.065477457993552601e-06
7.128725184706353390e-06
7.945413458643613424e-06
6.744053570903371936e-06
5.903003774295745355e-06
7.489395353889266228e-06
6.385874170519654957e-06
6.419688897876158582e-06
5.576396645159602280e-06
4.814557310675624789e-06
5.467787024528904232e-06
6.663393005503918907e-06
6.556666777991540496e-06
5.661767018671259367e-06
5.530567341776499713e-06
6.491915590865903634e-06
6.068595902724018745e-06
6.776345809051109410e-06
6.439870739432371999e-06
4.724253716080558817e-06
6.125231499330750532e-06
5.657068757144563612e-06
4.270284287155449048e-06
5.387441781217984903e-06
5.464657190292065738e-06
6.816200331633870005e-06
6.647478875191664935e-06
7.992942460675188200e-06
4.956432393510536163e-06
6.001621236668787371e-06
5.889384086734225071e-06
6.941356942649612461e-06
6.958467629190250112e-06
4.151244103705271563e-06
6.188611492868101302e-06
5.788425549765524408e-06
6.790483937836299454e-06
6.907099131391952460e-06
6.705850991772165636e-06
5.596069333111129999e-06
6.522109819325523159e-06
5.221757151008622606e-06
5.713574842890300055e-06
5.647129992508176631e-06
7.027966044381668336e-06
6.318578068737755120e-06
8.060786907789232282e-06
5.880844643925076801e-06
5.338995951713180003e-06
6.608872273651334513e-06
7.320938581227312888e-06
7.205500371271044247e-06
6.690490441055484141e-06
8.096737922776687754e-06
7.219806594247787512e-06
5.890124615996586544e-06
6.275440981764968572e-06
6.649920709563780163e-06
6.457738428655569702e-06
6.434012042640484806e-06
5.821659367849431936e-06
5.382981830630252135e-06
6.213071332458290189e-06
5.203121234427444956e-06
6.565838492412671241e-06
8.128462964242985894e-06
7.039139270250731511e-06
5.568815664870974347e-06
6.171334001356709808e-06
6.529744025876725965e-06
6.783953068455486231e-06
7.707069248524712893e-06
6.228657692966836886e-06
6.204863102587028421e-06
5.730998022756664357e-06
6.858019393706802161e-06
7.571673628076810128e-06
6.568139744195850979e-06
4.199450663233555415e-06
6.052610930093492027e-06
7.786054102651157881e-06
6.261070324956807145e-06
6.091947273757484545e-06
4.389059833990642644e-06
5.535015108300124641e-06
5.255480094138806589e-06
6.120934469591160933e-06
8.432827526620882005e-06
7.101520367060338796e-06
6.161730308920092985e-06
5.728419696241098136e-06
6.470739342328930350e-06
5.280248851081844702e-06
6.546757019766132605e-06
7.039619685639206270e-06
6.104505181036387486e-06
5.560279718691999931e-06
5.322597682303295749e-06
7.190592499843984715e-06
6.505648603558801439e-06
6.236796482325202094e-06
5.472412634785385245e-06
6.505507806774999102e-06
6.243615743640645604e-06
7.600724376909387530e-06
5.398089489877282530e-06
5.537478114265522746e-06
6.441210173109566892e-06
5.147221097753481770e-06
5.971406533505776075e-06
6.080032148385212332e-06
6.709895821955503032e-06
6.556041524622091341e-06
5.656850709900264546e-06
5.097699397217983667e-06
5.921724980857741954e-06
6.548665936293032501e-06
5.901883515206670749e-06
6.268513110923911046e-06
6.523693793858755606e-06
6.639489782548747027e-06
6.834583482580192764e-06
5.937975377154815265e-06
6.454830041764745007e-06
6.920487719580664044e-06
7.581570661998672758e-06
4.585271942260796396e-06
6.253969119681436382e-06
6.068367675165666038e-06
4.836999919052648013e-06
5.927459584166439784e-06
6.348195780324031599e-06
7.036298562609467681e-06
5.278041162805392105e-06
5.659148998824709208e-06
7.393260034342037497e-06
6.387200681395407528e-06
5.558949814623333145e-06
4.180954548824070043e-06
7.714352099587227805e-06
6.717469527290006032e-06
6.371597227245828772e-06
5.088422265876240380e-06
6.638816727048447827e-06
6.787270191590176326e-06
7.883122539485010730e-06
7.274648972668920518e-06
6.957555933059345898e-06
6.494560254637043809e-06
4.911765197171649522e-06
6.205603558636282597e-06
7.100673900219420736e-06
6.925349334536961314e-06
6.062977657959844146e-06
6.441793725169738514e-06
5.117577064846477029e-06
5.486442888281925850e-06
7.001457138215381800e-06
6.564498059199983895e-06
5.016977998506977607e-06
5.497202699990222399e-06
6.729247891887854920e-06
6.061522303927674316e-06
7.682825429849880007e-06
5.944162608016818344e-06
5.597106446479019196e-06
6.505806904703764193e-06
7.051028196061525213e-06
7.138904953332190256e-06
6.942400745430797004e-06
6.729740314462979357e-06
6.509364674415118417e-06
5.157324494125359040e-06
5.998329354601974660e-06
6.439711112936627872e-06
6.522172099983278733e-06
7.085788667719269527e-06
5.768123864495255980e-06
5.325313365739528117e-06
6.356818855921093442e-06
7.184177503528169083e-06
6.394533984602082843e-06
4.338343245510266723e-06
5.881645578567810755e-06
6.304149319199269786e-06
5.603745538718514374e-06
7.102598072358019837e-06
6.966783761036446779e-06
6.337375060560289677e-06
5.775474438468173571e-06
7.310859417699685871e-06
5.664912104751772694e-06
6.707305906853379094e-06
6.054475533385085197e-06
5.516403433877258778e-06
6.298805119655833242e-06
6.737860223523497410e-06
7.483850154470403835e-06
6.315565475001943467e-06
5.889131225797668030e-06
7.030788446989779494e-06
7.056455111969739664e-06
5.633980737089006727e-06
5.722611615132644887e-06
5.155898268779127284e-06
7.541457721132597050e-06
6.938205077204887539e-06
5.747371621182060088e-06
5.691905392264278255e-06
6.086092019694795726e-06
7.397699620251511419e-06
6.195629471558572799e-06
6.094759798235216534e-06
6.461356072373804515e-06
7.028284622067420035e-06
7.002397812586523067e-06
5.731939972403941401e-06
6.307571293854024694e-06
6.990997107828159624e-06
7.087662375385973769e-06
6.793806133417899143e-06
6.167425513909960011e-06
6.521160548806284692e-06
5.077222525943718938e-06
5.659483181505718120e-06
6.142959499446555803e-06
6.934644710493538400e-06
4.360984851053432154e-06
6.280809799241313483e-06
6.359136711745179458e-06
7.157745415985741565e-06
8.347553546402813472e-06
6.266351067570562557e-06
6.446353755271092768e-06
5.529117832517620588e-06
4.976124409264519514e-06
6.211055039324643782e-06
7.139315063252684849e-06
5.984156919009493888e-06
5.409348813452896622e-06
5.869282790227194043e-06
7.109900613013568514e-06
6.274293751956440061e-06
6.504302397352341819e-06
4.754911964046606065e-06
5.546774716070799419e-06
6.114051659291595878e-06
6.503672419709112362e-06
6.840031917320607262e-06
5.512151259009674641e-06
5.884551529536495623e-06
7.388792909170269605e-06
8.376165120156570706e-06
6.388906400806412070e-06
6.222170028220529712e-06
5.069886267431551212e-06
5.659288648375557125e-06
6.495984695288038003e-06
6.890311667725579422e-06
5.007189438190028571e-06
5.001781576569905993e-06
5.731673282767430451e-06
6.375196045397304527e-06
6.795432558147954558e-06
6.283365958860084267e-06
5.582391610199548222e-06
6.837664649238342969e-06
7.026632007382208738e-06
7.601442678677786227e-06
5.384617024174515894e-06
6.185969132541258273e-06
6.844245055260478839e-06
5.772744668732614520e-06
6.593130918612421926e-06
6.365544822345112184e-06
7.438724931394095997e-06
5.426627195498277644e-06
5.409703755093059510e-06
7.990122416051272550e-06
6.306988771175924461e-06
5.999751736909682864e-06
6.063517560872198096e-06
6.507097936144580959e-06
7.190273125407633154e-06
6.766478333515749467e-06
6.562270126873349512e-06
5.849440646562396539e-06
7.036831013941664172e-06
7.166815499146645265e-06
6.917148110304862030e-06
5.829249108842354648e-06
6.144223237251931196e-06
5.193621545902258901e-06
5.909458847076846459e-06
6.107317272200246140e-06
6.743801819401050252e-06
6.272373571176525292e-06
5.343712596719865063e-06
5.841407755708438832e-06
7.280316218049404630e-06
7.109343696644381121e-06
5.537818305619428801e-06
5.513146192998432941e-06
5.217812760168972017e-06
7.235230325363491045e-06
6.871609598440004683e-06
6.292784990471125755e-06
5.418663254875828893e-06
5.685025004109824023e-06
7.076660575477440466e-06
5.938165672031752034e-06
7.018276922535290235e-06
5.555288412537693008e-06
5.530293982631805048e-06
5.878380696105554470e-06
5.462601337316251707e-06
7.231749758372848674e-06
6.964879565833578145e-06
6.590696668753845392e-06
6.419292747760569250e-06
5.722512583654197705e-06
4.308436275384075753e-06
6.390616543360116732e-06
6.965504048023845588e-06
6.352730593426692513e-06
6.003758973618981345e-06
4.829025644118790559e-06
7.943603109096919847e-06
6.517360733013986447e-06
6.461190594346415769e-06
5.435643622122867367e-06
6.088837583549637675e-06
6.308762627052425106e-06
7.343517229708831689e-06
4.700310252338867436e-06
5.850462578918300314e-06
5.256658631078440723e-06
6.072076343009951906e-06
6.463592591251903528e-06
6.737788964668936102e-06
5.403861009313421206e-06
4.990445490360901423e-06
5.622413331357186089e-06
6.666679281342303554e-06
6.618245698328185429e-06
5.660314584155266439e-06
6.397546478382506935e-06
6.957469135538000006e-06
7.496444354216154003e-06
6.385312365125977883e-06
5.393289677671754118e-06
6.945655892660977852e-06
7.175281901058729062e-06
7.008306176635849686e-06
5.370291670524969551e-06
6.703214455841653509e-06
6.508618079633694859e-06
4.876045605630194772e-06
6.601629962845805261e-06
6.787036341161823097e-06
8.078777754091792996e-06
4.556450471466808250e-06
5.727655992139329982e-06
6.126031744105045894e-06
7.117610575855407748e-06
6.554517575484111096e-06
4.504002681557981553e-06
6.370273549247876035e-06
6.104075977992250950e-06
7.620148825749444248e-06
7.466719692676224394e-06
6.446343448219162647e-06
5.895176509984078776e-06
7.312727942614175353e-06
6.753246584146829338e-06
6.948729587677493297e-06
6.358372074740492400e-06
6.705516158188037039e-06
6.952113089527892369e-06
7.232294782759467641e-06
6.360911476174920001e-06
6.266973717487177502e-06
6.814391356627953716e-06
6.223165864985807256e-06
7.026942836826627467e-06
6.962615473216679243e-06
6.963806523026279388e-06
4.739757590064059009e-06
6.528199897184148743e-06
5.222525213905773259e-06
7.038812050557849693e-06
7.107494976828430109e-06
5.378651799176385313e-06
5.926460267419630181e-06
5.933282926764761181e-06
6.422765496296248006e-06
6.062411853175093866e-06
7.506626826710403098e-06
6.874006191949218865e-06
5.399834751314321978e-06
5.820499737728760684e-06
5.524458891346659521e-06
6.841277834845525120e-06
7.276513834387324997e-06
6.435178553725400970e-06
4.518958240544855196e-06
6.207904154107472311e-06
7.067554670481910071e-06
6.507281051164045209e-06
6.533252814289963860e-06
6.141071069642264782e-06
4.906408253212572574e-06
5.442978906787115267e-06
6.624171793822555067e-06
6.678977100657329189e-06
5.389986678843259646e-06
5.783652075785482558e-06
6.610643700485799218e-06
6.260420412914084238e-06
5.586271524972475803e-06
6.473866499968397197e-06
7.208217526067172380e-06
5.775403037645737803e-06
4.744832034259908490e-06
5.249950591799057580e-06
6.987217926485675784e-06
6.714289973848235072e-06
5.770781292806932910e-06
5.229494101792314789e-06
6.841364841185289399e-06
6.417769802109331761e-06
7.032990823703254717e-06
5.404498846154388626e-06
5.862278664711552859e-06
5.999517459145807218e-06
6.950490803302377611e-06
6.013122269785486123e-06
4.316309444637045463e-06
6.553477316847826089e-06
6.258629071494768665e-06
6.256445021553128272e-06
5.924361505258535623e-06
5.736742437495965904e-06
6.260554172556691255e-06
6.398336307957331774e-06
5.400206158128542418e-06
5.294025452489692668e-06
5.851730455649164634e-06
6.560987790332727584e-06
6.693785310218119925e-06
6.625151537296227293e-06
6.133924618655788141e-06
4.626696501357441985e-06
6.532180707395626546e-06
6.953142075775668542e-06
5.286175423209653986e-06
5.903539100436439926e-06
5.951379731379329043e-06
6.863545650032786756e-06
7.375569788688062909e-06
6.629778638534220551e-06
6.468263822582650909e-06
7.958890504244282193e-06
5.377391681860657646e-06
5.238738548658950120e-06
6.150910372012304621e-06
7.301301591707706437e-06
6.636280944340543462e-06
5.279749622959390429e-06
6.315030495827169043e-06
5.789521788058885788e-06
6.748246433358762728e-06
6.304611543240596960e-06
6.797996583331188994e-06
5.111333600465154496e-06
5.411031338679899282e-06
6.536776624562935286e-06
6.525612487099215426e-06
5.907410805625668183e-06
4.710828303073654315e-06
6.436524076706730201e-06
7.517675841780474755e-06
6.529082231836661356e-06
6.258390253223811712e-06
6.432182598807228954e-06
6.060181050480248719e-06
5.404116302005945866e-06
5.355315790370630378e-06
7.180981052973115312e-06
4.513351022988343725e-06
6.194647280207559851e-06
6.423232180223520161e-06
6.962053426038490073e-06
7.324746177192091451e-06
4.618724889728860312e-06
5.587414504761063506e-06
6.504377288756034209e-06
7.151017593341923050e-06
6.749301261026803650e-06
5.768430369258484022e-06
5.387841808116122649e-06
5.405185073591780307e-06
7.810881673843005253e-06
4.506841085505788414e-06
6.567093059422087215e-06
6.266063221089092956e-06
7.193761110516538704e-06
5.070918255084537975e-06
5.262302209031956294e-06
5.886987974167493485e-06
7.304166468891142403e-06
6.597307069920722744e-06
5.148060419925120478e-06
5.902895383248880023e-06
6.124815039606120920e-06
6.826647784317627729e-06
6.931503462037626581e-06
6.689192160172812283e-06
5.801192678927176189e-06
5.572155457111093750e-06
6.520650562384476845e-06
7.167412385952394222e-06
6.808556500584017873e-06
6.428254183763174422e-06
5.812431354389156215e-06
5.584682522297251807e-06
6.411437221916128344e-06
7.011629191010655287e-06
7.235156859511923934e-06
4.835619700712039416e-06
5.927763996589052618e-06
7.185739285071714649e-06
6.936742399488358721e-06
5.414979759975002459e-06
6.356557822498677881e-06
4.712178019133881558e-06
7.583459636969181043e-06
7.164816563209021093e-06
5.953938564606027928e-06
5.636907316862305845e-06
5.948180491233391171e-06
7.026633631953473130e-06
6.265900179035971292e-06
6.877815236028885761e-06
5.107718634919788704e-06
4.563682892574642625e-06
5.856372084308645584e-06
6.338025386560317061e-06
6.059195264698363544e-06
7.175350724684112432e-06
6.696960989522323975e-06
6.058238141015045896e-06
6.181839326785387983e-06
5.153405088412504519e-06
6.764135194229699813e-06
6.979953441253737261e-06
6.265923837781484856e-06
6.714309316601164424e-06
6.471790676211989558e-06
6.092840279796009829e-06
3.928841898165097439e-06
6.827599715846719959e-06
6.653142183979647081e-06
5.089143066904829664e-06
5.446599902230207821e-06
5.943451872860409974e-06
6.325639612418739378e-06
5.629034807507116476e-06
6.464024587436548716e-06
7.527102516858005118e-06
5.981059770751085895e-06
5.705875924893264206e-06
6.872487120421125009e-06
6.413601096226629220e-06
6.486226864099701581e-06
5.356225445822485443e-06
5.333136094883589706e-06
6.741683340800772554e-06
6.795858296442382372e-06
7.186004543014801439e-06
5.079010593621250158e-06
5.734494504751016124e-06
5.866815926444122091e-06
7.141653005445053395e-06
6.646837824093575569e-06
5.447177853032136580e-06
6.082454323357245680e-06
6.214088702647795793e-06
6.425715221833034244e-06
5.897736042284588212e-06
5.943061055724466197e-06
6.718594054092254765e-06
5.370384584308774270e-06
5.077565826548797528e-06
6.098525930419649737e-06
6.669977246594558184e-06
6.553029735353349701e-06
6.287850815576071725e-06
4.680114933873625704e-06
6.559298862921733133e-06
6.676308137374541145e-06
7.866246740569464378e-06
5.682754535505543112e-06
6.442174493839268654e-06
6.091048202761474090e-06
7.141233987880714431e-06
6.841475854584517456e-06
6.048408490661722113e-06
6.180214916240638707e-06
5.310963217549281737e-06
5.293336728070828081e-06
5.575111523633091666e-06
7.365719840629352704e-06
6.395246742914267593e-06
4.849658188176150529e-06
6.051408413268237668e-06
6.203982347579400011e-06
6.560911735273268127e-06
7.134519635601573192e-06
7.796722178880859225e-06
5.688722688154322188e-06
6.172193564282095760e-06
6.903720737170142464e-06
6.956888139292734275e-06
6.939884425364605306e-06
6.299247385153966892e-06
5.249614853744087194e-06
6.914554082814306053e-06
7.314533737952983960e-06
5.776437115099466588e-06
4.925212043472261143e-06
5.777102922791657679e-06
6.066619364517617611e-06
6.006784183283364428e-06
7.800804432341207643e-06
7.216165048805152138e-06
6.224825250582852692e-06
6.030853094250895005e-06
5.232369223887203413e-06
6.857765652801398340e-06
7.985749640206718511e-06
6.192176786279599698e-06
6.555281776626638055e-06
7.025543236176719491e-06
6.029133101736459694e-06
6.879233297381039579e-06
5.285411436140719932e-06
5.587519185714376473e-06
5.836932848175621810e-06
6.275992175924852213e-06
6.677323244338091971e-06
4.995573671235949465e-06
6.397827946888106756e-06
6.160042029742176400e-06
5.992655631757233812e-06
6.752664580352888751e-06
6.996305623062989608e-06
5.138587885306599896e-06
5.119611191458676508e-06
5.665750488634261657e-06
6.678943975799202350e-06
6.417945639759201622e-06
6.593220036295726392e-06
5.218983619605070684e-06
5.402435379355873958e-06
6.525860460592184231e-06
6.136571125461374620e-06
7.212583901981140423e-06
5.381010338526172462e-06
5.442677447747671357e-06
5.799702280403797909e-06
7.774033803136605591e-06
6.396775015340137937e-06
6.150790012668530308e-06
6.632656575027264044e-06
6.218346118732880897e-06
6.329404870550121643e-06
6.019433502002770751e-06
5.455676349088447807e-06
6.469444831849740006e-06
6.884310332047385659e-06
5.488744462888600447e-06
5.186315205572851558e-06
6.925679719829238738e-06
7.057935543773443235e-06
6.381747821856763626e-06
5.222034472598270215e-06
7.099193653617629632e-06
7.140658105588942907e-06
6.004910858258443402e-06
5.599152589075452393e-06
6.103765341466874676e-06
6.966170963346407803e-06
7.111127889172062285e-06
6.280619231577491437e-06
6.392480196702032706e-06
7.803352445100256388e-06
5.330589848407518418e-06
6.379195124367159502e-06
7.599419102085986208e-06
6.574170195181219388e-06
6.168880083320557280e-06
5.780740414302905593e-06
6.262892860798219853e-06
6.872842736105700915e-06
6.836857677055547813e-06
6.168056564322918454e-06
6.031799056018147221e-06
7.382866126838868625e-06
7.727170518457375232e-06
5.277763805039828751e-06
5.724052355674054453e-06
6.292361169402489890e-06
5.401680010383785126e-06
6.604169134775799453e-06
6.153169862888828898e-06
7.195603411710079543e-06
7.354692164773147981e-06
4.846599767320846766e-06
6.270229134113006616e-06
6.545679419372765492e-06
7.872646994681676682e-06
7.239179120792198297e-06
5.765826685083036387e-06
5.552021176696531398e-06
4.870879787088478388e-06
6.188056489641216772e-06
5.806435330348820078e-06
4.954755700775281002e-06
6.972190957574338362e-06
7.118350977792004442e-06
6.584120701468048186e-06
5.654342422853912712e-06
5.080896231670229551e-06
7.048409865592817008e-06
6.606158310518442741e-06
6.683323484711944836e-06
5.386952545720916055e-06
7.919449369420675293e-06
5.883973220955326705e-06
6.064765970120352320e-06
5.655336475829640132e-06
6.950447504771989993e-06
6.668339821147825560e-06
6.621828694369632444e-06
5.945460057329757898e-06
6.202271186013385005e-06
6.545912943458610237e-06
6.571891588750572945e-06
5.829162114295238865e-06
5.136453945828719231e-06
5.290740605017761253e-06
6.693084321070269543e-06
4.778529387664882801e-06
4.694830714979371425e-06
6.506222564646744985e-06
6.395498007273324910e-06
6.599088448052455560e-06
6.514170899814754033e-06
7.217275010067882176e-06
5.887596295343830975e-06
4.763704056204247718e-06
5.450380439913668424e-06
6.999528515349609312e-06
5.741510762859437610e-06
5.909312996197906318e-06
5.245313091664851982e-06
4.264736565140735780e-06
6.613778184560419607e-06
7.640155108624150970e-06
4.917554511284727574e-06
6.107837767794569087e-06
6.105882474405120625e-06
7.107497864212816192e-06
6.688538456557245348e-06
5.042477081714355167e-06
6.361469115752719937e-06
6.129180694302831397e-06
6.747882960916897318e-06
7.258731992978214278e-06
7.046072916404280123e-06
6.593018399387834954e-06
6.627637942085868461e-06
5.460289575775944046e-06
5.607881081437342172e-06
5.676837224967437773e-06
6.418825667371944341e-06
6.763918106618888837e-06
7.237169772121825327e-06
6.353686620439599936e-06
5.776967806103251009e-06
6.603104148106808895e-06
7.485904618552922144e-06
5.150036394256025363e-06
5.923950491685173876e-06
6.116955386154568896e-06
6.756552684183523793e-06
7.224858949065253846e-06
6.329854755206686669e-06
6.151891377469120599e-06
4.377195070041094125e-06
8.125573344643686219e-06
5.222221653782162334e-06
6.040785656086627219e-06
7.182201753768039856e-06
6.348145104062414018e-06
5.685301617106441393e-06
6.395057599091155155e-06
5.270208994042013017e-06
6.263050568229396485e-06
7.123327566915238891e-06
7.522066950927434284e-06
6.173021815928553155e-06
6.286949102743173503e-06
6.568791503534121922e-06
7.674323980401923597e-06
5.035497596771202819e-06
6.303445972165413650e-06
5.770052515406757761e-06
6.476738686996213353e-06
5.804883741507797412e-06
5.715117567443610227e-06
6.182177670198555077e-06
6.336627992393137987e-06
5.075792829877138930e-06
5.652115433210297986e-06
6.260574141465889234e-06
5.956905138146991862e-06
4.820879308200511106e-06
5.536885003853091141e-06
6.090163366210794348e-06
6.382863703709347379e-06
6.065435259481697138e-06
8.294208924102948287e-06
5.719913305260285127e-06
4.790964638833314617e-06
6.359811961686585588e-06
7.082845005054871500e-06
5.182615152899555824e-06
6.328695351028791327e-06
6.466240741653158440e-06
7.528823043576656293e-06
7.406462182197254892e-06
6.030929314218688203e-06
6.329080498651771821e-06
4.800302451403484265e-06
5.839175153557040107e-06
4.754844703970802083e-06
5.985342586897081798e-06
7.604976727538261481e-06
6.442682541897354582e-06
5.305959243988712086e-06
6.569022436592692443e-06
8.105890189342923469e-06
7.461143679096932086e-06
5.149841341311764191e-06
7.846946043595122428e-06
7.387668456454452170e-06
6.493975306027374403e-06
6.214994354225500770e-06
5.260685357162953487e-06
6.620400761115294602e-06
7.148379097180920219e-06
6.221734676500223859e-06
4.645936353955202346e-06
6.106148826473879945e-06
5.756878307580979128e-06
6.230481765208277487e-06
6.048946900501193732e-06
7.044780337056419184e-06
6.992243978369878768e-06
6.026230225923350463e-06
6.276737954003540397e-06
5.351154953697240329e-06
8.099063644683158258e-06
6.765534813401486664e-06
6.239695537761413969e-06
5.485780636207312706e-06
6.317557929450151045e-06
7.359865683630052504e-06
6.875723397726232645e-06
5.732119349204374148e-06
6.473681207465850831e-06
5.377234419587227162e-06
5.706173677282158334e-06
6.422717999689883881e-06
6.878725195481704157e-06
5.129501367411990217e-06
6.662241850282302860e-06
5.696258178707400105e-06
6.253637655568088530e-06
5.644338006523897835e-06
6.438553845722745087e-06
7.897819673126428675e-06
6.131125770865431917e-06
5.958637946265278238e-06
5.359686812983384634e-06
6.290431414028242383e-06
6.825805083635718402e-06
6.362180702711720628e-06
6.819368067013850451e-06
5.220697044396932894e-06
5.449631254666067288e-06
5.739763497692524522e-06
6.321713961520667025e-06
6.864683488747591204e-06
7.537234864401507027e-06
6.140193663594709965e-06
6.400488102006873883e-06
5.842974900178726291e-06
5.455087198634619126e-06
7.257959942284830463e-06
6.737719715685403321e-06
6.933056549052410574e-06
5.382766729182843348e-06
7.075374110683636427e-06
6.977204440442349293e-06
5.927475548850355249e-06
5.269392549616329839e-06
6.129597197419251278e-06
7.337886822373566442e-06
6.378315825913779677e-06
5.346184434215148721e-06
6.613252958671927194e-06
5.862222600647094415e-06
6.949892645133015139e-06
7.838515364857904442e-06
6.170264503969004540e-06
6.294915663861440376e-06
5.320334072793865162e-06
4.407514056924626990e-06
6.281931450109514898e-06
5.631498209369296158e-06
6.559804092048673356e-06
7.853724834159287892e-06
5.912692758018684210e-06
4.511529196391722617e-06
6.220060292007855721e-06
7.560558855875685969e-06
7.044138673461693971e-06
5.718793690306292166e-06
6.160532621756918165e-06
5.985950340686043972e-06
6.934657899231956295e-06
7.567862149047360807e-06
5.634885236785455616e-06
5.382678106512467778e-06
7.460673399936594986e-06
7.043336524554783612e-06
6.521475824847305394e-06
6.056905864781850873e-06
5.912981242493850176e-06
5.150506520906502287e-06
6.016456278870221236e-06
5.970581651933867051e-06
6.853779823480378324e-06
7.441750750901882477e-06
6.991396060598214681e-06
4.689249610868072505e-06
6.284239244124414277e-06
7.012380963660784440e-06
7.150727283943526059e-06
6.659275348687542431e-06
6.265488078415692999e-06
5.583632423024093620e-06
5.907122121438707840e-06
7.435818856576479428e-06
5.891233408778635547e-06
5.569007972250386405e-06
4.836320900224566831e-06
5.806739230464698403e-06
6.304863572061424260e-06
5.356373610198452897e-06
6.951542219312060707e-06
6.193393607477994312e-06
6.200807071567690711e-06
5.041252690957728750e-06
7.989318853657479246e-06
6.959731826889075935e-06
6.752784263115370275e-06
5.136312305547264086e-06
6.419152329989697504e-06
6.918718108691986500e-06
6.715235888228323075e-06
6.174937129042520483e-06
5.989238785634545158e-06
5.840784944842952434e-06
6.242196037970156017e-06
6.360473757570992441e-06
5.064520181848515048e-06
5.391991918947211441e-06
5.587269894873723923e-06
6.623849866781160308e-06
5.680895473494046463e-06
6.941769683358541850e-06
6.559861904422301355e-06
7.163986469448109524e-06
6.092254284328971362e-06
5.549039946699577640e-06
4.893623474867493303e-06
7.540825987145019884e-06
6.727841667147003246e-06
6.803304326838703611e-06
6.069105385941015060e-06
6.627920045329541846e-06
6.594182452784177793e-06
7.470686503824854405e-06
5.481005626047885728e-06
5.808394845505978505e-06
6.270356478830074523e-06
6.692414469835242615e-06
6.536425118898987895e-06
6.195636480888865158e-06
5.924415665668916264e-06
6.614710886955018062e-06
6.967791911767492745e-06
6.712274268707704844e-06
6.816593223119676193e-06
6.372830485535880201e-06
5.558313505127459793e-06
5.362091688564659482e-06
5.860122578943778902e-06
5.698216254107433229e-06
6.808153350859175022e-06
7.423208693593718864e-06
6.000748977087902635e-06
5.211654695321877697e-06
6.780456098740607825e-06
6.920175807206685623e-06
5.842765741579808786e-06
6.190970229452108917e-06
5.997961023259890634e-06
7.289615671721956928e-06
5.439799783984601844e-06
5.522808702778619257e-06
7.057016214674733842e-06
7.904536727843460386e-06
5.792449868648829635e-06
7.039679620716940433e-06
4.930065666547602772e-06
5.687480853129039615e-06
6.323775110928947010e-06
6.911917366943500203e-06
7.000837367521198515e-06
6.655573194058808041e-06
5.962150537603249980e-06
5.717562727369217538e-06
7.460442469725876289e-06
7.570844654605233830e-06
6.648029550974992906e-06
6.157774019151881931e-06
4.740355425765486490e-06
4.953787057045422845e-06
6.598334550465462570e-06
8.224666079108128506e-06
5.675884132458892573e-06
5.458277948610760682e-06
5.490497293242475481e-06
5.658131554587630790e-06
6.892450308593139294e-06
7.358964713140169107e-06
5.714171024745197765e-06
4.678485519361700709e-06
7.225066605503096447e-06
6.251839056885265706e-06
4.603227024677465439e-06
6.112944031175136458e-06
5.917066485464853308e-06
5.781183820416358182e-06
5.101283531225071319e-06
8.229193221254294322e-06
6.473560520829594326e-06
4.887598623713694919e-06
5.698729154716545667e-06
6.272834657670668975e-06
6.091797059539670400e-06
7.855651727411153956e-06
7.041282497361793357e-06
7.374235947176706012e-06
6.292455708155802553e-06
4.373039729515218707e-06
5.920853142771947703e-06
7.029039691327523122e-06
6.976006539622161688e-06
6.020003538126669419e-06
6.332506574594036339e-06
4.687069565923668265e-06
5.256607962069109071e-06
6.621578984944083704e-06
6.645675154470767398e-06
6.035995640249506006e-06
5.992361505687482452e-06
5.420856966657662654e-06
6.768670648513401414e-06
6.532448595406515369e-06
5.553454139788974808e-06
5.583342296202955537e-06
6.190619152629359545e-06
6.816434569226365329e-06
7.530422657610254481e-06
6.585806227795808147e-06
6.865571188710996123e-06
6.751659280063251097e-06
5.866671151314189239e-06
5.808491383708295020e-06
6.852745812717306679e-06
6.724393443449250584e-06
7.086295059269215230e-06
5.709842292162253870e-06
6.024263989184663126e-06
7.097750820192984542e-06
6.684055562859719423e-06
5.235574472075101375e-06
5.855855341572936276e-06
6.300285500209802410e-06
4.844485592241555363e-06
7.120837482600541159e-06
6.023506911958459484e-06
7.889736948427609144e-06
7.100714303936872173e-06
6.314777582211604368e-06
6.087384547937249052e-06
4.462784844860967002e-06
5.988238744217034030e-06
6.761373099491683256e-06
7.719252144528804344e-06
5.092120683453922927e-06
6.130933777126059736e-06
6.015526132343710484e-06
6.318803362302477671e-06
7.394585505339273689e-06
5.950581494636214319e-06
5.995205736061255999e-06
5.863954922725214207e-06
8.222488378593832383e-06
6.883555034743704017e-06
6.376327365483958520e-06
5.704521107564183013e-06
6.234699857149932886e-06
7.666070879770112292e-06
5.937259897401245859e-06
6.283588560224127748e-06
6.799996991988722819e-06
7.501228954511022667e-06
7.270207744444295468e-06
6.179994835534191620e-06
6.095637141981569387e-06
7.282935026321422720e-06
6.998101116517018100e-06
6.887189677589035637e-06
6.206771134636726653e-06
6.440822062624923976e-06
6.581668784013863675e-06
5.855841436654948612e-06
6.301849887772784342e-06
8.026333400585636626e-06
6.466321470746172911e-06
6.085854757413918461e-06
5.575206534103818062e-06
6.473996173471060185e-06
6.848912294551762873e-06
7.122586565755870678e-06
6.934038902586954762e-06
6.934836459825267044e-06
6.331151555261754535e-06
5.669965058797438336e-06
6.798595097990817544e-06
6.872133832380964647e-06
6.020605672512885054e-06
5.645354224878506310e-06
5.248542265190989118e-06
7.334533393720681194e-06
6.289780209806267794e-06
6.286763006257781296e-06
5.641640027569117147e-06
5.306780112749570391e-06
7.000122568718536172e-06
6.658008908153744265e-06
7.937514816311292426e-06
5.175096825883288957e-06
6.494625026151469375e-06
7.583915568926381374e-06
6.841420941501179964e-06
6.718693237732258786e-06
6.298362129473503984e-06
7.006221264645826192e-06
6.150564736016384172e-06
5.714881482660477826e-06
5.714232656557229249e-06
6.435029752208788267e-06
6.735796587155818869e-06
5.750270853062755682e-06
5.882430125755201563e-06
6.308515310325358576e-06
6.746972607899306101e-06
6.596975905214314428e-06
7.394444279757581280e-06
5.775110972281108611e-06
6.034656964742888723e-06
6.254921513764089401e-06
8.298929244231933777e-06
6.875947570931138314e-06
5.740877283069841497e-06
5.781261210201447017e-06
6.080375920888971400e-06
7.436861252253978963e-06
5.378490359207035724e-06
7.475531048682165410e-06
7.089202602029562874e-06
6.914861292086966827e-06
5.982014690174370409e-06
4.696572230912067624e-06
6.330557581372934389e-06
6.866958623166809590e-06
6.734013263273504997e-06
5.463296379748150697e-06
6.058092486381891287e-06
6.087223965435172851e-06
6.261432476172796793e-06
7.230959462476566577e-06
8.138443384833982409e-06
6.016264044457518824e-06
6.315185794461778687e-06
7.723664077363263079e-06
6.988754332048630538e-06
6.370182300668393032e-06
6.434621594072210791e-06
5.328014468192838092e-06
6.236212247058627981e-06
4.903654623320408411e-06
6.673335860819939940e-06
7.598251746612789197e-06
6.999883623720893738e-06
5.237951204173574093e-06
6.186494459003462134e-06
6.393841775065608748e-06
6.556643879558601787e-06
7.222000839562420377e-06
5.122470721732403626e-06
5.905576150971323103e-06
6.513210886154358684e-06
6.027909086761024007e-06
6.038617725138966671e-06
6.042543294492563939e-06
6.526485538263968453e-06
7.822297407986981494e-06
6.191598512432940394e-06
5.806105911358661846e-06
4.913973627223731077e-06
7.143782036255486904e-06
6.470698835230214081e-06
6.503970215652912436e-06
7.484607409417655398e-06
7.255214856171500568e-06
6.460583225789268746e-06
6.561980831932463470e-06
4.895937754976792834e-06
6.892473913895326739e-06
8.054065200752690915e-06
6.922037508480918278e-06
5.332900411760889819e-06
6.421642349135521724e-06
7.147050981256208510e-06
6.360568326697091401e-06
6.975666699529272333e-06
6.081468252003163409e-06
5.880317512904370563e-06
6.389196897286235969e-06
6.016197745677754119e-06
5.541495329896113114e-06
5.639250911714396764e-06
7.091287511330970809e-06
5.964897375369775367e-06
4.482204055009034493e-06
6.788398885987212841e-06
6.300408628537021662e-06
6.162046802379055487e-06
5.532513073556703363e-06
4.361014420201489284e-06
6.871433137669452707e-06
6.411679677636445976e-06
6.424994433929710062e-06
4.961435444647612466e-06
5.329409948544636512e-06
5.568099639185915431e-06
6.775299577127088620e-06
7.349721614110717334e-06
5.977055819348394658e-06
4.809830891536412016e-06
6.295523539017453175e-06
6.527851791590878256e-06
6.256564676091481812e-06
4.290698139314927253e-06
5.519138374869028585e-06
6.358531965050304436e-06
4.351642197948269952e-06
5.739984515991527389e-06
5.794537714626842045e-06
6.919125880615753383e-06
4.641318974930905663e-06
5.524237066718247488e-06
6.941879145439894308e-06
6.192461060530839986e-06
7.096050555977972401e-06
5.898569301439198517e-06
5.167474057553251734e-06
7.699430359739988354e-06
6.769455041997407567e-06
6.030854085432832489e-06
5.116086737827442435e-06
5.798418635073112690e-06
7.153062987673706983e-06
7.442589082083578118e-06
5.934220500857620128e-06
5.759724779227935176e-06
5.255646598206802216e-06
4.767330021344863142e-06
5.848910023753509140e-06
6.247905822541964799e-06
7.006976336781684909e-06
6.431027108719698061e-06
5.519950937960421744e-06
6.152211512897192951e-06
5.971916569030633599e-06
6.516373762383357257e-06
6.821005050658063180e-06
6.884273846122268026e-06
6.341199074405113181e-06
5.417262885705525652e-06
7.198494765250288231e-06
7.307926785581154404e-06
6.518936003703042229e-06
5.934405295465589161e-06
6.264256259303887615e-06
6.444385026438858120e-06
7.668261424113676647e-06
5.716822965703384871e-06
5.574635517982006739e-06
5.852663617961527599e-06
5.094590215548248083e-06
6.155795627401691734e-06
5.755874130100441369e-06
6.975212207905227989e-06
8.680587578631105607e-06
6.095797244588280369e-06
6.060302672899715619e-06
5.271514415661742519e-06
7.357495697153031987e-06
6.934438761361570777e-06
6.403738408871547539e-06
5.076902233160098961e-06
5.851811527689154921e-06
6.010774281461072533e-06
6.584064960991539458e-06
6.060836640739118821e-06
4.967326112915480544e-06
5.650413831579763583e-06
6.680794474143691218e-06
6.696399713581369613e-06
5.631589726795281567e-06
5.100888980373048547e-06
7.145517764245268645e-06
4.794093124355371422e-06
6.391429379250484870e-06
5.798328510731265046e-06
5.887687850861134509e-06
7.350539908275703823e-06
6.243951937923008721e-06
5.476790082135663379e-06
7.885360580337732016e-06
5.674668216285419575e-06
6.069257366043691859e-06
5.315030715724178939e-06
6.402279729118345897e-06
5.071963033711151015e-06
7.958680104951240406e-06
5.893624579122965576e-06
4.616657232705112643e-06
5.852607317532393086e-06
6.536951697185867678e-06
5.088571600941781389e-06
6.586230006903257662e-06
6.631764343531220642e-06
4.832935975325496638e-06
5.171214838620718841e-06
5.348539249151423323e-06
5.532056621979279379e-06
6.466097645161768521e-06
6.404406188724963683e-06
6.503923225948267328e-06
7.964252150193315352e-06
6.103277297279586720e-06
5.655832479462026716e-06
6.862883612380185049e-06
7.215820919811121062e-06
7.306540765066635884e-06
5.007133557666674602e-06
6.327958177612683102e-06
6.203356153338218830e-06
6.887443654102134039e-06
7.163696051843329600e-06
6.653165695948329471e-06
6.802438322474152287e-06
5.808883023778466815e-06
5.414854033871095502e-06
6.115659907351604321e-06
7.125598846986476868e-06
6.879950626427429371e-06
5.717259151949874640e-06
5.574531972460906297e-06
6.448167046759658581e-06
6.014268317411291575e-06
6.349987005291355148e-06
6.474518598241080327e-06
6.928985623920127768e-06
7.496622007955196763e-06
6.158243543169962085e-06
4.720151467660650499e-06
7.709007297731619530e-06
6.961929491366199168e-06
6.452139824062694905e-06
5.337117906589363463e-06
6.049373706874042460e-06
6.074121536316389025e-06
5.943512242863548477e-06
5.637199131737976950e-06
6.631261996291566671e-06
6.542500947436204797e-06
6.529004707966893092e-06
6.187323445231135236e-06
5.994566232390853686e-06
7.175601385605531790e-06
6.914144151490459362e-06
6.467178534139114098e-06
5.685960539104874926e-06
5.476823253793141519e-06
6.739615882254508452e-06
7.335707413822401672e-06
6.378142887576894877e-06
5.817228499532832123e-06
5.256036421407186560e-06
6.710753059972411883e-06
5.613797876583565745e-06
7.144604770706769695e-06
6.141252981471118433e-06
6.071053694293702047e-06
5.233565124693230689e-06
7.264214806733563116e-06
7.329515554996464139e-06
5.553107835561886903e-06
6.295214253626013487e-06
6.928910085027436993e-06
5.741289616480430323e-06
7.054925974129391467e-06
6.606752934129168024e-06
5.757581017889107410e-06
4.628757384492431965e-06
6.768677801502404393e-06
6.228530408657230585e-06
4.769077431335560339e-06
5.317319993607464817e-06
6.388448286455792383e-06
6.556154562137136472e-06
6.985054285002695598e-06
6.997772434323936635e-06
6.596800272042917701e-06
8.066014974593402318e-06
5.702681383417419917e-06
5.160341129229910970e-06
5.904059802277038661e-06
7.003724808339643861e-06
6.435449852947498080e-06
6.781297674392021685e-06
5.891511292664635553e-06
5.253951971200535430e-06
6.691385705262318616e-06
6.703320769976537619e-06
6.922258152063215353e-06
5.298183426726055638e-06
4.346969089709987302e-06
5.917062624689878275e-06
7.606449407025497281e-06
6.463737154405668154e-06
5.094521716481428637e-06
6.353732982833474745e-06
5.340049805685872062e-06
6.508869319794345633e-06
7.092882455326980851e-06
7.297153345452013887e-06
7.081551166394691288e-06
4.836347313994536713e-06
4.738596232143784403e-06
5.914545528202443266e-06
6.619935836948198228e-06
6.570280840233801811e-06
7.113061083836520521e-06
6.460188009814173592e-06
5.587875019897399660e-06
6.860958736706016641e-06
6.470092636414093307e-06
6.552028784964385474e-06
6.141621706602913348e-06
4.759820429869138849e-06
5.287346193100967527e-06
6.578987639391463665e-06
6.618369690101506712e-06
5.465277622712924269e-06
6.278579961906578471e-06
6.486627412395464211e-06
6.233813427603634679e-06
5.694825495663416464e-06
5.772325658710250989e-06
7.854729133128333178e-06
5.824126477865655045e-06
4.886694259760520155e-06
5.404447866923829267e-06
7.406366662991037357e-06
6.565746035626223214e-06
6.306628957778762735e-06
5.637967895828749067e-06
6.014185809810849851e-06
6.988736206284470873e-06
6.663842752040050806e-06
7.043618441164869113e-06
5.919387146229283545e-06
5.510472231751626302e-06
4.970084764906801567e-06
7.159829051407317043e-06
6.730839761976759138e-06
5.641312824305496437e-06
5.784654411814982677e-06
6.273123705228420261e-06
6.323717428011795169e-06
4.924585680185057191e-06
5.668302616732694267e-06
6.424921955026848629e-06
5.877613234430948128e-06
4.786300306170322519e-06
4.619948504488501046e-06
5.802016739272227435e-06
5.134968005254515452e-06
6.428028781767191854e-06
6.838965656126424762e-06
6.250619869930624827e-06
5.363247320352432918e-06
6.466485540841856204e-06
7.081256215261603965e-06
7.741394531563549518e-06
5.134917013464647066e-06
5.698595098197774318e-06
7.694874291038118842e-06
6.689845624246999255e-06
6.239987227513703367e-06
6.388268558663215758e-06
5.607178750643106025e-06
5.155820154864242000e-06
4.979898293526630889e-06
5.867339182132734052e-06
7.499782124169657016e-06
6.447678020270990834e-06
5.714123130797937967e-06
5.874948083655431027e-06
6.274065482324264257e-06
6.655351951507636723e-06
7.531354121297684989e-06
6.084687954355095358e-06
7.064887073733268711e-06
6.537155589488401322e-06
5.983269392551725809e-06
6.141723807756761748e-06
5.522136109955124987e-06
6.699911634890110995e-06
6.904452611634126839e-06
5.495999469617510801e-06
5.255059457244040022e-06
5.473175204832175789e-06
6.166136707639769481e-06
6.209385563404369760e-06
7.998497467902898977e-06
6.947921694844724919e-06
6.146647016495725213e-06
5.545892913133454002e-06
6.937973482077672550e-06
6.810684372188601548e-06
6.336951919511929166e-06
7.343777797504405290e-06
5.254289035387024562e-06
5.223863609889862846e-06
4.643317167156171055e-06
6.809660808144613430e-06
6.654051355727293189e-06
6.833680323029183023e-06
5.554741644505932167e-06
5.005786810153964976e-06
6.539405304814073402e-06
6.665344960532544000e-06
5.078086805545963579e-06
7.175656846663734297e-06
6.636626331601761880e-06
6.135686731918784062e-06
7.216804216968476432e-06
6.627409130100837729e-06
5.566049139983958578e-06
5.384091200275501798e-06
5.553497106310332274e-06
6.268864568414455372e-06
6.997758859155268861e-06
4.902094635371246239e-06
5.180779715571995227e-06
6.065909633712261030e-06
6.518571287840669474e-06
6.632392733298385164e-06
6.994769885314686563e-06
6.388742167321289435e-06
4.795455486852978872e-06
6.874294871415673064e-06
5.683838766518601769e-06
7.624167746772258030e-06
6.727563238953321630e-06
6.680484635598311133e-06
5.593667919605536762e-06
5.834945369508788515e-06
6.618016092636830210e-06
6.331388120815432008e-06
7.586043194938053062e-06
4.905111949616351032e-06
5.536876384971779908e-06
5.740424898168218653e-06
7.960640415911160358e-06
5.869717391674987830e-06
5.975696835048670382e-06
5.507432701811050062e-06
6.194192269729223091e-06
6.709019984048702826e-06
7.564523191165684843e-06
7.411445190697887086e-06
5.777142857457762077e-06
5.618333274280037836e-06
4.795297764718701951e-06
5.447191342894656798e-06
6.078136712954350818e-06
6.479321906498558092e-06
6.775633231131960036e-06
7.084568292017943197e-06
6.254443612040483106e-06
5.293214501745989934e-06
6.650081910709921919e-06
7.485573589560176528e-06
6.951419895041551957e-06
5.700520927077894091e-06
5.481060672124313502e-06
5.694179737826485752e-06
7.308239865123393907e-06
7.235518332511458418e-06
5.901123057933585549e-06
5.609477911427699394e-06
7.202794094802985388e-06
7.313620020754980734e-06
6.827928023941369545e-06
5.321560854403932743e-06
6.715907144719517238e-06
5.478092672831131391e-06
6.092901599309455984e-06
6.252214213459005284e-06
6.937934387284868622e-06
7.555874251457641555e-06
7.582706132662650875e-06
6.242112051706938473e-06
6.196343668508726169e-06
7.705383541841754518e-06
7.336823486628856386e-06
6.261392003799274470e-06
6.507121967030846914e-06
5.774047107342815409e-06
4.579255339275190229e-06
6.434788515997607186e-06
7.136148025951208042e-06
5.768454145469981222e-06
5.282592395623830960e-06
4.428240385664540202e-06
6.938523656047998799e-06
4.530962986311323248e-06
8.365006047504477550e-06
4.761693029856045901e-06
6.005152710259291496e-06
5.123157118797865238e-06
6.769281090241020201e-06
7.554706126067113225e-06
6.823629837731482309e-06
5.611801381698048353e-06
6.168682870111456646e-06
6.511489585983850850e-06
6.425576145792830583e-06
6.295723628420195551e-06
5.330570125616824841e-06
6.495335581170543828e-06
6.427363463486139941e-06
4.898292451284984242e-06
4.842296486618655455e-06
5.954136629357825765e-06
6.538574741886458225e-06
6.405661824048824607e-06
7.444422556034636355e-06
6.440747209096897664e-06
7.161958160835492175e-06
5.920983853364091519e-06
7.077996073769452650e-06
6.261594411086147970e-06
5.786158393338301491e-06
5.395043412106237781e-06
6.868934835521964408e-06
5.542874061572394097e-06
6.318799950017884670e-06
7.095471657200121775e-06
5.612772218369363631e-06
5.972196461689106138e-06
6.094709717970615747e-06
6.080713485206114213e-06
7.170728803465827669e-06
7.144336317427561760e-06
6.783865368873254668e-06
6.481318221861061530e-06
5.875841219080291365e-06
5.196802517451267469e-06
6.293889479530027110e-06
6.654209132167333318e-06
6.374141384476884497e-06
7.386509489715380666e-06
5.955651524762053009e-06
6.716380019456504406e-06
7.282461518969337415e-06
5.194266285308885772e-06
6.004686094248472069e-06
6.072856707030421709e-06
6.802165289145484307e-06
7.185171350749691799e-06
5.674044373366856043e-06
5.980264559673611445e-06
4.869911893993858063e-06
7.410366934857683471e-06
7.199005260778118392e-06
5.905046144740118644e-06
7.090411672983727023e-06
6.285312264918328775e-06
5.720770204585574469e-06
6.509183871093697849e-06
5.967402727730527878e-06
7.470293575720542510e-06
7.538279999215655724e-06
5.548761665551788061e-06
5.772402874756706243e-06
5.050450842153336205e-06
7.145140782313920912e-06
6.436224976646609139e-06
5.559249186615351204e-06
6.227818696531707104e-06
7.105809099173846611e-06
6.831131268540026748e-06
6.050313149622162283e-06
7.079654402978022923e-06
6.237550341017435716e-06
6.039194542501256761e-06
7.482915427652154510e-06
7.856945160879473913e-06
6.230255152057734012e-06
6.376886258802895549e-06
6.076856482966631992e-06
5.564865107100950683e-06
6.066965558476377573e-06
8.050141814240496869e-06
5.846586116388147015e-06
5.367481915813688227e-06
5.491865093977527898e-06
6.817921487728331545e-06
6.752853182642163593e-06
6.568230139593619557e-06
5.085723542245195205e-06
5.023303388210711989e-06
6.371280208902684368e-06
6.566699566029668672e-06
6.999509750985767277e-06
6.631089074247246261e-06
6.339566858419073038e-06
5.771110860494733001e-06
5.628914487755033464e-06
8.036968477633464795e-06
5.536262084905838991e-06
6.099516818167255574e-06
6.026337825017625592e-06
5.621165334795141482e-06
5.578685990404420804e-06
6.213713451271099768e-06
6.493218779001564870e-06
5.201580097647575749e-06
5.193345241149469976e-06
5.735218756051891370e-06
6.467586513472866536e-06
6.714628378771224636e-06
7.390537191232195160e-06
6.252347384663373532e-06
5.778128032208053990e-06
6.246130563452370881e-06
7.020347750465399856e-06
