9.964120259001030266e-01
9.980127813836662254e-01
1.210751717609773070e+00
6.968062854548496832e-01
1.113208633516931334e+00
1.125784908309128918e+00
1.283668559720646751e+00
8.897616842390594361e-01
9.451739314542908499e-01
1.202901053184008084e+00
1.240115162352031009e+00
1.286350995037825573e+00
7.556657248905720436e-01
1.063270439395902045e+00
1.114711971087751774e+00
1.253558571153309043e+00
1.758396316256940706e+00
1.274012638740339431e+00
1.128027859798560906e+00
9.495665252329241746e-01
1.115191712276329294e+00
1.347583333241539005e+00
1.180279128297150759e+00
1.191985180841454550e+00
8.432543651348773928e-01
9.300351271308041623e-01
1.007490563733783651e+00
9.547203515007451902e-01
1.384671981773133220e+00
1.279651495632811775e+00
1.483366497460658628e+00
8.912190783237692315e-01
1.484663559929540799e+00
1.177050248904861318e+00
9.672957513182510736e-01
1.258031442163291880e+00
1.168649013587255592e+00
1.007434370763077291e+00
8.859677797174382308e-01
1.542771830004161071e+00
1.032859763417525389e+00
1.304666096618741111e+00
9.572450523247195697e-01
1.068564789135231452e+00
1.504319079274066162e+00
1.219101006398300102e+00
1.071988248240097974e+00
9.225172480069749881e-01
1.219218886095255305e+00
1.075384357424077786e+00
1.189082629202626418e+00
1.189412108733771456e+00
1.177583286057388934e+00
1.000002744430570134e+00
9.992007144352349490e-01
1.094307444834335286e+00
1.107812038126779086e+00
1.092109283436184519e+00
8.394597532856387101e-01
1.609063744383487871e+00
1.541295151595623469e+00
1.151793283746732177e+00
9.609144603219792469e-01
1.190575003639094076e+00
9.700898560139368243e-01
1.168389925405533436e+00
1.060993326380673007e+00
1.311084223528993231e+00
1.091618200849542086e+00
1.284906131353383163e+00
1.542999927560549267e+00
1.037540655325438044e+00
1.365492154285992354e+00
1.335022718314242240e+00
1.030001205085008698e+00
1.152689673605035825e+00
1.159273013639523731e+00
9.571823052612890015e-01
1.245796606166647447e+00
1.388045874656179013e+00
1.002493865388488947e+00
1.021762059872151740e+00
1.332049659718423484e+00
1.211214903016052613e+00
1.291227891123813976e+00
9.760437989710191165e-01
1.160903439029769668e+00
9.275742567348671530e-01
1.106130706469664160e+00
1.199476732406058677e+00
1.359635837774735512e+00
1.181055798139061697e+00
1.001771036927286973e+00
1.214513105005089466e+00
1.034622489497285747e+00
8.530367976311860057e-01
1.246754864106765615e+00
1.187708218546421390e+00
9.706841248673615530e-01
1.050797331235052035e+00
1.269328509588866449e+00
1.254428727002368626e+00
9.621412340887404158e-01
1.571875343377528988e+00
1.506881146749240896e+00
1.078159177262993706e+00
1.153085857528129310e+00
9.054608851822070203e-01
1.075427653779521764e+00
1.175524892705753555e+00
1.132039529570219027e+00
1.203897383969419366e+00
1.446520265981419362e+00
1.132406684383432838e+00
1.279016004775324511e+00
1.313120626502481514e+00
1.527536468338128284e+00
1.495140448542219280e+00
9.667150709814936738e-01
1.119697554941966100e+00
1.160624697744970124e+00
1.234458991750297940e+00
1.285667539194114584e+00
8.925232425314598705e-01
1.068558496993417206e+00
1.039105613156027674e+00
1.463687114116757115e+00
1.611513011422403663e+00
1.041435422657843057e+00
1.179683721026312471e+00
1.069248335335298838e+00
1.376444235932123616e+00
1.232632911912450835e+00
1.289381582426446293e+00
1.112710340214315696e+00
1.004380801250370103e+00
1.197723577353224655e+00
9.398617411397250931e-01
1.219316809731100681e+00
1.342214478165841829e+00
1.077450031040071421e+00
9.365113138390309677e-01
1.277922453299556560e+00
1.027810993124295802e+00
1.127366578103455641e+00
1.144445801296819720e+00
1.252786113157356551e+00
7.974448130532177936e-01
8.951684863720550389e-01
1.117694473121481735e+00
1.453801752403550696e+00
9.552925781482272116e-01
8.860228869017908737e-01
1.265285737567058977e+00
9.058685831718928938e-01
1.096815936939240954e+00
1.004972367091410357e+00
1.409563529552471106e+00
1.143566398482105839e+00
1.105609376908781138e+00
7.707743286269558292e-01
1.736373174844131118e+00
1.158972093963755778e+00
8.080147729961181247e-01
1.021889746369148311e+00
1.492331465360752230e+00
1.174405560096382306e+00
1.542448190208457470e+00
1.267229065401017651e+00
9.294125887133952713e-01
1.421757829007596952e+00
1.052137657595383358e+00
1.133514414714143603e+00
1.198584509825934452e+00
1.082572800614114428e+00
1.088940738533562769e+00
8.496608905383293830e-01
1.020932294562785669e+00
1.412089600429525804e+00
1.231339556161870741e+00
1.045800419924758584e+00
1.176918302026817464e+00
1.157508593745752989e+00
1.125043500716195632e+00
1.208667461466672588e+00
1.167869735156999544e+00
1.142904021253792868e+00
8.454147799855986634e-01
1.180539311341533226e+00
1.271766622744941122e+00
1.309094584712478859e+00
1.246249991980020955e+00
1.214514599910307746e+00
9.344440326109780814e-01
1.130787136369808321e+00
1.165556468989982886e+00
1.080629495395892814e+00
1.226700652595459351e+00
1.140514345404177288e+00
9.969676021513722564e-01
1.512201532267284598e+00
1.213058709167465610e+00
1.066529144849197586e+00
8.289142309991702762e-01
1.136950925187327988e+00
1.445083495611058311e+00
1.358504764805017695e+00
1.342343142290925773e+00
1.070409787384998257e+00
1.005202421579326044e+00
1.339537116395790539e+00
1.149494391210871047e+00
1.187133863318475369e+00
9.152754888902687735e-01
1.562607321263155491e+00
1.310177705587492802e+00
1.382099317761370072e+00
1.105146674885015612e+00
1.122660230660262437e+00
1.596785521223126114e+00
1.003209051702835586e+00
1.101212258364246965e+00
1.112723467934997768e+00
1.238627533797462155e+00
1.098862264738486694e+00
1.288005686274810380e+00
1.817184005394868018e+00
1.083590343360962827e+00
9.714531582604543081e-01
9.650060952644761159e-01
1.445011336922630285e+00
1.248923629244113265e+00
1.154695648976343580e+00
1.023393341220383279e+00
1.333204016133728409e+00
1.039182118381553499e+00
1.159151650947172429e+00
1.160075840590649054e+00
1.085046759805361249e+00
1.168071125333291382e+00
9.805802481466103782e-01
1.427990613480743631e+00
9.821411785368020508e-01
9.622237904358423854e-01
1.369292565168116260e+00
9.944197587237625369e-01
1.232401104682727455e+00
1.248555787314230114e+00
1.041827658919727506e+00
1.398587595051974608e+00
8.784523507584757196e-01
1.021735928661412718e+00
1.053442534782142781e+00
1.223149953144957669e+00
8.495415926827657449e-01
1.252395673797377373e+00
1.395521197151683879e+00
1.078288918428565335e+00
1.597515510634881508e+00
1.516674001088424761e+00
1.049389773653440550e+00
1.049482307498877276e+00
8.897531874360471438e-01
1.351054071550296332e+00
1.105145087228719403e+00
1.033886196829882032e+00
1.175316908730075882e+00
1.008126536171585208e+00
8.183201003486831882e-01
1.351991989209305745e+00
1.336914891414944240e+00
1.393047077380132892e+00
1.029446469727457458e+00
1.184414508493739415e+00
8.868601235525623849e-01
1.390077351460679900e+00
1.244040419017077070e+00
8.425877068142367810e-01
1.136720630407093813e+00
1.208399973165200203e+00
1.479261096432866296e+00
1.309528687699323957e+00
1.464364162186294172e+00
1.323224185434870748e+00
8.713686507467122144e-01
8.103242689631284801e-01
1.117955256946374876e+00
9.739324558080394434e-01
1.268113116484059111e+00
1.168181689926097722e+00
1.199966614783727126e+00
1.231964934226670305e+00
1.265157552421632081e+00
1.372928905885161699e+00
1.213911856245355914e+00
9.016070390597682449e-01
1.088645030924642709e+00
1.189829693707739056e+00
1.125183393694024758e+00
1.126263249830235180e+00
1.094084413453927151e+00
8.871718929063545644e-01
1.325481192811604370e+00
1.112952880553361057e+00
8.534130725504933679e-01
1.032704567307607846e+00
1.081296117063308637e+00
1.038064988955970103e+00
9.447208470722624485e-01
9.457496743340705336e-01
1.540163137468027799e+00
1.411770719505729854e+00
1.191622024335935670e+00
1.166011742561096742e+00
1.202980392180884595e+00
1.457757933579240106e+00
8.859334189851202357e-01
1.472292181466164029e+00
1.176074713879524669e+00
1.002489606153801116e+00
1.175581756087515917e+00
9.782720155056664479e-01
1.105644058198298696e+00
1.401975027048710354e+00
9.142820924742139921e-01
1.127834579266545623e+00
1.309436125787390548e+00
9.720127220675361945e-01
1.191888933109958248e+00
1.238743468410735904e+00
1.572706691272871327e+00
9.137689338871304301e-01
1.010740213780914942e+00
9.152745183499538806e-01
1.193297435712193266e+00
1.736775369678969838e+00
8.274480924986660213e-01
1.287253264867082692e+00
1.022478653365390899e+00
1.179266706015657196e+00
1.001022578552697828e+00
1.237742240544516648e+00
1.432086035836090288e+00
1.334340983159703731e+00
8.758324658500817872e-01
1.383133955220816613e+00
1.226665132362515065e+00
1.265683102998264697e+00
1.087958707752510801e+00
9.636897316611029440e-01
1.087577572208165311e+00
1.221577986691147810e+00
1.243309723748294626e+00
9.480650368423738650e-01
1.193257875207570207e+00
1.051087769850810538e+00
1.164729134848026204e+00
1.047896049945056918e+00
1.232042539953239757e+00
9.903474238185684397e-01
9.852814144619361780e-01
1.623067451890344959e+00
1.070263454629919453e+00
1.121126377508225858e+00
1.077005079694218548e+00
1.260535891442327028e+00
1.079886130695649982e+00
1.346702114047118037e+00
1.194728765338554544e+00
1.226214346268966082e+00
1.247899626022944464e+00
8.089102423354038729e-01
9.958468618384259674e-01
9.907384709140208967e-01
1.301162082265840514e+00
9.521852185339397812e-01
1.236915014087129672e+00
1.177099750116332277e+00
1.239081605373725914e+00
1.687216697538647114e+00
1.052985665928818815e+00
1.197376695042254857e+00
1.318658266484040276e+00
1.156223487230937819e+00
1.070338107594040133e+00
1.067711456738094533e+00
1.527043379275598411e+00
1.296404436864002863e+00
1.324543494154113210e+00
1.087371260131873907e+00
1.075438401741984906e+00
1.445084330926084792e+00
1.314265267623295319e+00
1.169444107358991403e+00
9.573323926058692201e-01
1.261768296854110405e+00
1.322378876724856545e+00
1.411198185920158110e+00
1.198002613380672265e+00
9.926003082461364313e-01
8.991033411646972562e-01
1.186259745185918923e+00
8.540597750568025281e-01
1.139809587763580989e+00
9.585849056354301956e-01
1.375755271937439961e+00
1.100083163685832366e+00
1.042422502830762321e+00
1.069337263540834693e+00
1.053762327330259430e+00
1.260278574415868658e+00
1.114133903495428290e+00
8.492973394528071651e-01
8.682560980395712669e-01
1.405914451695885470e+00
1.163394393725234233e+00
9.982006910895754315e-01
9.160762287440141760e-01
1.395510141764097600e+00
9.353909121986186959e-01
1.206535290503628177e+00
1.286485899417152412e+00
9.148744722423564069e-01
1.050709163841030414e+00
1.580637288652922079e+00
1.084904774057662724e+00
1.219509738636183060e+00
1.057026501357067660e+00
8.274746618511069629e-01
8.753374575713914751e-01
1.466711252948366351e+00
1.107337255062480486e+00
1.562689561928144677e+00
1.286049388144486327e+00
8.086427183405172636e-01
1.283072087933141647e+00
1.383919147060445720e+00
1.155922005058894531e+00
1.092691532260746667e+00
8.080497320018648066e-01
1.072415206963432066e+00
1.599999556304667614e+00
1.272267537633385404e+00
9.376835135389351983e-01
1.014105688498259328e+00
1.046869981690998985e+00
1.396013955679904495e+00
1.026550636652566517e+00
1.042770165083649614e+00
8.374174263262974538e-01
9.845255143662545727e-01
1.260206925783699416e+00
1.456954676164156748e+00
1.143796601499281751e+00
1.181219857421055952e+00
1.155142135429852779e+00
1.175350425923585185e+00
1.347742587015418936e+00
9.695127398909930694e-01
8.823511553398517560e-01
1.271352045555689481e+00
1.210571250226648354e+00
9.453260479068233968e-01
1.103774278950093501e+00
1.031066049956995911e+00
7.308480121025467957e-01
1.674179578410310842e+00
1.198044388401653837e+00
9.877163394630563698e-01
1.191958104634600613e+00
9.359361187741241928e-01
8.097811333636421027e-01
9.764474975338137686e-01
1.095676595269720943e+00
1.199734445232463198e+00
1.104017135515532599e+00
1.152530763681253401e+00
1.260545872003687284e+00
1.075422982751833789e+00
9.248003423407992196e-01
1.461883708448241670e+00
1.075860052179703930e+00
1.424629487236563019e+00
1.201406171229640885e+00
1.089223438485525941e+00
1.421829694744018990e+00
1.258192365556318304e+00
1.016947814164792296e+00
1.208165736379408495e+00
1.050978514287938426e+00
1.034231294787871347e+00
1.298710960449479312e+00
1.088960464095640956e+00
1.055967568857927530e+00
1.358810780941353435e+00
1.166742530163150882e+00
1.170065134590641653e+00
1.067983419952803992e+00
1.086357925756378240e+00
9.242547127832718701e-01
1.210837679189941340e+00
1.127322041963567667e+00
1.129407982470201022e+00
1.222151090301008436e+00
1.119523594588418991e+00
1.294697063091690303e+00
1.021494314806202119e+00
8.647589694693605944e-01
1.246858564620487719e+00
1.061449056090905119e+00
9.488122339593245691e-01
1.051045850923050251e+00
9.977642300288029897e-01
1.155475026364379820e+00
9.306317830592365503e-01
1.252976985810235311e+00
1.505092607362955581e+00
1.174858946305227914e+00
1.420759523233116939e+00
1.023656552941608178e+00
1.305721935961566826e+00
1.139043231032030423e+00
1.636143864149560700e+00
1.281505694430598696e+00
9.785712286094918611e-01
1.405402505172564043e+00
1.388085610571970108e+00
1.359287920227874036e+00
1.196926854516092931e+00
1.066428870815808727e+00
1.154769470256448605e+00
1.254608697556834462e+00
8.302743827378564756e-01
1.361277134279389456e+00
1.117887652333103166e+00
1.010026950289073078e+00
1.145857498567216082e+00
1.295320763567856304e+00
1.517257933728263453e+00
1.160203675193290707e+00
1.161045117884511813e+00
1.083927958233902977e+00
1.258660156626501658e+00
1.505186204627650959e+00
1.201489455743551149e+00
1.027908657403284520e+00
1.221703172878531696e+00
1.155798144816581274e+00
1.428927617172532916e+00
9.564085646094332427e-01
1.253156098378636951e+00
1.038938619119949891e+00
1.199805682140268281e+00
1.399859269403671558e+00
1.237977977107973748e+00
1.035726161139627344e+00
1.285194330158225595e+00
1.143972982427005958e+00
1.171924115926078702e+00
1.158052252979672403e+00
1.378110852783495988e+00
9.530116400233732410e-01
9.744241924737032656e-01
1.202086996978050548e+00
1.088738354307168477e+00
9.771186705794442373e-01
1.031841927406227377e+00
1.135877875557175898e+00
1.352020783092850120e+00
1.667990857295485796e+00
1.083051875644850837e+00
9.170193472607690577e-01
9.422716854643495843e-01
1.436905686305691043e+00
1.475664634772791528e+00
1.161196653470891738e+00
9.489688548512300592e-01
1.379239058825032060e+00
1.291666804498679877e+00
9.281982497636223073e-01
1.576069464885665461e+00
1.201355545144596304e+00
1.005636888931551010e+00
1.052284657091417053e+00
1.170157651897114626e+00
1.155054369843749207e+00
1.159279739411390064e+00
1.149573038097059907e+00
1.132306695443970224e+00
1.191474120955170024e+00
1.285695997553652381e+00
1.429195345596002031e+00
1.299353373524128497e+00
1.423143959463683217e+00
1.006420800315577013e+00
9.976359030941500672e-01
1.414027424300065894e+00
1.119667589731751400e+00
1.257912455959655729e+00
1.004714922319273951e+00
1.006716937222368990e+00
1.281347545558092493e+00
1.418500468811518145e+00
1.301266648757670952e+00
1.101707778482063027e+00
1.251596902016691049e+00
9.835117826662672647e-01
1.310131997176630980e+00
1.156654792116034391e+00
1.178548523631814726e+00
1.280563491225047423e+00
1.188044365723983642e+00
1.330130955487460964e+00
1.333478234689181585e+00
1.217057103149720820e+00
1.240440770687135874e+00
1.036595485091893476e+00
9.603228627028573827e-01
1.113210299764152866e+00
1.025665522620918146e+00
1.470753803126743531e+00
1.156170058351501995e+00
9.404916381006480641e-01
1.693028320437999668e+00
1.255858544850375624e+00
1.178706752174813355e+00
1.266815132979201231e+00
1.093177452501640889e+00
9.986568592915062714e-01
1.329190379075966488e+00
1.379525041484925607e+00
1.223076541167884335e+00
1.048340423423647971e+00
1.253203095206830708e+00
1.656879425796935479e+00
1.286199913113828197e+00
8.514943352138677479e-01
1.239372431342702585e+00
1.207017500229769169e+00
1.605893515779160952e+00
9.932685747720548797e-01
1.375194790113280829e+00
1.072888824358123383e+00
1.277230032427778772e+00
1.191290090943587288e+00
1.153806222090330458e+00
1.184931712769432766e+00
1.126281923591497369e+00
9.305114764659899729e-01
1.295931481016739273e+00
9.102894724715493435e-01
9.534081533973259859e-01
1.264897331220459886e+00
1.144793631781847676e+00
1.003772793290372389e+00
1.049254732667189272e+00
1.076724143858497573e+00
1.300832040843051818e+00
1.101035205508949399e+00
1.011028661784058702e+00
1.136008693962370586e+00
1.391322522169971432e+00
1.290961269034861525e+00
8.572949495541482001e-01
1.207901618115605480e+00
1.170072037194156644e+00
1.147702486176988446e+00
1.016598286544085461e+00
1.559089282665504728e+00
1.086936107552119557e+00
1.105719237052450010e+00
1.066627659405840589e+00
1.199297767713133345e+00
1.297840151227189986e+00
1.081308707245646428e+00
1.363797809983545051e+00
1.293700133313436140e+00
1.282103677516423401e+00
9.280878096882945183e-01
1.482861713437047646e+00
1.105358158363682453e+00
1.253294558797878100e+00
1.210426145905620920e+00
1.032260464530460053e+00
1.190750323892391993e+00
1.124796011134887586e+00
1.517157407689679438e+00
1.404941805969347479e+00
9.519799858134369019e-01
1.265876761430655195e+00
8.576163673551759903e-01
1.484302350695709594e+00
9.333045085678787212e-01
1.138260873074093293e+00
1.147136059517338103e+00
1.038664321422026360e+00
1.439261641495579891e+00
1.159226826232365282e+00
1.217346535473094571e+00
1.143167752032051565e+00
1.441001453734048532e+00
1.043582844507186635e+00
7.911815156045003405e-01
8.544810219322956923e-01
1.422149409096519657e+00
1.234991910477866606e+00
1.080572747343735429e+00
9.907977102820614279e-01
1.191182814699414338e+00
1.334239158833701255e+00
9.246598191000234834e-01
1.241232925236328555e+00
1.358387047138505999e+00
9.661279005712972712e-01
1.159250516435897049e+00
1.107156297691987534e+00
1.194399028066282842e+00
8.527911528369356287e-01
9.407078528708259224e-01
1.119679534281792677e+00
1.430160763234264110e+00
1.007205502266730113e+00
1.106460463340991351e+00
1.070979182023650944e+00
9.918805769891245738e-01
1.346452345284708807e+00
1.271022926148012822e+00
1.295375519437027112e+00
8.057894314444202788e-01
1.021890217898216102e+00
1.298672239317408161e+00
1.291076203066076733e+00
1.436127255814126258e+00
1.088539677403983275e+00
1.404096340573984358e+00
8.819451738598390600e-01
1.271428960857816648e+00
1.361143683935318816e+00
9.049168352131325976e-01
1.036365331433169557e+00
1.105510013704395167e+00
1.293412438206967163e+00
1.481516862419967495e+00
1.229817047452317791e+00
1.551987393289105510e+00
1.054259061635182571e+00
1.069349702171563665e+00
8.496464576942316382e-01
1.021397742745131287e+00
1.238136610400921045e+00
1.264295168379802270e+00
1.195990005127759215e+00
1.007236090978140153e+00
1.312601886572299481e+00
1.025051117365662678e+00
1.224418159147904195e+00
1.200624457411818780e+00
1.712444765689773218e+00
9.672360500947509987e-01
1.097762138063819615e+00
1.341027810529655140e+00
1.037306643306229903e+00
1.084327001631619547e+00
1.063792474700150370e+00
1.171178837095737002e+00
1.520574810892541651e+00
7.157610475887268286e-01
1.424048235003779306e+00
1.486353011998009954e+00
1.150862965937519800e+00
1.101765866326500420e+00
1.286362557586789634e+00
9.649886275660399804e-01
1.079534475406966676e+00
1.071250848172382364e+00
1.405165717976962325e+00
1.295121660865613755e+00
1.249259577157057821e+00
1.211421472033633817e+00
8.908510820002770725e-01
1.124883583226907069e+00
1.179085162650194141e+00
1.114112456833505460e+00
1.522001005029498755e+00
1.237895781963749053e+00
9.792659014506315263e-01
1.268668020553690434e+00
1.154627363739654689e+00
1.180459970595736152e+00
1.193369621792398583e+00
1.152552654021597123e+00
1.312779161517243276e+00
1.008786564664852392e+00
1.394649286383855991e+00
9.988273227497166395e-01
1.288253973407784247e+00
1.245939297226149156e+00
1.215375358861354504e+00
8.140971430449304158e-01
1.534462859054949835e+00
1.134725219546675046e+00
1.230900300331944308e+00
1.273975820564597239e+00
1.047554197054656910e+00
1.298595260546493213e+00
9.801519002330423280e-01
1.084104813569802817e+00
1.774356031422341440e+00
1.077329601357831734e+00
1.040670462650151284e+00
1.009883607758568003e+00
1.208764999470079538e+00
1.447502666768506030e+00
1.134375638252371088e+00
1.203837135872547037e+00
9.375754555300662707e-01
1.305590437823243910e+00
1.214286237723652295e+00
1.189301396336179817e+00
1.197983382596753632e+00
1.171491575206927926e+00
1.432591551593043411e+00
1.474368380963815062e+00
1.257725065786506669e+00
1.016245995152138315e+00
1.451660453804173745e+00
9.574875483287589306e-01
1.307703426250391487e+00
1.123560704731097815e+00
1.178656098539873298e+00
1.065059992636402608e+00
1.021890223103293138e+00
7.999358378574243922e-01
1.535895705575120340e+00
1.393183765689745224e+00
1.393430459451671100e+00
1.049814385176874421e+00
1.231760313726058875e+00
1.041067272620553874e+00
1.350192193082399461e+00
1.305627339858914659e+00
9.390627946027705342e-01
1.033336828199416413e+00
1.154869827646349600e+00
1.385687607937293286e+00
1.608901291142529999e+00
1.153331540820617951e+00
1.200252581296008092e+00
1.309007490035904775e+00
9.145839062531755381e-01
1.271889814826428822e+00
1.114492708979684554e+00
1.016573815301724304e+00
1.137454183666268159e+00
1.242971713765284481e+00
1.143503309705649063e+00
1.675903205946303487e+00
1.173695700204122838e+00
9.433695938264832215e-01
9.689545124481672156e-01
1.436094502114833915e+00
1.232485178241717438e+00
1.195328646587925370e+00
1.129976662370130835e+00
9.048989429311379284e-01
1.253060337622553977e+00
1.263327271265103358e+00
9.433759330137135857e-01
1.193274001562014464e+00
1.061837474976952800e+00
1.404963565129480729e+00
1.334769960231744879e+00
9.453288468868532579e-01
1.376669628316160132e+00
1.576017637311441177e+00
1.380421430909622327e+00
9.757448284339340638e-01
1.410463217981519302e+00
1.236470617631194147e+00
1.037946903013528432e+00
1.130181852962869993e+00
1.308554549014939283e+00
1.462775311980980542e+00
1.180702538145498304e+00
1.116523135878294104e+00
1.438485834777490480e+00
1.669160069026688564e+00
1.182935840236524427e+00
1.229692300259071613e+00
1.050158752149542796e+00
7.551596015299946174e-01
8.958040185013389500e-01
1.028595480709646015e+00
9.118390644912340859e-01
1.235811359434723977e+00
1.152531570085822743e+00
1.189536794102227457e+00
1.079464758575512606e+00
1.526976698584474601e+00
9.400910551272629867e-01
1.310124578010208429e+00
8.935622414814953229e-01
1.202316589555624038e+00
1.238155606512453266e+00
1.393781999905668201e+00
9.618453858801766510e-01
8.149685483244947237e-01
1.192193741183805056e+00
1.150559082344007056e+00
1.264221710743352434e+00
1.268275279344522666e+00
1.163790055864141415e+00
1.065609886538511075e+00
1.319190644793305056e+00
9.948609003984872912e-01
1.538825782642380346e+00
1.127272502597793435e+00
1.425684088723863097e+00
9.177358432128192023e-01
1.086878364712566380e+00
1.133400201702722265e+00
1.187446676786138466e+00
1.355838219177720516e+00
1.001623970468393576e+00
1.150121359000638277e+00
1.256851065617587304e+00
1.359894310260465478e+00
1.098357286706323821e+00
1.282606353596993820e+00
1.264544280291045375e+00
1.084614283700892301e+00
1.098559972273410068e+00
1.207166000291544083e+00
1.223445564445299727e+00
1.001771689628573769e+00
1.154445058492099774e+00
1.221572110052598470e+00
9.991567730371083700e-01
1.341828916602610944e+00
8.642095862168164278e-01
8.711184689577773366e-01
9.472808242336305806e-01
1.497777628057112009e+00
1.170337092525708833e+00
1.019578150599924626e+00
1.234848936240124040e+00
1.077043875040308185e+00
1.239704132320224916e+00
9.740094040831840383e-01
1.598802271686675658e+00
1.279413437000210374e+00
1.387490111876459098e+00
1.165628916464231501e+00
1.114176497114907960e+00
7.869321996832128185e-01
1.005574115131365076e+00
1.305471597460392985e+00
1.100014916530736020e+00
1.320262063189985513e+00
1.163343210850608545e+00
1.177867061497297696e+00
1.079788277311721334e+00
9.919302375391948479e-01
1.068263384587160747e+00
1.655444921522214008e+00
1.028641881359791510e+00
1.104045283478792383e+00
1.247505450070872435e+00
1.233204141201910797e+00
1.112397840082562706e+00
1.048822486205444049e+00
1.017946838586914371e+00
1.294635937006762605e+00
1.375565709032902983e+00
1.169104473313556714e+00
1.201126509296718270e+00
1.156103624026220578e+00
1.205754818440427423e+00
1.210475444912267884e+00
1.295458010567766438e+00
1.258940587899298746e+00
1.288526523120868461e+00
1.042031954714636832e+00
1.063296930642549043e+00
1.111273859606506820e+00
1.082277569325365896e+00
1.501996943097295478e+00
1.156013898774752136e+00
1.112839391676620382e+00
1.083601442285678118e+00
1.242832965392170363e+00
1.094522946290087173e+00
9.037738530338655929e-01
9.344021813361613749e-01
1.250289160833702340e+00
1.301372175839776268e+00
1.130323642701822839e+00
1.371217714087587192e+00
9.870525304963611024e-01
1.507612228331817406e+00
1.242751886483637991e+00
9.040790258020489079e-01
9.716643354042281411e-01
1.343729192240636694e+00
1.468639659824451771e+00
9.310643973223744485e-01
1.043310570468685583e+00
9.041627709186836892e-01
1.073656414517894842e+00
1.112084651262001733e+00
1.269517691710180696e+00
1.080177413138319498e+00
1.020129340724425182e+00
1.248203653446463113e+00
1.128674397333542911e+00
1.227832133462622988e+00
1.103909327607074387e+00
1.423040718095532675e+00
1.074688220758465151e+00
1.477802993597974845e+00
9.147494716759315692e-01
1.407832072968811854e+00
1.343633710769543299e+00
1.007441421510778978e+00
1.140516849998786553e+00
1.481820998760926100e+00
1.177980510180280493e+00
1.008799566383943747e+00
1.308455935585722818e+00
1.183951045523974788e+00
8.532231508515746299e-01
1.014650382938551809e+00
1.488752699447564165e+00
1.015194140167491321e+00
1.188656201319593819e+00
1.469356017021018701e+00
1.123589466799250314e+00
1.385411890388736911e+00
9.389816375333096543e-01
1.205469382810446577e+00
1.008095108161763287e+00
1.036275687209821328e+00
1.514875120096434546e+00
1.004242560020225161e+00
1.205225160781959071e+00
1.149710579892455176e+00
1.238596942825844316e+00
1.057559432342089378e+00
1.213833135052497569e+00
1.389794093651399498e+00
9.217885418668273489e-01
1.155273000798524574e+00
1.495584602199885538e+00
1.146027666486854946e+00
9.357175485117944502e-01
1.090086512458604773e+00
1.362665173692454212e+00
1.127701525371048952e+00
1.250163340386693411e+00
9.544705052240053389e-01
1.210760036470639456e+00
1.189531854477724915e+00
1.326255292430655874e+00
1.295812105115186297e+00
1.533938529482268276e+00
1.530825858721913457e+00
1.009547696419559548e+00
8.373720376892488382e-01
1.110656602990351738e+00
1.058557277844676792e+00
1.312940911677699996e+00
8.816023555099864462e-01
1.064395868009521351e+00
1.495896569473922133e+00
1.158550881891700080e+00
1.281725994644076660e+00
9.391409469165213908e-01
1.145556953191996241e+00
1.190755764643103509e+00
1.198537072703879991e+00
9.655219094857983020e-01
1.269647275852757717e+00
1.306917276502838288e+00
1.318200466119121561e+00
1.313352957075538008e+00
1.119018044733848694e+00
1.304289227947551089e+00
1.501628570028146648e+00
1.022144148893049609e+00
1.148561786605233559e+00
9.612059675760746824e-01
9.983914302181589040e-01
1.584955614415260117e+00
1.088655851715514933e+00
1.038545117032215748e+00
1.573726798938500870e+00
1.189366146572283789e+00
1.511969699045854210e+00
1.125750959764788561e+00
1.388569239486283191e+00
1.172668124672923584e+00
9.557420218359102826e-01
1.075790712759856493e+00
1.063752924697639379e+00
1.350797833192827646e+00
1.125727129574218388e+00
1.386494181192861941e+00
9.542800099922918999e-01
1.387429293833228217e+00
1.331925832261578124e+00
1.245177783720484932e+00
1.289014235931547292e+00
1.044333734820759529e+00
8.727108819550799534e-01
1.321924051711815817e+00
1.085660040344594846e+00
1.158309596665316743e+00
1.001436429171669085e+00
1.032424268931655176e+00
1.215119466683103777e+00
1.341232279131407967e+00
1.024845895881647762e+00
9.464033097791109128e-01
1.053009204088153572e+00
1.081321476267530279e+00
1.230489738684369394e+00
1.268616805798731262e+00
1.661535718533405426e+00
1.228138394738914840e+00
1.160479624486715045e+00
1.095244451680657205e+00
8.242232604156044529e-01
1.046966765957737744e+00
1.251920288424324790e+00
7.929505597863496513e-01
1.417827779928574117e+00
9.839692397519986811e-01
1.324674479362665913e+00
1.031228089254201397e+00
9.815788568023356975e-01
1.038954260264180807e+00
1.138206639824742794e+00
1.117249166040389818e+00
1.082243520771451806e+00
1.326369880203697171e+00
1.076548478908716966e+00
9.838098759316419306e-01
1.392680041056032492e+00
1.350725250214466433e+00
1.266680133668320885e+00
1.355922286003595101e+00
1.092108332367137891e+00
1.432306143120324338e+00
1.199509707910655809e+00
1.141019905219378794e+00
1.270992303000590073e+00
1.335732516297987171e+00
1.158810673226800425e+00
8.994445255838428022e-01
1.220734077475611024e+00
1.085494852766667240e+00
1.206577834253027115e+00
1.077764765396794777e+00
8.397985010264770178e-01
9.231559952190756535e-01
1.196119252446997905e+00
1.502485921305449335e+00
1.062731174913258192e+00
1.030647709279054691e+00
1.354029305070391986e+00
9.762215000141020171e-01
1.284841517029437830e+00
1.093463208188977687e+00
1.300563267502717890e+00
9.871239364947507200e-01
1.209223621448394903e+00
1.070458462803151267e+00
1.164431411278970430e+00
1.456083248231436977e+00
8.536095581149513167e-01
1.041351485040249880e+00
9.797893035756445324e-01
1.246069514789926558e+00
1.361698547467973697e+00
1.156258039665145620e+00
9.487099019987162984e-01
9.756842801138392307e-01
1.086279661636051941e+00
1.067128176153640418e+00
1.358721452731913582e+00
9.795327004977375518e-01
9.730740605009867705e-01
1.004922597214489510e+00
1.043819092468790677e+00
1.698688928741613369e+00
1.199357215077525129e+00
1.251303835494150585e+00
9.834154189536217228e-01
1.138749265886657591e+00
1.004016178074264465e+00
1.223094233037348655e+00
1.427074071888996709e+00
1.278184874981853625e+00
1.065950948108999263e+00
1.053365092065809527e+00
1.263942265147555144e+00
1.144543990316586823e+00
1.375476979092717489e+00
8.540831447000784005e-01
1.066346869274389153e+00
1.161821853757166734e+00
1.460511538684982513e+00
9.349174396377403218e-01
1.044104042368990681e+00
1.290779367486905693e+00
1.167006493260340783e+00
1.021769546444792010e+00
1.099527469839863159e+00
9.575849231208102275e-01
1.087057277219921847e+00
1.180158597441728574e+00
8.282014008899454272e-01
1.432792316826459134e+00
1.103636645902338786e+00
1.126808422371376794e+00
9.644401827345850942e-01
1.367322655443736101e+00
1.290198963730615711e+00
1.059239889691554692e+00
8.723449917598971037e-01
1.034638854084562354e+00
1.041050293152937067e+00
1.182814295722726117e+00
9.188643326006439294e-01
1.038841762639656441e+00
1.166624835777559044e+00
1.461145055751433164e+00
1.272438092696572598e+00
1.285499515141287796e+00
1.162902895139186654e+00
1.073400863387211857e+00
1.376668438002228934e+00
8.402433068445801512e-01
1.123780964037184749e+00
1.265160084407960905e+00
1.057614844908153051e+00
1.227962745298283753e+00
1.020810009469005353e+00
1.419456808119109681e+00
1.086984995677285903e+00
1.190035679589040996e+00
1.019106264157231490e+00
1.165659344073252335e+00
1.357834895989548540e+00
1.257291523428510027e+00
1.171639501843257269e+00
1.363371737502966141e+00
1.132368846874295842e+00
1.260482909028554754e+00
1.565579833026351730e+00
8.808820978247596800e-01
9.092940771727838767e-01
1.106494220780995574e+00
9.388550389686737274e-01
9.412830305267119169e-01
1.218716765901806776e+00
1.325165324437225234e+00
8.464009976374596844e-01
1.418949490443497607e+00
1.354874073197218864e+00
1.309715939843627108e+00
9.765757266836947448e-01
1.016221263009058573e+00
8.778996634974136626e-01
1.035364480883784966e+00
1.200588137064453331e+00
1.188131423722656788e+00
1.432220102484871971e+00
1.047837692479540728e+00
1.133334370774105482e+00
1.103274994117585672e+00
9.242402801542272117e-01
1.388569312858672244e+00
1.393873719568171854e+00
1.324213040005215003e+00
9.915816248482177686e-01
1.218555816184548224e+00
1.392089690927253542e+00
1.465788499573406289e+00
1.437900764178049684e+00
1.043602465440505389e+00
1.244602825196134077e+00
1.357234186940992737e+00
1.211982936039176062e+00
1.169985426946863916e+00
1.428161753574135773e+00
1.061131553563899210e+00
1.024224570505382736e+00
1.350171114062912903e+00
9.821979716602188271e-01
1.418217472992929551e+00
1.445922190293267295e+00
1.199584730628529661e+00
1.440064331376463169e+00
1.085232166170259527e+00
9.978562606787789724e-01
1.037380081445591129e+00
9.517886887567426069e-01
1.287190569502701054e+00
1.331495132951877824e+00
1.124610330088161358e+00
8.765835625298644684e-01
1.526208984204210140e+00
1.050746904137548565e+00
1.385650878988003543e+00
9.067665727385091357e-01
8.813290146647573264e-01
1.437645449719056279e+00
9.375318295146898295e-01
1.250791415693569331e+00
1.010604794131293893e+00
1.142459410063477732e+00
1.168601707859658223e+00
1.402106339172031202e+00
1.189608805012956294e+00
1.348953817307281033e+00
9.819189114292177223e-01
1.000007567994054547e+00
1.306360486106983299e+00
1.451480703000820327e+00
1.395761868131018657e+00
9.894587118112445623e-01
9.837296775444434038e-01
1.153796246085014854e+00
1.191895231258005117e+00
1.356704432477226829e+00
9.130534086646121539e-01
1.106416855491653584e+00
1.150117626277714189e+00
1.073980820720525475e+00
1.118348868688482822e+00
8.275368541061127736e-01
1.302446454867058456e+00
1.198254732593337257e+00
1.407741378106912356e+00
9.954850048435881504e-01
1.202321281717626977e+00
1.175163744188898685e+00
1.386721033757982502e+00
1.225204849423130682e+00
1.030652396102588853e+00
1.548377294895683098e+00
9.346077531035525965e-01
1.120675042637785168e+00
9.751689646483573393e-01
1.283794942802764849e+00
1.290295146562015827e+00
1.321035168160501483e+00
1.546000432220045573e+00
1.173004248024668517e+00
1.188832735162898890e+00
1.361111931894519955e+00
1.031658911977564763e+00
1.123097370889174274e+00
1.238911652005007413e+00
1.062017095655360066e+00
1.322111536614445804e+00
1.108421189446289201e+00
1.266823071370171583e+00
1.010468134831397302e+00
1.138896559617122106e+00
1.052375865643721875e+00
1.034060605931483190e+00
1.344959740472246645e+00
1.290364126258125577e+00
8.926904392744775540e-01
1.002927901658327459e+00
1.217127787237032521e+00
1.022610489636837983e+00
1.059053259090050769e+00
1.050134391455604055e+00
1.014976470384489904e+00
1.102088937306510807e+00
1.101018995062574390e+00
1.333939800927315344e+00
1.074010538385628655e+00
1.052768782423719962e+00
1.218266118361895023e+00
1.320129891155331192e+00
1.502436736463067302e+00
1.382270427240677613e+00
1.316281156381241102e+00
9.471666874146409398e-01
1.361586073790269413e+00
1.220285309677856311e+00
1.376233175684530963e+00
1.167289346623307189e+00
9.426609087010456856e-01
8.928622858106407545e-01
1.304351102083892489e+00
1.145360256058303827e+00
1.032878276210675406e+00
1.057632131345215276e+00
1.184637498027648839e+00
9.934870425595513366e-01
1.170231824750553651e+00
1.430814288926175459e+00
1.018728596257223895e+00
1.340312966613713686e+00
1.444491564720050025e+00
1.041256432483307792e+00
1.233863725576466397e+00
1.307886150085226129e+00
1.223315129059765027e+00
1.196827295516271761e+00
1.134542896321030225e+00
1.260922540922515989e+00
8.914723292934966237e-01
1.199001400661485750e+00
1.237081661151939072e+00
7.756823358631931287e-01
9.223214764505590635e-01
1.041852862449187622e+00
1.238049663984125193e+00
1.093766967464142148e+00
1.096052315327725069e+00
1.172198203346461076e+00
1.179057696947898526e+00
1.037312165956194798e+00
9.769678882897596672e-01
1.385456065763363220e+00
1.270488337944581270e+00
1.229704925109778690e+00
9.951485839902179942e-01
1.003073169621006011e+00
1.360433381307297962e+00
1.279786701748651279e+00
9.872884483176566084e-01
1.457240583954530599e+00
9.918322846034680618e-01
1.286258533285927097e+00
1.058312108030068588e+00
1.228493116229744997e+00
1.221560765224213752e+00
1.012379203509579328e+00
1.265112160484406223e+00
9.271021605817402200e-01
1.020055846425790058e+00
1.088927490160958023e+00
8.916014443823406799e-01
8.008179181173515904e-01
1.331302428362646006e+00
1.087083914465908352e+00
1.853282151379608056e+00
1.533599447514516712e+00
8.850580210785862212e-01
1.180355405066904506e+00
1.161323875358428959e+00
1.503162032462582509e+00
1.277866530842102888e+00
1.450875463840227919e+00
1.207693613222198703e+00
1.263527651054316081e+00
1.297932863893313415e+00
1.323306613708494561e+00
9.288484264295920889e-01
1.093314663257654473e+00
1.047949167777845192e+00
1.140925844643418285e+00
9.420458375211591129e-01
1.394692577110731468e+00
1.209256506668641373e+00
1.146321741149760820e+00
1.117056014974873168e+00
1.044878155155887889e+00
1.507081728787615482e+00
9.633855716151606963e-01
1.052067165593497444e+00
1.183163008511479264e+00
1.157325681363174041e+00
1.385684633234286256e+00
9.786399325608844402e-01
1.098737036257154021e+00
8.366453163619704814e-01
1.711581223662668849e+00
1.251420238627317882e+00
1.326354620427850906e+00
1.118987462172952529e+00
8.604906164751873199e-01
1.545695267653930394e+00
1.101615667160916967e+00
1.294807793737732027e+00
1.428778104579719654e+00
1.483627404141824480e+00
1.089546241061681631e+00
1.058295764390468019e+00
1.485735284435472314e+00
1.592131495982439970e+00
1.113917989844973366e+00
1.039388274692530034e+00
1.417870996793579641e+00
1.345290871499946972e+00
1.395116163769469120e+00
7.838991352488398068e-01
1.028496312907180466e+00
1.306187272638654306e+00
1.284320740462750132e+00
1.194636899215573589e+00
1.504203114796591523e+00
1.305519111016203437e+00
9.480694803317379904e-01
1.129451829590048417e+00
1.125951110581998593e+00
1.200671018498955078e+00
1.433364009288140783e+00
8.926299449449774936e-01
1.110154663336820446e+00
1.126221107676539823e+00
1.563817789651560375e+00
1.113633302292525995e+00
1.078860196235414293e+00
1.259287474385864414e+00
9.857684199005399828e-01
1.118409290508960874e+00
9.556981857242404788e-01
1.310149631347465649e+00
1.335585222395287541e+00
1.041773639661523809e+00
1.178277276752037972e+00
1.123712445050806918e+00
1.533764353423167526e+00
9.749091018059519165e-01
1.047132384498979940e+00
9.561631869377626991e-01
1.337634203179441705e+00
1.100046701068488009e+00
1.187728785106616947e+00
1.068725641546989014e+00
1.303878818457016697e+00
1.167207984848457558e+00
8.813730825888572706e-01
1.243892810867218257e+00
1.179993666155616072e+00
1.393196470844781931e+00
1.055780804507895132e+00
1.011017240159576280e+00
1.263668042756548759e+00
1.627268285451662688e+00
1.177675538273400102e+00
9.808423648516626514e-01
1.280869049757839884e+00
9.791390570311165886e-01
1.261602805873878852e+00
1.391489788964999530e+00
1.152176341025821005e+00
1.129667807492291898e+00
1.458915992426065955e+00
1.686960328254434982e+00
9.700692408963971225e-01
1.346384962032530996e+00
1.375238696477255163e+00
1.152365676608802181e+00
9.505539375656577583e-01
1.135141197386076994e+00
1.118270254860570301e+00
1.002506144158529899e+00
9.136884212491985791e-01
1.238890622314293255e+00
9.073231611268380847e-01
1.209717141917905359e+00
1.364005362375150465e+00
1.090549819761344130e+00
1.074644120594059560e+00
1.349449668266034186e+00
1.399655045162653044e+00
1.298226762157059566e+00
1.284517059800296845e+00
1.289355364790566894e+00
9.196628317553421361e-01
1.350385269888937367e+00
1.204452103570417876e+00
1.159831966401776659e+00
1.300807524717431773e+00
1.316299969788521373e+00
1.168240847110706859e+00
9.885690225235205242e-01
1.173383333707994636e+00
8.474527620886627144e-01
1.177398903623226856e+00
1.164092524590226496e+00
1.106982508748064253e+00
9.658481570870081079e-01
1.156499993055934317e+00
1.355242435865217532e+00
1.587796880701242808e+00
1.184334558556034755e+00
9.182934047990981563e-01
1.110298532243805925e+00
1.011003434204549523e+00
1.142898968854673347e+00
1.348972852341827400e+00
1.280284400043935955e+00
1.370448139319365488e+00
9.882573326396094648e-01
1.051790539227141164e+00
1.650650151135854005e+00
1.092468699673467381e+00
1.205427006601111684e+00
1.148452439686044935e+00
1.243304550194971991e+00
1.269467208070124586e+00
8.504033812751472521e-01
1.061825412017605830e+00
1.142853083144993898e+00
1.108695087492371556e+00
1.168684846310497072e+00
1.168125201122733436e+00
1.172796540177672764e+00
9.627565979714084454e-01
1.315979894174532872e+00
1.490291431820221169e+00
9.500105801864093813e-01
1.513887294982893206e+00
1.271720399896013376e+00
9.139897799868919037e-01
8.539567161410858143e-01
1.117239352638338623e+00
1.071495767837980173e+00
1.156517196248042056e+00
1.190223267731805867e+00
1.196873466129352526e+00
1.096965374514570435e+00
1.128585883509376497e+00
1.453563680073622244e+00
7.208331706805790606e-01
1.250727547875190249e+00
1.612418249527914682e+00
1.050158125197116821e+00
1.129425209189426571e+00
1.258097188446850367e+00
1.199623965169024364e+00
1.019056566788998142e+00
8.781657091064776210e-01
1.355780110407290406e+00
1.009064485848453874e+00
9.994860318410758726e-01
1.315759549111802595e+00
1.506895957410340881e+00
1.036554170248179751e+00
8.886905214104322548e-01
1.108326796713539064e+00
1.399621135438563257e+00
1.270321065942985550e+00
1.580472199670743150e+00
1.220558538050088293e+00
9.721246644724655939e-01
1.335873826331137160e+00
1.114586085317003983e+00
1.395489245645594512e+00
1.361005809026520685e+00
9.044315407744045743e-01
8.874864271797704429e-01
1.343340511717974417e+00
8.821006961303672345e-01
1.348517571109247859e+00
1.150061700291124200e+00
1.850373818748803023e+00
7.607631647217072413e-01
1.113329193891030577e+00
1.288200209640555149e+00
1.212839823272326312e+00
1.037485981349201891e+00
1.148008034566388780e+00
1.005265545501287106e+00
9.391286112664943841e-01
1.336576538178049667e+00
1.593739529287777845e+00
1.080612771698744812e+00
9.830342133361957835e-01
1.193319181042927779e+00
9.841516292687261247e-01
1.151591090556452146e+00
1.250168224345753032e+00
1.198389736339134037e+00
1.382023537386706469e+00
9.968440621519197853e-01
1.203738562132643519e+00
1.355437962658815110e+00
1.268461347180090737e+00
1.070081718107753099e+00
1.203560146912228124e+00
1.116985092323300455e+00
1.050755698822277262e+00
1.397121385632065449e+00
1.296258597693051184e+00
1.221361252551481869e+00
9.942036909682390178e-01
1.366755757837770258e+00
1.003029124207788225e+00
1.222483451058367532e+00
1.207710050259964918e+00
1.152761469807145112e+00
1.012789216697473460e+00
1.374561076952602656e+00
1.226924255299259414e+00
1.134148048115642737e+00
1.052801071760179452e+00
1.334486956481903741e+00
1.025504766813545299e+00
1.052666165643779683e+00
1.011563862312080397e+00
1.401097199906828905e+00
1.138260609232980336e+00
8.405467636854572211e-01
9.995923485789323104e-01
9.661222888826732635e-01
1.498407989760164316e+00
1.605185298828839313e+00
1.108142082723350130e+00
1.006835045197392864e+00
1.120537809535676832e+00
1.348440545481949471e+00
1.210542947439424699e+00
1.329518510384368302e+00
9.339398599845907256e-01
1.184914236939413446e+00
1.632463095881763637e+00
1.099411236401844238e+00
1.196503383591458913e+00
1.143866258052718798e+00
1.355639567519753230e+00
1.595637001030572044e+00
1.144682809237904442e+00
8.927001250626630524e-01
1.280690808493971211e+00
1.307483089745005822e+00
1.141800656988722906e+00
1.334854048580810471e+00
9.740508621272244705e-01
1.143094410440113951e+00
1.046249210100851368e+00
1.480022989340334494e+00
9.558101747772391743e-01
9.035813204189482306e-01
1.203337258575471358e+00
1.263809137168921737e+00
1.083991603329234499e+00
1.009915574454759213e+00
9.233808190728162169e-01
1.073919275124413319e+00
1.250090644082505031e+00
1.311059291526672776e+00
1.289043879785548352e+00
1.295505692193746894e+00
1.330347482741724097e+00
9.780653070641891489e-01
1.329678510033902583e+00
9.719897797693496377e-01
9.423918041081568164e-01
1.091378145979600589e+00
9.244365649688860431e-01
8.904704954751663237e-01
1.103354954218972672e+00
9.869883198720295070e-01
1.161747211556267700e+00
1.262439979195444817e+00
9.738623888435334885e-01
1.500128006450288876e+00
1.640243235992765003e+00
1.059429358734679028e+00
1.322194035165106030e+00
1.130305167411612688e+00
1.652194650702206724e+00
1.391216923741865452e+00
1.172511705705014284e+00
1.304528069744219643e+00
9.626946019428517243e-01
1.028466730872581669e+00
1.193474027023837314e+00
9.811368631166715870e-01
1.084522870724674570e+00
1.285389809544466910e+00
9.373247223966070241e-01
1.247537241485143777e+00
1.198751171498833257e+00
1.723913152481051592e+00
8.131786811570450579e-01
1.151397529351453120e+00
1.191686836907111191e+00
1.104889270653488964e+00
1.039145444850739786e+00
1.202873754330092471e+00
1.171735732963193888e+00
1.259700691250960958e+00
9.551135522710296755e-01
1.083993200591438999e+00
1.239639620591401759e+00
1.347596270940339513e+00
1.042252313333657421e+00
8.939657020164286649e-01
9.833852862345573431e-01
1.130957559670395129e+00
1.381919548590744284e+00
1.380294611790126469e+00
1.305254174820212443e+00
1.203059746423619902e+00
1.099871354702579129e+00
1.091035676008296873e+00
1.237381169591265095e+00
1.157905224570662472e+00
1.355037173807419837e+00
1.273970967353596384e+00
1.254662870892403914e+00
1.449129176506305239e+00
1.142929454293272640e+00
1.177609891105099171e+00
1.404066798964841212e+00
1.349909127872622516e+00
1.314073227962064827e+00
8.643141748641453015e-01
1.087314636461914175e+00
9.371508396321485135e-01
1.264403729128704912e+00
1.213974901431982500e+00
9.990518204556569914e-01
1.043023822567325398e+00
1.230720064736045671e+00
1.380337835664338986e+00
9.795090445322101047e-01
1.140795938838423007e+00
1.135963290611265997e+00
1.189034818176892605e+00
1.129753706687519399e+00
1.233340805856066424e+00
1.297173026233657378e+00
1.478556033199150743e+00
1.312941755808660682e+00
1.140048643714274945e+00
1.112686317764093102e+00
1.270681358249693638e+00
1.372413668009603960e+00
1.295041162696074277e+00
1.276130156485886680e+00
1.147370079048506186e+00
8.872714513481442244e-01
1.144271970444250552e+00
1.134357948913602421e+00
1.003420297574997289e+00
1.132771914199173224e+00
1.089271223122996624e+00
1.157259334677251505e+00
1.083640395822469182e+00
1.318540857109426812e+00
1.053496129414967175e+00
1.049168923997054303e+00
1.018641676358903903e+00
1.447544214856123723e+00
1.127414773824926275e+00
1.140174428719089139e+00
1.236453473056138952e+00
9.307770952011427124e-01
1.325251936292891175e+00
1.373481892028265872e+00
9.905918035133476351e-01
1.255101640323935452e+00
1.355409891612342932e+00
9.731991773296944093e-01
1.137074426022277374e+00
1.003779770116465020e+00
1.123732029071205174e+00
1.077398122357489996e+00
1.415253560210089745e+00
1.099302703908506151e+00
1.171424133432364734e+00
1.072041506211674378e+00
1.290697785526121466e+00
1.287565815111338496e+00
1.044775799950222295e+00
1.702835027849495697e+00
9.819046156381142643e-01
1.672840830594692907e+00
1.286798513571141722e+00
1.190543616154944750e+00
1.126277003658762599e+00
1.279643061042899044e+00
1.263729819938418153e+00
1.229006472039949394e+00
1.440160234181260046e+00
1.001731544792298090e+00
1.176433189595164963e+00
1.337890346934254016e+00
1.249457912818284555e+00
9.110687297585869926e-01
8.253614564427903533e-01
1.255951592055263299e+00
1.207272862929025248e+00
1.091372052938744952e+00
1.501298406419550480e+00
9.709122795716758070e-01
1.140245217668083511e+00
1.106418150515924070e+00
8.121600228629888285e-01
1.275412169077160485e+00
9.328058179452658472e-01
1.300182144568574616e+00
1.222551759249787873e+00
1.173877288441850686e+00
1.179669593701164976e+00
1.077182683768407090e+00
1.241125034379378045e+00
1.052463965775038535e+00
1.341976231782462614e+00
1.306133346801365613e+00
1.083337904668165708e+00
1.223132699628209696e+00
1.082209662253291738e+00
1.092250017886003510e+00
7.750802345170724195e-01
9.030663634157459763e-01
1.048436973289844421e+00
1.278608088545647004e+00
1.832359963462141916e+00
1.436349603403094255e+00
1.063192324021562385e+00
1.210709346466225744e+00
1.626737453489231156e+00
1.290349587964559896e+00
1.147673768063550481e+00
1.211068267085838368e+00
1.306494666206701627e+00
1.382156652108845529e+00
1.048660145350128747e+00
8.785044649646372994e-01
9.651511301004292998e-01
9.127888707003326552e-01
1.283656222546768921e+00
9.516370037527648318e-01
9.522549210336659353e-01
9.409612591766619571e-01
1.195654301186918733e+00
9.801583201130246170e-01
1.172577869312431353e+00
1.048913939069040513e+00
1.189451978196406357e+00
1.053914884248385642e+00
7.926594644430550174e-01
1.159630837356816713e+00
9.675517199250238676e-01
1.280266452628972873e+00
1.149626421885116212e+00
1.049691951188881367e+00
1.245119634514052720e+00
1.069377802375054642e+00
1.004751000883650658e+00
1.054396922701371198e+00
1.047476306885844144e+00
1.055871922357535464e+00
1.057603837712720152e+00
1.181064469854455012e+00
1.187423174214615740e+00
9.744581283811760697e-01
8.782867898709880716e-01
1.457632691574016981e+00
1.074186054276456304e+00
1.130767848101342121e+00
1.047462197316418209e+00
1.330293779110358843e+00
1.215622326903266659e+00
1.303491853479000540e+00
1.333685962332134656e+00
1.305121107906371591e+00
1.083565272336792784e+00
1.078741151322315517e+00
1.411272388892933494e+00
1.218265061327381549e+00
1.099259879390698913e+00
8.599256872738889612e-01
1.004818156189069001e+00
9.287790325786656753e-01
1.004738101498333425e+00
1.354504773676543650e+00
1.054098604715091980e+00
9.749402643079160269e-01
1.320246574562285335e+00
1.072925334499149619e+00
1.200038474952316525e+00
1.133141067447393180e+00
1.316136725388193929e+00
9.679092465100720410e-01
1.306762161183556925e+00
1.380712659342526738e+00
1.199069378832150701e+00
9.669166749460975652e-01
1.399993374518376132e+00
1.223684000452119003e+00
8.924910649114683459e-01
1.247284628364330406e+00
1.051301048116374925e+00
1.149897783978693022e+00
1.088320471443362747e+00
