5.458470318403613007e-05
5.595242395888828230e-05
4.251082576821080695e-05
6.498779033779906436e-05
4.950887843414264705e-05
4.978187628828436309e-05
4.675237498862105571e-05
6.060763790324708174e-05
6.157573904701353444e-05
5.284606228281107872e-05
4.816418487514936397e-05
4.931488414664575773e-05
6.543311612634898329e-05
5.485901568430075935e-05
5.463931310878540300e-05
5.078143423580189827e-05
4.226998418217777588e-05
4.459327818000124224e-05
5.688840841106940330e-05
5.320359504103762107e-05
4.638649241546925940e-05
4.349830944634145135e-05
5.340783342522918519e-05
5.278018412341488525e-05
5.811924235818333065e-05
6.320411070152674856e-05
5.553587913246675812e-05
6.334003746723517922e-05
5.062279893552348257e-05
4.328986556343295163e-05
4.756840478006803464e-05
5.790548034158958529e-05
5.301469213524181089e-05
5.256836456591746861e-05
5.073905883083612746e-05
4.392352510833443880e-05
5.432574123124781385e-05
5.257069504848661313e-05
6.877604754084043904e-05
4.043484492802172626e-05
5.008832430556953976e-05
5.016951598950308502e-05
5.976931736685384919e-05
5.441347372172501012e-05
4.600615083817024837e-05
5.133445179833028802e-05
5.568552176849626736e-05
5.488160286073572313e-05
5.416747502549370386e-05
5.332339724745472959e-05
4.543495277960497408e-05
4.871696123772499532e-05
5.277110054640738850e-05
5.689329363963811640e-05
6.022802546643839954e-05
4.961668075024210014e-05
4.875983458774986012e-05
5.365849153125011649e-05
6.320781047167133568e-05
4.473391065401751950e-05
5.179604216085009131e-05
5.293075850506380144e-05
5.845012195928249416e-05
5.299783086193166531e-05
5.359763304596718399e-05
4.627270960798635780e-05
6.218289246907864217e-05
5.671777109881382854e-05
5.115117010022851796e-05
6.078861001804789708e-05
4.768282565570622795e-05
5.452839924834445125e-05
4.950633044718909232e-05
5.279037655016571704e-05
6.212134514971338591e-05
5.265447331246483832e-05
5.050482300412056550e-05
5.414399653404471639e-05
5.024696568927717347e-05
5.697625495936313580e-05
5.945341002293138047e-05
5.458428847867733167e-05
4.661874213248758402e-05
4.992214886985752288e-05
6.065828106100650072e-05
5.678501747938115518e-05
5.346707938693783451e-05
5.335343234546338094e-05
5.700537977534761105e-05
5.833399937265600570e-05
5.122385457363838287e-05
6.006535160245136571e-05
6.881841135062579371e-05
5.479986871677602011e-05
4.997656492232803026e-05
5.462592086357679120e-05
4.780865080245589200e-05
5.299464039687192592e-05
6.244170771632087062e-05
5.089801565426031759e-05
4.445365746876647121e-05
5.589121455301268945e-05
5.684367917324541913e-05
4.454172334158425434e-05
4.654788528799238211e-05
5.573298678074800269e-05
5.398822539379985507e-05
5.867169580740708141e-05
6.289733851078134063e-05
5.610398234599424388e-05
5.486069074958932229e-05
4.803896287028225478e-05
4.897717854112941993e-05
6.813510589769642518e-05
5.332528514028095649e-05
4.980053553545508386e-05
4.839276380601224684e-05
4.856557003200965894e-05
5.579091840667175709e-05
5.530950239072883289e-05
4.996417505810165927e-05
4.810496274155561089e-05
4.940905673653837404e-05
5.471131295279640699e-05
5.408787338526659393e-05
6.057701581235938989e-05
4.993025649912376441e-05
5.250069663801156135e-05
5.593861912960289718e-05
6.461963719731695017e-05
5.946049545276686993e-05
5.488467108530938461e-05
5.403312568417675951e-05
4.482629664334771078e-05
4.763338575295761513e-05
5.637653889703030905e-05
5.728715574359802666e-05
6.181988752972122393e-05
4.899163172250862634e-05
4.449608755306258724e-05
4.902367257065771749e-05
6.212127870491813628e-05
5.333632313925741646e-05
4.904308058585860844e-05
5.233486947354621158e-05
4.894107113321512003e-05
5.682040262901611388e-05
5.821881820391730864e-05
6.315075967142819732e-05
4.942667963797430083e-05
5.161767400604856844e-05
5.841390357914456931e-05
6.102309530356589661e-05
4.986135869231910834e-05
5.462950466887069370e-05
5.318526978473159608e-05
6.375695481548912904e-05
4.820973825988855726e-05
5.485954234786144952e-05
6.580307520482836059e-05
5.923403193337174792e-05
4.687778738274604512e-05
4.978247443140781410e-05
6.084832058527660481e-05
5.792717623923264252e-05
5.268908529606302867e-05
5.248203506852612321e-05
4.448517001491997393e-05
6.060089285262520368e-05
5.916966940214400840e-05
5.486527490790838547e-05
4.563639715284573410e-05
5.832118423630616927e-05
5.153950901499279629e-05
5.080709908643181189e-05
5.485837562160725928e-05
6.399766248101667666e-05
7.144921172335882910e-05
4.786791112414007097e-05
5.171051527798007226e-05
5.967474817010005639e-05
6.259589157597803704e-05
5.591109176189680118e-05
5.085599191082869499e-05
5.120633936332925803e-05
4.506821715942198504e-05
5.393369483649637094e-05
5.983324634989925538e-05
5.216310542177265204e-05
4.922454971343860261e-05
4.149998308529420448e-05
5.599309083649771775e-05
5.467644504813741799e-05
5.438006741499831157e-05
4.592867485991172587e-05
5.075728581384286416e-05
5.131330319223134607e-05
4.660906830858175967e-05
5.757766960173464301e-05
6.579683006184714269e-05
5.475278314945441208e-05
4.827041111179768449e-05
6.213800103186740195e-05
5.626415023710503946e-05
5.285205859863065583e-05
5.104722538487976012e-05
4.764452159157503224e-05
4.599731944077490496e-05
5.480949244505147562e-05
5.570532535017708658e-05
4.567414625017248488e-05
4.991970999645950035e-05
5.440969803794866476e-05
5.368064969764714333e-05
5.533650396164784446e-05
5.237996720684569610e-05
4.395168154315511646e-05
4.882702168596649765e-05
4.907216603827683734e-05
4.380271897691957722e-05
4.636077209734388769e-05
4.825129417258062543e-05
5.391142261351621658e-05
5.373308047832734633e-05
6.514248310981003091e-05
4.487827171528551811e-05
4.751248571553784000e-05
5.143359593555581303e-05
5.685971326720505012e-05
5.707730327309684399e-05
3.919180896755457679e-05
5.140279863571292775e-05
4.987793883522730992e-05
5.542253201999421363e-05
5.596006322955307619e-05
5.577270756003201613e-05
5.008721590316630670e-05
5.279055974956510679e-05
4.877765813128492027e-05
4.934141814143511276e-05
5.008028183112623460e-05
5.838738318715219690e-05
5.230112613975753354e-05
6.613956707037616867e-05
4.752748486374277088e-05
4.714865738320594572e-05
5.491477535500807251e-05
5.945568521797312044e-05
5.978481486036381831e-05
5.469698819388576924e-05
6.896113007810293096e-05
6.021591672826729762e-05
4.935914825780593387e-05
5.283668658468634210e-05
6.073707494922960735e-05
5.246834980479450530e-05
5.190059511185584598e-05
5.056199943011487248e-05
4.300697587858999489e-05
4.918452941272395500e-05
4.555759201306989163e-05
5.398763339164883244e-05
6.680087364465791665e-05
5.706350803105178260e-05
4.939300583537653376e-05
5.126252932582987674e-05
5.270031979614734762e-05
5.747987422146908388e-05
6.602320324157149591e-05
5.098646813715393595e-05
5.048074340192967326e-05
4.815421573891639627e-05
5.650169916040894341e-05
6.097041712756890277e-05
5.647068689958588297e-05
3.871669952687187982e-05
5.124558873012255618e-05
6.545993504932385567e-05
5.358804092614486092e-05
4.913831992147145162e-05
4.289677577812654318e-05
4.522746834852944575e-05
5.156521585195406629e-05
4.945510648873387361e-05
7.242553096224260971e-05
6.104846476608102412e-05
5.185815646197436196e-05
5.071174809417014386e-05
5.251444192923578584e-05
4.704850634501139839e-05
5.305480226383867197e-05
5.960866467499537747e-05
5.040763020699100364e-05
4.630140853471235562e-05
4.615323375034770145e-05
6.073817571109025676e-05
5.275503972868001400e-05
5.093309709061247481e-05
4.814144824044488887e-05
5.297964440284720660e-05
5.063702069665159658e-05
6.492363721262069674e-05
4.387618036687812188e-05
4.904643555908640173e-05
5.419819522325733781e-05
4.429303901709568390e-05
5.015836714951332320e-05
5.349519116205091239e-05
5.580307508513946861e-05
5.335748325305321953e-05
4.546557229207952240e-05
4.201697313181009750e-05
5.323023004138738447e-05
5.399675710396340108e-05
4.946055949929496835e-05
5.085139190422876681e-05
5.763167011315085264e-05
5.317519104755370437e-05
5.754375722831358918e-05
5.149310530319957396e-05
5.297114276539195444e-05
5.741365715269134757e-05
6.394090984598363025e-05
4.464722207308578577e-05
5.565812577680507629e-05
5.529146718632595110e-05
4.355114425951638453e-05
5.200315382083044570e-05
5.404126193947371898e-05
5.813038779169560659e-05
4.418929336083464107e-05
5.112714382827452655e-05
6.077882641862930292e-05
5.469899301013634853e-05
4.826926761940303947e-05
4.337576281441875851e-05
6.539809634428122610e-05
5.459263587095408482e-05
5.317247113333903232e-05
4.368849697426834390e-05
5.393919985622296754e-05
5.533532240201014321e-05
6.302697526066645766e-05
5.890897712570611160e-05
6.200485284007907299e-05
5.221523552561835042e-05
4.290340439333054789e-05
5.209876925452501013e-05
5.943630808500695333e-05
5.784688321238890728e-05
4.968469206412930519e-05
5.367365140380594925e-05
4.544812013840233500e-05
4.762530105642615242e-05
5.533303773716097805e-05
5.424087503844711276e-05
4.731432131960454460e-05
4.898879422097530837e-05
5.664270655505693159e-05
5.227746897730322094e-05
6.312162580957048649e-05
4.774625982302522316e-05
4.890616893399676477e-05
5.383135752287533909e-05
5.734597783479538784e-05
5.885904612195429865e-05
5.807346532767232715e-05
5.338220240109972371e-05
5.409296758170758287e-05
4.519821994996204201e-05
4.867939790877973003e-05
5.681856998244967015e-05
5.638932866615205199e-05
5.919096954307810637e-05
4.909527833998031290e-05
4.619846160575209694e-05
5.162192314280563912e-05
5.795154873984058932e-05
5.482816745419385996e-05
4.310520906266818647e-05
4.974297336385443482e-05
5.178099693568277191e-05
5.264787274914114416e-05
5.850062576164235845e-05
5.708275719526640106e-05
5.270537162969865790e-05
6.177142878467931422e-05
5.925499392554477862e-05
5.135547165708294977e-05
5.494190985029937180e-05
5.351465099287897070e-05
4.421410022842808991e-05
5.155444922160745761e-05
5.835164372967066056e-05
6.339672290457506923e-05
5.282785597447150691e-05
5.094229552114088475e-05
5.703544006308355348e-05
5.798752286652041765e-05
5.058843193811930251e-05
5.093502308567479642e-05
4.812714664628987371e-05
6.363851439287053252e-05
5.624231894499168193e-05
5.280084342423720583e-05
4.735406876902967666e-05
5.036835724543316950e-05
5.971006633192780031e-05
5.015320928449201830e-05
5.240523366696144854e-05
5.227717394707456631e-05
5.574804202317822018e-05
5.758917308967648294e-05
5.226018040052792841e-05
5.152050213426279395e-05
5.655338472984018178e-05
5.833801974860259741e-05
5.577577405458147944e-05
4.907320798142497903e-05
5.449568567838757580e-05
4.449952002829795229e-05
4.983392815103081339e-05
5.494929604750919196e-05
5.758458210146301555e-05
4.399618829240505469e-05
5.411648496586617986e-05
5.335642091423597647e-05
6.082315488004994409e-05
7.041883259431359128e-05
5.550552897721357882e-05
5.198472678782292678e-05
4.781300297635962147e-05
4.420091081685958686e-05
4.988640086940559863e-05
6.195676337179816136e-05
4.776861442543226595e-05
4.673056921260569462e-05
4.731145190400653329e-05
5.834347633102105417e-05
5.645547401705152269e-05
5.744052542955750083e-05
4.211381679789718294e-05
4.782235145472857118e-05
5.227258482282836531e-05
5.394738577112865468e-05
5.725672026733941215e-05
4.528791686614848285e-05
5.253117404859862884e-05
5.957547117994873415e-05
6.764666896401872397e-05
5.561583568439259194e-05
5.062562007931541977e-05
4.408751021121370473e-05
4.674559314877862261e-05
5.266644527155443713e-05
5.577133162118846167e-05
4.587784754960942853e-05
4.438746689778358542e-05
5.081761195757280301e-05
5.501142208363999058e-05
5.506395982470487535e-05
5.086131546898545441e-05
4.698031181567901800e-05
5.576298930103409777e-05
5.662242985196105390e-05
6.604711228466981587e-05
4.358952413236949003e-05
5.118809852764793258e-05
5.707469213599960562e-05
4.733349266766214835e-05
5.601602395528624813e-05
5.539776652679187415e-05
6.191704746368189389e-05
4.873626541871280122e-05
4.835044091054960323e-05
6.557904588644160901e-05
5.179450955445251881e-05
4.812986722904320905e-05
5.206215764427341914e-05
5.755312036720242085e-05
5.682543039785566656e-05
5.564235885415279401e-05
5.280614167936445040e-05
4.715914106352691470e-05
5.732285206185708991e-05
5.847197276218114593e-05
5.594303408196597821e-05
5.174990584605276513e-05
5.035721094294780752e-05
4.576732672144017631e-05
5.156047434161278978e-05
5.040914564098515041e-05
5.651760670462368190e-05
6.048504431238142917e-05
4.565418946634005790e-05
4.976108480657608877e-05
5.999913768951256864e-05
5.867344362704196760e-05
5.046864477985330759e-05
5.089572286036427831e-05
4.587920874981518254e-05
5.947180875873707130e-05
5.987713562533028490e-05
5.135502186550818210e-05
4.729612383367989191e-05
4.832280948167322267e-05
5.776001008212551931e-05
5.291947245777094393e-05
5.691673135167597884e-05
5.002230002905046923e-05
4.848155883199451279e-05
5.239317690246425319e-05
4.996040791758252751e-05
5.872764113566100903e-05
5.889936309297171799e-05
5.415371235651566850e-05
5.095258737574387143e-05
4.864038989566889394e-05
3.970285587416043019e-05
5.538577569693301606e-05
5.614815803677282815e-05
5.146577812130664881e-05
4.773629193757934059e-05
4.097780577026477195e-05
6.579635679569194122e-05
5.250956463882309176e-05
5.262734126433385196e-05
4.685043175643737221e-05
4.953168315331304370e-05
5.406303267071921895e-05
6.067323440666011827e-05
4.480103618369383160e-05
4.995383324598062400e-05
4.331209009602717745e-05
5.274391852383164016e-05
5.285737894254287768e-05
5.439227358839126447e-05
5.277503322186625942e-05
4.357142315895973624e-05
4.625678762402273675e-05
5.655869301887808616e-05
5.538505552944536666e-05
5.148045640069727301e-05
5.080451675906671387e-05
5.851973366969047738e-05
6.307109559222259354e-05
5.274603311151971724e-05
4.664698792645940312e-05
5.657919863837490169e-05
5.943081075268391334e-05
5.709893462926090131e-05
4.809440984225327870e-05
5.476303495555141727e-05
5.234612284870035904e-05
4.386520808979492154e-05
5.472507934828873806e-05
5.357769050850570599e-05
6.633031977367449621e-05
4.204366050687220253e-05
4.901205550887807706e-05
4.950649664424052723e-05
5.769085220092357637e-05
5.334522690972837774e-05
4.053997104026346937e-05
5.232753683939605940e-05
5.197972842537558523e-05
6.234663879327247181e-05
6.082785246935794706e-05
5.156805546158594461e-05
4.740705239350904147e-05
6.190412319598003778e-05
5.612875980129535501e-05
5.870970195868850585e-05
5.212542996538865772e-05
5.378353932656990480e-05
5.733538517726945291e-05
5.994923079139041847e-05
5.042128934431136576e-05
5.108156163573843959e-05
5.847405318065033639e-05
4.973044711593357838e-05
5.953026523045749793e-05
5.761630647650298117e-05
5.915168159472049362e-05
4.734055730222875636e-05
5.346915227135926458e-05
4.532621810924134697e-05
5.707768324446967773e-05
5.836280597905203434e-05
5.073250840771493619e-05
4.679337610186204020e-05
4.922053831478373991e-05
5.145695530460895413e-05
4.928742682461029401e-05
6.169704134544101639e-05
5.633380416129125169e-05
4.952980360435263045e-05
5.134810012840599746e-05
4.839888271640135008e-05
5.752218520863962607e-05
6.135837006175110387e-05
5.262425693871931366e-05
4.006313641217142731e-05
5.021065960297415735e-05
5.655473242245923760e-05
5.268954511672738856e-05
5.620525492268347526e-05
4.886537391658265405e-05
4.506352242451738192e-05
4.755311922638343541e-05
5.422187971736162128e-05
5.420663198868321756e-05
4.861427123730647208e-05
4.897800146390154127e-05
5.384041317541955025e-05
5.187745373034820652e-05
4.852610600360813593e-05
5.539564738840887961e-05
5.953752733011395839e-05
4.984156754231778815e-05
4.528017820186649837e-05
4.672269351016659558e-05
5.663516430337736343e-05
5.406248455018701428e-05
4.756198196865790435e-05
4.618282058918725722e-05
5.683572940130639695e-05
5.614791987945375355e-05
5.760076705618242371e-05
4.627228550998870493e-05
4.774803366361558702e-05
5.411071394612138123e-05
5.702806499987111679e-05
5.569225530754079597e-05
4.368671009545197718e-05
5.356244814302968393e-05
5.597390283177923405e-05
5.060966321646344698e-05
4.865706391910951253e-05
4.687964127917622136e-05
5.415244081313738179e-05
5.151143080079102483e-05
4.925668552240762224e-05
4.712766037246248093e-05
5.180923453057030299e-05
5.358242276752799265e-05
5.668096179755398003e-05
5.437886160740075558e-05
5.160799922867065413e-05
4.220328794500664691e-05
5.736768168711550969e-05
5.829579556403418933e-05
4.675799511971595205e-05
5.233087070503847371e-05
5.118928856079379741e-05
5.634318020154729343e-05
6.034755232302008702e-05
5.215713554121504048e-05
5.348506906203522509e-05
6.680451797385879775e-05
4.657237143458720324e-05
4.644527140869046428e-05
5.208161642136135413e-05
6.165309070451467362e-05
5.348197435761653388e-05
4.609249641396465449e-05
5.131317242469676863e-05
5.077388514484444069e-05
5.413314418562095373e-05
5.237037460076166668e-05
5.493027772407582383e-05
4.426518321579357408e-05
4.808810713755068021e-05
5.431711250182786959e-05
5.383195891232928131e-05
4.760008534199915186e-05
4.297072422232208350e-05
5.078134612143521084e-05
6.301300297696467759e-05
5.281959834954786406e-05
5.518896411414337273e-05
5.265339700622983740e-05
5.187562422050854199e-05
4.667339353236938943e-05
5.264646141435677266e-05
5.847817356702008886e-05
4.465568190447948211e-05
5.115279925177401108e-05
5.491974406853175091e-05
5.618618254498038665e-05
6.412525896743220182e-05
4.761970433555552245e-05
4.797691684443106038e-05
5.241591210918016187e-05
5.805722415667164158e-05
6.117682336289512830e-05
4.611621119108149931e-05
5.141886758489023595e-05
5.047584988941568698e-05
6.419232937722331564e-05
4.273391931530496485e-05
5.584060280349979814e-05
5.544049240590581532e-05
5.930122739079465020e-05
4.732492331024394454e-05
4.780189580911199388e-05
5.209592569003293624e-05
5.985065206803683876e-05
5.494378233407631802e-05
4.266796186721630454e-05
5.128841612705483250e-05
5.065486283192388307e-05
5.571964810978967869e-05
5.725243658307985521e-05
5.558618567174477664e-05
5.073976206113421097e-05
4.972893895809086048e-05
5.705087012212380510e-05
6.034998387111875266e-05
5.693931151899215269e-05
5.176849273788741457e-05
5.150577978308410100e-05
4.990984720704520625e-05
5.240702360530778025e-05
5.896227037356980796e-05
5.880940039477078400e-05
4.761974545774926671e-05
4.935888428057263230e-05
6.162500683869144482e-05
5.922798476139242650e-05
5.056426347108180375e-05
5.155685853715023906e-05
4.458214017216443118e-05
6.307158101896042160e-05
5.690289941547968023e-05
5.276470760292700226e-05
4.689361456837988300e-05
4.967362278868211307e-05
5.907799940381560852e-05
5.162251048910677806e-05
5.585592161612246110e-05
4.930269975137312758e-05
4.617690920069838492e-05
4.728779763352273114e-05
5.028763708276845192e-05
4.967292568029860287e-05
5.843522576822425058e-05
5.753531440088748309e-05
5.241422862199659517e-05
5.007565735118596674e-05
4.653225936453642722e-05
5.472657531488095119e-05
5.755860608744521275e-05
5.098725669440139658e-05
5.497757445653454549e-05
5.339976727418884725e-05
5.098187444399271189e-05
3.898489049599448020e-05
5.723407116437428076e-05
5.444290957138436853e-05
4.450992096375071304e-05
4.793026162864731882e-05
5.059701462324685804e-05
5.387022256016207655e-05
5.044903094833506522e-05
5.108714905707373885e-05
6.649880805167223145e-05
4.757796157710557404e-05
4.599426773253226415e-05
5.676534596130036834e-05
5.286032513800474142e-05
5.328376775893657006e-05
4.824845398816633116e-05
4.670013777869214529e-05
5.488132971088823561e-05
5.536105513033849358e-05
5.760509331410318406e-05
4.638525477760586333e-05
4.640194263485593253e-05
5.132737480727633247e-05
5.868382393712177068e-05
5.501758909340399324e-05
4.750832009777825304e-05
4.899661625616777601e-05
5.262020505868066224e-05
5.307911259960791916e-05
4.902961133882107906e-05
4.795016480130891813e-05
5.470793265288383355e-05
4.846204929557580465e-05
4.540817296415662467e-05
4.771210375159498206e-05
5.650523207453190275e-05
5.255190094412371337e-05
5.174650555055413997e-05
4.084453720009987817e-05
5.425363211005284882e-05
5.509912441565829286e-05
6.592379022390103000e-05
4.510372500461211630e-05
5.276838099589571457e-05
5.003796733971077707e-05
5.835985413485809172e-05
5.733904056967232426e-05
5.052076370119270969e-05
5.230055725514213378e-05
4.562898560996504613e-05
4.176396674821601239e-05
4.939189804534396919e-05
5.973567189951718085e-05
5.320964816332398239e-05
4.726720120368117773e-05
4.872828274343544058e-05
5.156173821781117011e-05
5.309497256144037557e-05
6.039403983456797463e-05
6.451844257062505324e-05
4.960493860101705986e-05
5.395424765981228705e-05
5.636678107746748373e-05
5.626753785215525783e-05
5.538670388942826527e-05
5.126670567008359238e-05
4.631750790705630816e-05
5.731772228562011489e-05
5.934478606877375233e-05
5.259048536268987522e-05
4.368770066491476343e-05
5.023284374516117783e-05
5.195903581484825412e-05
5.203095737958403182e-05
6.365703258396719882e-05
6.015479153608210144e-05
4.974611594642279277e-05
4.846234677089651427e-05
4.811613795009286171e-05
5.690036676716518936e-05
6.483065656797449585e-05
5.554902261953473740e-05
5.277881984736384124e-05
5.743049030750193288e-05
5.516634671745148191e-05
5.668116207277724505e-05
4.958329762812701467e-05
4.363649868300016106e-05
4.591899421843626715e-05
5.660591104681602905e-05
5.394089145914200098e-05
4.898865309487090763e-05
5.518266158718468188e-05
5.025484606889057656e-05
5.136907062942106948e-05
5.478899909020557062e-05
5.775424039707647520e-05
5.013923188927887892e-05
4.488583394303629850e-05
4.623014291192981779e-05
5.602250197575321417e-05
5.474095818329783659e-05
5.528172688113639182e-05
4.384122381022910063e-05
4.953718122403364023e-05
5.480696433553975614e-05
5.237996701940339674e-05
5.955884462092512197e-05
4.788425367349634343e-05
4.563794678507764193e-05
5.152057897521275840e-05
6.317451712882737836e-05
5.489110302633256895e-05
4.867396375054468727e-05
5.420921285288358217e-05
5.489309483232639013e-05
5.052112582557946097e-05
4.710776921985158075e-05
4.514838798963180522e-05
5.771303695221191468e-05
5.525792731561896258e-05
4.744855587120538573e-05
4.550028685639278034e-05
5.666623290895877779e-05
5.649546895396349161e-05
5.093340222124793459e-05
4.563349293407649324e-05
5.848862597166630626e-05
5.763164392697224737e-05
4.762282901919982471e-05
5.307824954297661694e-05
5.161295332559039160e-05
5.784245316717141723e-05
6.316142916760823084e-05
5.519043470051666325e-05
5.482559414592177695e-05
6.613649883063176763e-05
4.635784037868176746e-05
5.207606613723856308e-05
6.076257150156471920e-05
5.429764747222276061e-05
4.732426299478416999e-05
5.051741431458915146e-05
5.067613985572791077e-05
5.574721863852118755e-05
5.507525433651140942e-05
5.038940592061693155e-05
4.896649804425159719e-05
5.970789326897367141e-05
6.423387654468901186e-05
5.442304470231633574e-05
5.003842231576629879e-05
5.079530989398910228e-05
4.928647817803686210e-05
5.349645328248655511e-05
5.390275499428275654e-05
5.863650649979664555e-05
6.044170920675219651e-05
4.467081040949397191e-05
5.107358840203718740e-05
5.272602749067977282e-05
6.630238202526335541e-05
5.908289896152926144e-05
5.200706991844368011e-05
5.160834401873959994e-05
4.309714598499094575e-05
5.421398360390926996e-05
4.775662139241982761e-05
4.439848011514937613e-05
5.592333590263663798e-05
5.988229446612613858e-05
5.269324469148320623e-05
4.713775634668190579e-05
4.649095655341141441e-05
5.833186095589930716e-05
5.327690940941102646e-05
5.505894874501790536e-05
4.611865712213077210e-05
6.479740588392454335e-05
5.067583283745548585e-05
5.147181068152456411e-05
4.847869463706076831e-05
5.722428862244340216e-05
6.108924637738242808e-05
5.682511160921495836e-05
4.683204203083525503e-05
5.169050377300832299e-05
5.467414648433065221e-05
5.387138689314992267e-05
5.105075041595616154e-05
4.487663687585604364e-05
4.574741628274026751e-05
5.476737077232198307e-05
4.616086989749194235e-05
4.427938424526233147e-05
5.188914836320060822e-05
5.472459781095723088e-05
5.583507826279124337e-05
5.500099614521558578e-05
5.863853540493798515e-05
5.261362110623552749e-05
4.558151153590865264e-05
4.839415647977795160e-05
5.824812150641750551e-05
5.260029423326817308e-05
5.266401394551788629e-05
4.791355103318708369e-05
3.840794080289161220e-05
5.882851588328242898e-05
6.340376183941458146e-05
4.431191478225546905e-05
4.900026100853480468e-05
5.378634831185205410e-05
5.862450412470501365e-05
5.561825270719489338e-05
4.618697251525303546e-05
5.132484191437163197e-05
4.983356311134561376e-05
5.544268514814876882e-05
5.906065723659050952e-05
5.621016067372230489e-05
5.357615582007287856e-05
5.315482887794377952e-05
4.848951708658801453e-05
4.931223640464070735e-05
5.115566899732525700e-05
5.581284898930049263e-05
5.468966347169916151e-05
5.908776516569415034e-05
5.052516353586847633e-05
4.984022444520763549e-05
5.449946630999743911e-05
6.086072770940482367e-05
4.507617017181468898e-05
5.222302645304526431e-05
5.218421804680761338e-05
5.647415643367265797e-05
5.895409162888884836e-05
5.041559391551495771e-05
5.010897037224292872e-05
4.105731205469044092e-05
6.790620638066468401e-05
5.476575795132760489e-05
4.976577593986100445e-05
6.041241224860180236e-05
5.298124035630766488e-05
4.799862441403788068e-05
5.204007130823568662e-05
4.758905104482692911e-05
5.389017926909167816e-05
5.991061217320993150e-05
6.282998755422348732e-05
4.948357314337907743e-05
5.149553684833966193e-05
5.595084788800040211e-05
6.384040463008114872e-05
4.582061205692283584e-05
5.066211751870826276e-05
5.797371855808452969e-05
5.365343688969079580e-05
4.581543466713916985e-05
5.119347032626019972e-05
4.963547141530538710e-05
5.426352643028282106e-05
4.362122587948348090e-05
4.722535110636577219e-05
5.547072627604326207e-05
5.325240960357161219e-05
4.587339593847564260e-05
4.697953401455429547e-05
5.302342377026651472e-05
5.223718430608421015e-05
5.593296048052753578e-05
6.977986342629489546e-05
5.035483235546296872e-05
4.775700006573251836e-05
5.440423388108193726e-05
5.751016948857939746e-05
4.390201477776501781e-05
5.225307674036482497e-05
5.276950739000528474e-05
6.348657221355718540e-05
6.028930771989609851e-05
5.287851628795791953e-05
5.360768223924163955e-05
4.243409401726571403e-05
4.989057428568133837e-05
4.563668616566829222e-05
5.050680994500769677e-05
6.251638304389884129e-05
5.479453736848760923e-05
4.891759813814650163e-05
5.291292722748576846e-05
6.813594964592413722e-05
6.185686067179475064e-05
4.918009540000058247e-05
6.384801799239510627e-05
6.118801259260233283e-05
5.514730206930735129e-05
5.032847486045150757e-05
4.755744174208231779e-05
5.396584288228555639e-05
6.330761988500746931e-05
5.013158489986006366e-05
4.096729020196388904e-05
4.908607910671073543e-05
4.655498808925232022e-05
5.066885263364513496e-05
4.909238646920012446e-05
5.918713435261381984e-05
5.904197233889395019e-05
5.234978168328658380e-05
5.469671888199046815e-05
4.726229158175787983e-05
6.769720572125165127e-05
5.755217513954104046e-05
5.095252642598496642e-05
4.846309482949037024e-05
5.049249032927518552e-05
6.064832918674286635e-05
5.640537011044524093e-05
5.143288457439250605e-05
5.250877016032148251e-05
4.698983594967376149e-05
4.738244800312555176e-05
5.182651738189610275e-05
5.590709347708926750e-05
4.481424030249274296e-05
5.444023549508733231e-05
5.111110370919665216e-05
4.992751514382969132e-05
4.877359222458519029e-05
5.184203674401713342e-05
6.504235014897850181e-05
5.288866112120998850e-05
4.697736029626318262e-05
4.653411900541050514e-05
6.345992136139821753e-05
5.345423478205295727e-05
5.257928471179212573e-05
5.382427843330894578e-05
4.650574040627138465e-05
4.814083424398859053e-05
5.183770339918564358e-05
5.516235596548550659e-05
5.550883622778788609e-05
6.190873279706511157e-05
4.968540706224353461e-05
5.325727573441135250e-05
4.635417645276140945e-05
4.779653945043020916e-05
5.896635235520281289e-05
5.511779394253734548e-05
5.586041400651042024e-05
4.527445958552947796e-05
5.873378219066342413e-05
5.786958439684376722e-05
4.907468103168357329e-05
4.473044825368703093e-05
5.006652712045539636e-05
6.096426430488884860e-05
5.285306412467761746e-05
4.759759484517945286e-05
5.299907187686553523e-05
5.184248734929076794e-05
5.930375160416524917e-05
6.537156601056053203e-05
4.978134900918970230e-05
5.121623322439389784e-05
4.391782502666714160e-05
4.238280887672051564e-05
5.067224481982818648e-05
5.220406395019271985e-05
5.318382470774546324e-05
6.552209403382724766e-05
5.126406091027340279e-05
4.235248544538047815e-05
5.620008237102802547e-05
6.154045206070249429e-05
5.793530813518132466e-05
4.753771085272181493e-05
5.270049040553546915e-05
5.206381064903596871e-05
5.698749511381452534e-05
6.116888926566430094e-05
5.011859510450951139e-05
4.556875834605932378e-05
6.081177894003890558e-05
5.781623724047662297e-05
5.511685286067812911e-05
4.924953830056626739e-05
5.040019467114153042e-05
4.783572387047082630e-05
5.021840118516613505e-05
5.057437347480008439e-05
5.549921460972057730e-05
5.969901469175420037e-05
5.699511476268089081e-05
4.669621492700786711e-05
5.122567058033213288e-05
5.769457849962559724e-05
5.907958976334856460e-05
5.540449112225493165e-05
5.145418457373147404e-05
5.149744006433630827e-05
5.203458864601722816e-05
6.205383848219114655e-05
5.084282463843210992e-05
4.893760330270515238e-05
4.416282884686978838e-05
5.348403433235818938e-05
5.502687529824564541e-05
4.692971783670678770e-05
5.884837424759912079e-05
5.005721529079837102e-05
5.132229541685997496e-05
4.266930756579742997e-05
6.554419544130525111e-05
5.818364310396099607e-05
5.541117811558928267e-05
4.539440395901561752e-05
5.124586961911443170e-05
5.739511786447013886e-05
5.505343545865589247e-05
5.625435983507139445e-05
4.940215924880559506e-05
4.801234584879098531e-05
5.366827303331982510e-05
5.519806285777779600e-05
4.666405665524803089e-05
4.794365087310984211e-05
5.029428322824159697e-05
5.421680689145395925e-05
5.231593520067581433e-05
5.682735257618344853e-05
5.369134783510166891e-05
5.742410547066264425e-05
4.910960869798141004e-05
4.888191368560954091e-05
4.446870305224640658e-05
6.163602490960370787e-05
5.389347628028998117e-05
5.629313426495044677e-05
4.963996172319254168e-05
5.315510880358627322e-05
5.406579924657345653e-05
6.112356600385354492e-05
4.630672230143702527e-05
4.948226463211093438e-05
5.281547816645967635e-05
5.523623162280974269e-05
5.777195616395903744e-05
5.157644726108120075e-05
5.093275584161603421e-05
5.300575024891039937e-05
5.730755797790344314e-05
5.677013442067614191e-05
5.549776334321887637e-05
5.294636485383879599e-05
4.911449318526734878e-05
4.722766769890183818e-05
4.812499250046073205e-05
5.230018990653491221e-05
5.610202089307368120e-05
6.188110142501359646e-05
4.998468731535322631e-05
4.755910090111828799e-05
5.447783116141981436e-05
5.889876903931803051e-05
4.687097474537542873e-05
4.952263194107533990e-05
4.956232422648718138e-05
6.209599892371830022e-05
4.963222681015934661e-05
4.954474260363585643e-05
5.648909084274175664e-05
6.683066151847386483e-05
4.826638663221371388e-05
5.772257033489315770e-05
4.421722482756353556e-05
5.025262554448362966e-05
5.064189135339084883e-05
5.566449342638492319e-05
5.852779573597284536e-05
5.499264263766631222e-05
5.296627286732412106e-05
5.113190586616194410e-05
6.011410930282732186e-05
6.190772450225232894e-05
5.318056634317467083e-05
5.216366015032923288e-05
4.841518264467531348e-05
4.281067489953158394e-05
5.370478437610214838e-05
6.885046846106921857e-05
5.083330959357129869e-05
4.327648501120290222e-05
4.741380721761860275e-05
5.207465833539341190e-05
5.583708336663958130e-05
6.222095487150280100e-05
4.784541802671559899e-05
4.467148280818358959e-05
6.104510605513290607e-05
5.430567398015364504e-05
4.642361010287909156e-05
5.256439810995528042e-05
5.088404255300081895e-05
4.677394756524974259e-05
4.637142563758442999e-05
6.795892747146711516e-05
5.243001863646989464e-05
4.453962135129742848e-05
4.635741133254183620e-05
5.375423347170214312e-05
5.411244708557011679e-05
6.524612177644864423e-05
5.840403092924209647e-05
6.116518273980735059e-05
5.429164766439933081e-05
4.327216342629355681e-05
5.333048424457420068e-05
5.674578181276454487e-05
5.753363652256581563e-05
5.455865324680793301e-05
5.193446938382290112e-05
4.236199788137803645e-05
4.509169703196385797e-05
5.485455132902618166e-05
5.505991013271104034e-05
4.870628017197619280e-05
4.865484991400177201e-05
4.977451424460776781e-05
5.675181205054938180e-05
5.219418061932096795e-05
5.062725918160757401e-05
4.806433637263234326e-05
5.539192242005736136e-05
5.598031368751817685e-05
6.271594437199055894e-05
5.823506874946051830e-05
5.527836966721579200e-05
5.593406041829186693e-05
4.718906961477143134e-05
4.587835042752302851e-05
5.619869516840904973e-05
5.477026571842713256e-05
5.708023519102774766e-05
4.892047518745547095e-05
5.058909481899417476e-05
5.887503487999053939e-05
5.404199416177977490e-05
4.653992272176852261e-05
4.849681882653097774e-05
5.461618628648812077e-05
5.059439323508635645e-05
5.916560066187139742e-05
4.881608566158930076e-05
6.640502506278107278e-05
6.040148609389802981e-05
5.109853063129214532e-05
5.397291053713278424e-05
4.068030321013498186e-05
5.378783029512629825e-05
5.523540657893752538e-05
6.180022768953321395e-05
4.413946472450717978e-05
4.952134084939884489e-05
4.904878912138135985e-05
5.683547762328372441e-05
6.239001310377997379e-05
4.998351711490688358e-05
4.987004834591521801e-05
4.696754629905029428e-05
6.882248365981471247e-05
5.755825139433238722e-05
5.248668658255841064e-05
4.958840850944603793e-05
5.046509695817042053e-05
6.216954491849614327e-05
5.220238944571573339e-05
5.113862407730495414e-05
5.589071560292320631e-05
6.045165362074179417e-05
6.216542342232565614e-05
5.067008779374779763e-05
5.336007546306527799e-05
5.767447281585304941e-05
5.836372604539369103e-05
5.569729487860396221e-05
5.073868738466171067e-05
5.181649616095632794e-05
5.336002251605311301e-05
5.057344956111689462e-05
4.972092149180199746e-05
6.761058369558891755e-05
5.450198351757076928e-05
5.572268961053133057e-05
4.895829889830952635e-05
5.279410291442933486e-05
5.510614747856235919e-05
5.789886408768858147e-05
5.663815718121103539e-05
5.581943617542894768e-05
5.072702914936949315e-05
4.934627584320525664e-05
5.606923716838240092e-05
5.653748907444240733e-05
5.227238139370913266e-05
4.494353012428890142e-05
4.645644421888481794e-05
5.938978486345584007e-05
5.282350517204374219e-05
5.287511272444076849e-05
4.868274169352223831e-05
4.553770294665334756e-05
5.517737050421671357e-05
5.345793538120788025e-05
6.700105808615003009e-05
4.817030069903836332e-05
5.322171834077146649e-05
6.103260564074571937e-05
5.661070617774834578e-05
5.530617541036988608e-05
5.537781634542992317e-05
5.700302184430058194e-05
5.181710342356360643e-05
5.051123499534529736e-05
4.961697054824698187e-05
5.467577128961816589e-05
5.453461944993816539e-05
4.606719012165988192e-05
4.751211855591145488e-05
5.129961135457405919e-05
5.468643663297684954e-05
5.744048101341940886e-05
6.070061197624024372e-05
5.074707321793747787e-05
5.059116275688706649e-05
5.334035519991091437e-05
6.799407180220254344e-05
5.688069762711560546e-05
4.911702340407725765e-05
5.044581859667318283e-05
5.254347458412904321e-05
6.094495266119343967e-05
4.657427209780652411e-05
5.803457746407680087e-05
5.688530447890737321e-05
5.624911537093677221e-05
5.015040517142687194e-05
4.305703173268657857e-05
5.206804657490754241e-05
5.817354616210184553e-05
5.448379848609294644e-05
4.691615513907028748e-05
4.966204074893326671e-05
5.233622498161400182e-05
5.157620526037061940e-05
5.902101543374799187e-05
6.930315167851628798e-05
5.180421075715748146e-05
5.064178932327628068e-05
6.565999868626476508e-05
6.274419080331866856e-05
5.220664604737988739e-05
5.193479257592818147e-05
4.884768784679117796e-05
5.147113320219492261e-05
4.216253506348473045e-05
5.545439806336810353e-05
6.251175959415459604e-05
5.745861906288389308e-05
4.791173646990784052e-05
5.133959266214688184e-05
5.087378689174289941e-05
5.758549438750678191e-05
6.179216296935127815e-05
4.943237780059047125e-05
4.882483187542624919e-05
5.514135201272336558e-05
4.882350709878261895e-05
5.201867492126187938e-05
4.936892931002990863e-05
5.428635305464084244e-05
6.348134765648821701e-05
5.026199709475962158e-05
5.084651868241341299e-05
4.076697815163821429e-05
5.966792865556600303e-05
5.380028823293177796e-05
5.604342625047567636e-05
6.182370412877398523e-05
6.337395179232712718e-05
5.153554880639429133e-05
5.246888875977585723e-05
4.152075651982604785e-05
5.598012150410827079e-05
6.819232552437401755e-05
5.526088422150021446e-05
4.667949345440521741e-05
5.127891890661862224e-05
5.864661909249021144e-05
5.129508113661143638e-05
5.653853529818609393e-05
4.942928656813865500e-05
4.741127486212952071e-05
5.363642941412577811e-05
5.181655162162681467e-05
4.791958964973681308e-05
4.894599168565472988e-05
5.720890796103671714e-05
5.419962752421953205e-05
4.046181302517349562e-05
5.545156515028057913e-05
5.699492394386099854e-05
5.127679200841504348e-05
4.857823035697103495e-05
4.427222475267516937e-05
5.695372481018146652e-05
5.310265119262414364e-05
5.367622281265164920e-05
4.317673138929725832e-05
4.746204155814066417e-05
5.361784494646828678e-05
5.641367072294498834e-05
6.180058339279065772e-05
4.800708186150598700e-05
4.347788743052879886e-05
5.004337464536154286e-05
5.504028230487887025e-05
5.654445811062547658e-05
3.855521682195271185e-05
5.113029814163268596e-05
5.074309311860334857e-05
4.449489807383295604e-05
4.548858398007875380e-05
5.299153171601277346e-05
5.680290272614337845e-05
4.274582103099790664e-05
4.507817649054142418e-05
5.638440605538839735e-05
5.295553503600323759e-05
5.751229268151562785e-05
5.330175404088418581e-05
4.718883351474794090e-05
6.461836762268955683e-05
5.942920375937337711e-05
4.767893935228626981e-05
4.860311693659821720e-05
4.932917511094271547e-05
5.675884453770812583e-05
6.148807637572829712e-05
4.977307673455543598e-05
4.899760685580599581e-05
4.741153320272619771e-05
4.242611342092606982e-05
4.734934760856539606e-05
5.540322876818775440e-05
5.648107912181092680e-05
5.497833300006244197e-05
4.359104211135014296e-05
5.020599210166617121e-05
5.291616269604740947e-05
5.344507615816350979e-05
5.703752205546910875e-05
5.810935603099100699e-05
5.224369021314052874e-05
4.970906189931643011e-05
5.881210648552655153e-05
6.086212519319911777e-05
5.278052133677677417e-05
5.283677995505145194e-05
4.957004392580951758e-05
5.391546506401489444e-05
6.432692446523348461e-05
5.106724515523059285e-05
4.621078160306378504e-05
4.767348434339387862e-05
4.532373834840523584e-05
5.126546509830382826e-05
5.141936122274227988e-05
5.639808196633879081e-05
7.251608883232816627e-05
4.987464530880968112e-05
5.015595402157733734e-05
4.323747571522170400e-05
6.173172774947936758e-05
5.756241971850519949e-05
5.338441927559179370e-05
4.848245078687714706e-05
5.037373278416943761e-05
5.355023895066695228e-05
5.404992488707352076e-05
5.007865728412583955e-05
4.852358133798969221e-05
4.711642889923151354e-05
5.512983115061479767e-05
5.592663422286701344e-05
4.427016129634309778e-05
4.122573145689324329e-05
5.889427569043693950e-05
4.731948998013761864e-05
5.371891241834126268e-05
4.765503022214381519e-05
5.547326586413279473e-05
6.173106484834026207e-05
5.065054893318185307e-05
4.804323659173439755e-05
6.576842441870707240e-05
5.309129624109070329e-05
5.112321895396800534e-05
4.601002988404227746e-05
5.207681871417405250e-05
5.179845432244410762e-05
6.529933094621409042e-05
4.806860173615913162e-05
4.067620286237623835e-05
4.990120013690131645e-05
5.313417209525510976e-05
4.543995183631177132e-05
5.756191282943741130e-05
5.323053952797002003e-05
4.245036117502031317e-05
4.533594510404448960e-05
4.363456112194235008e-05
4.517305907810406515e-05
5.181272349285381384e-05
5.377156203673391616e-05
5.374813933062704723e-05
6.761825556874177638e-05
4.955688253357724181e-05
4.808483309480362161e-05
5.509533292805364940e-05
5.908245393702860580e-05
6.112306143423721814e-05
4.725725526572237647e-05
5.041058385332027118e-05
4.993562893363209825e-05
5.889118752803466824e-05
5.792429029702740682e-05
5.624510364857882938e-05
5.713523236729693412e-05
4.669196868575798114e-05
4.677327399066427775e-05
4.999849762467702477e-05
5.820727716502998846e-05
5.547638284002381779e-05
4.505466488423771307e-05
4.895906861753464485e-05
5.295044392626486795e-05
5.130656494100327289e-05
5.151888288825282622e-05
5.347109486396039313e-05
6.120095753149533391e-05
6.333936115941241930e-05
5.080457293599048341e-05
4.113016443723792239e-05
6.348196772459148473e-05
5.694244265845676254e-05
5.338799442867953385e-05
4.750905022406056241e-05
4.897171459868162913e-05
4.688739126529503870e-05
5.171455970424663383e-05
4.798816761435869426e-05
5.362150904859823696e-05
5.682763850253508812e-05
5.796249475531336322e-05
5.094514178665418227e-05
5.248765802535408209e-05
5.731727298223168184e-05
5.654813892912516349e-05
5.336211053612427532e-05
5.085243221458154203e-05
4.834427944321021987e-05
5.355128856420253794e-05
6.415903847037411005e-05
5.174584981786708467e-05
4.822554185115194631e-05
4.571308978704518390e-05
5.395294081922916444e-05
4.843293317088293265e-05
5.791989066186964104e-05
5.420929497120231892e-05
5.406970700050119365e-05
4.652982571708239729e-05
6.147913474132227858e-05
6.005373368257273980e-05
4.675469746517658964e-05
5.173129833592250454e-05
5.829068621868122935e-05
5.261939244214799109e-05
5.753289272547774008e-05
5.299410239830005224e-05
4.694358356732013270e-05
4.349612731964473423e-05
5.499983530416937270e-05
5.371563169953640586e-05
4.210280533802232100e-05
4.624310233886858495e-05
5.225569435296119602e-05
5.293563472118915540e-05
5.746853863140612568e-05
5.764094624597079693e-05
5.338080528281189638e-05
6.648351836938113150e-05
5.070238814286525737e-05
4.524662488953773860e-05
4.666306118600044989e-05
6.054420852891264504e-05
5.307090759752821810e-05
5.403476020588544941e-05
5.120917510710012912e-05
4.659790368340103344e-05
5.544743091858583437e-05
5.565639911878346398e-05
5.714912929026981969e-05
4.822117520577506373e-05
4.215497008156857828e-05
5.100417036779438402e-05
6.192917734235557268e-05
5.366561098349303553e-05
4.531996189862635402e-05
5.106770544356436722e-05
5.056621492774412361e-05
5.372283710479859700e-05
5.802791739989473764e-05
6.183750408234052313e-05
5.701814687961604956e-05
4.429690200647374898e-05
4.223869735049608524e-05
5.205886742429675392e-05
5.571792693579769896e-05
5.428813449549256895e-05
5.977557255481652206e-05
5.194514509666398424e-05
4.682297297447760465e-05
5.545207322820745743e-05
5.638785307533134347e-05
5.186561149432353251e-05
5.215408507350829226e-05
4.324774919939038689e-05
4.613473046551483983e-05
5.452729055784707112e-05
5.543232621697942816e-05
4.424587846807272667e-05
5.031364198822422992e-05
5.414220361949169445e-05
5.248648401405574867e-05
4.771548215346485837e-05
5.344908883309846593e-05
6.559974281183211093e-05
4.958366662581797175e-05
4.432023921479704169e-05
4.784971955923737145e-05
6.123079586163093291e-05
5.474640881697358778e-05
5.427180730405328134e-05
4.593694499503743082e-05
4.852143138750000670e-05
5.691120656934235830e-05
5.660845380806234705e-05
5.898062846784292646e-05
4.812641694391869433e-05
4.749127403689309534e-05
4.949867727766182299e-05
5.993954949402333863e-05
5.490833711353357760e-05
4.499798174087979658e-05
4.966055998002665895e-05
5.276421489656693634e-05
5.308460895529498464e-05
4.741689006938874519e-05
4.606194061586880919e-05
5.536085943789332815e-05
5.485412180074144943e-05
4.504517055407372575e-05
4.076942156836835767e-05
5.117240077936056946e-05
5.313259029811001974e-05
5.416009528355084161e-05
5.630002845535087502e-05
5.384779963811797671e-05
4.316719990733193486e-05
5.266956284915591410e-05
5.858534983632971392e-05
6.420438072007051138e-05
4.652953942839882132e-05
5.192418580661587466e-05
6.448168256289811041e-05
5.760948256990201745e-05
5.093226760330753450e-05
5.295808752452401568e-05
4.602865747024160721e-05
4.692760561809518289e-05
4.468351322864289222e-05
4.781673799713658451e-05
6.211236570693969754e-05
5.406978446563244744e-05
4.953754883224623475e-05
5.160630358607420107e-05
5.400499133940670252e-05
5.968715783060768660e-05
6.335078529382345315e-05
4.901312682177026871e-05
5.875509207913672368e-05
5.553561952759770970e-05
4.933807392671915126e-05
5.177147810634625749e-05
4.742427244572520589e-05
5.259783520674560648e-05
5.910226978964895210e-05
5.161908183183495680e-05
4.593909592818641666e-05
4.309350034354514879e-05
4.913115421282146202e-05
5.033156850547573075e-05
6.519893273491852558e-05
5.592875175546622405e-05
5.362099778895687747e-05
4.942599617080178806e-05
5.802337746941013620e-05
5.583600262442576763e-05
5.145182437467127508e-05
6.269492335590029118e-05
4.941705450038302535e-05
4.611080545927484303e-05
4.658708314376651594e-05
5.909408247071188704e-05
5.452098607336195417e-05
5.432354649342333779e-05
4.887314057229708654e-05
4.569004221367652877e-05
5.469602521118182193e-05
5.561406544946491897e-05
4.553325859183175771e-05
5.994423563648892559e-05
5.544969761978607315e-05
5.096579575568838447e-05
5.859537283193987198e-05
5.537514871827498350e-05
4.900537159727054855e-05
4.751533779869805918e-05
4.990225827662846857e-05
5.102915980317001399e-05
5.659303705167944486e-05
4.606495032508744721e-05
4.533700651560635596e-05
5.291584182322659629e-05
5.501487953211554015e-05
5.420571507516608605e-05
5.847367350863134000e-05
5.138585132798229537e-05
4.072120377493038628e-05
5.560784065163217282e-05
4.600544244109516513e-05
6.145817470369231554e-05
5.322156093183611332e-05
5.300580120317409594e-05
5.034680160875425783e-05
4.801513215964590487e-05
5.651935034649493717e-05
5.453570441201394028e-05
6.273171572895709191e-05
4.498978131308475182e-05
4.871168243778506272e-05
5.036690206093531914e-05
6.540809685932377868e-05
5.301782145174225750e-05
4.830214863313451318e-05
5.044096725578462766e-05
5.200116373304488926e-05
5.484885787697824365e-05
6.232663139303652700e-05
6.162731120106324856e-05
4.867446813111591828e-05
5.134278258869097802e-05
4.270667257380511507e-05
4.715174194053258768e-05
5.400402849643296937e-05
5.309963896373936213e-05
5.393730190143907843e-05
5.805014793620380238e-05
5.012632325106089530e-05
4.656191881848936818e-05
5.324731689391021510e-05
6.161777821028022325e-05
5.718658146234116422e-05
4.896916108853901768e-05
4.891270330434059643e-05
5.035653116430849081e-05
5.958243429099608225e-05
5.900636971000901683e-05
5.196440749696360092e-05
4.733146511792926323e-05
5.922330052004741045e-05
6.022535881302368624e-05
5.737374979342458096e-05
4.526958033677007750e-05
5.511804900275271192e-05
4.664513312914791505e-05
5.088354047826742740e-05
5.308266820278274194e-05
5.528097724630068614e-05
6.147242366237147136e-05
6.333048305145523192e-05
5.104287403971078264e-05
4.997508019268645036e-05
6.344962159242178957e-05
6.042585621317652901e-05
5.491474721004427562e-05
5.334970686710820229e-05
4.787683613153770530e-05
4.059823966636712868e-05
5.640040165208796107e-05
5.711413040177856359e-05
5.232131509830639755e-05
4.548610083036564762e-05
4.529760342354864698e-05
5.526524859572796728e-05
4.297240739382267104e-05
6.843971941872695631e-05
4.827937063151970009e-05
4.908745695735202281e-05
4.815920128926533684e-05
5.679461605552690986e-05
6.160449890900592039e-05
5.514030415198654597e-05
4.851712221343525724e-05
5.137342951659384552e-05
5.415857178385303161e-05
5.291730305075088424e-05
5.055000597711299215e-05
4.608123508423846772e-05
5.503796445430311134e-05
5.803628787570243389e-05
4.460600337295511295e-05
4.258052481010077489e-05
5.265379233223633945e-05
5.209084299080465473e-05
5.574772136774236848e-05
6.178718246719437234e-05
5.389975150270027244e-05
6.013911166888635844e-05
4.803429416792813624e-05
5.763583933831994960e-05
5.125385520294872577e-05
5.021291531765154065e-05
4.660306730955661767e-05
5.612167034697628578e-05
4.926189043334162492e-05
5.094438180833729842e-05
5.922459963572837386e-05
5.529546157211516277e-05
4.729165518240438808e-05
5.311739973719962625e-05
5.045379042609664504e-05
5.849259978106800025e-05
6.113074851762711820e-05
5.892033024729497663e-05
5.686467229349684977e-05
5.353699864284517285e-05
4.913050342579546812e-05
4.971375080339571548e-05
5.341709817766590108e-05
5.361986073033362190e-05
6.145555755855378369e-05
4.757158021847737207e-05
5.344821379412351180e-05
5.992916236380590057e-05
4.431476643429883540e-05
4.928614613168340943e-05
4.944627160243737952e-05
5.578647009228398536e-05
5.871912890763450379e-05
5.097610409098703133e-05
5.277361331477833570e-05
4.426196400142306170e-05
6.148077200262040080e-05
5.749965587195208529e-05
4.989356737940180771e-05
5.791997898062646962e-05
5.402102758453352412e-05
4.818718600476446553e-05
5.295951492281328354e-05
4.879059973053899218e-05
6.060274863653622673e-05
6.406122965516675930e-05
5.049737566876116222e-05
5.135574705924239456e-05
4.661010375757834425e-05
5.803385941291084997e-05
5.307042828507583246e-05
4.719923892523257829e-05
5.071063965067784397e-05
6.106098882950067731e-05
5.853979593943079546e-05
5.346676025606635242e-05
5.929401356382251506e-05
5.176530653441569233e-05
5.324196783345478469e-05
6.083376717418549845e-05
6.493380607439834746e-05
5.413324066946542044e-05
5.110297052003927261e-05
5.110230160285960288e-05
4.919892568876445065e-05
5.267046039368076182e-05
6.486836816114503290e-05
5.123849034592273987e-05
4.333531852668561602e-05
4.716599073476535189e-05
5.573864924793996335e-05
5.427457834462663390e-05
5.444074956526283906e-05
4.896777412135805381e-05
4.540485828797566548e-05
5.658790101469759727e-05
5.594494954803415327e-05
5.773872413114254924e-05
6.173407864224128084e-05
5.273534040347139742e-05
4.778399930550349898e-05
4.926475942480920602e-05
6.660162663879233720e-05
5.217842792433007953e-05
5.542141580914396279e-05
4.877362127696788902e-05
4.614590646554417276e-05
4.631305518930103427e-05
5.498949594561787762e-05
5.166593931165332779e-05
4.734848332272987578e-05
4.614382106881381149e-05
5.148113169358742205e-05
5.372509790932245265e-05
5.447929618770784864e-05
6.099343959357115630e-05
5.063222910373371151e-05
4.962338135558230144e-05
5.191738305454521399e-05
5.790531272820855201e-05
