3.299720299995187293e-05
3.355319412509984720e-05
2.577453250470770836e-05
3.886539199208346106e-05
2.998403785309934380e-05
2.994580134208222791e-05
2.818288495664981238e-05
3.649547771421425790e-05
3.635827823804965194e-05
3.177864243298723966e-05
2.916205130918186829e-05
2.970111646747665998e-05
3.877545451312411199e-05
3.279393656413053247e-05
3.310400095976133011e-05
3.064057720832848159e-05
2.578583766174308487e-05
2.708241533786745421e-05
3.413158749897513022e-05
3.190881334981935296e-05
2.836179984866822297e-05
2.674313864069255553e-05
3.240295049252455735e-05
3.165212641661603420e-05
3.491354564390107031e-05
3.737838478645082391e-05
3.324480993143303319e-05
3.774011215011445274e-05
3.057612572707073576e-05
2.648239523758804786e-05
2.882666623555600014e-05
3.470650107527869783e-05
3.191654155780335991e-05
3.172155256138530242e-05
3.112074156221554430e-05
2.678765976434050082e-05
3.254913050601040676e-05
3.159969349802004414e-05
4.062224954373508005e-05
2.465467022548167240e-05
3.040182969645792991e-05
3.015933232924890834e-05
3.577774451279029888e-05
3.251906689408051010e-05
2.796094146210313821e-05
3.080744360787857170e-05
3.353125733513199845e-05
3.278756931691308732e-05
3.261013389659959245e-05
3.201545465301136980e-05
2.751147591491124103e-05
2.945954835612467503e-05
3.173637436189576062e-05
3.407258905705731799e-05
3.574634089747179044e-05
3.002682830103834378e-05
2.933081036162882903e-05
3.243399237756151382e-05
3.779744188964190001e-05
2.715543604006633152e-05
3.133820094676676463e-05
3.208453116811556114e-05
3.516165294773711567e-05
3.209543431447513462e-05
3.243575210462709604e-05
2.840770112250475072e-05
3.692305827369163660e-05
3.414690321104451145e-05
3.114592979955608181e-05
3.644098463102347425e-05
2.870566809463407273e-05
3.298943954380461144e-05
2.984272366179879942e-05
3.189759692327166562e-05
3.703805028835437953e-05
3.194089587331737986e-05
3.061195102008354110e-05
3.247653575129267998e-05
3.075538015469296202e-05
3.415135510341811830e-05
3.538256562196031468e-05
3.278865569826017889e-05
2.813111581215962852e-05
3.028087488623269923e-05
3.599843298028914459e-05
3.385570285589444391e-05
3.213149543605018472e-05
3.228355469872065409e-05
3.380008875465416760e-05
3.487268466753994903e-05
3.122856148071832409e-05
3.546523453495337521e-05
4.048946222070512929e-05
3.312485437547149712e-05
2.992074476576732562e-05
3.327191253992789976e-05
2.895617253448457183e-05
3.210802362284786413e-05
3.708231706681875870e-05
3.066321242852048772e-05
2.705909791428996023e-05
3.368105430392427733e-05
3.397093470985450790e-05
2.705528742192376648e-05
2.838287779042646656e-05
3.339205539565312010e-05
3.258514601122737423e-05
3.530887922586904601e-05
3.768174774982463812e-05
3.348558108497186997e-05
3.309418932337795732e-05
2.916526312960769158e-05
2.985294143195511957e-05
4.042158244363767706e-05
3.225280248670159706e-05
3.024960586852403952e-05
2.940918419600107176e-05
2.938373642521008183e-05
3.349218786468913429e-05
3.312127697901072135e-05
3.041204862410388832e-05
2.943839497012301908e-05
3.012935961698963173e-05
3.250948623274601857e-05
3.289127178611984882e-05
3.637904890058311875e-05
3.039741771769949454e-05
3.160405435825851972e-05
3.372107366067021939e-05
3.849093825932875063e-05
3.550693430046849560e-05
3.318140321696600749e-05
3.245527233103650590e-05
2.762765772131616017e-05
2.906212676831111994e-05
3.390183327748685324e-05
3.467778935720270989e-05
3.690331827920526688e-05
2.958992555749804233e-05
2.723149027446944699e-05
2.948484359955946149e-05
3.716830518844978904e-05
3.224779321336462530e-05
3.007802663828935844e-05
3.150031654917433756e-05
2.945529778257654957e-05
3.419673278248225865e-05
3.479950191741496181e-05
3.741439164655169458e-05
2.971450154872016177e-05
3.129091555922925447e-05
3.519666968088150865e-05
3.620132145134357196e-05
3.002290414805649832e-05
3.293340780249047082e-05
3.181609438454822698e-05
3.758732242796337486e-05
2.908996632176728253e-05
3.292507166203138510e-05
3.862252237644072544e-05
3.585842687658792567e-05
2.844526101547135174e-05
3.011445168555718866e-05
3.634388256652292334e-05
3.485241926022338569e-05
3.184136580241822507e-05
3.161767408496545082e-05
2.692401727817927563e-05
3.623589826775586040e-05
3.535441686746243863e-05
3.301336553216991867e-05
2.816405368376560689e-05
3.507484879971649723e-05
3.135992140785486340e-05
3.064178841857372716e-05
3.301267014517047079e-05
3.833464922992578359e-05
4.201962592749863276e-05
2.898288124176177821e-05
3.145822438232618511e-05
3.547068000295977472e-05
3.702216868356453158e-05
3.370608358406503567e-05
3.066806354315252260e-05
3.078991800245496982e-05
2.728048623686370297e-05
3.217912011778331909e-05
3.557998848896610843e-05
3.144704095078957223e-05
2.994926122275672384e-05
2.537123604709224387e-05
3.340620606226699980e-05
3.273227461829413307e-05
3.260366437534760296e-05
2.803722546246890820e-05
3.087923876768040507e-05
3.135346957559485517e-05
2.834494141574113039e-05
3.473068268054354618e-05
3.894809169434944047e-05
3.293187848399989332e-05
2.914052474606186190e-05
3.678686856363138735e-05
3.403670043064796816e-05
3.184960371217583121e-05
3.089045267096214700e-05
2.886935624497022731e-05
2.778892375123654358e-05
3.294716477514278441e-05
3.347574764305908274e-05
2.784091808442966813e-05
3.012107956810770607e-05
3.267104351371041587e-05
3.228952422367837097e-05
3.295451180569327498e-05
3.166313397134592382e-05
2.667645871870947803e-05
2.950761089250510385e-05
2.989134948682726378e-05
2.652511070976655395e-05
2.844754221519633323e-05
2.921383510202141235e-05
3.260297593019173264e-05
3.234106525683507242e-05
3.877468405429209075e-05
2.739180277757941316e-05
2.889485794220204130e-05
3.132490730718276775e-05
3.383326095046936227e-05
3.420300542800794173e-05
2.392789529386213113e-05
3.081389576634046824e-05
3.041532585155461754e-05
3.318828747127653458e-05
3.357082130109715105e-05
3.318818426999582249e-05
3.024393219701810960e-05
3.150769177097355458e-05
2.945200325180261059e-05
2.995590975449480129e-05
3.045996538864348074e-05
3.473814165576572237e-05
3.148723427068774063e-05
3.927272142556429948e-05
2.875628773820213135e-05
2.867575598093687005e-05
3.281953796131797420e-05
3.566744805000942291e-05
3.540569060050440588e-05
3.308700490930610593e-05
4.039337663786162316e-05
3.574742744517830771e-05
2.988979537794992898e-05
3.162834372262479443e-05
3.628805718989367855e-05
3.175130417833798912e-05
3.148225349725149793e-05
3.054539649013378842e-05
2.614648800363174013e-05
2.962050562058517953e-05
2.771733617836672238e-05
3.231601544382686812e-05
3.943354054994695988e-05
3.441083092557960130e-05
2.998018459458953359e-05
3.053520628823511542e-05
3.185050788897783776e-05
3.463000583316126399e-05
3.937543082258743870e-05
3.082029481476924944e-05
3.063466298695337385e-05
2.942910560202379125e-05
3.365629377240324509e-05
3.657934179774175826e-05
3.401359038809250042e-05
2.372145252824778972e-05
3.110921935330156451e-05
3.868924694528097779e-05
3.234035814623753937e-05
2.952983428874616872e-05
2.606200547479850711e-05
2.732188278771833774e-05
3.112995657451740448e-05
2.980987359916983294e-05
4.217825448353088215e-05
3.614221161314846607e-05
3.127058772279189217e-05
3.085887348735415837e-05
3.173297086327577356e-05
2.842193980703895486e-05
3.180509140758748391e-05
3.602218650516892897e-05
3.052317131128012232e-05
2.807273614569270428e-05
2.835329497811084386e-05
3.591843674601015674e-05
3.164430747719572677e-05
3.075645341410093752e-05
2.929617903805522693e-05
3.181075102837711117e-05
3.071817038004424709e-05
3.907650562714729177e-05
2.658109552996322438e-05
2.979498604580571580e-05
3.273670180713830925e-05
2.677793523823732933e-05
3.039289044591855129e-05
3.247642966831426625e-05
3.306511642107642246e-05
3.196208676934622124e-05
2.775395201000004143e-05
2.556531567875316069e-05
3.207498363706798815e-05
3.270850635119316519e-05
3.006018438521497547e-05
3.049226504860152098e-05
3.459211973482936148e-05
3.207460607489872836e-05
3.446102043565123257e-05
3.143069148861495277e-05
3.213448637120202179e-05
3.412692764801518442e-05
3.818815546079126804e-05
2.705273223775168936e-05
3.357319697435852120e-05
3.319690733397515005e-05
2.654709165030247155e-05
3.140702024172397283e-05
3.272946841465849927e-05
3.473170246487942043e-05
2.698868104326932894e-05
3.093553690733348772e-05
3.618353638012950999e-05
3.255140322989332364e-05
2.939699082482942450e-05
2.624446995391324953e-05
3.925427208543470900e-05
3.287515711713104543e-05
3.216239632059366077e-05
2.689375897352122940e-05
3.255834495226080913e-05
3.324529605562888954e-05
3.770267278920764521e-05
3.533504998532938573e-05
3.700759716071714238e-05
3.157719353857148031e-05
2.636200399211529246e-05
3.140307536164235248e-05
3.567677859438848106e-05
3.483370422068809437e-05
3.001401663101179154e-05
3.238677420625200957e-05
2.780580291440332491e-05
2.915187728535181515e-05
3.338303547786190877e-05
3.229793195603299517e-05
2.860180985126143985e-05
2.982928181467725821e-05
3.365661664039726352e-05
3.137440894570240333e-05
3.780298394644659939e-05
2.887106264824967105e-05
2.979439960043927548e-05
3.216537794150736246e-05
3.439124136147227498e-05
3.506395047202230826e-05
3.423492068095838333e-05
3.203262765189250356e-05
3.209202317565463646e-05
2.775152723511264011e-05
2.963935061413239816e-05
3.387351458782164636e-05
3.408281107942425517e-05
3.525880028444576130e-05
2.973584762745531160e-05
2.803344217179931170e-05
3.103759045605102446e-05
3.440553300738426868e-05
3.298093015762161340e-05
2.607805859717770823e-05
3.013417312745382995e-05
3.121480142138972376e-05
3.154426340689936193e-05
3.491643964433520841e-05
3.426482672919512845e-05
3.177285500771333162e-05
3.647058917693396730e-05
3.530188899024442153e-05
3.121673942399506976e-05
3.279906847547573947e-05
3.253607239694662740e-05
2.696416641621874482e-05
3.099227850121706021e-05
3.507426604243185555e-05
3.722908380574133032e-05
3.198177161114909789e-05
3.070652420938779190e-05
3.439619823718505692e-05
3.469148680651613573e-05
3.069376502848991764e-05
3.102336520631328141e-05
2.900038529424321662e-05
3.738830770798734742e-05
3.358603525441398497e-05
3.161854101770292193e-05
2.897588809130666060e-05
3.045237284088586662e-05
3.581010449594034748e-05
3.016742325767281794e-05
3.193573232028292446e-05
3.132683464799242834e-05
3.364741084181626084e-05
3.433294005577936317e-05
3.124392466759895795e-05
3.114812961518889634e-05
3.421833329300675615e-05
3.480943949618254841e-05
3.361617784943981733e-05
2.964791204505053896e-05
3.285034818186614343e-05
2.705489227553502918e-05
3.024826833584780687e-05
3.326079515247288779e-05
3.418614868901100832e-05
2.662286840952188130e-05
3.255984944915913597e-05
3.226828145797277651e-05
3.610355444014225846e-05
4.157782130342315070e-05
3.338202482650837557e-05
3.117956591829643766e-05
2.900381331246365486e-05
2.700324628176776139e-05
2.981335528791686148e-05
3.710315006064405976e-05
2.886556966981508647e-05
2.851030267846485188e-05
2.847965339353730695e-05
3.517158079031574896e-05
3.406567328184798477e-05
3.454522111469365494e-05
2.579628952071714545e-05
2.897381322566454511e-05
3.171958302391144247e-05
3.256748326931427768e-05
3.419873996787217360e-05
2.756554011548375884e-05
3.177732146582714723e-05
3.552759389466585453e-05
4.029985497079251547e-05
3.370921417511468760e-05
3.056287515376547895e-05
2.694756527117861812e-05
2.849492817079452456e-05
3.162399720014396422e-05
3.314573724028227258e-05
2.792138650648247166e-05
2.712494039890467896e-05
3.079017804704557384e-05
3.300338300807310828e-05
3.321412885831293341e-05
3.058086725766400083e-05
2.908142825651490110e-05
3.352389678425692494e-05
3.390753639560226433e-05
3.895378056315292964e-05
2.658289980789789038e-05
3.079515034797843733e-05
3.405937443487545320e-05
2.870741230265899221e-05
3.388667684023198725e-05
3.359548818577031153e-05
3.682244860487592412e-05
2.948922376501601252e-05
2.932687337436087641e-05
3.884955385350997742e-05
3.104319366433559301e-05
2.927373356309657411e-05
3.160756645136215227e-05
3.487493086497851509e-05
3.414723926394072200e-05
3.341531014240098943e-05
3.176351000227956462e-05
2.840041029325999505e-05
3.451374974940714369e-05
3.513894362592478223e-05
3.358987609004018783e-05
3.145270357544551344e-05
3.033716864097849882e-05
2.782248388638956761e-05
3.097788112328186602e-05
3.059869857325742137e-05
3.346600721745880946e-05
3.605464423516220341e-05
2.768823328915613383e-05
3.033594209388601983e-05
3.574425435248248492e-05
3.489762092427089757e-05
3.041403228529729311e-05
3.060810915600520061e-05
2.798635503658537620e-05
3.570776040229232278e-05
3.589052224084831439e-05
3.076065135059793921e-05
2.854338149011095258e-05
2.919432525530968030e-05
3.468744321033596711e-05
3.184453757966411517e-05
3.431577633830218291e-05
3.041080404474016632e-05
2.947402547918582800e-05
3.159834052589601927e-05
3.010226445394849679e-05
3.531031799410547971e-05
3.483491169498304299e-05
3.247992435164295604e-05
3.085416656782936012e-05
2.945531397496470863e-05
2.437869705211732671e-05
3.316893082934843303e-05
3.346421914917477639e-05
3.111369178510026509e-05
2.884156175108633211e-05
2.518396063432229849e-05
3.874459114021993852e-05
3.150586091302860108e-05
3.162353325057913573e-05
2.860529172921708895e-05
2.999842458790085188e-05
3.256307526929094222e-05
3.646440763340557490e-05
2.701983999197567519e-05
3.058870213345225619e-05
2.644969462228413421e-05
3.199122422621630851e-05
3.192141618742249857e-05
3.261582629787688781e-05
3.170229119763624440e-05
2.676552818699382902e-05
2.808977040745502937e-05
3.432451047471765063e-05
3.347249376837244924e-05
3.126163156491893120e-05
3.064272021275173049e-05
3.486443949203979698e-05
3.741100991160414184e-05
3.150082298863351370e-05
2.861137955604952786e-05
3.386916678348502331e-05
3.518464191631756643e-05
3.412487716913091031e-05
2.916999622662215321e-05
3.265116513143266006e-05
3.150456040008595712e-05
2.667254854181793039e-05
3.272083723574834582e-05
3.241944196421129085e-05
3.948943145139015260e-05
2.559263521978370659e-05
2.988387278073418129e-05
2.983171959678848742e-05
3.454173435475758614e-05
3.183500363619575120e-05
2.483593128278339140e-05
3.182322576354277877e-05
3.133450019361255789e-05
3.718898145575932543e-05
3.624911095389185810e-05
3.118481888404625677e-05
2.867820516514974708e-05
3.695865765115410970e-05
3.383038574840633450e-05
3.522363372077316881e-05
3.148999949096379188e-05
3.220874588306388422e-05
3.433363633519295792e-05
3.555381857902372767e-05
3.059790705741271280e-05
3.074874724948972038e-05
3.456584877898472409e-05
3.000457094179726742e-05
3.533318174742085331e-05
3.457335092475301091e-05
3.568052025387209123e-05
2.837766804883129712e-05
3.237887818604231902e-05
2.775541227810242250e-05
3.420756011076451120e-05
3.541647889991470015e-05
3.052327045807785486e-05
2.820203358824742321e-05
2.980883758062961600e-05
3.114157922699512898e-05
2.971255710195705750e-05
3.700993567536330455e-05
3.377828122599283166e-05
3.004944660969108636e-05
3.120385228742647153e-05
2.933698586884552571e-05
3.409406534592267235e-05
3.691239041282619462e-05
3.142855087504008740e-05
2.472289308697603075e-05
3.022383004134331455e-05
3.388535524848650300e-05
3.182335301177159197e-05
3.391277631150140719e-05
2.959819994451748590e-05
2.741917780219434720e-05
2.892877490319627874e-05
3.246009377038755012e-05
3.263716513096645631e-05
2.967513284381439220e-05
2.978574894892053784e-05
3.228569005102403236e-05
3.150829047546878934e-05
2.962955592092519653e-05
3.289724148258759545e-05
3.571126897630378570e-05
3.030737996120974248e-05
2.752503932260488996e-05
2.843111270449144335e-05
3.394173327245316623e-05
3.243510774218086952e-05
2.890033313406861412e-05
2.809221179902302010e-05
3.425135295624349784e-05
3.391129897957740442e-05
3.455211137787777686e-05
2.827565906534863476e-05
2.892334427120760173e-05
3.273683535271232933e-05
3.413445767684110296e-05
3.362820109315673139e-05
2.652103219992506106e-05
3.238856166246224902e-05
3.353722112619705235e-05
3.070963849634600508e-05
2.957578683330562707e-05
2.846780696806796367e-05
3.265288661924815124e-05
3.093988192700457333e-05
2.994985832816824593e-05
2.865403083382470764e-05
3.142171039996623878e-05
3.224175767318115862e-05
3.411366341744066273e-05
3.225381836567033241e-05
3.083297024772149291e-05
2.564168787460005796e-05
3.460041466299203396e-05
3.471339523847984782e-05
2.853837792522634126e-05
3.161063243759221583e-05
3.100331533359944325e-05
3.354432627913136734e-05
3.598711756827370592e-05
3.147171444311732818e-05
3.181924891223197329e-05
3.943385549401739641e-05
2.846444016119465669e-05
2.811554435156917909e-05
3.163791072674215088e-05
3.645682675044575736e-05
3.217091912835903322e-05
2.788514927172009803e-05
3.078597913672606162e-05
3.084632154506009136e-05
3.225484917533099770e-05
3.122821675675269007e-05
3.302017747822554207e-05
2.721950063421272342e-05
2.929220908965727378e-05
3.253476260047437704e-05
3.232154231659418368e-05
2.889383152460619250e-05
2.624565346251035014e-05
3.089017167840149304e-05
3.783634458490445554e-05
3.199210180153018581e-05
3.328073816393338643e-05
3.172806997846239495e-05
3.137292139638691961e-05
2.864032565183372608e-05
3.159982708996106110e-05
3.543866254229990800e-05
2.700452118316657818e-05
3.082626771400410847e-05
3.302046625294103330e-05
3.370178667400929484e-05
3.769883541021067840e-05
2.869223047827380101e-05
2.934368183707461770e-05
3.155121404889339330e-05
3.470332314144517789e-05
3.660052716261883690e-05
2.791839469881213969e-05
3.103740861277381270e-05
3.041218835554625088e-05
3.819799250231659988e-05
2.603164261294401644e-05
3.373883638728871327e-05
3.324075631196977807e-05
3.534491170823096375e-05
2.885266622603344170e-05
2.906553352499728035e-05
3.147235883340180750e-05
3.565936491822614880e-05
3.294619898292502571e-05
2.606901401303084862e-05
3.116791965996386636e-05
3.056715666105130604e-05
3.327696930581557582e-05
3.422954487944662998e-05
3.309534661391362430e-05
3.075357140511078357e-05
3.015807251833364520e-05
3.382535078216653359e-05
3.619606897305332642e-05
3.412968033651042648e-05
3.132812318708341358e-05
3.120307467294323631e-05
3.034204924260550562e-05
3.171878517906093979e-05
3.543899220968700625e-05
3.510547630097517928e-05
2.868586205387317785e-05
2.958456449032760967e-05
3.682283032967331862e-05
3.552098997259234509e-05
3.061950196779376698e-05
3.116436079565083081e-05
2.708915136016957719e-05
3.755049099232810522e-05
3.400640558138783693e-05
3.163257005954839886e-05
2.837092276416721586e-05
3.001181035569208260e-05
3.559097609018298762e-05
3.071344558215979457e-05
3.380306722971688506e-05
2.987467246806824216e-05
2.782097640494236022e-05
2.863062400109868196e-05
3.026003848440339967e-05
2.978623172122756951e-05
3.506238980373462352e-05
3.396848291457166399e-05
3.184301141367652235e-05
3.025563465930354961e-05
2.836849011696322267e-05
3.256740281196525611e-05
3.465470166619325767e-05
3.056385622604970215e-05
3.284825628925406877e-05
3.209686445785797009e-05
3.070344611917382973e-05
2.381016956953901741e-05
3.440098352976711250e-05
3.281565900067231318e-05
2.733950058874740890e-05
2.915458973139903515e-05
3.034409948675117314e-05
3.225926049673590084e-05
3.043994755331455389e-05
3.061932205380218458e-05
3.907297563191184910e-05
2.877473041717353808e-05
2.795553180774841811e-05
3.370256833104925184e-05
3.158934945879141140e-05
3.212722038430412792e-05
2.913935315714512921e-05
2.853784939772820026e-05
3.285978074156967324e-05
3.315657239081770560e-05
3.472589936093939687e-05
2.824228381061656389e-05
2.814241828724789950e-05
3.118429448639398833e-05
3.522186714913240057e-05
3.288834216171020050e-05
2.897493467663797779e-05
2.952579970833735847e-05
3.193550167313344653e-05
3.185980173969670063e-05
2.978186220390794187e-05
2.926454713502179110e-05
3.298663965871068935e-05
2.946003717867779913e-05
2.774309700643278886e-05
2.879501704999737783e-05
3.408194403820238204e-05
3.179707730585889922e-05
3.105009314609185537e-05
2.516529830310616515e-05
3.290865487350462390e-05
3.287398718839631100e-05
3.955362824495860474e-05
2.745586715238904928e-05
3.177002631823748843e-05
3.023792274799858433e-05
3.462329489313945230e-05
3.392254583741173953e-05
3.057909481960507540e-05
3.145060985795646507e-05
2.807010178389562997e-05
2.531118791905126320e-05
3.009750240545000952e-05
3.553752918654461639e-05
3.189230773479956256e-05
2.842216590738312450e-05
2.936922839143570711e-05
3.129761126057025198e-05
3.184172690574322830e-05
3.565922703379348352e-05
3.844787132503169768e-05
3.012248259079719582e-05
3.270791239531416455e-05
3.384208919946383380e-05
3.372002074583556672e-05
3.344176456274297127e-05
3.108046188630046123e-05
2.822742242431880051e-05
3.467018338222758057e-05
3.558679178897519306e-05
3.140802567678079856e-05
2.670709117919240093e-05
3.049164578513035410e-05
3.172902497600929171e-05
3.160154769312723775e-05
3.797194623193657478e-05
3.568432718812610606e-05
2.991299181758483560e-05
2.927598023671512496e-05
2.919574131489672031e-05
3.398518440145693442e-05
3.848062503697828097e-05
3.323584559146210160e-05
3.196215459598211701e-05
3.434178140237232062e-05
3.301887889155441156e-05
3.404121761119388405e-05
2.976781086824365228e-05
2.659038722848101161e-05
2.793283915995979156e-05
3.415288200885516060e-05
3.250505393731740946e-05
2.955292189026678657e-05
3.359212958671492055e-05
2.989778125577727358e-05
3.122757313554664233e-05
3.324184133531618264e-05
3.433120438980885694e-05
3.008196187661331064e-05
2.730182096631756969e-05
2.806742085373507481e-05
3.362049885479053129e-05
3.289833649302649254e-05
3.294149736460803732e-05
2.674383878359539411e-05
3.004059673402315387e-05
3.305222407982805845e-05
3.179082293972360085e-05
3.553577327746798218e-05
2.899603424300477525e-05
2.769312941810473289e-05
3.113355761120784667e-05
3.775906738582596601e-05
3.315624653430757535e-05
2.948202175605390825e-05
3.263144670832895738e-05
3.306403788259483452e-05
3.062912638197790911e-05
2.886312566640178540e-05
2.748423405801795190e-05
3.465164655118600036e-05
3.315502701758022037e-05
2.909896482583489261e-05
2.774043690628569175e-05
3.398884042505017754e-05
3.415222662247599435e-05
3.078146197622898191e-05
2.795268272797807378e-05
3.506748831631537034e-05
3.458723541798357535e-05
2.895178392514488876e-05
3.210946973966701158e-05
3.111773754764834206e-05
3.490169258429086531e-05
3.767609639849783668e-05
3.329467051988586792e-05
3.339509680425649987e-05
3.912660282548065255e-05
2.812459447744279094e-05
3.125494274739080291e-05
3.639809367703519035e-05
3.266298695490183808e-05
2.886089226202885437e-05
3.057728055068107743e-05
3.082376010083167462e-05
3.351028631437782848e-05
3.317170800985274292e-05
3.006910196918438093e-05
2.960985543658244755e-05
3.584776530307298638e-05
3.799773231070294514e-05
3.247750924135498418e-05
3.053124080685686617e-05
3.066315117076663373e-05
2.984049739992884065e-05
3.206648929639865317e-05
3.257835661413473926e-05
3.497733309820784419e-05
3.604544714723576030e-05
2.729170196404036522e-05
3.060004854867766323e-05
3.194077374127697084e-05
3.894080112333272797e-05
3.530750528179935803e-05
3.148903859539847977e-05
3.101731796403897352e-05
2.642820946428204852e-05
3.289369722348902477e-05
2.885081776239780969e-05
2.698845955522427480e-05
3.371380428071106224e-05
3.596027594976955330e-05
3.211605873604259570e-05
2.873486178607161497e-05
2.811751788184277883e-05
3.496612996688047568e-05
3.202727645515165511e-05
3.283171451998195692e-05
2.825303742038247197e-05
3.870620472659689996e-05
3.093603010251367896e-05
3.129282073178054973e-05
2.958850007682217463e-05
3.416199227885472590e-05
3.652907351033786074e-05
3.423837930214096529e-05
2.850799588685656562e-05
3.122590640899439027e-05
3.280080222477316731e-05
3.260691544210638247e-05
3.098074649868465632e-05
2.743847400931268392e-05
2.788339229764763804e-05
3.277004407931386805e-05
2.801463810697184346e-05
2.692551660118838895e-05
3.151056906564463805e-05
3.326901725069836339e-05
3.308162264717751425e-05
3.306525886319176951e-05
3.503580743833998391e-05
3.182261518566774865e-05
2.759175979253154418e-05
2.934770120437146880e-05
3.473950659388949863e-05
3.155932077416029986e-05
3.177298675452090043e-05
2.899004554146712446e-05
2.358327444974314178e-05
3.535118630210852027e-05
3.766281391664566243e-05
2.713095341523572338e-05
2.960960836110728642e-05
3.268721736050937308e-05
3.476227463666111339e-05
3.345301446717332899e-05
2.823163288667642368e-05
3.098306621506268025e-05
3.026998900842193656e-05
3.330038427007132569e-05
3.526569433831775992e-05
3.398373331670255087e-05
3.195901877114296194e-05
3.203308821607030247e-05
2.955650734506577604e-05
2.990364054532173476e-05
3.095907130873299295e-05
3.384026411768454532e-05
3.272461070672989732e-05
3.555132681402521584e-05
3.058792347227983030e-05
3.031001947264950214e-05
3.272159494989706764e-05
3.626446096144374953e-05
2.736028090410317940e-05
3.150599312559194720e-05
3.152604255775018013e-05
3.374470125140866059e-05
3.529435977382100963e-05
3.037710875037677026e-05
3.015664900876066453e-05
2.504045258847992523e-05
4.014505102636113122e-05
3.273126475887729297e-05
3.013395985683083248e-05
3.612750534910742404e-05
3.167530261632013605e-05
2.911741422256933004e-05
3.158913678310404084e-05
2.875084339254500211e-05
3.229610328852672903e-05
3.568881696336345612e-05
3.711426715942187462e-05
2.988017892258141041e-05
3.093016377826126776e-05
3.405951863751988036e-05
3.792733892100706115e-05
2.781518564473406936e-05
3.031961943012260099e-05
3.469232014720328219e-05
3.226807844441905473e-05
2.790216071876252561e-05
3.100638524774136271e-05
3.010261009203983614e-05
3.254970471102141985e-05
2.676079352231332985e-05
2.871995765210761173e-05
3.320603726348823442e-05
3.225437298683046745e-05
2.789798633911583521e-05
2.824588812951323217e-05
3.219249727094065819e-05
3.136268967170169472e-05
3.364130893286408446e-05
4.095885462223061919e-05
3.045340903570332994e-05
2.879747362389767167e-05
3.282615106997947705e-05
3.431332252651358186e-05
2.690302283150646057e-05
3.132893893276834972e-05
3.189036867481771982e-05
3.750212322936814416e-05
3.598512511389458150e-05
3.203223898225710740e-05
3.233524306827379575e-05
2.610973337384663644e-05
3.049471359758586781e-05
2.754755187422429011e-05
3.058650216103730231e-05
3.723211073933673263e-05
3.284940677157086400e-05
2.941992462148574757e-05
3.164463518040773238e-05
3.984502632133219422e-05
3.692051265206311298e-05
2.984261154119916348e-05
3.824005331559082683e-05
3.632136747792381621e-05
3.324639366900366562e-05
3.022613780170612348e-05
2.887236913308243203e-05
3.219647365999248908e-05
3.785931195188764568e-05
3.037888560962179969e-05
2.500302730603986296e-05
2.970681522211954628e-05
2.844230807835805127e-05
3.031889471648650379e-05
2.957227743582623592e-05
3.547958233084289942e-05
3.467646401727975060e-05
3.189881326198784199e-05
3.307445572582827211e-05
2.888926015481057389e-05
4.002529468367611924e-05
3.443699303009670350e-05
3.066139139499099886e-05
2.955392661903217895e-05
3.036051263659322354e-05
3.612133978907179990e-05
3.388837971593180488e-05
3.114882143282012066e-05
3.157428743417840057e-05
2.834217538444564854e-05
2.877212144854776019e-05
3.123919941883531684e-05
3.327294065003718075e-05
2.750827272168745888e-05
3.274383456727660236e-05
3.091248013440650149e-05
3.024757425506017087e-05
2.981001854727221572e-05
3.115980649688354268e-05
3.888600029316740012e-05
3.197108604820851895e-05
2.844777458126790105e-05
2.843262902816484378e-05
3.759894237444643707e-05
3.251302714516462756e-05
3.112876864364483081e-05
3.251023078199347625e-05
2.831430585301429544e-05
2.924863822421588282e-05
3.138986177000224206e-05
3.336227270633176987e-05
3.333027667947191660e-05
3.709290022397255209e-05
2.998717853480264341e-05
3.187670618320318644e-05
2.808403005288130657e-05
2.892674181856951725e-05
3.531295418066111592e-05
3.306728367690793275e-05
3.356505214443036297e-05
2.761258530900861992e-05
3.543050702642696530e-05
3.461584611288732061e-05
2.970823742659828355e-05
2.764670499041784266e-05
3.035639489422816602e-05
3.661904589014588004e-05
3.170198578367263445e-05
2.886414494085646666e-05
3.221407410845405383e-05
3.105409864275286539e-05
3.527447796812981172e-05
3.851082124441158200e-05
2.992192422420841962e-05
3.081655396183779100e-05
2.652175386421956645e-05
2.588369642708333946e-05
3.054705873787387613e-05
3.139706174224784775e-05
3.187395942370484827e-05
3.884740261511459674e-05
3.106584744314114130e-05
2.582088736116161789e-05
3.382244831689990927e-05
3.687663081437841836e-05
3.448813706996567419e-05
2.895897814617075949e-05
3.172274305214651749e-05
3.164757067533973778e-05
3.418463285859516264e-05
3.649317405660600609e-05
3.046179596928927485e-05
2.766510213154047885e-05
3.634726383342631390e-05
3.445776988006758713e-05
3.345565488278845061e-05
3.000086769009667747e-05
3.074710688580358886e-05
2.899576626232858872e-05
3.044030234502545005e-05
3.064532326165127506e-05
3.339362224512581068e-05
3.585103398303295341e-05
3.407098068209309951e-05
2.816856419234525961e-05
3.088091630558970221e-05
3.461440326246130380e-05
3.548020245825430957e-05
3.346116964179392250e-05
3.106734409084574070e-05
3.117083340056666486e-05
3.134193945550591183e-05
3.688658080813313412e-05
3.093976669568776852e-05
2.998522173748601315e-05
2.697070184851196355e-05
3.236610541468817653e-05
3.318686699017193981e-05
2.832825876812226988e-05
3.551528120691983890e-05
3.020964162167838666e-05
3.061228034082958852e-05
2.593711667040509683e-05
3.906857405689832981e-05
3.459792987872507348e-05
3.317256793247801031e-05
2.768759837183785191e-05
3.086875952727711467e-05
3.415947762788056774e-05
3.292084585026824184e-05
3.398333461234900144e-05
2.975856841835988523e-05
2.911806460429691625e-05
3.253647201470225513e-05
3.347794543453287897e-05
2.813485942533484172e-05
2.918642856726626794e-05
3.041261034733674763e-05
3.243104530002250356e-05
3.155953884594622999e-05
3.387559486020728602e-05
3.219078194145859952e-05
3.476465664567540329e-05
2.964846187611615126e-05
2.975020542253108518e-05
2.694200262126703456e-05
3.676504761773076728e-05
3.255219914356131749e-05
3.352033698578754553e-05
3.035929679437382193e-05
3.213906737101368701e-05
3.227600868715815765e-05
3.630805166158955569e-05
2.825970850512638882e-05
2.991480383378597045e-05
3.177378218941125934e-05
3.299471060210527131e-05
3.466237026532709403e-05
3.090533978633866968e-05
3.112080300193691037e-05
3.190333464973139069e-05
3.409305441951154743e-05
3.379868167068837887e-05
3.330876577704607706e-05
3.166946254172255907e-05
2.995022894933857926e-05
2.875542385717832038e-05
2.921060695462719987e-05
3.147636889893900582e-05
3.333719327623790580e-05
3.683759976115389464e-05
3.028963163896332577e-05
2.876338585595941284e-05
3.263700132938617872e-05
3.491121058058078958e-05
2.842206528105851293e-05
2.989327188707037989e-05
2.974678527126218972e-05
3.654670798961283715e-05
2.989133756269272567e-05
2.990233123608086730e-05
3.393326600571001462e-05
3.952458831333983345e-05
2.887479216784786404e-05
3.443790977375989698e-05
2.710720242176109854e-05
3.054093681640725411e-05
3.061064909180922556e-05
3.342478820693104964e-05
3.456133492482400956e-05
3.300433541835109139e-05
3.204993967601856009e-05
3.091745121609310341e-05
3.601412261774032697e-05
3.678065088406747230e-05
3.222188603913436446e-05
3.162655158602942007e-05
2.903714877103438126e-05
2.629603815322870155e-05
3.246669320296218544e-05
4.055982840227772635e-05
3.086065507036324823e-05
2.625937457879816550e-05
2.897418760094281400e-05
3.142714047891086182e-05
3.327489977667300974e-05
3.676384109079503448e-05
2.878513471980387848e-05
2.729821783228216203e-05
3.620976131758834942e-05
3.278551851520332020e-05
2.793270527535988228e-05
3.214003820162747666e-05
3.086405921043437446e-05
2.816445417526210987e-05
2.822058980927778048e-05
3.987806266196419308e-05
3.108648690414252043e-05
2.709720153703966942e-05
2.814105662158555038e-05
3.263705490890474040e-05
3.255922267189025586e-05
3.859579635946489560e-05
3.498314564334369906e-05
3.634708296338561495e-05
3.266376617239121936e-05
2.624733886421767284e-05
3.212793057588037043e-05
3.396096255931757807e-05
3.440514954566360620e-05
3.290398766785173972e-05
3.114458687883016596e-05
2.582120262187953983e-05
2.745222395401443577e-05
3.313262058726426288e-05
3.313669704868987549e-05
2.943296291091205248e-05
2.960632354737591720e-05
3.025431993908095070e-05
3.395463978055640071e-05
3.150286606554315860e-05
3.082541161574654348e-05
2.912775009366231046e-05
3.353882869547032800e-05
3.364471986777914082e-05
3.749659979990908919e-05
3.496213658312744590e-05
3.350078502605759488e-05
3.348386261576819466e-05
2.874017089849739958e-05
2.780680964141014354e-05
3.365137998012214895e-05
3.317484257145769758e-05
3.398177156844979551e-05
2.981836738576394959e-05
3.054149052803453702e-05
3.528806576740991499e-05
3.229314788076639972e-05
2.838084876699282542e-05
2.913324184004306841e-05
3.313129214590642996e-05
3.027737054891756400e-05
3.552280185573188163e-05
2.943979267994440276e-05
3.923924937409578340e-05
3.593158940724146391e-05
3.114759853474121791e-05
3.225462850772027411e-05
2.492587692783143941e-05
3.243602587100912372e-05
3.308603154363227734e-05
3.692744351325405699e-05
2.687686383735019742e-05
2.976333689920966378e-05
2.938666364778410280e-05
3.419976357170517527e-05
3.746464140081194442e-05
3.009391893215728093e-05
3.024257184536022466e-05
2.823346755709995234e-05
4.052100735549838588e-05
3.446096955649275480e-05
3.146606825945632831e-05
3.041662843881437592e-05
3.048820030458173884e-05
3.708714876234033600e-05
3.157713007687829086e-05
3.091376829784023132e-05
3.362848154209439774e-05
3.667950809537551206e-05
3.691561141957029569e-05
3.060022021389678518e-05
3.243468728891978813e-05
3.480808110515032214e-05
3.444456005800168163e-05
3.327092859308144823e-05
3.073010663411675084e-05
3.109289488362257370e-05
3.212853299739094139e-05
3.102581686730560419e-05
3.003014416295787627e-05
3.979807927170524900e-05
3.257243767169462124e-05
3.357450953309484897e-05
2.970879231606305030e-05
3.172851461880777112e-05
3.315109624996722646e-05
3.431376483608783640e-05
3.389241742044921905e-05
3.351480261171093674e-05
3.053776316201203556e-05
2.993143889827438501e-05
3.364275715464786523e-05
3.402922771789665879e-05
3.158570488587300178e-05
2.720356157628463722e-05
2.816545901801265821e-05
3.561400162274841886e-05
3.160392208050680647e-05
3.151222154437079273e-05
2.956949644186506848e-05
2.805570634779026734e-05
3.321780624333027396e-05
3.210986886858975428e-05
3.969147990449404991e-05
2.896186174482980069e-05
3.215249413717119665e-05
3.665667319642551444e-05
3.385044153744280060e-05
3.309063992248271666e-05
3.357412736227555260e-05
3.441009771201810745e-05
3.155103478414576161e-05
3.079557339536109832e-05
3.031213842446867890e-05
3.278032708351816932e-05
3.287297839139784655e-05
2.803773246427501985e-05
2.883659644740842372e-05
3.110099265556786886e-05
3.285217213670119085e-05
3.481056545554097264e-05
3.602424227139906803e-05
3.090936351752779105e-05
3.075872355006677758e-05
3.240826480054259618e-05
4.052240828498762193e-05
3.369477143221152638e-05
2.990182881325344831e-05
3.073348049115295406e-05
3.187593284751103135e-05
3.634153669182226687e-05
2.853367637920267301e-05
3.522667506229281310e-05
3.420397045314928881e-05
3.355692607386983987e-05
3.070465758588752610e-05
2.629600994173678213e-05
3.129844555229659972e-05
3.505167879942611944e-05
3.250689421401140782e-05
2.878386054780579680e-05
2.994307274353599186e-05
3.186308190798068588e-05
3.109993312346748695e-05
3.520894661699389643e-05
4.071222284629727521e-05
3.125642702927112929e-05
3.054378847148112817e-05
3.903620854474729775e-05
3.764793834329162482e-05
3.159907495028545980e-05
3.164468654016063589e-05
2.942413675408868962e-05
3.076592547139812606e-05
2.613896264725997355e-05
3.306014966094901041e-05
3.705536381451802542e-05
3.419296744159153921e-05
2.908390287355949836e-05
3.097577143242347548e-05
3.076098511986086567e-05
3.452080824994945327e-05
3.707040227463896312e-05
2.960785404316259575e-05
2.950671614253448988e-05
3.285868188298670306e-05
2.963099944798870084e-05
3.136506166302817415e-05
2.974020580723039537e-05
3.279067757635536432e-05
3.776955889365691036e-05
3.005431021446172059e-05
3.089052975845535545e-05
2.493288763902898157e-05
3.561821641109285270e-05
3.228194690427976983e-05
3.382801475063135536e-05
3.675368835394447449e-05
3.799502000735806610e-05
3.117908467312778336e-05
3.164751445091215149e-05
2.548041810595481953e-05
3.354061011367156001e-05
4.017445938044892842e-05
3.326951169619886363e-05
2.852788285623393327e-05
3.094320503892608262e-05
3.507752670931680325e-05
3.078795681896856744e-05
3.426390065770378615e-05
2.978296483758226945e-05
2.885269373186305980e-05
3.240945518580126336e-05
3.082804940314950982e-05
2.931522617389122022e-05
2.961423309945113996e-05
3.431550890599847730e-05
3.263245030527797859e-05
2.490114917194433933e-05
3.316425383929460504e-05
3.439223940011011319e-05
3.070215537382378396e-05
2.951250275851351285e-05
2.671371749618337043e-05
3.375569989579814851e-05
3.173672444379296810e-05
3.207547741748111844e-05
2.664553349050466163e-05
2.907530870834466950e-05
3.224915131404348467e-05
3.379842487441548667e-05
3.742914296712208558e-05
2.913165963576146177e-05
2.655457443634909431e-05
3.056121610316092716e-05
3.273472242729376320e-05
3.383563244136195277e-05
2.367135245366758421e-05
3.084062012093601556e-05
3.075104236047589650e-05
2.679038590989434122e-05
2.758411089340717076e-05
3.195841501048407563e-05
3.406076285652589650e-05
2.602835027493619454e-05
2.743531000855669506e-05
3.369633113828374892e-05
3.209827822118663216e-05
3.448023202408852928e-05
3.239062081077634153e-05
2.875966881800011803e-05
3.795847623138899808e-05
3.543833956752015453e-05
2.877416081922109508e-05
2.938579810882219228e-05
2.958841027484199830e-05
3.414976450205080478e-05
3.675278100875451875e-05
2.989984355190034829e-05
2.971236351829640681e-05
2.870523642930084403e-05
2.586977103034681023e-05
2.873577751650287031e-05
3.355583107443092599e-05
3.395399788827275101e-05
3.310896453580861992e-05
2.657832619371590691e-05
3.014969884138839920e-05
3.199161288292814352e-05
3.209874974969383071e-05
3.402440794778502082e-05
3.438704174644338028e-05
3.142180144987711540e-05
3.004181293594079875e-05
3.493648210165610767e-05
3.602851520150864018e-05
3.179507429762039333e-05
3.173796288794257465e-05
3.005579735891087829e-05
3.250712833312858064e-05
3.818870864505167736e-05
3.073869929545619312e-05
2.812055521009561616e-05
2.886292077986542576e-05
2.761487667914573824e-05
3.104455436007947083e-05
3.111508418695612196e-05
3.377017661411970854e-05
4.269824429923920763e-05
2.992922723848336487e-05
3.021721590921395812e-05
2.625614375457063611e-05
3.667525343717543805e-05
3.441840416217794923e-05
3.208619411708119837e-05
2.949253193414078632e-05
3.060583347409893788e-05
3.232474880249610092e-05
3.259641425139511321e-05
3.021101556653861048e-05
2.932963581826598069e-05
2.851343141546147685e-05
3.320155816978909852e-05
3.368431749688283395e-05
2.686693235911504356e-05
2.514775249284910061e-05
3.550858887089182708e-05
2.859526714279876400e-05
3.251588500595072203e-05
2.885320178018018026e-05
3.314442409615497653e-05
3.655877453624404509e-05
3.068736709056306530e-05
2.909367168036447275e-05
3.917581941281984056e-05
3.195735292045561512e-05
3.076688182332866907e-05
2.823149525530409083e-05
3.142660013268843111e-05
3.104858117892646138e-05
3.843792458701384177e-05
2.887529505757818011e-05
2.505969597843107411e-05
3.017143624754125783e-05
3.190346912542589336e-05
2.772879134386178657e-05
3.496677103126279282e-05
3.207207353638314655e-05
2.611525706834591913e-05
2.770925272047954134e-05
2.660190843254936724e-05
2.742944519622220084e-05
3.129784632318932712e-05
3.250855445130386033e-05
3.207370964982034868e-05
3.986643327897753004e-05
2.970174365590523959e-05
2.923454193700756335e-05
3.327328169920920462e-05
3.525204321420960258e-05
3.635453109688983263e-05
2.871333112014477936e-05
3.060223079703961114e-05
3.038601332957181127e-05
3.524381573813120596e-05
3.504512424121571161e-05
3.375520460996486038e-05
3.431468248231385796e-05
2.833281926324179330e-05
2.859328350593546243e-05
3.024107978264108256e-05
3.461095930833280569e-05
3.339951196579618326e-05
2.728271464868107070e-05
2.951249640851314317e-05
3.199724990967474023e-05
3.068789898208800973e-05
3.116900204113779972e-05
3.215710380707084660e-05
3.692180119280178736e-05
3.775776413078772931e-05
3.064311571219423903e-05
2.526560409318558947e-05
3.770054243090537667e-05
3.409739149906250048e-05
3.175287355692178265e-05
2.891027965925632319e-05
2.928952471337807725e-05
2.842841463676645952e-05
3.116780669302245528e-05
2.920459582656426516e-05
3.246449693848248299e-05
3.401462498365732560e-05
3.482487130173361360e-05
3.080812384405066988e-05
3.143029107044835192e-05
3.427742985595962164e-05
3.373936179339458337e-05
3.229043595349080002e-05
3.090547272972251703e-05
2.946037189167081518e-05
3.213425220565211554e-05
3.832321540727086991e-05
3.117221566833953652e-05
2.934241501521202039e-05
2.808785314453848543e-05
3.240369600410770848e-05
2.956818254437005713e-05
3.466648261159369022e-05
3.282787046335396711e-05
3.286235585683549952e-05
2.840735573188360417e-05
3.621640525817350245e-05
3.608571009323599272e-05
2.852480752373436689e-05
3.147582277986220583e-05
3.453835435789825628e-05
3.163373202916825979e-05
3.447743433779509539e-05
3.221972144471319866e-05
2.855446310938306796e-05
2.661470792748359818e-05
3.293477179999971068e-05
3.222534911281370800e-05
2.596979388966081626e-05
2.826497189220285476e-05
3.181251543551332834e-05
3.196256788046970257e-05
3.473880300165533452e-05
3.432897392887132815e-05
3.185376667799387881e-05
3.939697179424704295e-05
3.061428528975769427e-05
2.748130328716628904e-05
2.829564896372831580e-05
3.599489574867992958e-05
3.188186700925224273e-05
3.280534361895738653e-05
3.130944335478864693e-05
2.834947995589638239e-05
3.315999067104390244e-05
3.347744498155609012e-05
3.412313513462983004e-05
2.922020611201949565e-05
2.571239223128876620e-05
3.098429300876484111e-05
3.701071835551423980e-05
3.241480394338810338e-05
2.757603188125206837e-05
3.082207195070586151e-05
3.029754281303567809e-05
3.220815695510354388e-05
3.456646676703189374e-05
3.640126370943040402e-05
3.425067859707037394e-05
2.695825205454724239e-05
2.590340020169264957e-05
3.156976950578472386e-05
3.351605133734160668e-05
3.268250925781851512e-05
3.562692076927847780e-05
3.136760638468794537e-05
2.886023804805184286e-05
3.351001631200521610e-05
3.423207439574639272e-05
3.120393434537302983e-05
3.162151144167573395e-05
2.641343215187120946e-05
2.815213835771412788e-05
3.256235518905823702e-05
3.312112075349593079e-05
2.687797900753583025e-05
3.037209829210025172e-05
3.271854987013493327e-05
3.115295290245730141e-05
2.892096664278458255e-05
3.196350560115599989e-05
3.877745967382690054e-05
2.986654082933762143e-05
2.691288023671659766e-05
2.922076155137357943e-05
3.666427983698503909e-05
3.310445840695334712e-05
3.285282017825557618e-05
2.765370549276319876e-05
2.952938669160210726e-05
3.442596684709836434e-05
3.413174167058190598e-05
3.548219665735603904e-05
2.926212258006531208e-05
2.902084822419981894e-05
2.987507708222357026e-05
3.535218980849992771e-05
3.297674588365454072e-05
2.727260020864568252e-05
3.003377493147618851e-05
3.181313066280672775e-05
3.186176452279446976e-05
2.853646412774216886e-05
2.805877806769201653e-05
3.360762102248583536e-05
3.267257621970949490e-05
2.733172571200215281e-05
2.507108038570242227e-05
3.109757114680351445e-05
3.160238253786411050e-05
3.253907666525317416e-05
3.381033517122896347e-05
3.286025704916036602e-05
2.620774394945322774e-05
3.167452263089455728e-05
3.480483175806928757e-05
3.813825802476661201e-05
2.837660068842373615e-05
3.111903155489903190e-05
3.835119046240067201e-05
3.479276953063252970e-05
3.067184357290605258e-05
3.182017945203288126e-05
2.792822583188800468e-05
2.846674937647781730e-05
2.726383785839216320e-05
2.877134787902414030e-05
3.695380360584143363e-05
3.238785108538765127e-05
3.036668652243873783e-05
3.118115137358072180e-05
3.240119242122471639e-05
3.547260826699879664e-05
3.761571476450504794e-05
2.974769938688547714e-05
3.527553756655067788e-05
3.358718919916076214e-05
2.968201466446822244e-05
3.131087906078242148e-05
2.905635873313673005e-05
3.166343761899081407e-05
3.551449256476398638e-05
3.112300205625944603e-05
2.796737485515077360e-05
2.628041708446988614e-05
2.983475315966537087e-05
3.030642540977439078e-05
3.895207236602007982e-05
3.374172619289173019e-05
3.248997362831495422e-05
3.007907992545393136e-05
3.460050321215505146e-05
3.331835371035572524e-05
3.082891775629680476e-05
3.729120569380686229e-05
2.977192539660856833e-05
2.803244761199742992e-05
2.821537100126413053e-05
3.513695895067742771e-05
3.286951360331999596e-05
3.284284706791169861e-05
2.989610897559391578e-05
2.772357648747058602e-05
3.268057893193125602e-05
3.339856878894937204e-05
2.789418119422440006e-05
3.616138633957205684e-05
3.323969329205668960e-05
3.091630450020995210e-05
3.488848413776408740e-05
3.306601147139363026e-05
2.935139340641451156e-05
2.900023625652520107e-05
3.025925449547004983e-05
3.055187021227586807e-05
3.403546469746115673e-05
2.798693746008324091e-05
2.776598720122678063e-05
3.209965550639017436e-05
3.292110579478162532e-05
3.266267459874477852e-05
3.493576980259428561e-05
3.113068182264040886e-05
2.523771626527480949e-05
3.369118198365467410e-05
2.797846409299537261e-05
3.679501972289256546e-05
3.211443412940091676e-05
3.198259572519497666e-05
3.051587763840008999e-05
2.916093115500704839e-05
3.453622037446042275e-05
3.312123846939053247e-05
3.728751302273946065e-05
2.744193880197774986e-05
2.960735116599929416e-05
3.062727530592302739e-05
3.892368068274885392e-05
3.200773874619006226e-05
2.913409902377168156e-05
3.042551427411800886e-05
3.143368914997286199e-05
3.286386961835012217e-05
3.704344006802157835e-05
3.652948460153252895e-05
2.960390537051500981e-05
3.107563142150299759e-05
2.619828068811458894e-05
2.892952792964702025e-05
3.269491479299843460e-05
3.187663607806675518e-05
3.253654551016815322e-05
3.468540788170465950e-05
3.023404634964835122e-05
2.845460299270951472e-05
3.210862439026761000e-05
3.688061563224463127e-05
3.411984170373993328e-05
3.008788570750569507e-05
2.968822339178216169e-05
3.051463569984868724e-05
3.541540959823923605e-05
3.542195248277410854e-05
3.160225636870911219e-05
2.859507693240439280e-05
3.565294653024870121e-05
3.573671668977769934e-05
3.455194271488840632e-05
2.757210600047762112e-05
3.333511702469220834e-05
2.841279865461270433e-05
3.049801206333817736e-05
3.216429479990541297e-05
3.333260487195828520e-05
3.667835647000521694e-05
3.762064557148808123e-05
3.040839160100433725e-05
3.019731248490549737e-05
3.784937608363283298e-05
3.609431317062478534e-05
3.326511262682891159e-05
3.204757432136620785e-05
2.902783144027630622e-05
2.489091100219394670e-05
3.414192064635949915e-05
3.427419589946372180e-05
3.157284511545412802e-05
2.785467719971634876e-05
2.723032130158830680e-05
3.345312423064124963e-05
2.620266857368826096e-05
4.063292561208065485e-05
2.914077116418891858e-05
2.921831232260768416e-05
2.909200075300243942e-05
3.398120079092509097e-05
3.652803322033871126e-05
3.321446610525931277e-05
2.942593536043560038e-05
3.110502130728623851e-05
3.209541125799933187e-05
3.201849237403555656e-05
3.047291999947652580e-05
2.805006962578178472e-05
3.289935425999292065e-05
3.491238769801133641e-05
2.715225851606146656e-05
2.598106592053734011e-05
3.199541009805997703e-05
3.139149270586907630e-05
3.338795227888057145e-05
3.692864843516244694e-05
3.234094805204851980e-05
3.549881441679506185e-05
2.924160027938303461e-05
3.452495873135509157e-05
3.083241913048096513e-05
3.066480497138217726e-05
2.829816641718730440e-05
3.387547535242816570e-05
2.998821858400630441e-05
3.053910279462907797e-05
3.534387351527566631e-05
3.289297816007916918e-05
2.856762330294752061e-05
3.191500368188651687e-05
3.049156108618038591e-05
3.530709280915413285e-05
3.666165322991759299e-05
3.541482148996451690e-05
3.417447866123207847e-05
3.209219934100114097e-05
2.973435261553293029e-05
3.013804019115547619e-05
3.234233204985556429e-05
3.193954804110833110e-05
3.652899882229582092e-05
2.866075520983986169e-05
3.238017047300803617e-05
3.596640488479393289e-05
2.691614241160172490e-05
2.958207979096044878e-05
2.976448636314590565e-05
3.348022913842176957e-05
3.485068433581023481e-05
3.073173021537292410e-05
3.202994187217753558e-05
2.710637870916646140e-05
3.650420133721744809e-05
3.462297075996582918e-05
3.018588269729594942e-05
3.454667352614387176e-05
3.280968013894878621e-05
2.896048438903317741e-05
3.197973173541547836e-05
2.935444897189724462e-05
3.626959230962540671e-05
3.759675202598593502e-05
3.063981656830275761e-05
3.103036548042141198e-05
2.826526053229286398e-05
3.481175988676603512e-05
3.168336718947637647e-05
2.856392538401240647e-05
3.067408362245336765e-05
3.575859001901773225e-05
3.531336640955738427e-05
3.221019274207476048e-05
3.521929955440720171e-05
3.150170532832421809e-05
3.236541492462121110e-05
3.635580454518024690e-05
3.868672385819015979e-05
3.251469030518190672e-05
3.076872532625112201e-05
3.093621335081415778e-05
2.979343134264458322e-05
3.188684933023131391e-05
3.878282000646096281e-05
3.106416457350006364e-05
2.632410237639425511e-05
2.880618097435277760e-05
3.341190900883455602e-05
3.256950685669064433e-05
3.246469993995429622e-05
2.973917950662243094e-05
2.756741121544599104e-05
3.394456021360892669e-05
3.372867386043040025e-05
3.469123251206017341e-05
3.669082077722631171e-05
3.154233584654364032e-05
2.896592065847778685e-05
3.007906907094519937e-05
3.936091586494187215e-05
3.159936068140703003e-05
3.328185210273810948e-05
2.952935571379592753e-05
2.783339752207261475e-05
2.809776718586375890e-05
3.304714306174053143e-05
3.098239248964767802e-05
2.877147012888743198e-05
2.813250564079248204e-05
3.131455774804211325e-05
3.213354316088064467e-05
3.303729272942861034e-05
3.626070301519133076e-05
3.057161818080090349e-05
3.038032433107880939e-05
3.105766021369308678e-05
3.483803290036532142e-05
