4.183535599500342949e-05
4.268694857434371810e-05
3.263981075450829883e-05
4.947648942406128822e-05
3.797527225057404222e-05
3.804333481270649845e-05
3.575651908101745550e-05
4.632265265970309139e-05
4.652210418479565067e-05
4.038724763224772003e-05
3.694329999626289317e-05
3.770535960722211193e-05
4.953745652622745598e-05
4.175373780008642492e-05
4.191573351206586659e-05
3.887630882777571521e-05
3.256893060527056853e-05
3.428695012430916155e-05
4.338354019973520554e-05
4.056614282698877246e-05
3.578167603109742991e-05
3.365379917040275796e-05
4.100075172093726133e-05
4.028273813759430575e-05
4.433847656815840496e-05
4.780758195478379926e-05
4.231244852409190839e-05
4.811789462113025544e-05
3.877993089119738732e-05
3.341534164643759219e-05
3.652458267353267130e-05
4.415536308818657159e-05
4.052338595480633419e-05
4.024634596641494074e-05
3.920646426300762610e-05
3.384005326295297546e-05
4.142268813411374825e-05
4.016837361110003028e-05
5.194324146820875066e-05
3.114567329338617356e-05
3.845098404946626795e-05
3.832537981230071353e-05
4.552817798696848830e-05
4.138323768804866624e-05
3.536517775721204402e-05
3.917562567652794564e-05
4.257209172823068165e-05
4.177019831950852877e-05
4.139669435214464384e-05
4.067146831678300825e-05
3.485580642584257754e-05
3.735566368630476356e-05
4.033767705811668774e-05
4.334481197650480184e-05
4.565247294306885211e-05
3.804808339264841038e-05
3.726612835313753141e-05
4.110991697464728479e-05
4.812615492814337990e-05
3.437856024620178846e-05
3.971747029923501394e-05
4.063149014523278904e-05
4.465333817154615282e-05
4.063854713147266871e-05
4.109081401861744670e-05
3.578275929590207663e-05
4.714988028001040947e-05
4.336304532740963648e-05
3.934853943779577313e-05
4.635203195779000391e-05
3.645690681992922409e-05
4.179080826762574663e-05
3.789312342902004753e-05
4.043113966271539298e-05
4.721108027357541075e-05
4.043739195161166224e-05
3.876590931340948742e-05
4.128367379046921049e-05
3.877570832921432777e-05
4.346945241031714208e-05
4.512608592117353152e-05
4.167769848437080047e-05
3.569077150260859644e-05
3.833562773657764176e-05
4.596532394441686875e-05
4.314400729550679471e-05
4.084811891230740886e-05
4.089255470568910444e-05
4.319039482559237762e-05
4.440896564725027107e-05
3.946360003478671419e-05
4.539376164262100581e-05
5.190075321661589719e-05
4.198980297451526271e-05
3.808487353502396132e-05
4.202292756579538381e-05
3.667246651521953205e-05
4.067604156832649380e-05
4.735533611160165494e-05
3.891343200214334575e-05
3.420738296348681587e-05
4.276070234066865967e-05
4.327765836883395013e-05
3.425165088603908479e-05
3.585459073990089759e-05
4.248364211186950737e-05
4.134152594865558167e-05
4.481477643507223677e-05
4.791013855269178774e-05
4.269020885477383417e-05
4.197862830580958516e-05
3.690826508242508569e-05
3.773122398628443714e-05
5.161009090488040006e-05
4.088234585224534710e-05
3.829639074476878330e-05
3.722011258665938906e-05
3.724163209302989986e-05
4.254393157199220387e-05
4.213092561546794457e-05
3.843065071553180157e-05
3.712516819880137781e-05
3.805977822435332287e-05
4.149008697338798883e-05
4.159874017494762972e-05
4.622165199348893261e-05
3.843495088178510685e-05
4.013794222647236015e-05
4.278715767550388122e-05
4.907833485234977343e-05
4.522600909778921001e-05
4.208258928714042098e-05
4.124657248387227640e-05
3.474175261332186144e-05
3.669953456355937464e-05
4.305719191555014750e-05
4.393034741604130326e-05
4.702625078885639060e-05
3.751309351680086183e-05
3.434593636306805314e-05
3.746122921003659057e-05
4.729190060458094048e-05
4.089626150422487306e-05
3.789471642927433797e-05
4.000259007485647722e-05
3.739889077765396050e-05
4.342201276645027620e-05
4.430488217723524137e-05
4.780613046865909283e-05
3.773401921085557095e-05
3.963904155534838671e-05
4.465824908522199685e-05
4.620452702234247440e-05
3.812862351702554564e-05
4.178087016914381577e-05
4.050144865880891390e-05
4.811393714686805386e-05
3.690138931354237987e-05
4.185893236054989512e-05
4.952779128324066767e-05
4.540179644528431773e-05
3.602812428588827049e-05
3.815508917936159816e-05
4.628882237952033880e-05
4.426252900945293290e-05
4.035974124298330478e-05
4.013740786483471898e-05
3.411800953967407824e-05
4.612359807665637453e-05
4.503320473443205187e-05
4.192994140203101398e-05
3.538046144141200752e-05
4.454832830423023139e-05
3.964299673601708442e-05
3.887890086950061618e-05
4.191825372720053269e-05
4.874703627489275688e-05
5.380311204011205777e-05
3.673001279018361459e-05
3.979014003844301705e-05
4.528336827112756886e-05
4.732195423874874457e-05
4.275473762006992728e-05
3.892021624806052827e-05
3.911234063262604958e-05
3.457024323154156621e-05
4.100919034865996364e-05
4.538732425196759278e-05
3.993197024423643561e-05
3.786075250327934752e-05
3.204156624875457797e-05
4.259545528108296322e-05
4.165921827515037750e-05
4.146606703630546082e-05
3.539307120599557250e-05
3.903104028835803062e-05
3.956268845736267729e-05
3.586365695771117799e-05
4.405904086082554615e-05
4.978066115379912234e-05
4.185691582148771771e-05
3.695912407504869349e-05
4.702370069445830015e-05
4.310043725491989104e-05
4.044260960552779015e-05
3.914455344482368500e-05
3.657454089380971461e-05
3.523559571231459813e-05
4.186064892304613283e-05
4.254441985539552474e-05
3.517924037619008621e-05
3.819998048640261754e-05
4.153697208869319495e-05
4.099952353140146326e-05
4.202750018743969427e-05
4.014019114719380877e-05
3.376966899237295429e-05
3.741466197107325104e-05
3.777027646003890213e-05
3.362854221301554529e-05
3.582753885722353903e-05
3.699510660328539716e-05
4.132071239903108736e-05
4.107872288637986086e-05
4.948455632450289284e-05
3.458883682572316538e-05
3.653013172465161034e-05
3.959616672664792794e-05
4.316456528067488482e-05
4.349310579917564575e-05
3.020820434003359837e-05
3.920453814249757693e-05
3.841790553273295326e-05
4.223339303505872967e-05
4.267532319950529274e-05
4.235392049983159010e-05
3.836493451219745091e-05
4.013673009672957711e-05
3.735701224625843876e-05
3.791441651405705305e-05
3.851369738364197957e-05
4.431729162732821875e-05
3.998558370811269885e-05
5.011922564775564729e-05
3.645567375657528687e-05
3.625442328935443649e-05
4.177540572853795093e-05
4.534106900183216665e-05
4.525218756735652345e-05
4.193449472558751813e-05
5.181326510678438489e-05
4.565867859097244471e-05
3.785199025435824992e-05
4.022942492569230656e-05
4.621273231499613683e-05
4.024828530028303028e-05
3.986384754321374666e-05
3.870940143600714179e-05
3.308879042668194420e-05
3.761998564074987849e-05
3.503381894259805629e-05
4.113188150526507996e-05
5.045610446262695676e-05
4.367497511124134794e-05
3.792146382780140791e-05
3.895079263817646705e-05
4.037704203800054556e-05
4.396434737468727099e-05
5.014233487660831794e-05
3.907091343544377612e-05
3.878698343230893309e-05
3.712815326073541601e-05
4.292257010860034313e-05
4.653089020550573568e-05
4.317500964930954876e-05
2.991634839932550894e-05
3.937371523423727134e-05
4.946935849923107792e-05
4.101987981216030193e-05
3.752521399389034061e-05
3.298344990785577506e-05
3.464407706326327093e-05
3.948539572905869244e-05
3.783825010155348695e-05
5.423763046631439823e-05
4.620515014062838004e-05
3.967444241226822409e-05
3.902015787896091764e-05
4.024129200417700598e-05
3.604910699449122226e-05
4.046814437216556204e-05
4.568635128571612864e-05
3.867827537215706821e-05
3.555623297016638197e-05
3.569990197698825508e-05
4.593236186632801307e-05
4.023432957957085040e-05
3.901001907505154354e-05
3.703115436276552876e-05
4.044961564264832281e-05
3.889548652800844573e-05
4.960081467013059003e-05
3.367714387500165071e-05
3.770740095629495010e-05
4.151306307264199225e-05
3.395755214433248667e-05
3.851623481240965083e-05
4.108291114953900754e-05
4.225993586632524829e-05
4.065926025212906992e-05
3.505231652239922211e-05
3.232760612422128657e-05
4.071689841735623774e-05
4.141869913829895308e-05
3.802017925864454776e-05
3.879289007027858640e-05
4.394630836988456824e-05
4.070968614672318528e-05
4.384612448745985736e-05
3.967608733925113111e-05
4.066692907021171420e-05
4.356553578263373425e-05
4.861651914195613860e-05
3.428314179280456570e-05
4.260137539341374941e-05
4.218854079019728766e-05
3.352836349592617729e-05
3.984497353848644597e-05
4.144765061500641428e-05
4.423554320322419474e-05
3.408640056895118308e-05
3.918882109308775949e-05
4.614499172272905456e-05
4.151317486218228375e-05
3.713554046362584846e-05
3.329157270911403677e-05
4.988515507808996465e-05
4.174526860626396826e-05
4.077574374197355436e-05
3.383328266336677926e-05
4.128412089884565589e-05
4.226262425843802927e-05
4.801885100004191925e-05
4.493851441276877927e-05
4.714700937601101603e-05
4.002793286804426115e-05
3.318817273201874645e-05
3.987360891761046233e-05
4.533096522929212487e-05
4.421068024168420089e-05
3.808194458353386457e-05
4.107251792646345853e-05
3.508399832345235775e-05
3.675721274794472969e-05
4.233916404403381852e-05
4.121319086619546141e-05
3.626840594212033084e-05
3.769123782267488562e-05
4.296377487650134453e-05
3.989409594283940168e-05
4.809938772281553850e-05
3.661134357905806606e-05
3.765104348652341935e-05
4.097498203886398984e-05
4.372812580685030127e-05
4.469486736060142198e-05
4.383062730298814465e-05
4.075050064114073435e-05
4.101059505078231163e-05
3.496414429216845675e-05
3.745283553120661355e-05
4.315357465608263233e-05
4.318404870672188181e-05
4.495103390753355692e-05
3.766071174768845784e-05
3.548538444809079713e-05
3.943046371661168629e-05
4.393277877796075150e-05
4.189218581726496108e-05
3.306133162858744583e-05
3.815006473444331608e-05
3.962005096594651383e-05
4.013866944845953153e-05
4.449840558313154624e-05
4.357139640897418848e-05
4.031694685336827870e-05
4.670197100148270925e-05
4.503753478084556578e-05
3.947421779024847725e-05
4.179413982943625813e-05
4.115661269417168728e-05
3.405889874339275512e-05
3.937735112769706023e-05
4.456044206662311492e-05
4.775280875518032495e-05
4.051680999410479852e-05
3.896974966397758871e-05
4.364395505207542412e-05
4.417810293435842751e-05
3.884913218424889840e-05
3.920462199091982801e-05
3.681516366682381961e-05
4.789905718427678061e-05
4.280224367730808268e-05
4.022949556852090238e-05
3.656466189309676639e-05
3.861193495622906201e-05
4.553957510111652162e-05
3.834248355176414762e-05
4.032836076898847218e-05
3.988235999044863976e-05
4.270476891692119928e-05
4.375840491717780759e-05
3.978678695205285407e-05
3.949767952798048681e-05
4.336416217619287175e-05
4.434398602664587030e-05
4.263225729958750065e-05
3.761070178603386106e-05
4.168532625994595807e-05
3.422224374445223956e-05
3.828375834931604802e-05
4.212990875825667748e-05
4.363679743696325091e-05
3.376072678874831332e-05
4.133753457220600756e-05
4.091977256606695262e-05
4.608777182196700290e-05
5.320315587514750494e-05
4.238180918628826709e-05
3.964841750898535525e-05
3.671673815825081074e-05
3.408925926273624412e-05
3.800342031720172018e-05
4.720189909053392743e-05
3.659359171535132502e-05
3.601265601442047972e-05
3.618546741037199016e-05
4.460519729712807488e-05
4.321180424097501488e-05
4.385249520046278853e-05
3.253133756021952682e-05
3.669329550849844508e-05
4.016316483710754068e-05
4.130314349774408359e-05
4.354143468010254265e-05
3.484191433718408472e-05
4.024723645352672386e-05
4.528250210223566143e-05
5.138531011479239002e-05
4.269742769058166172e-05
3.876944265904739152e-05
3.402640754840694415e-05
3.600778860250900768e-05
4.020377008825403055e-05
4.230157604304302549e-05
3.531309147110598415e-05
3.424676336651421671e-05
3.900212559998166533e-05
4.195094367241878849e-05
4.214219206862885496e-05
3.885976291093032732e-05
3.648055274003666662e-05
4.259198767426187440e-05
4.317002403211652882e-05
4.982676698659649486e-05
3.360236282336475088e-05
3.909390905769848828e-05
4.339061974830058757e-05
3.635900286374886548e-05
4.292643852308873392e-05
4.250465528486034134e-05
4.697882449268861682e-05
3.736818261723015398e-05
3.712069626344188426e-05
4.962769293728705623e-05
3.948244316885514144e-05
3.702787239434234998e-05
3.998470792365405285e-05
4.416666990334218006e-05
4.338529747663073637e-05
4.249441558309168578e-05
4.035180116303590375e-05
3.605098913890296874e-05
4.383236125697056242e-05
4.465882323001516089e-05
4.270230701185969308e-05
3.978634052812590825e-05
3.851438044174510075e-05
3.520473930402794667e-05
3.935606975615563212e-05
3.871889828151588668e-05
4.278648712118220397e-05
4.597777837143642108e-05
3.505446130103237327e-05
3.830671567068256268e-05
4.558908099179654857e-05
4.454027899487425160e-05
3.861419417438678806e-05
3.889637762798421611e-05
3.533509432959355405e-05
4.539779395274795316e-05
4.565621925692288434e-05
3.913875752061310833e-05
3.620624476905088548e-05
3.701666270977505647e-05
4.409859606507757587e-05
4.043056911692764066e-05
4.355490634309504066e-05
3.846895553844329715e-05
3.727789909221080684e-05
4.007450029328304102e-05
3.821637412388398050e-05
4.485065871838598894e-05
4.456133855035748266e-05
4.131758490623218345e-05
3.909744551100483218e-05
3.731004354782247991e-05
3.073080698920445641e-05
4.218915885351762581e-05
4.267429216374071538e-05
3.942831134750621706e-05
3.657511362889597341e-05
3.170884498856134197e-05
4.963235267854898476e-05
4.006089914158421871e-05
4.020256914493396664e-05
3.612527078741597234e-05
3.799129910723126816e-05
4.133001887719679502e-05
4.631510718754937680e-05
3.428129097124044838e-05
3.855126085527927574e-05
3.340482435190704930e-05
4.048416153281716578e-05
4.047269532633858852e-05
4.147411834488786791e-05
4.028275240690428252e-05
3.371801901332029447e-05
3.554338831802594318e-05
4.343639743217723119e-05
4.243456865666523433e-05
3.954873033943519760e-05
3.889256102317696368e-05
4.443925896663689117e-05
4.778523373931355296e-05
4.012444778480096243e-05
3.605102013157281148e-05
4.310169137152685483e-05
4.499593775131180217e-05
4.347081714213661826e-05
3.692466434706293818e-05
4.161573013006428489e-05
4.002498001589048965e-05
3.374841636805516257e-05
4.165407544233737272e-05
4.108018470606789090e-05
5.035451777248589633e-05
3.236019733055479816e-05
3.774478913820594257e-05
3.789238740987068582e-05
4.395127643892674207e-05
4.057484187075218932e-05
3.131835006805359304e-05
4.023154020985045303e-05
3.976535931754226219e-05
4.740824154158233958e-05
4.621687084224962265e-05
3.953653915316777864e-05
3.637217452205738583e-05
4.707613576189030385e-05
4.292796157866401519e-05
4.477384548377661121e-05
3.994405967727320992e-05
4.101632186722651739e-05
4.371687866644114677e-05
4.543640342189409289e-05
3.873916871225214565e-05
3.904076890012031010e-05
4.419958564019278204e-05
3.806562190405357322e-05
4.509515165664882872e-05
4.396301403693064059e-05
4.525316452372711595e-05
3.611421190650110846e-05
4.101920987986529260e-05
3.500168912760789593e-05
4.353010663379857081e-05
4.480885994091710170e-05
3.877224327327770327e-05
3.579917711913207183e-05
3.775613083587772456e-05
3.945108940222611993e-05
3.771092270248654974e-05
4.704966168334155115e-05
4.295606293881323238e-05
3.801914349057915616e-05
3.944952630039711100e-05
3.713556792411241053e-05
4.355068464949323506e-05
4.687599402565198627e-05
4.003752009991492784e-05
3.106758230365863285e-05
3.841051958487580920e-05
4.311591583782191053e-05
4.037396978863968703e-05
4.300025138600685443e-05
3.749428873542937519e-05
3.467068291169134013e-05
3.656914351121777663e-05
4.131086813481853128e-05
4.144861022258668795e-05
3.747998813622032050e-05
3.766175770610454893e-05
4.107869221938899572e-05
3.987190670984990003e-05
3.739418935428251293e-05
4.200155186336657542e-05
4.540988502571894860e-05
3.832539200383963641e-05
3.483096317483247705e-05
3.594541129988041388e-05
4.318253690552299864e-05
4.125772830352920798e-05
3.657574205788572107e-05
3.551970368383998108e-05
4.346142049662127677e-05
4.301202190473090543e-05
4.394134033470410857e-05
3.568593123443509243e-05
3.664699136600172222e-05
4.146756009042145807e-05
4.347425401082557469e-05
4.265303460836453409e-05
3.358871831096513612e-05
4.106325753676315176e-05
4.266203248523762998e-05
3.885726985180547647e-05
3.741293818415130479e-05
3.603109541848618989e-05
4.143017849122711683e-05
3.932829348437438317e-05
3.788820735138245669e-05
3.623548258572502421e-05
3.976732470376237276e-05
4.094734113415906732e-05
4.331319973513423797e-05
4.122375339508440467e-05
3.928676133822303206e-05
3.243227022698411051e-05
4.390104945532949225e-05
4.428146357058111720e-05
3.605453322464518791e-05
4.006765358379809304e-05
3.927535312754275667e-05
4.276957441529220398e-05
4.586188750415577870e-05
3.993907442079631953e-05
4.059574128652788195e-05
5.047666661622905032e-05
3.591084470381833313e-05
3.562618922776528699e-05
4.002464557442620070e-05
4.660600428200145764e-05
4.086478086193182389e-05
3.533950113235479211e-05
3.913574893671147975e-05
3.900966771998147118e-05
4.114253756508740804e-05
3.979590535103780566e-05
4.195383988191609987e-05
3.425066618721172435e-05
3.701601673640291228e-05
4.138684118132622720e-05
4.109374809574182867e-05
3.657171197977042768e-05
3.314030835326062046e-05
3.905029233570585473e-05
4.807571097143363895e-05
4.053514424255197520e-05
4.222716978286630824e-05
4.026723909683001436e-05
3.975285876635790603e-05
3.607634889868291926e-05
4.019755680816708692e-05
4.486202290564174399e-05
3.424602440348986637e-05
3.910417857776272906e-05
4.194877509702636936e-05
4.287963570235302929e-05
4.829848415934127800e-05
3.644684280458790229e-05
3.700744227094783766e-05
4.007215246130199101e-05
4.421329412952015620e-05
4.657208957034133151e-05
3.539424735663853591e-05
3.938285187207907922e-05
3.861117501064160578e-05
4.872039662281844484e-05
3.291313026540354091e-05
4.277066793257130469e-05
4.225688402041323125e-05
4.505216492210854389e-05
3.645395786715877805e-05
3.676366570317806141e-05
3.988702137757483320e-05
4.545280333744228772e-05
4.189647342937832846e-05
3.292428064554566033e-05
3.939754306584052263e-05
3.878492642027060923e-05
4.238247367481072779e-05
4.358079222870837508e-05
4.222293312537714143e-05
3.896087631009160216e-05
3.818335525583775136e-05
4.321781675449907882e-05
4.601934129730680993e-05
4.341030915017681180e-05
3.969197023837649457e-05
3.950590259181633945e-05
3.838057408751229855e-05
4.019887195704307208e-05
4.502658139901402786e-05
4.473436622298553332e-05
3.643912457935280291e-05
3.763006268461503029e-05
4.689255670075627148e-05
4.517584938130029333e-05
3.879554477422759756e-05
3.949710612580653216e-05
3.428253728000302784e-05
4.790384556830714393e-05
4.332705725816363103e-05
4.022804812043579944e-05
3.595335561486595025e-05
3.804735768552624110e-05
4.515995992868705462e-05
3.919734814773931343e-05
4.282343483523747848e-05
3.785557937876557472e-05
3.533939320739097899e-05
3.627517099221770039e-05
3.843111949196012799e-05
3.789101112674137423e-05
4.455554308053520977e-05
4.345033922170611672e-05
4.028661579328130963e-05
3.835674728856074036e-05
3.582796412540830805e-05
4.154551386923944009e-05
4.397528355522790049e-05
3.887942455165804866e-05
4.184493597154838177e-05
4.078643839023610558e-05
3.897975548147189696e-05
3.007389733485697121e-05
4.369183079416719112e-05
4.165732342670477477e-05
3.442780683374257241e-05
3.684969448037687804e-05
3.859357326545407658e-05
4.104235629674588887e-05
3.861595723369236501e-05
3.897344902484259810e-05
5.005583843054529534e-05
3.649419041888321661e-05
3.537727457907607317e-05
4.304773472419362465e-05
4.023281974485902614e-05
4.077829871403677045e-05
3.695886105896011638e-05
3.599841056277286244e-05
4.183301447361327074e-05
4.218607929205425824e-05
4.406318598098763086e-05
3.569868855839796433e-05
3.562806102774266541e-05
3.944343000743855311e-05
4.475591460863431926e-05
4.189147860121867012e-05
3.659133572201011061e-05
3.748679083374334685e-05
4.041564624466652283e-05
4.049155817003816652e-05
3.767077453809076549e-05
3.694833193187972741e-05
4.185775384795643921e-05
3.726833025157632630e-05
3.501724868617197704e-05
3.653954880841080903e-05
4.322521416465022068e-05
4.029933285509030048e-05
3.947474539120208515e-05
3.164473015039249635e-05
4.166425197700608673e-05
4.191091686219104495e-05
5.027024815960340608e-05
3.472511445363017771e-05
4.033687911150796325e-05
3.834842840903571719e-05
4.424172930838842589e-05
4.336470224958065723e-05
3.876102296121871168e-05
3.995272519990315308e-05
3.532554572591130386e-05
3.207384487081548923e-05
3.803390289891369562e-05
4.533063274682727942e-05
4.056441142723298741e-05
3.612806922200508485e-05
3.727111089297712257e-05
3.960763542357341368e-05
4.050536378901564808e-05
4.562070334455632994e-05
4.902074314426501246e-05
3.813313295705915597e-05
4.140380748427847430e-05
4.300225884260139119e-05
4.289876876540303614e-05
4.240067870279323330e-05
3.936431372886685777e-05
3.568136498111734305e-05
4.391804149054435996e-05
4.525445035294217808e-05
3.999942023699608828e-05
3.370483437762520018e-05
3.856871653838796416e-05
4.003386409635351924e-05
3.996030537948390421e-05
4.839104086846277995e-05
4.556621354365411754e-05
3.800770243850658931e-05
3.713783121225278908e-05
3.693899289725966118e-05
4.328149793769531597e-05
4.913603777870305660e-05
4.227986203572982592e-05
4.048019450788566744e-05
4.373359851662580333e-05
4.200543552525032640e-05
4.327284340623166969e-05
3.782676063290925811e-05
3.359870460060660564e-05
3.534288558123768352e-05
4.332965813433934207e-05
4.124591043892043688e-05
3.750880688606271317e-05
4.244074075478163131e-05
3.816348553663208629e-05
3.950370382092263568e-05
4.207843457850610815e-05
4.383543040092517575e-05
3.825980607717073128e-05
3.452810552648688020e-05
3.552394823032798251e-05
4.272835872223687347e-05
4.179810297241600992e-05
4.198766930219814659e-05
3.379559003435679283e-05
3.803905428450289058e-05
4.192618133419550073e-05
4.022353256519943710e-05
4.527915117309984052e-05
3.672657674944185247e-05
3.506619357524979583e-05
3.945797983769553036e-05
4.807422470680818808e-05
4.202878924088514158e-05
3.737364155787648154e-05
4.145738042953292746e-05
4.196644533879758163e-05
3.878559434593338568e-05
3.638361895847002243e-05
3.474017366772076421e-05
4.400883248063277133e-05
4.217312532282692909e-05
3.667206096578361359e-05
3.503509922143940663e-05
4.322023787779925527e-05
4.328893683189165395e-05
3.903908596446681745e-05
3.524956108008616768e-05
4.463891662795642124e-05
4.397157691349530475e-05
3.662944676850757661e-05
4.070038833299327108e-05
3.948160928309651327e-05
4.428235995398256209e-05
4.799791043056572307e-05
4.221658464583057178e-05
4.219942897556200903e-05
5.001374142268745612e-05
3.560801898469965142e-05
3.975959407126642640e-05
4.632034117104467306e-05
4.148950455197991026e-05
3.645893857786474323e-05
3.874250114201716912e-05
3.897398139600318119e-05
4.257009222008569454e-05
4.212060014996953252e-05
3.833535724767803907e-05
3.753707911458146649e-05
4.556046203739624168e-05
4.855727566416608444e-05
4.139789609378993339e-05
3.854588718571277071e-05
3.889354408630632483e-05
3.780392264653000889e-05
4.079419965460687588e-05
4.130348366558443126e-05
4.456345779084855071e-05
4.595627802419418722e-05
3.445697689220471961e-05
3.893180196745399667e-05
4.045317745370236089e-05
4.991504127385924794e-05
4.495662439763772802e-05
3.989197557648038685e-05
3.941708651166522136e-05
3.330871144890803299e-05
4.160389332057780375e-05
3.659571027201069900e-05
3.412929964701385790e-05
4.280589726543420785e-05
4.569082138671928594e-05
4.057957661227344393e-05
3.630353637138078335e-05
3.564086504719436900e-05
4.446240846458903172e-05
4.069328532627478512e-05
4.183840967739373585e-05
3.561246021701960115e-05
4.929623522891749785e-05
3.905433845596125792e-05
3.956651636534036547e-05
3.735122430818287655e-05
4.352185550460350457e-05
4.649633471596433313e-05
4.342444308914840314e-05
3.604497401623553470e-05
3.957916884816310731e-05
4.170684975083744755e-05
4.132542554498874098e-05
3.920745242567354362e-05
3.461923374096339461e-05
3.522824704411545236e-05
4.171562954424389344e-05
3.547397273828047245e-05
3.406774242015306233e-05
3.985970539293571201e-05
4.207786467031009441e-05
4.229293456018348723e-05
4.198315199681911702e-05
4.460793638258148081e-05
4.034235145469580502e-05
3.496824247616311861e-05
3.715565052422993510e-05
4.426326449818073562e-05
4.012893309014434120e-05
4.032911131867298167e-05
3.675676172141705331e-05
2.971864501849937588e-05
4.488758949491342647e-05
4.806609469873725205e-05
3.420834451961133433e-05
3.754360945840934074e-05
4.133261459572471223e-05
4.438784114857214133e-05
4.249802092782942116e-05
3.564195942560837035e-05
3.930469692469898283e-05
3.829906546952709144e-05
4.233190981742129713e-05
4.491537513654369508e-05
4.308359891870598501e-05
4.074047800665347817e-05
4.066085586261854916e-05
3.733731920241985215e-05
3.786588206129266291e-05
3.922608063084746474e-05
4.284186585087974212e-05
4.165723747452635566e-05
4.514844833150399021e-05
3.875934526797738204e-05
3.831364377408539532e-05
4.158354458098126690e-05
4.624956400666224617e-05
3.462829890381658219e-05
3.996407986336879926e-05
3.996259305246589505e-05
4.299655302712489425e-05
4.493350282890511892e-05
3.856252947373401606e-05
3.831789502118087285e-05
3.164681267658928061e-05
5.131180459272784893e-05
4.171708849576615593e-05
3.816370175015288096e-05
4.599233001040617803e-05
4.035564919813329618e-05
3.686332829646702015e-05
3.999218499020144700e-05
3.645538313987562953e-05
4.106740981720704404e-05
4.549644284429741221e-05
4.746242244137466743e-05
3.790435450526773994e-05
3.932411974540798451e-05
4.304588055720401499e-05
4.840525081696670515e-05
3.520640802398243427e-05
3.861592172640191132e-05
4.417880358229176905e-05
4.098847441942291708e-05
3.528117096023478225e-05
3.928239625204098679e-05
3.811862364514368866e-05
4.140320930264333542e-05
3.373083358928710565e-05
3.631680933899483250e-05
4.223962722422818313e-05
4.085826524083588081e-05
3.529606381456336345e-05
3.589062564717071215e-05
4.072938040754304703e-05
3.988729760929345054e-05
4.274155424500519312e-05
5.252118257373674222e-05
3.858507006272028476e-05
3.655275914411730402e-05
4.164788586008505119e-05
4.370974723112926489e-05
3.392254170543076796e-05
3.985218573202218688e-05
4.043087980235857495e-05
4.795877991846119083e-05
4.582944918025600345e-05
4.056488235410809275e-05
4.098817673550860771e-05
3.285314812684646718e-05
3.847038925115424748e-05
3.495532937544180399e-05
3.874477670135035114e-05
4.747775569455699288e-05
4.175586100235134765e-05
3.736420090390076454e-05
4.028381230154139304e-05
5.116474551382634516e-05
4.703577005715574950e-05
3.779254914797094533e-05
4.865128390725494985e-05
4.636050324058911662e-05
4.217114535341672139e-05
3.844384340429242094e-05
3.653759735903767524e-05
4.103082444026461814e-05
4.816963981493119180e-05
3.846493574571543402e-05
3.156976080035618816e-05
3.764608780133769803e-05
3.589129235077482015e-05
3.858385912859907927e-05
3.754706829201685575e-05
4.511238983409208140e-05
4.447894187773005566e-05
4.029704579618373020e-05
4.190092900309898516e-05
3.645908970081971354e-05
5.117387748359387631e-05
4.382013051115731200e-05
3.896598819295323104e-05
3.732011889677263071e-05
3.856420911673690558e-05
4.605516304091719832e-05
4.305823921919514597e-05
3.947457568088409539e-05
4.010828304674531942e-05
3.595618523891993260e-05
3.641225889948082969e-05
3.966204120064820664e-05
4.243526231292885439e-05
3.465449444008029294e-05
4.159143343854949904e-05
3.919834750587638969e-05
3.830353812761914131e-05
3.761947446239697669e-05
3.959784925473235474e-05
4.949575122434321582e-05
4.052398697526796411e-05
3.607047739242044747e-05
3.588151539083098292e-05
4.807248534776078423e-05
4.112268912137423269e-05
3.978769389577865601e-05
4.122619742780021085e-05
3.579199515079889361e-05
3.699748049670850729e-05
3.976300435282448237e-05
4.226403594471339284e-05
4.236155640472176535e-05
4.719175804785005280e-05
3.803226647906476427e-05
4.057152085130931587e-05
3.555801714229732088e-05
3.664968154346019176e-05
4.492588748132671017e-05
4.204087133143076494e-05
4.266951767870037711e-05
3.486899537973229098e-05
4.495763654372436370e-05
4.406901153808414885e-05
3.763826222983581506e-05
3.471225280203394081e-05
3.843646428998689831e-05
4.654040438590347086e-05
4.032034329674279236e-05
3.654897050997120531e-05
4.074683901711243818e-05
3.949954302440690317e-05
4.501400080732631239e-05
4.932197794919370299e-05
3.804162002599470916e-05
3.915006427924803105e-05
3.366196076978378760e-05
3.269422413404276243e-05
3.876426363255579868e-05
3.988152009018184517e-05
4.056716526612270642e-05
4.959965429630607692e-05
3.933429750998584452e-05
3.264560664467832898e-05
4.294291003896975563e-05
4.691429250558396159e-05
4.399253748707091140e-05
3.660394798797340097e-05
4.025509117802302423e-05
4.001647405165036255e-05
4.347985689047723649e-05
4.650648331067418147e-05
3.853600439433296575e-05
3.500842187007403156e-05
4.627167818361936115e-05
4.394837075831569095e-05
4.232412070656886875e-05
3.791378041044647206e-05
3.881918753231506427e-05
3.670968530638919563e-05
3.854789179630898846e-05
3.881015134529202802e-05
4.241979369591231260e-05
4.556133188228972310e-05
4.339506563233636488e-05
3.577574574240535065e-05
3.920935854838882473e-05
4.402104561584429024e-05
4.510282064994721092e-05
4.242034834226016495e-05
3.939696064006443745e-05
3.949562978686323790e-05
3.979431737066440206e-05
4.709410998567117830e-05
3.908447726001587765e-05
3.781055584278899070e-05
3.405827514172025754e-05
4.103098252250069448e-05
4.210369011987776162e-05
3.591515766087870752e-05
4.504400859313538333e-05
3.832350281051502457e-05
3.902288972945445930e-05
3.279774571987643152e-05
4.980096413679074006e-05
4.413542610498085225e-05
4.223657432183612837e-05
3.495210703047865725e-05
3.920524423858936304e-05
4.358956794477975309e-05
4.191197535483477270e-05
4.307244817886101107e-05
3.779882629765334668e-05
3.688027927510319172e-05
4.119189170031737756e-05
4.237392645113978549e-05
3.572058093195890673e-05
3.689479390345378347e-05
3.855094548675643484e-05
4.129248143600659733e-05
4.004410946312532291e-05
4.318736199091435389e-05
4.094185153928660693e-05
4.403274664179012370e-05
3.761654978332745915e-05
3.760463174098217310e-05
3.411865167274007724e-05
4.686147671777153806e-05
4.127154157644155526e-05
4.274185140200149538e-05
3.829171024186526264e-05
4.073156923857474765e-05
4.113402423881278274e-05
4.634532646880858847e-05
3.566779093478203379e-05
3.791337619037415442e-05
4.034624588491850819e-05
4.203266120651847227e-05
4.405559869009828100e-05
3.931672193015354393e-05
3.925652248671776870e-05
4.051684601530049543e-05
4.347834574695633305e-05
4.313057627227953817e-05
4.235847797777135933e-05
4.032956579244962762e-05
3.783432157324141437e-05
3.633682234694545513e-05
3.697010764612337235e-05
3.999031678718533231e-05
4.254948267498571621e-05
4.698186224256060446e-05
3.835145318892263353e-05
3.644520287419332987e-05
4.153398781735105969e-05
4.462106783148423632e-05
3.599846479686358476e-05
3.792232763309812203e-05
3.782082273051367438e-05
4.683202354830292370e-05
3.795599658405612859e-05
3.792694150822947520e-05
4.312865104868768274e-05
5.050084399422260145e-05
3.675796503937274126e-05
4.388901367535654835e-05
3.418521427931916785e-05
3.862694471488115191e-05
3.882786299135602216e-05
4.249247424799898433e-05
4.424311921266569568e-05
4.197929694541069660e-05
4.059215500799026946e-05
3.917878606348093172e-05
4.581721153945091237e-05
4.693557378098192569e-05
4.080831552272760090e-05
4.003724158754989496e-05
3.695035634701929927e-05
3.310954834917647456e-05
4.112492848644134493e-05
5.193800371768019246e-05
3.905014400109821658e-05
3.324666252087516300e-05
3.656726833163911189e-05
3.986806458016997260e-05
4.243197923953836846e-05
4.705203635402867697e-05
3.655558141916426333e-05
3.446848722848690189e-05
4.625798466268407947e-05
4.159660832080102602e-05
3.551093118115818625e-05
4.055651149238139792e-05
3.906370087543141755e-05
3.578134926984028532e-05
3.567754827452575988e-05
5.117334197193876917e-05
3.972469652347425411e-05
3.425946889364662589e-05
3.562475160189965140e-05
4.126413821460996040e-05
4.134467177283935755e-05
4.936555464292686839e-05
4.450922676633515119e-05
4.638050413934879706e-05
4.148745647131881029e-05
3.324588121744244553e-05
4.078489759568939296e-05
4.321466799049517623e-05
4.379715442928123304e-05
4.174664663190018224e-05
3.961596544235775839e-05
3.262899947845817418e-05
3.470906133873635243e-05
4.201913630745481037e-05
4.207082413117344270e-05
3.733437401673646479e-05
3.744026837875642067e-05
3.827819951919695567e-05
4.322560373112431146e-05
3.995721031750171974e-05
3.896865756289857164e-05
3.689242236330271698e-05
4.248540973257713521e-05
4.277847007989969810e-05
4.773480586249193155e-05
4.442579693976501638e-05
4.241363662799954625e-05
4.260104532848182722e-05
3.632274186390247156e-05
3.524453135493592511e-05
4.283951890497784569e-05
4.201815362697693351e-05
4.336195169828054659e-05
3.765536437415348752e-05
3.873162800769444414e-05
4.489007966777211364e-05
4.113042499716236864e-05
3.584871185261615943e-05
3.702101497995242876e-05
4.193578151251306724e-05
3.856861658759414073e-05
4.515584813647177686e-05
3.737526570379365721e-05
5.018676064841315630e-05
4.585269589529746253e-05
3.934752243339006137e-05
4.107988702273167135e-05
3.143197996535473823e-05
4.114942173043846247e-05
4.210311498645080117e-05
4.703003845933745558e-05
3.397839899191384104e-05
3.783662986345044703e-05
3.739531728203119779e-05
4.343441108154006932e-05
4.761401367535730974e-05
3.820277958334649716e-05
3.829207788998535369e-05
3.587565466585539869e-05
5.189302614341327992e-05
4.384974820429667541e-05
4.002301147800703445e-05
3.832689343193967566e-05
3.867002948988639081e-05
4.726940894346850922e-05
4.000482501960420009e-05
3.918686614688067943e-05
4.269118613535759682e-05
4.639657526062350711e-05
4.707942295534579672e-05
3.880685876999143266e-05
4.102768821353564472e-05
4.412928185847224833e-05
4.407693952046952982e-05
4.238004447062397161e-05
3.891769467022114721e-05
3.954530332010782899e-05
4.080570532360336232e-05
3.908045205849545328e-05
3.809275948806507009e-05
5.095615714209578151e-05
4.151464522008982942e-05
4.259959253334229392e-05
3.760323509595020681e-05
4.031407479938742836e-05
4.212598688141341613e-05
4.383129706857767129e-05
4.313604750388152673e-05
4.259358934576196090e-05
3.879170722652608254e-05
3.785701068395865509e-05
4.277240033054377646e-05
4.322884482807478007e-05
4.004086148256689250e-05
3.448800690525955284e-05
3.565474674953239602e-05
4.529407373484843770e-05
4.022262128576605417e-05
4.016593571853767326e-05
3.738940610402419207e-05
3.526314137980063909e-05
4.219476243039496459e-05
4.079068462911029453e-05
5.069730772196106422e-05
3.679902558277340567e-05
4.077300406725001318e-05
4.656058964215547007e-05
4.309253546042515867e-05
4.213767113411856204e-05
4.247129371236854097e-05
4.365667909690556413e-05
3.988811681994270476e-05
3.889928761770206989e-05
3.825618210830562268e-05
4.168244970127156707e-05
4.170527668205981260e-05
3.544765760116344529e-05
3.650045340298544398e-05
3.938220528737313651e-05
4.174298107129045820e-05
4.406324674642953058e-05
4.600538615184995465e-05
3.906582697033049087e-05
3.891196105007755968e-05
4.099536411431080834e-05
5.164246974366193491e-05
4.305868073767204931e-05
3.779542601307130247e-05
3.883527210398929379e-05
4.034053077155514897e-05
4.630079252669367252e-05
3.597152705592175209e-05
4.455555628863024141e-05
4.343499746553648234e-05
4.276486318248309078e-05
3.870897588613369215e-05
3.319642443345195850e-05
3.976537640827613996e-05
4.447200255082981758e-05
4.142435478617105857e-05
3.627630886677486494e-05
3.799458222988824640e-05
4.027558961583789385e-05
3.947717590801075462e-05
4.486669624435793045e-05
5.221639147026907284e-05
3.964372105570968088e-05
3.876589785301301283e-05
4.979989919800549949e-05
4.782666126413612575e-05
4.006279109378268907e-05
3.999180709692292881e-05
3.736132889906643953e-05
3.919075507072427748e-05
3.275896819602033930e-05
4.215592563996652326e-05
4.733124158579192378e-05
4.364571337536531038e-05
3.679652372565769521e-05
3.930946055314158224e-05
3.900436044886186718e-05
4.390601213201434939e-05
4.711206837308846019e-05
3.768097981142985172e-05
3.740391442537645744e-05
4.191036864444071507e-05
3.749723521697185993e-05
3.979543247316420806e-05
3.775710785491808932e-05
4.156855915233048816e-05
4.815288590728235675e-05
3.829123594626905662e-05
3.905905147508583787e-05
3.145933324649869930e-05
4.538514097470064954e-05
4.103088558224233617e-05
4.290375131506272749e-05
4.691568966051981457e-05
4.827872040132220850e-05
3.950804677032405894e-05
4.013909164844428926e-05
3.212012566304649425e-05
4.268833831184466613e-05
5.142889055882999118e-05
4.223334270814555380e-05
3.599174478313763693e-05
3.926539194160513183e-05
4.466283188094399956e-05
3.917008500853589513e-05
4.338650806196196166e-05
3.781054665651756400e-05
3.648042542924884597e-05
4.110458567243365120e-05
3.933826630533316092e-05
3.697603347223514227e-05
3.753143456583258876e-05
4.364242085218654862e-05
4.143359895277436220e-05
3.135214519657464674e-05
4.223448219274108102e-05
4.364041601490092930e-05
3.907121889228945902e-05
3.732834030776360985e-05
3.390832763066478015e-05
4.312682367809559855e-05
4.042495568509315342e-05
4.085961291316691189e-05
3.349010373784521783e-05
3.665302041037043178e-05
4.098468176247402301e-05
4.300306600144941091e-05
4.738658068958638499e-05
3.689248103292333135e-05
3.352120960303683108e-05
3.857477505731568410e-05
4.178173629297916760e-05
4.305107826146032599e-05
2.981838139769352262e-05
3.912644646619636775e-05
3.896122627083580339e-05
3.404634444886577770e-05
3.493402793131986951e-05
4.055506876481376283e-05
4.330776483905269798e-05
3.290845114778532577e-05
3.469255999026194453e-05
4.290944435408287211e-05
4.065372369791161409e-05
4.386450903542656808e-05
4.097604148201714380e-05
3.633452369224642303e-05
4.868520556464146613e-05
4.514899525399312632e-05
3.649421189311630713e-05
3.727119999048230059e-05
3.762180399959523731e-05
4.337629610607932561e-05
4.680984628387842967e-05
3.798809106705694055e-05
3.762045402344389082e-05
3.635449824931162566e-05
3.266659913341300910e-05
3.637647946785992471e-05
4.248219960881702159e-05
4.316396981043853264e-05
4.204325197377479590e-05
3.358874662920628007e-05
3.831694903990090972e-05
4.054350488813411645e-05
4.080739680532770872e-05
4.336747264542517160e-05
4.395767815993409204e-05
3.991339789015780850e-05
3.808052773369759728e-05
4.460282616483304222e-05
4.607355898855184148e-05
4.038270114406214211e-05
4.033901066864023461e-05
3.806227574373087719e-05
4.126120838613581105e-05
4.877410860560349833e-05
3.903021285397214333e-05
3.555203069387785365e-05
3.655719386717284669e-05
3.488744097770895875e-05
3.931661917168929676e-05
3.942893031994636698e-05
4.298397998449430879e-05
5.466189471075161695e-05
3.805579353130879885e-05
3.835322331278494089e-05
3.322744373675985967e-05
4.681010887023403637e-05
4.381774130419759637e-05
4.074646103857751953e-05
3.730527991664763003e-05
3.872827505820695027e-05
4.100297262421196922e-05
4.136742264424850941e-05
3.834247204965765651e-05
3.719854091451075883e-05
3.612475750208798080e-05
4.214600035947781414e-05
4.275990174434148462e-05
3.401266122477051326e-05
3.178363213171541150e-05
4.503765945778161124e-05
3.626655583610266428e-05
4.118522558184779055e-05
3.656012241481235224e-05
4.220858467117348186e-05
4.673298078384660001e-05
3.885585092201899023e-05
3.685325590197865850e-05
4.994426745829404581e-05
4.058831375629376475e-05
3.907636764663875571e-05
3.556064523114909384e-05
3.987373898113699379e-05
3.952936234007759994e-05
4.923778823104499265e-05
3.669178202834006634e-05
3.152794760674477938e-05
3.825082319373296845e-05
4.055313571443657888e-05
3.502711893364241646e-05
4.422053524890071655e-05
4.070398190770766210e-05
3.288070421036810945e-05
3.495577401428011204e-05
3.364230784020574031e-05
3.471057473515147714e-05
3.967103099532882839e-05
4.121251786788235702e-05
4.089351359217394675e-05
5.102183563008841821e-05
3.778393128997025797e-05
3.694836481802951086e-05
4.220926406851265033e-05
4.490684534506708556e-05
4.639094232629157710e-05
3.634047950838194263e-05
3.872610402845711477e-05
3.842415281172891812e-05
4.484790503150185497e-05
4.439053457760547608e-05
4.288840328788451903e-05
4.361385581415426856e-05
3.587721921250570066e-05
3.606678689107436440e-05
3.833301782024072619e-05
4.417208718625995783e-05
4.238018402268287906e-05
3.457400515107982378e-05
3.744391433595437566e-05
4.057291939700145340e-05
3.906977098163870134e-05
3.951150185550426485e-05
4.083737651684785335e-05
4.680412093205518314e-05
4.813167645566780430e-05
3.888362075555879259e-05
3.181151223064115392e-05
4.814096787044940527e-05
4.337727543215257135e-05
4.051449748661058051e-05
3.653602028441993351e-05
3.729724475961158442e-05
3.600861931596026870e-05
3.954934467366886196e-05
3.693205394047812659e-05
4.112040647560834592e-05
4.327985970427773444e-05
4.424910633331226165e-05
3.905087897126333492e-05
3.998546754297614751e-05
4.364076616373007041e-05
4.299548572286490103e-05
4.092977375017508397e-05
3.909943098400447926e-05
3.722263612328745151e-05
4.085511617752665892e-05
4.877965701543191597e-05
3.956793967705855885e-05
3.708960047046167360e-05
3.536053665485260289e-05
4.118979972558925337e-05
3.733415758906223419e-05
4.410709079644379866e-05
4.157119908787135036e-05
4.155900540382899530e-05
3.586557534040331986e-05
4.639275038870139064e-05
4.584746401241415476e-05
3.602587497038834655e-05
3.978874088410581429e-05
4.412063863345856642e-05
4.020781044603729637e-05
4.384513065841611146e-05
4.075998409695987397e-05
3.610721030409903739e-05
3.358586661109051719e-05
4.188057637592468860e-05
4.099648801390305659e-05
3.264814779015660109e-05
3.564819487976086942e-05
4.020082018576544292e-05
4.055188560821753664e-05
4.399935869675794813e-05
4.379697527749346796e-05
4.059445470548390250e-05
5.032876537849565189e-05
3.881506068515371363e-05
3.476824031238549313e-05
3.583834774277389859e-05
4.589699427252002476e-05
4.052018611282611719e-05
4.152445660200946833e-05
3.948842644295282777e-05
3.583082741081815184e-05
4.221725332440185309e-05
4.253031568706414398e-05
4.347453428839838596e-05
3.702144417923787522e-05
3.249469814052418926e-05
3.919199763470435771e-05
4.716316371758139808e-05
4.109772235865968067e-05
3.484962329557801734e-05
3.909458176099201614e-05
3.854888333767984848e-05
4.094799296165646762e-05
4.409757816227957553e-05
4.664905524953509705e-05
4.352879512759285751e-05
3.409846367873558913e-05
3.263782816381510582e-05
3.995251931602442091e-05
4.255361780857075843e-05
4.150404389654220464e-05
4.540689632935395164e-05
3.980951138667479831e-05
3.628685314031534917e-05
4.248387481484639032e-05
4.331966558694427989e-05
3.963963827299752936e-05
4.004714359460382966e-05
3.334966618453403262e-05
3.554557738965063041e-05
4.148394897546684779e-05
4.220018997790709263e-05
3.400533836810120834e-05
3.852310846551594407e-05
4.148424928123141061e-05
3.979887435358606872e-05
3.663253870321700798e-05
4.068036255092289413e-05
4.959848918290712857e-05
3.792774559694250125e-05
3.406383238167906156e-05
3.686846416698309536e-05
4.663622448667887157e-05
4.193690803630594985e-05
4.162835007024771455e-05
3.513996611788120189e-05
3.733620731710858565e-05
4.362382234890965662e-05
4.328439499239862618e-05
4.506215153601082746e-05
3.700381617875950365e-05
3.660854888039816955e-05
3.792580219010834654e-05
4.526357763731861638e-05
4.190931412874823584e-05
3.455093590183155801e-05
3.805186483010509769e-05
4.038371673954989545e-05
4.050063908949208340e-05
3.625194879581019063e-05
3.546919120562107438e-05
4.250239650396902896e-05
4.166076123828709794e-05
3.461306722043086358e-05
3.157097337474653838e-05
3.932988909896229570e-05
4.033687930418771128e-05
4.134735714726959236e-05
4.296883347983156544e-05
4.149515029867274015e-05
3.318361950930938869e-05
4.023979927911913279e-05
4.442820522152674553e-05
4.867964129835378222e-05
3.585008536572368990e-05
3.959706160301139561e-05
4.891072415132292201e-05
4.410335999573438190e-05
3.896167227099980255e-05
4.043196605477665387e-05
3.535565625055934292e-05
3.604856092025247725e-05
3.443833333870484223e-05
3.656087613429068233e-05
4.713549781286340240e-05
4.120789749379695288e-05
3.824452902095930393e-05
3.951840572328007634e-05
4.120713727769331611e-05
4.527790781814163066e-05
4.801827979101927160e-05
3.764745663465393822e-05
4.484240111038787364e-05
4.255526145960033700e-05
3.769640295090808660e-05
3.966291332216454125e-05
3.662920863675659809e-05
4.022830925104384887e-05
4.512792589158689426e-05
3.951397522212468655e-05
3.536701043727496807e-05
3.318734320414877488e-05
3.774200045253670889e-05
3.849362275183941415e-05
4.958327368111976180e-05
4.281781840075448705e-05
4.113922752036591041e-05
3.801206005652411327e-05
4.409660160815240715e-05
4.246362547657585703e-05
3.922905247671400745e-05
4.757787487034395075e-05
3.778545266862411335e-05
3.545576816705834245e-05
3.576257852562553843e-05
4.481263118313509277e-05
4.170958232289009317e-05
4.163899909453646248e-05
3.771067633605039356e-05
3.509663962587106456e-05
4.164062663026637422e-05
4.247097302863611033e-05
3.517091754860401448e-05
4.586096863553712055e-05
4.227949317950112986e-05
3.914627188458139154e-05
4.449196917865118372e-05
4.209372032710411517e-05
3.733873278819800791e-05
3.660917825343192739e-05
3.829672686689104507e-05
3.890357098192212684e-05
4.324573744153371776e-05
3.542849337370402679e-05
3.501245343833431423e-05
4.061693472806519151e-05
4.187594687622238278e-05
4.147260807615108956e-05
4.447660911249464729e-05
3.944479607172502329e-05
3.165185504789569946e-05
4.266306409319077801e-05
3.540630286303499098e-05
4.683750933781478931e-05
4.075761574862277420e-05
4.056894620256861676e-05
3.863312209211668428e-05
3.691096180315107673e-05
4.355785854239810031e-05
4.187620524147837083e-05
4.757828848754595602e-05
3.467280928983332500e-05
3.745144468499685120e-05
3.871648790163592212e-05
4.968120297826374832e-05
4.060816765441581020e-05
3.696706551536303921e-05
3.861224164245082258e-05
3.984730194967199172e-05
4.179795052859347742e-05
4.728163406659336890e-05
4.666697966403043695e-05
3.742901101182703332e-05
3.938965782291244642e-05
3.300937130914457948e-05
3.645104248490696393e-05
4.142028771438993731e-05
4.053323286652134679e-05
4.129041710016155125e-05
4.418386388617551988e-05
3.838521335191970790e-05
3.592743275182140090e-05
4.074279100659983102e-05
4.696235313588499046e-05
4.346297871418288382e-05
3.786505831890551549e-05
3.758147141740597787e-05
3.863034912996013887e-05
4.519069593634387133e-05
4.502101343076653727e-05
3.993654874977530038e-05
3.626545175244767110e-05
4.527658151378500606e-05
4.564378226706137951e-05
4.385310910345575707e-05
3.485624879724244453e-05
4.222519596736421958e-05
3.589265274874635245e-05
3.878718636824121966e-05
4.071530842094976205e-05
4.229859931570922952e-05
4.672120460375755649e-05
4.803499965176713374e-05
3.879101207698422378e-05
3.829186799138632296e-05
4.822798614232801822e-05
4.595343376808834132e-05
4.211034848628818152e-05
4.073610313661781468e-05
3.676334008602114614e-05
3.137842039719200999e-05
4.323578934848550256e-05
4.358761171198770551e-05
4.006292056372114850e-05
3.512793700764733950e-05
3.463634642949264841e-05
4.238339385978613178e-05
3.309645535643020473e-05
5.190139495667022318e-05
3.698418707244645879e-05
3.727721751797290819e-05
3.689610598799405718e-05
4.327786566195337384e-05
4.666849572088185892e-05
4.216921023014077969e-05
3.724823193805606834e-05
3.939751350030256397e-05
4.103511938940029874e-05
4.055912450232318744e-05
3.867814291251442821e-05
3.547270527295261699e-05
4.187604949759966003e-05
4.430825243541963043e-05
3.434092517613759795e-05
3.281984819776106993e-05
4.046245223512702504e-05
3.985546472356580602e-05
4.247300877917261806e-05
4.702776470500084189e-05
4.112835408032663987e-05
4.543713376098884951e-05
3.696869374305118076e-05
4.391913300795883808e-05
3.917438548309458359e-05
3.870881697506172809e-05
3.580020594026354989e-05
4.297443950932708411e-05
3.789048915278776482e-05
3.884054541225069655e-05
4.503653182116328676e-05
4.196271231353998249e-05
3.623975811892662756e-05
4.053455173716947644e-05
3.868032303586067724e-05
4.478708190571066496e-05
4.657203518156146114e-05
4.497646405740594389e-05
4.341312030752313893e-05
4.081286265867645495e-05
3.768610783718960859e-05
3.819208182543417409e-05
4.096619362010570060e-05
4.073021899031000788e-05
4.661337519958300038e-05
3.639890666786516825e-05
4.098773614095095033e-05
4.574581406728326591e-05
3.404576889581921017e-05
3.762210532828806999e-05
3.781815041149189202e-05
4.256356762936728915e-05
4.449598937836187780e-05
3.899353773440757039e-05
4.052367904467918771e-05
3.418060125031525660e-05
4.659909287500761698e-05
4.395040867547513172e-05
3.825474493716614181e-05
4.402982387765274724e-05
4.149970366743772372e-05
3.680352508211683825e-05
4.053791953086777146e-05
3.729149622249396204e-05
4.618014873839498141e-05
4.821305233028582338e-05
3.878133542792166490e-05
3.932220849318808069e-05
3.579822209936626081e-05
4.427164298150486186e-05
4.037434363011518370e-05
3.618367813336362010e-05
3.886127196630760112e-05
4.589877203690641657e-05
4.477207052980942091e-05
4.088685076925247961e-05
4.493380346090156856e-05
3.981711726841253202e-05
4.092065630076421060e-05
4.628806317783787442e-05
4.931695508973729203e-05
4.131459950657835037e-05
3.907249733411356991e-05
3.918516437088141974e-05
3.774717157014601242e-05
4.040263307712542830e-05
4.935822850704733357e-05
3.932584247761324622e-05
3.332288583452714753e-05
3.636381135550955605e-05
4.250588075574005572e-05
4.141390546562772663e-05
4.138962575927297081e-05
3.762730258220408833e-05
3.490307722696672527e-05
4.315545883853927578e-05
4.280880067605249858e-05
4.407958461547223903e-05
4.682972915637897461e-05
4.016072839555149773e-05
3.669432328259998805e-05
3.798222294317123133e-05
5.036050847614167037e-05
4.003950799623704290e-05
4.231587775056760016e-05
3.742794294346834909e-05
3.534421640196214474e-05
3.557332973722922677e-05
4.197131174928314884e-05
3.939524922881035095e-05
3.639549933906049696e-05
3.554106027372161902e-05
3.959181699390061312e-05
4.091796888150069929e-05
4.182554851286594659e-05
4.627485105295767116e-05
3.878606053276386441e-05
3.829566567493105581e-05
3.953764723621047976e-05
4.425744283566361944e-05
