1.820843141461538537e-05
1.849730710266626728e-05
1.429202804826645435e-05
2.138657480891949198e-05
1.669000973901974872e-05
1.654289906760133129e-05
1.558557003869728966e-05
2.022440758154100179e-05
1.986802223009892979e-05
1.752452404809005536e-05
1.617408452898934598e-05
1.639175913807252563e-05
2.123872459456946078e-05
1.805275820182971925e-05
1.837284253781264269e-05
1.689506041653462921e-05
1.433076794363094589e-05
1.501080266259521179e-05
1.881706832002656642e-05
1.760649422043458011e-05
1.580454538941187173e-05
1.499573809311607005e-05
1.804207841205762668e-05
1.735974427082292456e-05
1.933390628921823542e-05
2.047767165077794377e-05
1.830083820553046091e-05
2.071709283627976237e-05
1.685587451331090856e-05
1.475408293744941721e-05
1.590412315233069864e-05
1.913139033949555590e-05
1.761874325528332179e-05
1.753151000097926204e-05
1.746865265207996575e-05
1.487671659631873158e-05
1.784269841075268557e-05
1.737970347344619326e-05
2.221400875287770298e-05
1.367908019416797592e-05
1.692033572585734591e-05
1.660180581563231226e-05
1.973234866628198667e-05
1.802252031574955293e-05
1.547248736480041309e-05
1.693288809172527811e-05
1.850284085436532645e-05
1.800934766410281179e-05
1.799617165243675966e-05
1.769959460190247561e-05
1.515584617994630068e-05
1.630672627392267467e-05
1.744373505402036929e-05
1.876327497188083924e-05
1.968494388432016378e-05
1.660730968109565636e-05
1.612729261773382567e-05
1.791852096066339224e-05
2.080353166245712572e-05
1.502691907935191205e-05
1.730850709264793982e-05
1.780327477153221996e-05
1.942430961882483353e-05
1.781759603012676238e-05
1.801178960117789634e-05
1.591562929905045374e-05
2.025758174764197790e-05
1.879712471933792504e-05
1.732529616990207392e-05
2.005783557783287165e-05
1.583467072707435297e-05
1.828213868030661022e-05
1.643125601319409942e-05
1.770895016748787949e-05
2.038486710104146760e-05
1.772742702975355311e-05
1.691523356464424188e-05
1.794751796545310710e-05
1.723713233048010152e-05
1.871028588854151736e-05
1.945421665190559719e-05
1.807844381526878537e-05
1.549187112666964089e-05
1.679280643328528696e-05
1.967971974732081751e-05
1.857872416300858148e-05
1.767474698258627037e-05
1.798260173756089701e-05
1.846118580791737674e-05
1.921511864631901816e-05
1.739761871410917493e-05
1.947096116875826746e-05
2.212537018329995036e-05
1.832782378740813021e-05
1.646735971665041804e-05
1.859010792545222576e-05
1.602818687662376391e-05
1.779492640929472517e-05
2.028829812119649096e-05
1.693507578677062709e-05
1.502718964466175720e-05
1.860115858096799855e-05
1.869861210610802092e-05
1.500163845043717404e-05
1.574014818025336803e-05
1.836635434091383250e-05
1.802734070035528967e-05
1.953291733370932814e-05
2.085114091841439957e-05
1.837816638267476750e-05
1.829857229793138240e-05
1.617875910807339742e-05
1.657024032814861272e-05
2.226665693832775861e-05
1.790037313651862951e-05
1.674441523346258145e-05
1.631003424419789891e-05
1.623647951667586296e-05
1.850877166922680511e-05
1.827798356738605682e-05
1.693051312086223559e-05
1.642487077368189014e-05
1.678244056427239035e-05
1.779352237575743077e-05
1.829649746598080537e-05
2.009851338014571315e-05
1.685827982450785776e-05
1.755531307177611846e-05
1.863107624040442987e-05
2.114945226802401654e-05
1.958800976581917834e-05
1.831701332990900240e-05
1.791540176949276352e-05
1.551510815808675826e-05
1.617829175512863849e-05
1.875924462189907621e-05
1.928127338071526590e-05
2.024538906351755829e-05
1.638792423355330772e-05
1.513712898696361792e-05
1.624606582511908795e-05
2.052696707272135796e-05
1.787551950751288939e-05
1.682479840512247872e-05
1.741250528400383520e-05
1.619657223561597701e-05
1.890871175791766204e-05
1.913954924180445990e-05
2.050524021112094366e-05
1.638091887618960029e-05
1.730825780440770214e-05
1.948854972973462418e-05
1.989485314707944435e-05
1.656420738907334815e-05
1.824656505804204504e-05
1.748975127606056253e-05
2.055973348132260570e-05
1.612335850301868512e-05
1.810014076652180406e-05
2.104706142058273142e-05
1.999157363208807725e-05
1.571664467911081518e-05
1.672218684346265150e-05
1.994895097330528323e-05
1.924385643228375268e-05
1.766198154376467859e-05
1.743106835839535989e-05
1.486946943664292361e-05
2.000350435770193919e-05
1.946188099996106578e-05
1.819585988387401602e-05
1.584872653269569069e-05
1.939398521759413792e-05
1.744412888046316707e-05
1.693497895482464518e-05
1.824428766297528167e-05
2.116422373572528887e-05
2.305257007216846216e-05
1.604727337246079444e-05
1.745452091887315395e-05
1.942160080038455639e-05
2.036471875527815162e-05
1.867535822820544746e-05
1.693485661679619108e-05
1.692824835011899482e-05
1.507998566775653534e-05
1.783223241433191174e-05
1.953522301832410617e-05
1.732269315558644752e-05
1.669462137544991715e-05
1.407964581551639926e-05
1.834179673584946816e-05
1.797497584394993177e-05
1.795955458290293178e-05
1.563674980130737413e-05
1.719199768470121661e-05
1.750749119578753568e-05
1.567964282748945059e-05
1.928800264583168978e-05
2.130647387031888538e-05
1.812011320371529146e-05
1.608728806425813670e-05
2.018970601733510246e-05
1.891172817891090946e-05
1.757286354125247565e-05
1.706599811924144273e-05
1.592785183680163599e-05
1.532296823101130041e-05
1.816494088082776505e-05
1.847117999945258521e-05
1.545205914824800307e-05
1.664436584445693745e-05
1.794757785781715169e-05
1.784598792298055321e-05
1.805250340941837449e-05
1.751986701334321293e-05
1.474673226809961567e-05
1.630070308167635423e-05
1.664980162294077279e-05
1.454351279519417860e-05
1.596217548027745181e-05
1.622580228304504993e-05
1.812773872254881780e-05
1.785320653591791870e-05
2.125583555405123688e-05
1.520893485547200498e-05
1.611732433292358059e-05
1.742383075916352419e-05
1.852711334710099625e-05
1.888810700512621505e-05
1.324287326500118731e-05
1.691978576726042697e-05
1.689813358003096444e-05
1.831476160377825400e-05
1.861177442103865743e-05
1.820573885228149693e-05
1.669284376603704268e-05
1.725260500063540868e-05
1.623313163276558907e-05
1.661359100948773973e-05
1.694579865724725075e-05
1.905375414306214829e-05
1.735357260864407529e-05
2.161132838493493689e-05
1.589230018935733273e-05
1.592434401333311142e-05
1.805141218906921333e-05
1.968284544473877275e-05
1.946600415171734710e-05
1.837217437883184910e-05
2.210550798458644887e-05
1.959149511776691076e-05
1.659224509894643485e-05
1.738991519234970876e-05
1.992864243289625811e-05
1.760489143420633452e-05
1.747030017006733385e-05
1.694603064816663536e-05
1.449124984560756035e-05
1.637021950781485598e-05
1.543366200292958578e-05
1.773323141465302569e-05
2.157633480516459495e-05
1.904983693995663941e-05
1.664180174122436963e-05
1.672503951270039644e-05
1.764146310657891927e-05
1.912714821053094013e-05
2.173504697182481748e-05
1.706601383340957881e-05
1.702154755121178091e-05
1.637845548127440283e-05
1.843803632196489107e-05
2.014383050293539124e-05
1.881041269799022740e-05
1.317317738623699840e-05
1.726358820584572562e-05
2.122098508004385584e-05
1.789499612075155633e-05
1.622215588369745162e-05
1.434557015919008794e-05
1.507049726746396431e-05
1.713235622813050798e-05
1.645843183025046626e-05
2.289264766985680264e-05
1.973854346680502933e-05
1.731833385479935520e-05
1.717891554395777585e-05
1.753266284123913864e-05
1.569420198600295850e-05
1.744036126653103949e-05
1.991152490802070488e-05
1.688376793685113065e-05
1.553558553525368182e-05
1.585769265135632595e-05
1.969091911905172429e-05
1.745627834561168967e-05
1.700225791225269919e-05
1.630746409647362475e-05
1.750782613047210655e-05
1.700009642328751636e-05
2.162942657765729092e-05
1.475034935976690622e-05
1.652924793738699813e-05
1.809897895186850803e-05
1.480629797209465240e-05
1.682376746096253932e-05
1.805044073610195013e-05
1.813141239041664873e-05
1.759371445083011718e-05
1.540232836420438384e-05
1.414297886260760609e-05
1.767149262604554439e-05
1.813038263644634930e-05
1.666647229413467833e-05
1.672234298921412818e-05
1.912758175721033548e-05
1.770440756911942327e-05
1.897519528975978367e-05
1.755139829352751163e-05
1.783351792164894806e-05
1.866095758263700881e-05
2.106725270040495017e-05
1.490214283152748136e-05
1.859689091407647316e-05
1.828519900478534953e-05
1.473992496236305423e-05
1.737059171307513868e-05
1.817644224158214072e-05
1.910586398889459271e-05
1.504383528101994873e-05
1.715765368041887449e-05
1.988446945301949615e-05
1.784712918024073709e-05
1.635701736567288090e-05
1.438254130628624850e-05
2.173183540040634850e-05
1.818045122806957311e-05
1.780945887729135744e-05
1.511597998999098189e-05
1.799757428002029421e-05
1.832441173506302534e-05
2.069789661844390104e-05
1.949357392520944857e-05
2.034992993603475369e-05
1.746210935513652161e-05
1.477102863800662848e-05
1.732652066892596631e-05
1.972834492240660691e-05
1.928710540149642988e-05
1.655137381525438012e-05
1.791281131252213927e-05
1.553312272665625915e-05
1.632036402665030468e-05
1.850308374812072829e-05
1.766157754739330153e-05
1.575340122929861207e-05
1.658629513810928828e-05
1.843635877884443718e-05
1.725841573599693810e-05
2.085741630746345445e-05
1.591211449141471731e-05
1.657831260340058923e-05
1.765147744388782512e-05
1.894159098512411643e-05
1.932601822034105246e-05
1.868143642870817797e-05
1.768163730665039748e-05
1.760813857174802101e-05
1.548548767048847603e-05
1.649634822021870808e-05
1.862280577983510050e-05
1.892191621791227302e-05
1.938236085153096313e-05
1.648071071823056295e-05
1.557951265743235203e-05
1.712102481432192046e-05
1.889641834988717596e-05
1.817965553566596519e-05
1.433635757643788715e-05
1.676955019560299703e-05
1.720716873444665874e-05
1.732404387902040428e-05
1.915369176736848685e-05
1.892597755529058369e-05
1.755380415540019713e-05
1.977326116863433516e-05
1.930748901273274593e-05
1.731847109228219414e-05
1.803548251114852821e-05
1.806802304160191145e-05
1.499269918672066987e-05
1.710387609072291904e-05
1.931437665483342315e-05
2.027658503361145720e-05
1.770399642073356480e-05
1.696450075067232766e-05
1.900688279030553126e-05
1.905376335182916070e-05
1.702217131143441277e-05
1.726631101397572965e-05
1.595802338186464990e-05
2.045326119148198191e-05
1.844583571226951192e-05
1.739946695933478990e-05
1.614591037469958104e-05
1.686629709707621321e-05
1.984475329914630232e-05
1.659393794312258912e-05
1.783685166335494148e-05
1.721560829789585328e-05
1.860066033975080055e-05
1.890779573419346617e-05
1.716482578639262572e-05
1.721110697531966669e-05
1.896791680970121919e-05
1.915666521278216412e-05
1.865231082939329467e-05
1.639704046704951694e-05
1.817667432924808019e-05
1.501632325244038744e-05
1.674933296619007274e-05
1.845121117723192762e-05
1.871751407423108749e-05
1.464385279486727043e-05
1.793335069867454717e-05
1.784593921750458764e-05
1.981027517020205909e-05
2.273916989828438938e-05
1.847972527333263657e-05
1.717462338066856264e-05
1.609895439583757857e-05
1.502624475435794993e-05
1.638739674827499482e-05
2.044114094399190673e-05
1.590111540603929077e-05
1.589014387503849229e-05
1.572469340952178130e-05
1.949721498052003587e-05
1.882292783920654189e-05
1.908997860605960388e-05
1.437219462908454417e-05
1.603207321764337905e-05
1.757397101512836636e-05
1.808528003831693780e-05
1.881326832443575760e-05
1.532793829100126919e-05
1.764157623230758304e-05
1.955373805967860698e-05
2.211143668271425930e-05
1.873105670243653957e-05
1.686797486099323674e-05
1.501452462903695718e-05
1.585675700296898541e-05
1.744025236028677708e-05
1.824935676886392026e-05
1.545052035373956496e-05
1.511311614695690932e-05
1.703216814926376154e-05
1.820877554457833828e-05
1.835218221587633922e-05
1.685812552556351213e-05
1.643099389997101220e-05
1.852644709940046960e-05
1.867101668223188437e-05
2.135319996991668379e-05
1.474572057618622550e-05
1.698233211357054269e-05
1.872922589221211111e-05
1.593917297670438584e-05
1.882921822405504963e-05
1.871890512430328268e-05
2.024888755414493895e-05
1.633236940173612411e-05
1.626734783178687715e-05
2.136044402983895143e-05
1.706077599067783190e-05
1.619592354007239301e-05
1.758576670925326421e-05
1.936872366255725474e-05
1.885899354912574837e-05
1.841783198138360761e-05
1.753873999388425075e-05
1.568071803059831616e-05
1.907729126289999891e-05
1.940970109412183109e-05
1.855743729046812709e-05
1.748246027882329826e-05
1.673880649675446537e-05
1.540440909012952573e-05
1.710210512482187233e-05
1.696364122505552262e-05
1.828517917300460067e-05
1.973613132500739951e-05
1.533099591980104876e-05
1.693950695578309647e-05
1.962434108520095364e-05
1.911061317198797167e-05
1.680207168445528340e-05
1.686171409527172801e-05
1.557345142333008760e-05
1.967878151387102994e-05
1.977998328071701916e-05
1.699175576467149779e-05
1.580320936877986900e-05
1.610427295255149494e-05
1.913080989424383407e-05
1.758929928246348037e-05
1.898293990087199191e-05
1.689189906680281931e-05
1.636724826616142091e-05
1.750990605560453112e-05
1.660022703675740938e-05
1.954757058739131141e-05
1.900455115996418150e-05
1.784956568586115139e-05
1.714553729934319688e-05
1.633024470761047572e-05
1.356441840149158683e-05
1.826240589039189994e-05
1.834652112344145079e-05
1.727340688848156880e-05
1.596970671986444888e-05
1.413389949470642248e-05
2.113760641561793758e-05
1.736688924176732455e-05
1.737676653300169899e-05
1.591071982399061731e-05
1.667297046089054107e-05
1.803719141332302104e-05
2.012683942537225691e-05
1.487446392768085330e-05
1.716002990662562943e-05
1.467608454117029821e-05
1.774088565230299712e-05
1.770082764628024902e-05
1.799877286031938199e-05
1.742865344272601140e-05
1.494521242076390283e-05
1.564798360455684048e-05
1.909580120904825020e-05
1.855484251041522237e-05
1.731868284797520176e-05
1.696323122614143761e-05
1.916519947347662968e-05
2.051372349536886844e-05
1.735230177012766410e-05
1.602999642899636317e-05
1.866777214247878640e-05
1.923132020684966195e-05
1.874318652753723436e-05
1.617803661643331812e-05
1.787827201520351768e-05
1.739615966753318681e-05
1.481249869226322817e-05
1.802371586626155326e-05
1.802063207385132452e-05
2.173855508942073539e-05
1.419135221104709647e-05
1.667859558434337777e-05
1.643774724304358380e-05
1.901155931834075228e-05
1.741105317636739252e-05
1.383970597907280461e-05
1.771202516691657437e-05
1.734548477517768351e-05
2.043314634935785996e-05
1.994469175505474509e-05
1.719895186121824372e-05
1.586813397912704930e-05
2.029093591214643487e-05
1.878493309038365076e-05
1.948139220154950196e-05
1.739186099665875176e-05
1.766321736917973059e-05
1.887419669093056069e-05
1.942378526187731275e-05
1.699344619575716251e-05
1.696642913106030006e-05
1.886933987760302270e-05
1.658701536426616317e-05
1.936552540540573139e-05
1.908728924712168204e-05
1.977580787843259797e-05
1.553411235125108563e-05
1.799266772280009644e-05
1.548847385333695473e-05
1.882357724932967160e-05
1.966679773293301964e-05
1.679045131783301023e-05
1.558724097800523193e-05
1.651480342126712821e-05
1.730301219336143642e-05
1.642608279047990408e-05
2.044331760155924609e-05
1.857871510964910608e-05
1.663500797911481808e-05
1.735721171467851696e-05
1.627565066525097327e-05
1.864859855396194037e-05
2.042413329621091153e-05
1.725043769730200610e-05
1.382265930458600407e-05
1.662801806405422384e-05
1.858981135946228655e-05
1.756797470611699274e-05
1.880129042832582339e-05
1.636385797910587856e-05
1.520768116696025814e-05
1.609581081850992249e-05
1.787770476275703916e-05
1.798550737903103675e-05
1.648544062971364692e-05
1.653870581069250475e-05
1.774453071432071752e-05
1.746590452256431455e-05
1.654650482149655307e-05
1.798790414331678065e-05
1.966857817089500237e-05
1.684881045169374735e-05
1.522684019023363450e-05
1.577500114318591883e-05
1.867502315118316637e-05
1.777897482647073719e-05
1.599489857191827515e-05
1.559511817389242348e-05
1.895099871874108958e-05
1.876533940170219182e-05
1.907112656945810460e-05
1.578316573954059279e-05
1.599393492183902364e-05
1.812183339289155033e-05
1.872528784694813168e-05
1.856564351185178283e-05
1.463196761399735079e-05
1.795382363095359934e-05
1.845299415073644298e-05
1.706275265713808165e-05
1.643063090988495384e-05
1.578220458437249964e-05
1.810256940514212026e-05
1.700353349328357665e-05
1.659946639427626225e-05
1.592638037920595328e-05
1.743815810196977365e-05
1.779473304408543690e-05
1.884412273142056467e-05
1.758814088991905340e-05
1.693184343356314873e-05
1.418257937905674042e-05
1.915974859582607217e-05
1.896288559401406181e-05
1.588337463608297635e-05
1.750411442213811280e-05
1.719758776912979286e-05
1.843071802188168891e-05
1.979779824193249124e-05
1.735399595841505900e-05
1.744524179489526306e-05
2.150560000640777669e-05
1.588015263678671122e-05
1.554367095107505402e-05
1.760837005626622039e-05
1.997533989655293112e-05
1.781753722314643687e-05
1.544471009090796223e-05
1.693305569868590668e-05
1.716760054555140186e-05
1.770764649247937085e-05
1.713277432171671864e-05
1.823248324669731472e-05
1.526712474566790177e-05
1.628189898970449208e-05
1.792693217782531797e-05
1.779665741544591076e-05
1.601552184716892671e-05
1.457038199957445002e-05
1.720038405938936112e-05
2.093268379221435100e-05
1.770848720975541323e-05
1.840467751070728108e-05
1.756938341911337109e-05
1.738045303561501015e-05
1.605036109593925250e-05
1.731628412484040335e-05
1.969167792261785127e-05
1.488654558584415831e-05
1.706010619612666315e-05
1.826909858858689016e-05
1.853313035412812671e-05
2.055450346480361675e-05
1.574421551222511119e-05
1.642647851003484053e-05
1.740711724658599671e-05
1.905638986799563977e-05
2.018765673713664583e-05
1.539168107204556138e-05
1.709866283174438424e-05
1.678233385633567007e-05
2.098015236383242628e-05
1.441532407169649533e-05
1.871589463093158127e-05
1.836197628850299535e-05
1.944636046337963435e-05
1.597345284338932405e-05
1.612004755172222523e-05
1.743257623703842719e-05
1.960221409012878987e-05
1.811728189392858233e-05
1.446851189384220771e-05
1.734257394101506279e-05
1.683008800248697058e-05
1.834896058661596825e-05
1.887528310001257043e-05
1.812307224898572388e-05
1.700393375597269589e-05
1.669402175120544740e-05
1.849897171662298652e-05
1.999239046654024962e-05
1.882066221766928702e-05
1.739622520574467181e-05
1.730260732505207341e-05
1.687578033794361545e-05
1.752344166331768548e-05
1.952093266354501674e-05
1.939858011623241859e-05
1.573010120148956130e-05
1.627560771242177973e-05
2.025126039822997632e-05
1.957861681089609207e-05
1.689500758034595112e-05
1.728830715722315988e-05
1.499091732072109445e-05
2.055558788473867780e-05
1.859744794578632417e-05
1.742046913492717705e-05
1.570203408357495479e-05
1.661399837604891501e-05
1.967156675650924547e-05
1.672215092420334468e-05
1.874013123700047780e-05
1.644996268901199792e-05
1.523344350421780178e-05
1.583628749191964309e-05
1.672286890639260409e-05
1.641118714596029137e-05
1.937695619070410529e-05
1.854861817322701618e-05
1.769198577328786514e-05
1.676462923865838510e-05
1.573438224745671524e-05
1.786225155339426417e-05
1.919076865010443294e-05
1.682481480932052328e-05
1.804060939551220167e-05
1.768426959106367459e-05
1.692676814369153425e-05
1.318948124461308904e-05
1.898423850392637948e-05
1.812767385987406032e-05
1.529799083914249065e-05
1.624598374883658383e-05
1.674239174832926809e-05
1.777121201150176521e-05
1.686311245275240605e-05
1.679485593813697281e-05
2.136118353893807028e-05
1.588462400249492470e-05
1.544792718157833987e-05
1.847074725751290453e-05
1.734739479590325983e-05
1.777168841473093113e-05
1.611057966925018495e-05
1.594292505852584093e-05
1.807463794540967725e-05
1.827089327233021241e-05
1.920850541836628409e-05
1.565359573753820943e-05
1.561362745035665354e-05
1.735253507456504832e-05
1.945709336400875799e-05
1.803353753023906805e-05
1.615816247052165219e-05
1.630684577822086906e-05
1.769050984595761934e-05
1.758708638986452015e-05
1.655301369730744393e-05
1.633804084433761170e-05
1.824110355595716165e-05
1.635941218147592542e-05
1.544227621019648479e-05
1.592058606861858260e-05
1.889428293428398200e-05
1.761692805857462607e-05
1.710697531286750836e-05
1.408417230560656155e-05
1.824301584445001755e-05
1.798144226204310519e-05
2.189144259993377526e-05
1.521571720901246824e-05
1.754793468865371186e-05
1.669179742350949421e-05
1.895481510324514195e-05
1.856841938060718240e-05
1.689815013940815884e-05
1.736601035468552951e-05
1.573548600413995186e-05
1.399718197995650980e-05
1.672346433947594313e-05
1.957091747755401024e-05
1.753399569427332145e-05
1.561427228334753771e-05
1.619615058183582440e-05
1.736469011050204391e-05
1.755657404386701926e-05
1.952327945915372382e-05
2.118651938732359587e-05
1.672416037081604756e-05
1.817590234532937834e-05
1.874301139104872163e-05
1.858058541872112729e-05
1.860360312635818034e-05
1.718413569835901326e-05
1.567817257092384052e-05
1.926095783524773040e-05
1.963506777763024307e-05
1.725393834007738053e-05
1.487845703245040376e-05
1.695774327950864440e-05
1.772712266037566981e-05
1.762750520434540143e-05
2.085349915265406677e-05
1.951902512529835401e-05
1.646583390799452620e-05
1.616910331928777752e-05
1.616219380492333791e-05
1.867624137869336844e-05
2.106133628290288837e-05
1.828858980422483682e-05
1.778557307242736217e-05
1.892620700211985679e-05
1.818354714344504473e-05
1.878062010602079223e-05
1.636062045205224983e-05
1.477889080136175343e-05
1.548037742750631607e-05
1.885254317400634474e-05
1.799476759435220650e-05
1.627103429177044987e-05
1.875329830795610748e-05
1.630011157947923746e-05
1.736826239511156638e-05
1.845428785258137721e-05
1.872978257074355167e-05
1.650927089509863068e-05
1.515271681084624816e-05
1.555408251899386630e-05
1.854633711401827849e-05
1.814401870524924774e-05
1.812509509731791583e-05
1.483108995538260082e-05
1.662799568551071703e-05
1.830372567335387346e-05
1.766163861049103908e-05
1.957240868341614755e-05
1.604873239161216304e-05
1.532068979471507681e-05
1.728520058675012255e-05
2.081122526216038003e-05
1.834262993653685764e-05
1.627952018586274584e-05
1.800178403032679552e-05
1.825744136004286495e-05
1.699512083937898205e-05
1.613753156581627138e-05
1.528982656307558205e-05
1.914308402658477886e-05
1.822251132686244918e-05
1.625086204104109419e-05
1.545202273752978886e-05
1.872979536871708194e-05
1.893011066482106034e-05
1.700732531606850519e-05
1.562825369601260269e-05
1.927989663098020993e-05
1.913171783545887728e-05
1.606765744765892962e-05
1.772841490006291147e-05
1.720193460316673235e-05
1.931173506444951979e-05
2.072341857762689292e-05
1.844407877228556426e-05
1.859687242369073017e-05
2.141671527976212331e-05
1.559625036617012553e-05
1.718999752193361619e-05
1.997052379238261957e-05
1.803001156643526396e-05
1.609620412521032905e-05
1.695595175177613115e-05
1.714683369630883174e-05
1.854973210031359406e-05
1.826773517151333693e-05
1.649197478430356034e-05
1.639895187446182835e-05
1.985624154018633800e-05
2.084864839907015770e-05
1.772293480491295224e-05
1.700868038448562293e-05
1.697180387627858654e-05
1.650945945364664809e-05
1.764046703003378726e-05
1.801628568263358079e-05
1.935467373637730063e-05
1.974839832016465763e-05
1.515503028893000102e-05
1.680838373971423879e-05
1.773769863009211814e-05
2.126585452451355498e-05
1.942730678875089975e-05
1.743314587924291051e-05
1.709205366753462429e-05
1.473027107884984735e-05
1.832249828469359170e-05
1.593393521094763892e-05
1.499984413776499978e-05
1.858339605457997882e-05
1.985655611933407946e-05
1.788859821365222077e-05
1.601056294255893937e-05
1.553682745025036208e-05
1.930271670106768406e-05
1.767193311541794904e-05
1.803997392444206812e-05
1.583476563241291866e-05
2.130416612136163258e-05
1.722442908562686213e-05
1.744412726144233848e-05
1.649783655545014081e-05
1.879560339633965017e-05
2.008088063638073363e-05
1.903906188946431603e-05
1.588005604366611741e-05
1.732656735208233371e-05
1.809607186524845695e-05
1.807535841929600818e-05
1.718557274990539392e-05
1.529996070375541989e-05
1.551606554443604402e-05
1.809959843942895638e-05
1.543451557070297015e-05
1.490122724963393450e-05
1.750394378576309128e-05
1.849981747942955738e-05
1.806335074939525998e-05
1.828014400495029946e-05
1.928465124449093516e-05
1.765395704629403321e-05
1.523364668350670292e-05
1.623647286709245220e-05
1.903590088056848442e-05
1.734150441486613018e-05
1.755031254332210778e-05
1.601856058314883141e-05
1.314064712560447212e-05
1.957367326580006518e-05
2.068161229333757389e-05
1.509207004805156787e-05
1.641311950285778459e-05
1.818448746283003360e-05
1.905735757055623711e-05
1.848583043022069587e-05
1.565405190165012540e-05
1.713966748893327297e-05
1.683536763875182932e-05
1.833485240613893027e-05
1.947738200905548185e-05
1.889310642670167004e-05
1.751963820456073161e-05
1.778206867648913765e-05
1.641485207094777412e-05
1.661045496190519111e-05
1.714096845156753144e-05
1.880448757885886066e-05
1.790391583305599307e-05
1.965068691809031398e-05
1.694913292349185780e-05
1.688319296045681108e-05
1.803392450409886080e-05
1.990026933322999348e-05
1.518780901136103790e-05
1.742394152847003555e-05
1.746448530001032265e-05
1.852132986834720765e-05
1.938592711044504345e-05
1.678305803260834637e-05
1.659913917017319328e-05
1.384677074672990492e-05
2.204599696541715295e-05
1.786285338682885033e-05
1.668913766612085557e-05
1.989422155603699489e-05
1.736786694363404675e-05
1.615478334950256196e-05
1.748549229024175369e-05
1.588943122956191611e-05
1.781775133064980403e-05
1.956357387398631117e-05
2.020918468763111369e-05
1.644917924712755532e-05
1.701153730397503148e-05
1.901000716867465312e-05
2.084046649626393059e-05
1.540420843748994826e-05
1.664997971514660112e-05
1.896880961209264011e-05
1.777665820227186135e-05
1.545480481048544147e-05
1.717404252995711401e-05
1.669366205824928873e-05
1.791640358623133167e-05
1.493464805621935100e-05
1.596688145219844163e-05
1.829488831200250628e-05
1.787255912712740419e-05
1.540548739098866822e-05
1.553961195941936529e-05
1.791053035462610778e-05
1.727643864873331528e-05
1.854526973266037063e-05
2.237513326764587273e-05
1.687425155797775796e-05
1.582577034753048770e-05
1.813424210855390430e-05
1.893277259041517755e-05
1.502758067983721734e-05
1.723160129590881769e-05
1.764433739340655739e-05
2.058397245117550597e-05
1.976769357222263969e-05
1.774963244551997841e-05
1.793592618187122472e-05
1.457262520349421924e-05
1.705562772140585911e-05
1.516166734581672235e-05
1.693120798925649498e-05
2.045182052032362620e-05
1.819726338972436680e-05
1.621141472542650424e-05
1.738655953509232063e-05
2.165535401890559603e-05
2.028914595189935141e-05
1.648084625072355385e-05
2.108982221442447572e-05
1.994962009671316237e-05
1.844073687416202304e-05
1.655520598441318438e-05
1.599273427494665061e-05
1.771084956358626392e-05
2.087507911079307363e-05
1.682355190416543334e-05
1.392927331858961854e-05
1.639104608193289587e-05
1.589657061184398764e-05
1.675987341075834620e-05
1.624827339175886494e-05
1.958111969954038416e-05
1.876309846440793902e-05
1.778037268068387921e-05
1.837146285373132573e-05
1.609369695068157429e-05
2.199243411985179699e-05
1.898634065676826725e-05
1.687612625717284717e-05
1.646047990703559429e-05
1.677562964972819447e-05
1.984590784632343349e-05
1.874064443194411447e-05
1.724364421285458449e-05
1.745056314546215121e-05
1.565932799659252968e-05
1.599776175759034855e-05
1.724380951093192424e-05
1.840062645126884654e-05
1.536152026400929368e-05
1.803232818433159803e-05
1.710899435745194774e-05
1.673103427081970893e-05
1.664141732121484914e-05
1.720750586560480311e-05
2.145555817339519998e-05
1.772995453011008685e-05
1.568944647674231480e-05
1.587535965399588516e-05
2.046644794328790755e-05
1.802866986679267167e-05
1.703461649404491079e-05
1.803297215003207116e-05
1.571367821033238711e-05
1.624326679076061272e-05
1.737272535049109908e-05
1.851183773572478717e-05
1.841463482753148868e-05
2.048785473002589450e-05
1.658844309838616965e-05
1.755004603493063469e-05
1.558908328681512362e-05
1.602259775795084100e-05
1.947798235238263956e-05
1.820602221791395899e-05
1.849772525781247102e-05
1.537737815357488570e-05
1.965313747273934490e-05
1.906263611767866468e-05
1.645562947345924530e-05
1.557795899654615550e-05
1.686131088719041473e-05
2.022140260163464586e-05
1.746114938687636802e-05
1.597785962807151460e-05
1.785336252004176679e-05
1.707544513868857603e-05
1.925852731335345140e-05
2.101442903606351117e-05
1.638965746525162907e-05
1.698796624285654763e-05
1.463455219258416796e-05
1.432854938318928328e-05
1.689980379660682136e-05
1.728198772384653608e-05
1.753457709593261740e-05
2.130903350884283805e-05
1.718857526678766855e-05
1.430975071214398514e-05
1.864995227141105189e-05
2.027896282986838992e-05
1.886506807414251757e-05
1.608697754504967304e-05
1.759880618121027957e-05
1.764897705936098747e-05
1.884017338774588172e-05
2.005382461331525252e-05
1.689022286191789774e-05
1.534611993364358803e-05
2.002169505063643401e-05
1.886164264638475442e-05
1.862528884403133681e-05
1.670542049548648034e-05
1.714114397833659835e-05
1.603006620888306264e-05
1.686163407388043727e-05
1.705458111942375021e-05
1.844111852813619761e-05
1.984321357067917718e-05
1.873109984744083584e-05
1.546725752100778982e-05
1.707772632236822933e-05
1.904424846866970044e-05
1.957957653789406914e-05
1.857655536813187375e-05
1.719282868195031773e-05
1.721915426943791122e-05
1.727330225616695612e-05
2.018421478672024130e-05
1.725484191761291120e-05
1.673402702552552411e-05
1.498700612767325961e-05
1.788248483914057195e-05
1.834026050910082337e-05
1.563641869047558078e-05
1.965765377676393890e-05
1.669691437812183767e-05
1.676881412242371770e-05
1.442072060080528103e-05
2.142753384890351925e-05
1.893956735832140185e-05
1.822573352492949997e-05
1.544836776431046524e-05
1.697526947847714335e-05
1.871733726720543610e-05
1.810646774424163656e-05
1.881157136985476660e-05
1.637417232411070620e-05
1.610160111051273544e-05
1.806865496053545653e-05
1.857069512373172478e-05
1.551811358988827136e-05
1.619644571431336669e-05
1.681624725420040347e-05
1.777691621629180746e-05
1.735002099420660535e-05
1.860133002706244144e-05
1.773452562897528517e-05
1.930080392760740509e-05
1.644304080562704033e-05
1.652446336800308238e-05
1.493001681648667401e-05
2.018240117341013251e-05
1.811046877209895238e-05
1.838400813524981040e-05
1.698833432015408760e-05
1.784083811272282712e-05
1.771779032300243580e-05
1.994759438216225041e-05
1.579187904587553101e-05
1.656145391898347522e-05
1.755370714109424229e-05
1.816712085302367482e-05
1.915610310200473480e-05
1.703627681327219182e-05
1.741249499109219433e-05
1.772113453251863144e-05
1.871663182492859365e-05
1.845546838989437039e-05
1.833525718105439648e-05
1.739912706979231783e-05
1.667829808862221505e-05
1.599841574533758567e-05
1.622908986096177397e-05
1.733877858692369191e-05
1.827236618614125175e-05
2.020111290598610996e-05
1.673537819191964662e-05
1.590728451663946783e-05
1.789400877400193290e-05
1.908173806622816230e-05
1.575722742502246707e-05
1.654296516606955231e-05
1.641086817871294197e-05
1.987335494728304316e-05
1.650397594448051148e-05
1.654817829201802215e-05
1.873454298485919720e-05
2.166044884817189975e-05
1.585544733733278139e-05
1.893041413632173242e-05
1.509130334197656798e-05
1.696332801204116690e-05
1.700398746637438540e-05
1.842539233001261120e-05
1.882185915675133582e-05
1.815557465461971814e-05
1.779164444061106344e-05
1.712737185819590167e-05
1.983394273659859901e-05
2.020212856759345506e-05
1.781376494327092350e-05
1.752357360223679567e-05
1.589489971095102579e-05
1.472760743606664085e-05
1.805446901162721099e-05
2.218673171966594162e-05
1.714636417071615037e-05
1.451557915191473529e-05
1.614253892228161683e-05
1.734250477777811352e-05
1.834502132082393600e-05
2.008210939926865796e-05
1.589367749592828053e-05
1.513577849957987964e-05
1.978374493847660358e-05
1.810643803029798627e-05
1.531749540785134800e-05
1.794514436696879365e-05
1.716894392165339405e-05
1.552359745136026268e-05
1.566603094511438623e-05
2.161192925095960758e-05
1.696196470482237947e-05
1.502737494602958248e-05
1.558628155324419246e-05
1.818755809851886653e-05
1.800275817848032988e-05
2.112080977377458628e-05
1.926745342670909956e-05
1.995854718025271825e-05
1.798571887884679884e-05
1.447681450106115241e-05
1.775774737329597792e-05
1.873277202891358961e-05
1.895199076828486687e-05
1.819029751818315545e-05
1.716316531284625178e-05
1.431585162516361604e-05
1.526706277488137058e-05
1.835358335766727519e-05
1.833570871855925532e-05
1.624643136709877248e-05
1.645247508110250724e-05
1.678110332134776189e-05
1.866342017976533782e-05
1.745481736815700650e-05
1.708551893606670492e-05
1.612231774036075152e-05
1.857877995356450629e-05
1.855514585292309684e-05
2.065589346307067345e-05
1.931638421911604592e-05
1.860554026862878385e-05
1.846281903065613911e-05
1.599097815843666544e-05
1.538105740349046994e-05
1.847710951704077721e-05
1.838068470930461884e-05
1.870592977351477265e-05
1.668197625922468403e-05
1.689131891786947029e-05
1.947349054733952606e-05
1.780278806011707809e-05
1.580307814345138000e-05
1.600883481007327576e-05
1.838792903641676523e-05
1.653429035854040130e-05
1.962056088288270574e-05
1.627803205241672290e-05
2.145595347396237528e-05
1.962854463299136768e-05
1.734652989608742723e-05
1.767649797257623474e-05
1.385043061262357133e-05
1.795595386185462144e-05
1.819232941774413174e-05
2.034607028470490346e-05
1.492937783399805226e-05
1.635981423844925508e-05
1.616542773136021702e-05
1.885732420710422666e-05
2.064031882154354947e-05
1.660729599918969282e-05
1.677063535861384196e-05
1.554892805625824047e-05
2.221276008286727195e-05
1.895010632734634820e-05
1.727104382684899452e-05
1.703303361621792399e-05
1.682858484320803413e-05
2.041610525351004890e-05
1.749141075449215217e-05
1.709555483566380365e-05
1.860617185645561841e-05
2.045673517308630986e-05
2.032279980271810984e-05
1.690435637347396694e-05
1.799797064819152995e-05
1.939403313604066528e-05
1.884504624772564692e-05
1.830520136442785663e-05
1.703563483032790205e-05
1.711184717384731514e-05
1.770771260426177751e-05
1.739840474249305257e-05
1.654524857957687320e-05
2.176172289615258663e-05
1.786022335892824132e-05
1.854024738684450509e-05
1.649263462634680864e-05
1.747706548903696578e-05
1.826442059789425086e-05
1.884191321641928856e-05
1.867732236340892020e-05
1.850488325725520869e-05
1.680996167267217726e-05
1.667106193143520003e-05
1.859473896014859743e-05
1.874680900784609950e-05
1.748767419585579039e-05
1.504445243882532706e-05
1.564226058341440832e-05
1.965314659606653017e-05
1.735304582229859702e-05
1.734671309108489856e-05
1.643607620799587680e-05
1.576761111577097723e-05
1.827308732129018551e-05
1.775337255751554280e-05
2.177329683701040563e-05
1.592952028634080436e-05
1.784775922165850016e-05
2.033167234671514307e-05
1.868430084673639762e-05
1.822298941624047900e-05
1.869484531239398994e-05
1.901348378572779283e-05
1.754322412443605242e-05
1.713555562496894456e-05
1.692315479056101844e-05
1.803802319307027291e-05
1.822871455697521394e-05
1.554747858702790650e-05
1.598488937537542040e-05
1.727552052926294556e-05
1.815655875972858042e-05
1.933617721358658797e-05
1.975094299645876043e-05
1.717961922872266616e-05
1.707949493998245496e-05
1.799359560602456514e-05
2.237214367175054084e-05
1.843311924007150915e-05
1.663290926265436552e-05
1.711366023071795369e-05
1.778504162700309706e-05
2.008985789073497986e-05
1.594102643295041468e-05
1.971572073255658641e-05
1.890197014353920364e-05
1.856309928280080689e-05
1.720170115521448234e-05
1.459252075979337263e-05
1.730099765668226979e-05
1.942516762643650577e-05
1.794336614423932495e-05
1.609256433137810723e-05
1.651300499032628028e-05
1.772470283931080405e-05
1.719545737889688943e-05
1.946432772934329254e-05
2.223094147371936055e-05
1.729069732927361478e-05
1.687856653609858215e-05
2.139184034788730072e-05
2.079865406884448873e-05
1.744383772434185298e-05
1.761529288958125399e-05
1.620652239528470789e-05
1.694138401897091190e-05
1.474843241425190184e-05
1.810839997542275725e-05
2.030047438642061699e-05
1.874211969028820608e-05
1.612044549435761893e-05
1.711976665044514029e-05
1.699588664554851813e-05
1.896574947171936808e-05
2.046089143254314579e-05
1.625303544300626889e-05
1.631528212980176514e-05
1.802379545352078428e-05
1.644695542072684225e-05
1.735991995489215585e-05
1.642946498401192117e-05
1.819888919871252955e-05
2.087666165804743807e-05
1.645462882702850905e-05
1.721513830633665957e-05
1.390559926944332360e-05
1.955726961476756350e-05
1.786382718116262121e-05
1.876046050401772425e-05
2.016146889757132980e-05
2.107112755149397293e-05
1.728023106663012135e-05
1.754074750366872964e-05
1.418843078323250116e-05
1.840639395336592083e-05
2.196222566180038366e-05
1.838762170878788750e-05
1.593497040127352769e-05
1.710253846918582531e-05
1.926911032360803514e-05
1.689405247215911612e-05
1.903567789847013611e-05
1.639064980633172931e-05
1.602637058716930465e-05
1.788918316827299332e-05
1.683593282593173708e-05
1.637145911536112562e-05
1.639403509625034092e-05
1.887899206700794445e-05
1.800103952895725176e-05
1.388481828205357956e-05
1.817688598391632878e-05
1.898601907733739064e-05
1.685659846692886887e-05
1.640221410349946597e-05
1.469405143289549473e-05
1.848171801623056971e-05
1.737168069009379883e-05
1.762137249056978415e-05
1.496642981664180716e-05
1.620140827739301298e-05
1.768712547295990485e-05
1.857736074919114487e-05
2.083500482840211929e-05
1.613845847868983135e-05
1.474858962381917559e-05
1.706861221900076900e-05
1.793803101410963919e-05
1.866919191914782750e-05
1.316905874444022091e-05
1.703052917434980766e-05
1.704927762455883561e-05
1.467884190551748868e-05
1.522170086724040760e-05
1.762612092019755452e-05
1.883931460124455123e-05
1.443985909969577106e-05
1.522684154314163924e-05
1.851085285645175164e-05
1.777863511378005733e-05
1.907931272673101084e-05
1.796245342798869339e-05
1.595404745549036340e-05
2.063765756765917683e-05
1.948738132608620105e-05
1.595501645998299636e-05
1.621149457902972964e-05
1.624274320391957079e-05
1.892738950950527738e-05
2.028449136916571423e-05
1.650892358430538378e-05
1.650622013926956308e-05
1.589131167707245404e-05
1.439228083142656311e-05
1.594351962135379447e-05
1.864828638326775567e-05
1.867490182031565356e-05
1.825757925858108858e-05
1.471970600869991312e-05
1.664833178411925929e-05
1.771568241745324703e-05
1.767057417931517958e-05
1.867597812709482233e-05
1.881621213639711649e-05
1.733965773093169130e-05
1.658369715552258808e-05
1.906528784254286931e-05
1.969300148141332914e-05
1.752714152631687709e-05
1.750255696846637942e-05
1.667192200204089430e-05
1.798486268478628386e-05
2.090515695613684612e-05
1.700432960970231665e-05
1.559662263672679857e-05
1.603799651795683931e-05
1.538175606394487395e-05
1.722689111518926214e-05
1.721055863102387827e-05
1.863176975816253699e-05
2.348426589284204998e-05
1.643625757295961751e-05
1.667372096679269340e-05
1.457108956332489777e-05
2.013706008570067394e-05
1.898082610293264389e-05
1.771408687773764974e-05
1.633329139719315654e-05
1.702432951085546209e-05
1.784875763841545099e-05
1.804051997810234080e-05
1.666995122782093656e-05
1.616487718836586218e-05
1.577270149682811882e-05
1.833582182355594068e-05
1.864571242025037172e-05
1.493991070128097741e-05
1.395712931406932201e-05
1.973810740611843292e-05
1.571124698569716582e-05
1.799705077980303836e-05
1.595328127654343649e-05
1.817180236013189352e-05
1.996595348246224151e-05
1.696883245528449185e-05
1.611811917851866771e-05
2.152151509739993733e-05
1.758409454288660444e-05
1.697460592168546634e-05
1.580202904368598665e-05
1.735274532914824210e-05
1.694139178650784429e-05
2.105409412802573246e-05
1.593049284830979265e-05
1.402429192989216072e-05
1.668317271170206283e-05
1.757687115265599290e-05
1.539787849122408638e-05
1.944641707344094191e-05
1.774044451760667298e-05
1.461597311976964200e-05
1.545386392533118551e-05
1.476226402490425006e-05
1.522139727544526662e-05
1.733107548292134290e-05
1.800775869812438137e-05
1.754586552875103564e-05
2.177514250008139363e-05
1.634428388729169702e-05
1.628425625808036694e-05
1.843550938335650153e-05
1.941444821564268210e-05
1.996769692227537285e-05
1.589516821556016690e-05
1.694874188942532134e-05
1.685982739424677710e-05
1.942044757782842418e-05
1.949363218390113588e-05
1.866429079284509136e-05
1.890024237311926412e-05
1.571285749135253597e-05
1.598277514395983638e-05
1.669534382577565952e-05
1.898175195975943704e-05
1.851140014725529925e-05
1.510548969286736166e-05
1.632744918673580573e-05
1.766831234092025235e-05
1.685034801014165582e-05
1.721379468761168499e-05
1.772883390245142191e-05
2.048922446626540579e-05
2.073147700630003460e-05
1.694570449579783740e-05
1.416188803533104144e-05
2.062796089675024772e-05
1.878631081643305267e-05
1.734192230216326025e-05
1.607070707996632154e-05
1.603845602468959957e-05
1.573522267716812134e-05
1.723705341412889501e-05
1.618896198544551390e-05
1.804784577647977498e-05
1.873766772178881075e-05
1.921417853591633924e-05
1.708694063032735710e-05
1.730131711025429059e-05
1.892567853576508386e-05
1.862726767284723198e-05
1.785512107384019405e-05
1.715889714160437395e-05
1.637189534331873813e-05
1.775677872908672537e-05
2.117498568974377602e-05
1.719814967966712234e-05
1.630232776281247345e-05
1.569819349976371892e-05
1.787336389315015358e-05
1.649214426700273994e-05
1.909778445715815394e-05
1.822436023891246828e-05
1.828948140887813459e-05
1.580252738078150024e-05
1.972825406511294357e-05
1.991306054514622870e-05
1.588640897265435327e-05
1.748005282833616633e-05
1.890483793723445502e-05
1.744413175726669879e-05
1.903274990227959274e-05
1.789134918624403573e-05
1.585779438106015954e-05
1.477690732061799630e-05
1.817098474719736377e-05
1.775159693075231527e-05
1.451402308579788986e-05
1.578062960567244239e-05
1.771126711783990536e-05
1.765274729778954686e-05
1.932922487796177614e-05
1.876252042282657552e-05
1.754773902743120070e-05
2.160742954202542434e-05
1.693411907837201450e-05
1.527029282964584427e-05
1.570802514284009335e-05
1.976924838084059732e-05
1.759555046198784403e-05
1.822802520252850573e-05
1.749773782935687202e-05
1.576192364112687994e-05
1.820216486602223822e-05
1.845957097186151053e-05
1.877934728532374979e-05
1.618440013918489816e-05
1.424519652665283952e-05
1.723384945686972570e-05
2.029459209339938076e-05
1.793006740291015023e-05
1.533505492530645462e-05
1.708018332970210598e-05
1.665151426458966348e-05
1.776517844524580327e-05
1.901777147155540523e-05
1.986939283861968882e-05
1.888524624008569439e-05
1.494501894435112836e-05
1.442522854422550618e-05
1.752208217676058059e-05
1.855045607204310084e-05
1.799710538856504942e-05
1.958197954461656990e-05
1.733212886108489136e-05
1.624755883344593420e-05
1.855825589470595891e-05
1.901064277810596520e-05
1.725978992004342333e-05
1.749550204290100676e-05
1.464354817493352445e-05
1.569195288341041386e-05
1.787307677629253433e-05
1.818201931310636088e-05
1.490779011102316893e-05
1.680293002845878583e-05
1.810274702692507394e-05
1.703682421769065389e-05
1.602894825417178833e-05
1.757436071487140572e-05
2.122315472519589874e-05
1.646535918792512961e-05
1.491005060395311561e-05
1.628158110698481976e-05
2.025423652063715799e-05
1.836876141519770480e-05
1.816802723120346382e-05
1.522627854215717342e-05
1.641179319178790889e-05
1.909389813123577284e-05
1.893522112913828266e-05
1.962604100201080908e-05
1.624269680266157887e-05
1.622751366232865711e-05
1.643822529315871255e-05
1.920347031707185701e-05
1.820008146711142658e-05
1.508889650355177101e-05
1.668567959295815166e-05
1.753428909043030714e-05
1.757833254250367925e-05
1.570155094825725924e-05
1.558025493748184067e-05
1.868983091326096999e-05
1.789058209429443026e-05
1.509461713314617382e-05
1.399382916294802159e-05
1.726570304572859959e-05
1.722327799808103473e-05
1.788964708922959911e-05
1.864416909979720028e-05
1.833634493138044033e-05
1.452938412297248866e-05
1.747098404594189358e-05
1.903859415946432124e-05
2.088429628304263059e-05
1.574785482472382020e-05
1.712237494138385861e-05
2.106680156571196942e-05
1.933059000230174786e-05
1.696358087031275331e-05
1.751914557752051716e-05
1.544370366654661196e-05
1.574214772951517077e-05
1.519487985986709226e-05
1.580083262482077255e-05
2.025767416496926818e-05
1.778877889459570528e-05
1.703219480683558547e-05
1.730237437628985122e-05
1.787056823956738940e-05
1.944122932175392057e-05
2.062856790850882053e-05
1.653076450355729163e-05
1.946386562085423476e-05
1.858914471590413412e-05
1.631083847140877056e-05
1.733444219255732074e-05
1.621582850179544163e-05
1.738972130549148686e-05
1.959517005279637976e-05
1.712896597878726785e-05
1.552668760122515761e-05
1.462064559423329770e-05
1.660423208111434521e-05
1.674040522721578192e-05
2.149089290393447864e-05
1.863733462371378638e-05
1.804025730249907372e-05
1.672768922352025730e-05
1.903252162408076542e-05
1.829275065774222750e-05
1.694823947294917563e-05
2.045041119280339789e-05
1.640519424195849892e-05
1.559372457529457453e-05
1.554184086928290384e-05
1.930886625731867984e-05
1.820865357982319585e-05
1.817200252977323690e-05
1.668957350609055087e-05
1.534690809193001274e-05
1.789916563638819345e-05
1.835571004730843179e-05
1.555331321225587328e-05
2.006004480541484879e-05
1.829650043769200714e-05
1.715404439264537440e-05
1.919917696292624323e-05
1.819632199533549537e-05
1.614203039325007994e-05
1.616629196610083630e-05
1.678146359007694831e-05
1.681291387449404523e-05
1.875372618861495972e-05
1.545591302606426538e-05
1.548696847080352626e-05
1.785873018726279719e-05
1.815474748632782854e-05
1.799761060533947778e-05
1.924511065309255717e-05
1.723720451153621999e-05
1.425442802275548272e-05
1.872697460648980783e-05
1.547868674639231402e-05
2.028261045331037162e-05
1.773883840050788843e-05
1.780538121300103270e-05
1.692770444135004574e-05
1.619241307946150238e-05
1.935432033501311133e-05
1.844284237344845834e-05
2.052094441719129136e-05
1.521910396718274248e-05
1.647220243256061379e-05
1.706907347841170154e-05
2.130332464863099240e-05
1.769149304170656651e-05
1.606490956135904835e-05
1.676680931335163083e-05
1.738165502336515671e-05
1.816719787076452304e-05
2.032212319144392632e-05
1.999987710367478476e-05
1.644782145689639485e-05
1.717821521345016682e-05
1.461732996153496690e-05
1.618834907797583671e-05
1.810930016758730454e-05
1.756576882487246089e-05
1.794937345029990692e-05
1.906710253949542782e-05
1.670943437953262357e-05
1.588108113778164958e-05
1.774149846286940141e-05
2.022576308969969899e-05
1.880184637244984247e-05
1.685451396998256617e-05
1.646292143876446461e-05
1.692035262656734745e-05
1.945805998322822233e-05
1.948697527788838249e-05
1.756539585615661956e-05
1.574834199957535650e-05
1.969649759349004526e-05
1.962984773615426251e-05
1.912199166412805390e-05
1.535719586652139552e-05
1.853551445271303249e-05
1.579538000341823860e-05
1.679635712053856824e-05
1.789925794144456322e-05
1.843545362995558547e-05
2.019883851596890797e-05
2.062152584513835213e-05
1.666934399255720297e-05
1.673826982686224050e-05
2.085907994753277706e-05
1.988118299643499976e-05
1.847534981332484743e-05
1.764016296082940492e-05
1.609846605941124542e-05
1.390634643091480345e-05
1.895366592335570349e-05
1.893438058575226321e-05
1.740832637171054449e-05
1.555330295692915104e-05
1.490703516842197175e-05
1.857943782854641073e-05
1.449764003343539163e-05
2.218686696955231890e-05
1.599609922657897708e-05
1.599036957367980650e-05
1.605481412890922169e-05
1.865871861634712294e-05
1.999422813459227733e-05
1.836944043739066672e-05
1.633686265629552924e-05
1.724103795481261885e-05
1.750658609148138224e-05
1.776760966042002907e-05
1.685053138308138280e-05
1.559357031988966040e-05
1.810003664816158962e-05
1.929280333547626300e-05
1.504680319289819058e-05
1.447550286801340723e-05
1.778870610205929225e-05
1.734334987195706231e-05
1.835660290491896053e-05
2.031143915147304532e-05
1.777833595314106738e-05
1.942682018033520822e-05
1.628516938083541827e-05
1.902373854682747531e-05
1.698746244782922178e-05
1.708255795451732906e-05
1.576314306676210948e-05
1.874733329226289713e-05
1.670773175275474206e-05
1.685351698010132955e-05
1.937524320704876892e-05
1.798755084994122498e-05
1.575388446803840706e-05
1.765141595104069151e-05
1.682806253683824193e-05
1.956083770558600943e-05
2.028414101211671480e-05
1.961366618066854496e-05
1.887408139677649132e-05
1.767456567662641109e-05
1.640664419991493079e-05
1.669916611071687725e-05
1.799300589119657667e-05
1.751972342760476004e-05
1.997793786493847344e-05
1.580709318007218506e-05
1.802988463648877413e-05
1.978059596654803027e-05
1.492297133042538256e-05
1.630505100850523071e-05
1.636765959426262910e-05
1.843404700465464791e-05
1.914631996282311206e-05
1.699664062646263565e-05
1.780676346488639875e-05
1.507496533158450631e-05
2.004761232928663030e-05
1.916402865014097358e-05
1.670771118475495459e-05
1.907949591249517930e-05
1.825855392952049501e-05
1.593055916303451382e-05
1.773130013128151533e-05
1.621105824623216585e-05
1.998099751495025056e-05
2.052598936234376051e-05
1.696326841235434781e-05
1.719814579206561860e-05
1.563491396580995551e-05
1.919283244259370997e-05
1.736810200422414594e-05
1.582951276818517873e-05
1.702187464875017385e-05
1.947235199355710705e-05
1.959546728867702303e-05
1.779181166796656849e-05
1.926272510362870378e-05
1.752159525936840167e-05
1.800674424352314320e-05
2.010045888635113266e-05
2.133056393584085268e-05
1.794956478034910610e-05
1.698068556703577164e-05
1.714443699264754658e-05
1.647062661150488455e-05
1.768889337499050514e-05
2.146402745170083461e-05
1.726718165595000641e-05
1.453880907885160156e-05
1.605981793633905099e-05
1.835086233810009589e-05
1.793800499956607557e-05
1.779915827675009472e-05
1.643869906858354922e-05
1.526978144415100811e-05
1.867105337714484477e-05
1.864205493698826277e-05
1.919185338853597101e-05
2.005336318206563128e-05
1.733771261256004934e-05
1.598551569374557000e-05
1.674582791155463374e-05
2.147688769188420125e-05
1.744793423119110973e-05
1.832873858922593382e-05
1.635237355263175456e-05
1.530948392609324059e-05
1.557988089552301696e-05
1.828264545122965340e-05
1.704939822454666331e-05
1.594062701168075884e-05
1.561385928903689563e-05
1.738653321272241840e-05
1.771391327420129781e-05
1.829556676762045253e-05
1.991876429381602535e-05
1.690571672176396079e-05
1.701261375008310714e-05
1.703100607529385626e-05
1.921897576489739741e-05
