7.664985473655807908e-05
5.971032996071826290e-05
5.571204941628066953e-05
8.005546085142095408e-05
6.777852670882739182e-05
4.973010778421684761e-05
7.137491357867305057e-05
6.370438230333711166e-05
1.025029028275404724e-04
5.595685920758079301e-05
6.730606821809059586e-05
6.703194490328552818e-05
7.429302422405119279e-05
6.939954946913608853e-05
6.445669515691673833e-05
6.470453751500597082e-05
5.911887522931189590e-05
4.997957929211598916e-05
8.136360678931353824e-05
6.210328265002136052e-05
5.720382023442175268e-05
6.007691919858355347e-05
7.364298524694393644e-05
6.959666779716282574e-05
7.694223829263561988e-05
7.812516737464414820e-05
8.613001348973542838e-05
1.012970783849302767e-04
6.068884023734364981e-05
4.278830996111129332e-05
6.914519428212013909e-05
8.278346769931098489e-05
7.098441455156482530e-05
7.090735140097425442e-05
4.446726535577766781e-05
5.622066424497099851e-05
6.457515821470813724e-05
8.320197442189747805e-05
9.569613991545823401e-05
5.833993345207133378e-05
6.351822856565264867e-05
5.386879982444462388e-05
8.704424393001606729e-05
7.727202937020033794e-05
5.283220704170232335e-05
7.264863167264061256e-05
6.752109639005830842e-05
7.271055210261389797e-05
4.949373030264339368e-05
6.960432081730790659e-05
4.778467857456590405e-05
6.192982703282580480e-05
6.742708572856456371e-05
7.752659035196107166e-05
6.954578424698783842e-05
6.093644342990373140e-05
6.295501840891687016e-05
8.291625898850532800e-05
6.959921319812406744e-05
5.187126297982398487e-05
5.712807803779834984e-05
7.002171888095396390e-05
7.152321790836493572e-05
8.252312360425253428e-05
5.793229753251212381e-05
4.966522737263994174e-05
6.232683705099957138e-05
6.667227625849645400e-05
5.935760458163486501e-05
7.282781008915207601e-05
7.021702080983895479e-05
6.619523318180315686e-05
5.463386141695918379e-05
8.415547986115208534e-05
8.797554191249226706e-05
8.511697034039894961e-05
4.998012470071393323e-05
7.774472849909539168e-05
4.702329591356365886e-05
5.078234019247637818e-05
7.680230602961892405e-05
7.490738569758464895e-05
6.910813352301751545e-05
6.719444036828885246e-05
6.604250258663314766e-05
6.992708145398042496e-05
6.635658391603410893e-05
7.257425634843247164e-05
9.031981814762957367e-05
6.229385095240747787e-05
6.158994436691349523e-05
7.793954694704257518e-05
7.856491107232298730e-05
6.102290201743868750e-05
8.219511034677747310e-05
5.392028112912072748e-05
6.162661048224462668e-05
5.620376892305403699e-05
1.015466303930431791e-04
6.981143124604005754e-05
5.146646017766653953e-05
8.439494618335314938e-05
8.168460303866866890e-05
3.930314157424663575e-05
5.930529481315264558e-05
4.780748964559004962e-05
7.013224785482767077e-05
1.037503876912005551e-04
7.267023181000803163e-05
6.113231791029502321e-05
6.434916164970902984e-05
5.749001959607474269e-05
6.552099854140019648e-05
6.834854206440188636e-05
7.715002766171299953e-05
5.135779962820077448e-05
5.010947258397998282e-05
7.200906852427220201e-05
7.580167220758435634e-05
9.333224846360035486e-05
6.286487459753530385e-05
5.450969389563087823e-05
6.225139655776001566e-05
7.837114915904317509e-05
5.951050930619451962e-05
8.513565779597498818e-05
4.621073540082020918e-05
7.085298999874694019e-05
7.723460427749558131e-05
7.542180828102214567e-05
7.634945914931758960e-05
6.168374922934894377e-05
8.264989020324880380e-05
5.205703794622076392e-05
5.533575879691981987e-05
8.293123210210731860e-05
4.197979250416094800e-05
6.396314748903012795e-05
5.220063803183685840e-05
6.364846540497613855e-05
7.363133113289416264e-05
7.415689124899935169e-05
6.035576313226076711e-05
4.847653327760865783e-05
8.033768727836456357e-05
7.187948189712273174e-05
6.575552795393792900e-05
7.479863163901700758e-05
7.693669376759168445e-05
6.554582118342290706e-05
5.096285026090133620e-05
8.108413237462182808e-05
9.414638324694786541e-05
5.979251364695926170e-05
6.800180208006434141e-05
8.392654322123236927e-05
9.077812162851572116e-05
4.743704351668123206e-05
5.925790373281396496e-05
8.440896314225678116e-05
8.399538684552041801e-05
6.444420397530310068e-05
6.467101266250330704e-05
9.812477953483530742e-05
6.092117171085609332e-05
7.285456203153305263e-05
4.610752207747575109e-05
5.249218686086715049e-05
7.574240141438405354e-05
7.494184880455961103e-05
7.236658081632177343e-05
5.508830880814919606e-05
6.029109435736349155e-05
4.212227332853857542e-05
6.736722234468383674e-05
6.554806860313108666e-05
9.330036714839936099e-05
8.159228206200797408e-05
6.144945983789130311e-05
6.627597082452547765e-05
5.570637085014701009e-05
9.711688612315682212e-05
8.460619671471325380e-05
8.583711868206673600e-05
7.433479563133590375e-05
6.072981712656211361e-05
6.393597909117028453e-05
9.772925715613952117e-05
5.885647262966968820e-05
6.900246329774607486e-05
4.876934567123164923e-05
5.641556802251309374e-05
7.021294166584711655e-05
8.143137263192927358e-05
3.665803454780254637e-05
6.648496314693882710e-05
4.521321888860379147e-05
5.600485512643725176e-05
7.741617065922452346e-05
8.880304081665304616e-05
5.552369824501884172e-05
5.076699356737085511e-05
8.418004922306689011e-05
8.895896724884386978e-05
5.552191925419973042e-05
5.570632391571567953e-05
5.016138199739473126e-05
6.348293497060732388e-05
6.110408505250590776e-05
7.692729106885219789e-05
5.200266201921622183e-05
7.215759175388990144e-05
5.435077476954317178e-05
8.468027050356869106e-05
7.034243397198668135e-05
6.940201629116536761e-05
4.870556413430014839e-05
6.083742985737879805e-05
7.124962609914288979e-05
5.730338563916802952e-05
5.816477347025969747e-05
6.448897268054701087e-05
8.874391666366110161e-05
5.964077852964104839e-05
5.177447449993160443e-05
5.000170482486693220e-05
6.213409654987855056e-05
5.823569095480967165e-05
8.607184670123959398e-05
6.378170067938540762e-05
5.554828884004140712e-05
5.611414585168376300e-05
6.223113548022539410e-05
7.686877398644749373e-05
6.904880688442432740e-05
6.048937211567325940e-05
6.332069239181976536e-05
6.740149464455629956e-05
7.416341600042636849e-05
5.515281115810770015e-05
5.244049153296627213e-05
6.835831827391506115e-05
7.067548141549574844e-05
6.755808972320879492e-05
5.849743412460138548e-05
5.223431158715492360e-05
6.999913208339392364e-05
6.179100658796337503e-05
8.698249070529749649e-05
6.593269629055208982e-05
8.774446836812299123e-05
6.381720964540509651e-05
6.322590145472049990e-05
7.772403224370506435e-05
6.945811316395922622e-05
6.342428206706979602e-05
6.632404459964438229e-05
5.710026473285543451e-05
4.679665844013706642e-05
7.492299671762169824e-05
5.575260727783631172e-05
6.836820240822821934e-05
7.379235147870448627e-05
5.888003958073934665e-05
6.128141983139431120e-05
6.032564531819056971e-05
6.688022306790991113e-05
6.461685562077080082e-05
1.036853028025551865e-04
6.150280901918647671e-05
5.776517549694073735e-05
5.327687549890116220e-05
7.306608409347183184e-05
4.764673281541336987e-05
6.873571695617136407e-05
4.664643687321901109e-05
6.638080816731918349e-05
9.002157344056647265e-05
6.341085217022634287e-05
5.991502692596599867e-05
5.524581429224825123e-05
6.421114835112963818e-05
5.755404251331758508e-05
7.177880532647056542e-05
8.518685360482464912e-05
9.620328383086817841e-05
7.179257650612470561e-05
5.335254686579316886e-05
5.918483578642682371e-05
6.490404474102559585e-05
6.642743335357923721e-05
6.768992832931899710e-05
5.844744599276468995e-05
5.131531386148752589e-05
4.854380639075421913e-05
6.717762238330633447e-05
7.223767509428903057e-05
6.834418946047251967e-05
4.265204756532948028e-05
6.843705485933362399e-05
5.057987914597503155e-05
5.962827425130397084e-05
5.725110584345191399e-05
5.999024854454043101e-05
6.377705323221915222e-05
4.739927738473669890e-05
4.851434962425561618e-05
7.891948994349006971e-05
7.089863262226322050e-05
7.046456870519664532e-05
5.278691107185044844e-05
5.106582602492749456e-05
6.606135236811677106e-05
5.240386882230451895e-05
5.154827144728397055e-05
6.765779852564163938e-05
7.334979315621642417e-05
7.345944511274480140e-05
7.075907547418929455e-05
5.634539950077530578e-05
5.286528022662841737e-05
8.220256450068402743e-05
1.051261999248791651e-04
6.586375719221394787e-05
8.971032627937400902e-05
6.535439417831418699e-05
5.773459519724171243e-05
7.262065646607422827e-05
6.269691067819553013e-05
8.267717741423736210e-05
5.381902291162159581e-05
6.271834564893493476e-05
8.737437615908274439e-05
9.245354719560316395e-05
5.098322784331135271e-05
5.094919081683489047e-05
8.090803842426564632e-05
7.105455402059258712e-05
6.271720655849967756e-05
4.517603565738959368e-05
6.053537290158150303e-05
8.010742205432384649e-05
8.624318696035040705e-05
6.966967439419421602e-05
7.596709390745333271e-05
6.430344138581214756e-05
5.735577627470237150e-05
7.276060912496359119e-05
5.793493378633454949e-05
7.676235665195310946e-05
3.776873685599120995e-05
6.302692417598160842e-05
4.807241273353134230e-05
7.425195020287903079e-05
5.990736212449919749e-05
8.652056021557316841e-05
4.198967886258797073e-05
7.025382655027064373e-05
1.104868386173617776e-04
6.900258249708392082e-05
8.985306789908219867e-05
5.035265684788606819e-05
5.390564131622645568e-05
6.674324097284459168e-05
7.296709119774319929e-05
7.664135726061601555e-05
7.137696948073224109e-05
6.081343908319654124e-05
7.687898809781765598e-05
3.261070716731027963e-05
6.293721375242535725e-05
8.020034629520042589e-05
6.678333134907051027e-05
8.029002656561833582e-05
6.091305134810779060e-05
6.697584418890995374e-05
6.767877218167709155e-05
7.193543077058679855e-05
6.854312766611686558e-05
6.108736740621327477e-05
7.576884704086440719e-05
6.016153285103594103e-05
5.856682880104748754e-05
9.437718748970932634e-05
5.869184144850259527e-05
6.835170797472526875e-05
8.947696934104632286e-05
7.724130463991292007e-05
6.224967833370719092e-05
6.464661008582901444e-05
6.298428291579148046e-05
4.383685807980232700e-05
6.140953760368012741e-05
6.777320618494042149e-05
8.931616749997962196e-05
6.812377680984463746e-05
6.423701479930463295e-05
7.627121543035236513e-05
5.767454084030886182e-05
7.672093900946856725e-05
4.842047053027183703e-05
4.884387617128262111e-05
9.548369486538726915e-05
6.654582759731266861e-05
6.318012922353066774e-05
5.013082225086699283e-05
6.754605362544580625e-05
5.737352048497432828e-05
5.617255561500206283e-05
6.933530884484196636e-05
6.548333202983175284e-05
6.714985866826153854e-05
7.027373435581721361e-05
7.711532600185381755e-05
5.609791037484877709e-05
5.647777379612391174e-05
8.465052392161348841e-05
7.256500288467873649e-05
6.455659946422536680e-05
6.016018536772124725e-05
6.572563815838392302e-05
5.948131730320927623e-05
5.884281594743960212e-05
8.180573052726482696e-05
5.423744080025960450e-05
7.030288668826868551e-05
6.363220674712293792e-05
6.489983636151069055e-05
1.167263314015177936e-04
9.050512323925388660e-05
7.912958416971125535e-05
4.724324721800246595e-05
4.596237766532855343e-05
6.102757302404308892e-05
6.995316329836839765e-05
6.957980616790687754e-05
6.253545082095037801e-05
6.012333702004410164e-05
5.513865506998840598e-05
6.552046559871375453e-05
8.386715788239293868e-05
5.364875722691034445e-05
6.385049758935583441e-05
5.297036450406263070e-05
6.846671613816946789e-05
6.579256691890455805e-05
5.861325032277825561e-05
7.293644385075363041e-05
6.405547425653986492e-05
8.973259896153248591e-05
5.524611550439492724e-05
5.537226533084258802e-05
5.441532572504486373e-05
5.476816195113760129e-05
8.871234263373904911e-05
6.943936714296133417e-05
5.551821493790537075e-05
3.991882468299736699e-05
4.825182404308219977e-05
5.855940825832065672e-05
6.318421046451653893e-05
5.305837110004068370e-05
5.104930873881166197e-05
6.254968703423638692e-05
6.213945596027669238e-05
9.770488450657423729e-05
5.480239235519599594e-05
6.520272974691757397e-05
7.771503193603008434e-05
5.539893088314921699e-05
6.911510308519601029e-05
6.458110571105355531e-05
6.486143381836199906e-05
7.130201745153003773e-05
6.320023501595512004e-05
8.593645433972382786e-05
8.388246579283641102e-05
4.338858983083515299e-05
6.388826107265437591e-05
7.612224776127933469e-05
7.553087301479044036e-05
7.102483578538678428e-05
7.272363815401503863e-05
5.583061540765396711e-05
5.104294031893913126e-05
7.935510319463664835e-05
8.168595945275520197e-05
7.711227420606525977e-05
6.298579160852113210e-05
4.372674817095535931e-05
6.757779039518730898e-05
6.507684496545330368e-05
7.932525338893296784e-05
9.741595189921238216e-05
7.825671626058375307e-05
5.444972239925025529e-05
7.112985769551181134e-05
8.348751579246468349e-05
6.947709358915539967e-05
6.694025815687104923e-05
5.764688952492425607e-05
6.966817064435292103e-05
6.461391786670424525e-05
6.204909058266356409e-05
6.561448635538978484e-05
7.119146702062607293e-05
7.548495565436773096e-05
7.807286108073043494e-05
6.035123228489968765e-05
6.282274821683671642e-05
6.183454235003429922e-05
7.138481716169862469e-05
6.959950032661215379e-05
5.353000186993416367e-05
8.187335498912821496e-05
7.796706838981200954e-05
5.511858771909123846e-05
6.200204142930298848e-05
5.293233416280213234e-05
6.410299541101719366e-05
6.649674561694327718e-05
7.356159343198517483e-05
7.254208259164428253e-05
4.139047047258965351e-05
7.545059216022998057e-05
6.267507346175331471e-05
7.650404922109006528e-05
5.029497108307295900e-05
6.589115514904633026e-05
7.543067286317178387e-05
8.010942334650711664e-05
5.383712798470658621e-05
8.059932480121938638e-05
4.701621934955711848e-05
7.130795188917032402e-05
7.047547267284229181e-05
6.852492765822269544e-05
7.038616764714722245e-05
5.670103149746840918e-05
5.649286316665508214e-05
7.719537543865241148e-05
5.160803820677954164e-05
5.189199782741423000e-05
5.304172766156262656e-05
9.533710877947742211e-05
9.196754300084972406e-05
8.133393992606540791e-05
6.006109260602220882e-05
6.059041960587548478e-05
6.787798285366266097e-05
7.885125418842141786e-05
7.540721262724983708e-05
8.681007544980621040e-05
5.464363826381279265e-05
4.856139654163470448e-05
7.429404167487517040e-05
5.875200846462052732e-05
8.554585564515956517e-05
6.161687863980373737e-05
5.756758292563630877e-05
5.562159887743156795e-05
8.455039303588982643e-05
7.269355373029546565e-05
4.516617532782224160e-05
6.839617925236902486e-05
7.819305954646305827e-05
7.078169042974173848e-05
6.916677385820514516e-05
4.181813487120530074e-05
6.147103978174294446e-05
5.613003813927642497e-05
8.601076959129090691e-05
7.425502970054284678e-05
7.376744311069571923e-05
6.476152317230163573e-05
7.735322745154643760e-05
7.574726559375910822e-05
5.412909382639175454e-05
6.877564031544709951e-05
8.521725856897815305e-05
6.646995233909888743e-05
8.434930659619468247e-05
8.053402297769606530e-05
8.550385213309731776e-05
5.952630011222887000e-05
6.210129270404965830e-05
5.331367213307185848e-05
7.497311667806811524e-05
5.411986739649820265e-05
7.738396034631382539e-05
5.136848284384357545e-05
6.409224871966940804e-05
5.693369127735316835e-05
6.150673340103360569e-05
7.834785818785586242e-05
8.020293323931953805e-05
7.522462588490981419e-05
5.823925306781675237e-05
5.335589130988613359e-05
6.509746303352299942e-05
7.666961057772765382e-05
7.674186991498370544e-05
4.525109441895903121e-05
5.737030488173120422e-05
8.225517096497412931e-05
5.634865737251900557e-05
5.762283570062286427e-05
4.533051945596754020e-05
5.482815589983753164e-05
4.955573026394872679e-05
7.116303382926722379e-05
5.961881962441722982e-05
5.805354278033962346e-05
5.882395949039308491e-05
6.236782326070744312e-05
4.964351204646612629e-05
7.070847260312921288e-05
6.633169960040280900e-05
5.448132385505332525e-05
5.491612505177141538e-05
5.005208931834283676e-05
5.829518937108600873e-05
7.765522001792121427e-05
7.498037031583572548e-05
5.674253771239187185e-05
6.227883286196216550e-05
6.537755658473081311e-05
6.310954334968690719e-05
7.908648548211454641e-05
6.161641253834680037e-05
4.643625394959809941e-05
5.254395180742352808e-05
7.503334615655838497e-05
9.480911060309302923e-05
4.986053832404265093e-05
5.761138119202536769e-05
6.944351856553426902e-05
6.147262307603169787e-05
7.333909054634376234e-05
5.596285968450057259e-05
8.565213188510449399e-05
7.226414079921291713e-05
6.082229964686274390e-05
5.972118257047850346e-05
7.710114433124409231e-05
6.524967250276152511e-05
6.951429164320117860e-05
6.962691828016558495e-05
7.293784086209866924e-05
6.199240772909599508e-05
6.101460967699567895e-05
8.623266637952992282e-05
4.806496694108749427e-05
6.761762187808314085e-05
7.194119595798004804e-05
7.227729639193010923e-05
7.590564469175175113e-05
5.125048306074470370e-05
7.345906800057968417e-05
1.025165701539165845e-04
6.153469029201857085e-05
4.672333520674795844e-05
4.758091090964650815e-05
7.465801650031278307e-05
6.815912957191201985e-05
6.330374890308101542e-05
8.146112898436543644e-05
6.063803866906951757e-05
6.610125888661960323e-05
6.062443451277351386e-05
6.646129210313388960e-05
5.656791646083833910e-05
6.958850683111358914e-05
6.560690171126671146e-05
6.285677405819291839e-05
4.879546267572848901e-05
4.933131190295300862e-05
6.039654661120944326e-05
6.607442596596344801e-05
5.491013672906281957e-05
6.967937246556828396e-05
5.970222827888559347e-05
5.535425980413945029e-05
5.484362081153759037e-05
7.880787953518634701e-05
6.229505159007173187e-05
6.522137134211931724e-05
6.380895719777289021e-05
6.752541786003930975e-05
6.613534739217739173e-05
9.736765245511037046e-05
5.470797257249973881e-05
6.047955118198795817e-05
7.084934851292125260e-05
4.512895328289005711e-05
8.015180661962829445e-05
5.364704873828836498e-05
7.608186395106551986e-05
6.532500175482145583e-05
7.646090218974448463e-05
5.892501198856688001e-05
6.408812533928554098e-05
5.477437595691847749e-05
8.243927766290327756e-05
5.074265599609740498e-05
7.579183396269182531e-05
5.937209341816463603e-05
7.325753981318985550e-05
7.272651769187269528e-05
4.146580152868547490e-05
6.964334789246032003e-05
6.113689775781962817e-05
7.262416833002674434e-05
7.608299056233949092e-05
6.681023234855954689e-05
5.216520832092740918e-05
5.549487153161301948e-05
7.115184276903870259e-05
8.685332597189802364e-05
8.940799008912100638e-05
7.377737058908561828e-05
5.946930841032228057e-05
5.982544285585612327e-05
5.238006862597777434e-05
6.816826763133850659e-05
7.845927866464893477e-05
5.650560466833625713e-05
8.334915500795195384e-05
6.905242564770818999e-05
8.716345462934421337e-05
6.764125599575036656e-05
7.399184919597124959e-05
6.446620907050656935e-05
8.493541473796262708e-05
6.977945265432714483e-05
6.330150553626348153e-05
7.159364291275436914e-05
6.456810682984111163e-05
6.414718524673688961e-05
7.066224193466018072e-05
6.313289981803527290e-05
6.066251891906176941e-05
5.157982647483901458e-05
5.251137792621794818e-05
5.547229309474443153e-05
7.297305670070951061e-05
6.874447053598389237e-05
1.003744532623433331e-04
5.825210400821205400e-05
6.593966660515195749e-05
5.270683442101681293e-05
7.392512457703679111e-05
6.219989166717682669e-05
7.621481104345126985e-05
7.562100130604199858e-05
6.864699770890047474e-05
6.012269171586942941e-05
4.034279115571689524e-05
5.986650696426079935e-05
5.422245997017723903e-05
5.503644451519435366e-05
6.696710223853336507e-05
5.117276489284338308e-05
6.546941242825749982e-05
6.685278828745129498e-05
4.934847657018816134e-05
6.815877365175718031e-05
6.333246959465203255e-05
4.332524654920232146e-05
8.564274088540217288e-05
7.427380937812998673e-05
5.633153057532229072e-05
6.273335099294747230e-05
6.428779570547232640e-05
9.069892809005442524e-05
6.986780032004039661e-05
6.139330686367514933e-05
4.290865697663575528e-05
6.382861769803981175e-05
6.943026837074349272e-05
7.534244745192463129e-05
7.087493923618946022e-05
5.339798961159410455e-05
5.733898636778186436e-05
6.486958435489513888e-05
7.455221627193337299e-05
6.902281707030734543e-05
4.418697055691162695e-05
7.281678853974467888e-05
6.663628370290755143e-05
4.866412017268105132e-05
5.855512884616299131e-05
7.489594469235897397e-05
4.116761391819087488e-05
7.100411138948025389e-05
5.275081416298646068e-05
5.393906060846984855e-05
5.215076817766793350e-05
7.665814741968809379e-05
5.495585818003925028e-05
8.249661284815540657e-05
5.639113738193408541e-05
8.008046662929478024e-05
8.533414754135713583e-05
5.004497202650592030e-05
6.098513919161924917e-05
4.920885857887763139e-05
4.152051365107413026e-05
5.093758039998474329e-05
8.570913932718119636e-05
8.544185876524451422e-05
5.214647838518267559e-05
6.340609151796316599e-05
5.308981421181419464e-05
5.675130098247695777e-05
7.482830561513927037e-05
7.959254646388531159e-05
4.574901544868774454e-05
8.322769287118992796e-05
6.390506963155271312e-05
7.317449560184781062e-05
8.235263589973940027e-05
5.861847227823378028e-05
6.466763925875208959e-05
5.635194698899061833e-05
6.036648557382386375e-05
8.770267286508048833e-05
5.539825338592927064e-05
6.776707978091354144e-05
6.993422116712634572e-05
7.009794741155112399e-05
7.097595286720881954e-05
7.467106530315030164e-05
6.920675485108960861e-05
4.907509525500248083e-05
5.539137338563300544e-05
7.502796956720633216e-05
9.925616345982002007e-05
7.419246968259079090e-05
6.742162076157185596e-05
8.280067234625566267e-05
7.335629308477587039e-05
7.066948149350409515e-05
6.139071437016422629e-05
5.274736162992531367e-05
4.143876038647018424e-05
7.634515643275919053e-05
6.627574222931731244e-05
5.844993962770567576e-05
5.876410166490549309e-05
5.607868713931616418e-05
7.051940594584477659e-05
4.414862808743881409e-05
7.246072346893429070e-05
7.455564321564411140e-05
4.980738857547396147e-05
6.137158214998624948e-05
7.054346932796435547e-05
7.910577721828720185e-05
7.188533873359616549e-05
5.198753660935030659e-05
5.078288640940983748e-05
7.310813930853444012e-05
5.218619852136789460e-05
6.936994083449142924e-05
5.938794571190587348e-05
5.464758319092870921e-05
7.579412709070057984e-05
7.622852761375150592e-05
7.105899423485192816e-05
5.162662326819113701e-05
5.705266886414561071e-05
8.632875892833423003e-05
5.760606657537939554e-05
5.788694558488902277e-05
3.820616198269612276e-05
7.842875761691829963e-05
7.876788966472284600e-05
4.459748399724885467e-05
6.393818692645047064e-05
6.170003723095336884e-05
6.363276579726279147e-05
6.507324902943524840e-05
6.989518889942540625e-05
5.709799316104658637e-05
8.199881900443243903e-05
5.531641080795525689e-05
6.292434264664797580e-05
7.412344180678814322e-05
6.573762187667218492e-05
8.285138027270015290e-05
5.885656479689960457e-05
5.124222785818856356e-05
9.546388904940377514e-05
6.405684638952352918e-05
5.874784395963894161e-05
6.641800899917664805e-05
7.265721209361456824e-05
6.174335633219673561e-05
6.793113024757324917e-05
5.681507958129931136e-05
6.557777731521219615e-05
4.610548721425961191e-05
6.527187024653006303e-05
6.409185602422716335e-05
6.858380283382377101e-05
9.545333836498159127e-05
8.144876991181421719e-05
5.901451417756531294e-05
8.199791539364399066e-05
5.918810954696145072e-05
5.893637465992058680e-05
6.724228625606890194e-05
8.464543336483269407e-05
7.734710752845436492e-05
5.313010965926154446e-05
6.372946577876875739e-05
6.353349530720635839e-05
9.541688737258175563e-05
6.040777213876886357e-05
8.116765914399931439e-05
6.251700056350151388e-05
4.492792885030323695e-05
6.497214828555874589e-05
6.839701232626247697e-05
6.580872683917969492e-05
5.797331649875654669e-05
5.337626367768019318e-05
7.009850648763745341e-05
6.120263976732382230e-05
6.481116436212722067e-05
8.527405160140147996e-05
7.142473175543642271e-05
7.057290073649018388e-05
6.803711501845092601e-05
6.492961203083005655e-05
5.967709954702227535e-05
5.954492506881562118e-05
5.151717775733361410e-05
6.666623360973909882e-05
8.018160169535277289e-05
6.198034629408994702e-05
7.819507416448602771e-05
7.452959820845831839e-05
5.650061487957898620e-05
6.429793051922455104e-05
5.989870592783514363e-05
5.119753141065117865e-05
4.933249534241697414e-05
7.436459524853105665e-05
5.381737435884067627e-05
6.333015295251357487e-05
6.347528434505628756e-05
6.504490803519466600e-05
6.048578432912354793e-05
7.871340424685715630e-05
6.400622000816479985e-05
6.232262549391445283e-05
5.396867486207257224e-05
5.424078274430358683e-05
8.394016963807272619e-05
5.298367300679856265e-05
8.152543789424271988e-05
5.898980686628476472e-05
5.634782234861915361e-05
7.248970796035939348e-05
8.336614487053771341e-05
4.833442055329441382e-05
6.247288815584197005e-05
5.822448050222389648e-05
8.464636158296241287e-05
7.008761831398662172e-05
4.815625109253248565e-05
7.106175625452318628e-05
4.769909392799719420e-05
6.025364527159858530e-05
6.789233766972626617e-05
7.891622059381547306e-05
6.962879435614916857e-05
7.323912488662767228e-05
5.655589140813591429e-05
6.468262412182963176e-05
7.802583014813581981e-05
6.144689791109205813e-05
7.734953935208471677e-05
7.695278670475536747e-05
4.358909356505494726e-05
5.732232536704023347e-05
7.085740172529349571e-05
7.166267290501737123e-05
4.782505756336669501e-05
6.839495565807507740e-05
7.223943106919135306e-05
5.876089187812429836e-05
5.103086828626468335e-05
6.885546010576806450e-05
5.819419225633868948e-05
4.607298256860418637e-05
7.918693922714726597e-05
7.240317312801681008e-05
6.176442607131973255e-05
7.107893510647074432e-05
6.388025827656816050e-05
5.863947285319484425e-05
6.309412325116380785e-05
6.053592702705308520e-05
7.068803070986768460e-05
8.389813318987141965e-05
8.370086036273479281e-05
5.768370733524220707e-05
5.961971625386734632e-05
4.799390074131602011e-05
6.108380022435830543e-05
4.665582524018619038e-05
8.334293067371078873e-05
7.818311403822151325e-05
6.761493998846292825e-05
4.862060933305392197e-05
5.410428499586120252e-05
4.940613975800772572e-05
7.470189783415234991e-05
4.657326467023383877e-05
5.189746093803742136e-05
8.390881870883501697e-05
6.166455752278568046e-05
4.721325655885511035e-05
5.744600249057933553e-05
6.791634117008947188e-05
7.061160008592163304e-05
5.922974800160849294e-05
8.813732408399824441e-05
6.866524799640049532e-05
6.927734295222061215e-05
6.951822116267444482e-05
7.348936191715545218e-05
5.021238139304965591e-05
7.918400822789676370e-05
6.077951281298883224e-05
6.797272469084646813e-05
1.091444288547463356e-04
5.334035310349366342e-05
8.130975472806187027e-05
6.058979969581077056e-05
6.379852998868697157e-05
5.786273241915600732e-05
5.901284589430118207e-05
8.137432141973637760e-05
8.968327808561732005e-05
8.632261481687855144e-05
6.248177825092838286e-05
9.008276805034976951e-05
9.142849699130369467e-05
6.911888280415330425e-05
7.433765688692989086e-05
8.247861654476494099e-05
9.648958680065863229e-05
6.252427997959227155e-05
6.699913864575877357e-05
6.368885215919405692e-05
7.112046140091539620e-05
7.391219329848005279e-05
5.761489274072058270e-05
4.961622202014445053e-05
5.061811646829655041e-05
6.568717092849542087e-05
6.725636634988935679e-05
6.496509018651606385e-05
9.622337557099271187e-05
6.911282654146977346e-05
6.147917283800390391e-05
5.856977468808003025e-05
6.794575951013916235e-05
8.380699253060283475e-05
6.193452828005028643e-05
5.646182688864274268e-05
6.274660041859983354e-05
8.080955442336086396e-05
7.602536804030110736e-05
5.907520499707599499e-05
6.178857310267895958e-05
6.903556818892054735e-05
5.768149768313444878e-05
5.918948023259658055e-05
6.593628294203925089e-05
5.045422838011651671e-05
6.828550002734873759e-05
6.533119377864622071e-05
7.371719848893199542e-05
5.467078411467090162e-05
6.022778545548212000e-05
5.187903533664412224e-05
5.621297063134477227e-05
4.991451426899830041e-05
6.200973412446641271e-05
1.059527423844666363e-04
5.587098350348818239e-05
6.867539806081940270e-05
6.470094597797439390e-05
6.664598826284662150e-05
7.003233498365653254e-05
6.364010318834315851e-05
8.171474260921836460e-05
6.103855377725538284e-05
4.975955908805155322e-05
7.348999969810552063e-05
7.134704977513089583e-05
6.004940327853763296e-05
6.899386610331670539e-05
8.602087131614001342e-05
7.115910038065341599e-05
6.134908905034340500e-05
5.870972799498688760e-05
7.784148891738921540e-05
7.380222215159782653e-05
5.341750403980848755e-05
4.618499307753358093e-05
4.949513635977421364e-05
9.205195591021272396e-05
6.597002300793689846e-05
5.308583053128059398e-05
3.831612603814482952e-05
7.245794838715099875e-05
6.445505741361717378e-05
8.639037617201229975e-05
6.330247652351826096e-05
7.499666230262723595e-05
6.067187698699021906e-05
5.519968208631984371e-05
6.845160855006632208e-05
6.563400721037564991e-05
4.941360449319356137e-05
7.816477171031879529e-05
5.955969511734624840e-05
4.638912508362515169e-05
7.513199363524020484e-05
7.012557742482507380e-05
7.526891890165394430e-05
5.241909610065287431e-05
6.686928364730974125e-05
6.596672743276636513e-05
6.190214135857178461e-05
8.674149871735331845e-05
6.108391428033889436e-05
4.132338693502359022e-05
7.283459560145452314e-05
6.874571140529562761e-05
8.161160095614612188e-05
5.066820737925803615e-05
5.853743718247321872e-05
6.722107456755945572e-05
6.262604077542012915e-05
4.762604376445378620e-05
5.746589561098576401e-05
6.996100545090482676e-05
9.240474598548873212e-05
6.458937142438337048e-05
5.716091479244906178e-05
6.795943407878633411e-05
6.526795564637579154e-05
7.094935467427753806e-05
6.001898237708254750e-05
6.082606107615546877e-05
4.741981332551591880e-05
6.878260183303819145e-05
6.697533529611697685e-05
4.654207623463259584e-05
5.521308989798461318e-05
6.862268468987574072e-05
6.728238336242227575e-05
7.121711410821565322e-05
5.409509576304359575e-05
6.023455658822789226e-05
6.293368003463942813e-05
5.574770897291581609e-05
7.586505541494102060e-05
7.968352482886763722e-05
7.449003832795962122e-05
6.312763628304996454e-05
8.387184912198387737e-05
7.104740104363575900e-05
6.956108902574511621e-05
8.018962881705304826e-05
6.836272021293408451e-05
5.541550434765561592e-05
7.172151985743307492e-05
6.222339994777485337e-05
5.248453367014458928e-05
7.179214418941596101e-05
7.151173392336702657e-05
8.261079119148606240e-05
5.531986230448946731e-05
5.990554286324979201e-05
7.549266338888158969e-05
5.895702472906917300e-05
5.014580959234050245e-05
5.557875451708665633e-05
6.542313004635430074e-05
8.565667141150464859e-05
5.201448455159508996e-05
7.376783519982019286e-05
6.807828104907162365e-05
5.643881243935510740e-05
7.075478487880243429e-05
7.476743749161716328e-05
4.996181953172386733e-05
5.474151888313059819e-05
6.786723450784358340e-05
7.597122517122026017e-05
9.326515886348590617e-05
6.957145515055895423e-05
5.629010334586791967e-05
5.294768414806391130e-05
7.066406381868361379e-05
7.273560520431369373e-05
6.897802444716200304e-05
8.297857897903882928e-05
4.732832923607323050e-05
6.049521515188665226e-05
6.312353987592621654e-05
6.154569272855089414e-05
7.543169098753303725e-05
8.882179295870973042e-05
5.476647609462401487e-05
6.062114326688131718e-05
7.517091735008056910e-05
7.585034026701532959e-05
4.783413638891150681e-05
6.159249403628371390e-05
7.448071325617455969e-05
6.802989319316223645e-05
5.507772688708685918e-05
6.069691949406750479e-05
7.274810596422876733e-05
9.142953307992903041e-05
7.125824984712486956e-05
4.925478328270575199e-05
4.924799106834736175e-05
9.031042989939825998e-05
5.634669006193227057e-05
6.482051866518150215e-05
8.907668327336797846e-05
5.734622722616671155e-05
6.563655040691793901e-05
6.117034100295678698e-05
7.532717865368236188e-05
6.242104252829490905e-05
5.580061506282580594e-05
6.053098681337919869e-05
8.277258942644833675e-05
5.009005218033211381e-05
6.702408912719660407e-05
9.275068002500728385e-05
6.097752046847593714e-05
5.354328484230552325e-05
6.314383107604300109e-05
9.261519577447716229e-05
7.615270169574840707e-05
5.102899154853949638e-05
6.959767087480197786e-05
6.036735451842655762e-05
1.036302639932765754e-04
4.730310161101416950e-05
7.285793562000720744e-05
6.351170276997605195e-05
6.191190517977530232e-05
6.051598875833611086e-05
6.834462587113784263e-05
9.684555397418722733e-05
8.097763652545222728e-05
5.189579557192077787e-05
5.730094893183700858e-05
6.460442541235679697e-05
7.954655017211413864e-05
8.463931363521698696e-05
8.799687426508574382e-05
6.605553139889091803e-05
5.389391619563194201e-05
6.752020491835315059e-05
7.750397608125352228e-05
7.698719425669959323e-05
7.733781238925280124e-05
6.936037931651603615e-05
5.839842844363486447e-05
4.847051305937311163e-05
5.349402873834921098e-05
5.851322783879289008e-05
8.115457351260473256e-05
6.211891679555741632e-05
5.734009105541908771e-05
6.837155778578800315e-05
7.391861393048699332e-05
6.063829628015070684e-05
5.119258503497741314e-05
4.604374197934407416e-05
7.752326218071218177e-05
6.485629601441373617e-05
6.390938882702979211e-05
7.530907352977240631e-05
5.740466871802123904e-05
7.489993255474604653e-05
5.646167356611666037e-05
5.911651852077998436e-05
8.280930879131795451e-05
5.647138854655348776e-05
7.095502319372768742e-05
5.455017013613910231e-05
6.269966703865440460e-05
6.895336995409504345e-05
5.134452961158526103e-05
6.857132443483322435e-05
6.669937484590111063e-05
5.728993482240760034e-05
5.652164705472408106e-05
6.861178925442490168e-05
6.172605494053599201e-05
1.028514956942365612e-04
6.497856882769069311e-05
5.035991152414445076e-05
6.757916111974494443e-05
4.347254037474757287e-05
6.204652422422318920e-05
4.304262281769070990e-05
7.540582365622472720e-05
5.666299394896296456e-05
7.372549051335218842e-05
6.355502827778165690e-05
7.219009353583773778e-05
8.003005984135760887e-05
7.324612179465930166e-05
5.185366867993883267e-05
7.196239107897633156e-05
8.768252765335803718e-05
5.733419365257037603e-05
6.607659426354875226e-05
6.764762005085007187e-05
7.346804117469332945e-05
6.761250810713549740e-05
5.539227701355542601e-05
5.998029760625069701e-05
6.897496754660515262e-05
7.777428148711862561e-05
8.684114509621618770e-05
6.529985127125696232e-05
7.647119468958931332e-05
6.419144772396591619e-05
8.737667127766439370e-05
8.267554090430207902e-05
6.325514216165942802e-05
7.270004270733639766e-05
8.874698412685290655e-05
5.585963824046980117e-05
6.524775905608935301e-05
8.564244770071728272e-05
7.586924675731877615e-05
8.148466304651318267e-05
5.068953337007702951e-05
6.418912334941328937e-05
4.762723489950443264e-05
7.167762433715620487e-05
6.831643832686517539e-05
7.054072537594004459e-05
7.803960235978332554e-05
6.487701284487002004e-05
7.951734466367382662e-05
6.951231629533177151e-05
6.269592384135897183e-05
4.806105789893305003e-05
7.574795898105223381e-05
6.940978619564151981e-05
7.280270502095094703e-05
6.697009281085568473e-05
7.008422101922467961e-05
5.120602963043013937e-05
8.595600248463950322e-05
5.336342357158586365e-05
9.436765765826081649e-05
6.779320941422713577e-05
5.870310111019809180e-05
8.831335948206255916e-05
7.294060184975719526e-05
6.135479205974564063e-05
6.454093247929498052e-05
7.472566327576321142e-05
6.627652143143156172e-05
6.279826541244277387e-05
4.599485691510515190e-05
6.144467242235067319e-05
7.577574844552097154e-05
5.637415497463617097e-05
7.427703359188644124e-05
6.172900815439263901e-05
8.285247313576338214e-05
6.665442895038851728e-05
6.876280943607963544e-05
7.925672062111744005e-05
6.247326044663784484e-05
5.642998874027891222e-05
9.711875472583909039e-05
6.317117743247445654e-05
5.947793232255484504e-05
4.861107128804887501e-05
8.333753650032911238e-05
7.610168529339388565e-05
5.619176940338457550e-05
4.979007801244622356e-05
8.069667256935441821e-05
7.168956223537755563e-05
6.615177803308481446e-05
4.611778151444388387e-05
7.273986705334303251e-05
7.075202687906050373e-05
6.496420587706875336e-05
5.576345259251197869e-05
6.275063728252195413e-05
5.589073231530305194e-05
5.694053790406032400e-05
5.935624036104698273e-05
1.023229247182900597e-04
5.353527147946674322e-05
7.552984669803242059e-05
9.276973339647905060e-05
7.847420990781978512e-05
5.860361601373629897e-05
5.182396772282127140e-05
6.029299376705444407e-05
6.299769217387596191e-05
3.553473904754806285e-05
8.476071241170563182e-05
9.251961956677849631e-05
6.270105825875762194e-05
5.397897830998474376e-05
6.047663798011629485e-05
5.688477883241554491e-05
8.569549574987254839e-05
7.502913053310064802e-05
8.702769101443210884e-05
5.151863615438270186e-05
6.897229707734327849e-05
4.844223060880555818e-05
6.893544326928431848e-05
6.982480023596196884e-05
5.829879718068034392e-05
7.641660808695015944e-05
6.567684585227363922e-05
6.168446981586308067e-05
4.449631123740446960e-05
7.425416935295586426e-05
8.577674672380517179e-05
7.314046099173859166e-05
1.010446604481379687e-04
7.687516752367635293e-05
6.693419080836333814e-05
6.146217195928130263e-05
4.039755582929509259e-05
6.187831716292982313e-05
6.995016875300170457e-05
6.710977722277979853e-05
5.651831193466416454e-05
7.484264810838129299e-05
5.734278583246789205e-05
4.552741025249083952e-05
6.297236681782640490e-05
6.136780389264113176e-05
5.237927916786115851e-05
5.507202000433267377e-05
7.990772399706555225e-05
6.151340033336772566e-05
6.169776968770288462e-05
9.002958855921098570e-05
5.878903158442978972e-05
3.968185962624532382e-05
6.607891731649950709e-05
6.616376484873676405e-05
6.398282811333404847e-05
6.441452598449571491e-05
6.146106690041882551e-05
6.709979196066058710e-05
6.508434446554421215e-05
9.379630918427852941e-05
3.680517756204008088e-05
5.041698074735150850e-05
5.584579859842202237e-05
8.082845146094712351e-05
9.140079775113882864e-05
6.285872181991972673e-05
4.763395980005162057e-05
4.245280167492860251e-05
5.765882553776801738e-05
7.605520178864125984e-05
4.266080120242071429e-05
8.300349993052821341e-05
6.397442700821551057e-05
5.579014213294906618e-05
6.506504423795364718e-05
5.758222968751638060e-05
8.340319239519649566e-05
6.308127707312323528e-05
5.838788764205484486e-05
5.715957733482127979e-05
7.612791803626951976e-05
6.839913469221109974e-05
5.725519456126643034e-05
4.935116326662878196e-05
8.753461657765901187e-05
8.135359379474649179e-05
7.008254834612345600e-05
5.324121160832132028e-05
6.464797013679334729e-05
7.147533302511237220e-05
5.812672179233192317e-05
9.543210328717567756e-05
5.215378412998692787e-05
4.580710583813487724e-05
5.571126577233225847e-05
5.988241689391339339e-05
6.905185340525499228e-05
6.314781409627508993e-05
6.194571108072375329e-05
5.156593437056902692e-05
5.954818665024540984e-05
8.376315058300334620e-05
7.485715166558080198e-05
6.989302466490716415e-05
6.712889979351870421e-05
7.153842841303668649e-05
5.840142713531257831e-05
7.698068891121938307e-05
5.945146427740729476e-05
6.345658774360103172e-05
6.508344975918687063e-05
6.299139066495818115e-05
6.681372214570991492e-05
8.831190475858024581e-05
6.516444095022040346e-05
5.674862401003467709e-05
6.412091265778833537e-05
6.154248801374734767e-05
7.277167637765901201e-05
5.659147648210908620e-05
7.737097950843909323e-05
6.910394792528873841e-05
6.088343731181960946e-05
6.182528091550525205e-05
5.953990250321749102e-05
9.825490389931449905e-05
7.191980781395810088e-05
6.856630243902473202e-05
6.319324533017017646e-05
7.982756090459903271e-05
5.748053837782337981e-05
8.193670873139033038e-05
6.802207159900346654e-05
6.173786220911726258e-05
6.990597309427647871e-05
5.527155307244687631e-05
6.839040693469617294e-05
4.030779882476630277e-05
5.594704647324571427e-05
8.517284850216172442e-05
6.069188062184623572e-05
6.362344754935114614e-05
5.046493230706632928e-05
8.055274979138102537e-05
7.854166132769591264e-05
6.789387685182267287e-05
7.983763708499367522e-05
6.735645795839277574e-05
5.600617939901712485e-05
7.021057118008255439e-05
4.343898667403902795e-05
5.493261569069644639e-05
7.783331968861437850e-05
8.369486149020733887e-05
7.006227194382720603e-05
4.983294576749187617e-05
5.885853198143489436e-05
5.828355074271172778e-05
6.376803615748193271e-05
8.075827062925042938e-05
6.747398056490915941e-05
3.828947466263506264e-05
5.065161867513519724e-05
5.653439384806315568e-05
4.018227772080777921e-05
5.912238869964534736e-05
5.025863136281455375e-05
7.700692892253771440e-05
9.289976871404197146e-05
7.339215133017780446e-05
5.721502315416730441e-05
8.145120557853342076e-05
7.700122158337463149e-05
7.106615659254475817e-05
6.424463967699114899e-05
6.337290185927806931e-05
4.403648864162249541e-05
7.796710902551982089e-05
8.066185129752931511e-05
7.323201016617072730e-05
6.089289124390801243e-05
4.955738489042241034e-05
6.021256392736412785e-05
6.748767174223318089e-05
1.005739460121602373e-04
7.443039832547616332e-05
5.828105735019234397e-05
4.858955702962824567e-05
7.098874933962219112e-05
7.419470108606020665e-05
6.050170355503927598e-05
5.847219124847552371e-05
8.742702831633591780e-05
7.284329535370001401e-05
6.060165951887313282e-05
5.274409447329155058e-05
8.607792750537844562e-05
6.345245355638393960e-05
7.704235536084621660e-05
6.876411912349434741e-05
7.562601419905898585e-05
5.821553615899178102e-05
6.288512164293100345e-05
6.078334193998387303e-05
6.031242028488802923e-05
8.500448702621693704e-05
7.192359529961972096e-05
5.310323449925744460e-05
9.745069076519661296e-05
5.738505653376819310e-05
8.035098129754859159e-05
6.507173855716330362e-05
6.081676245264174853e-05
5.956471828167007133e-05
7.520988346076258569e-05
8.790942830685442139e-05
6.067236578957736374e-05
6.674412988690840850e-05
4.070740225632155638e-05
6.556791545520341429e-05
4.939919172189552004e-05
8.458547728578629627e-05
6.041311405781236792e-05
7.348028680244009497e-05
6.358043252657610345e-05
9.471668428008087341e-05
6.277155825897222494e-05
5.511119309469624656e-05
5.838862488500253840e-05
7.818635050547021533e-05
6.701609304682984056e-05
8.215046728354159094e-05
5.015376933979267697e-05
6.045200728873580066e-05
5.354281175745733112e-05
7.138271585096092142e-05
7.368655419229335976e-05
4.676021236934367457e-05
4.649982987032725206e-05
5.314917024054788437e-05
5.129772491389158963e-05
8.051248860477624482e-05
7.160549757816031817e-05
7.069697068660963908e-05
8.962017093612256909e-05
7.548868089968280737e-05
6.110846037988160867e-05
5.198128068643215481e-05
7.291957849338996168e-05
8.099058619646393729e-05
6.560517135337312026e-05
6.086733023356183511e-05
4.528348814086463001e-05
7.992183034681219194e-05
6.949071865769830634e-05
7.843400680315595409e-05
6.110621513851169514e-05
6.280103451974715183e-05
5.587627928582970430e-05
6.388381281773970798e-05
4.470662622020476904e-05
5.506045435261011905e-05
6.682702446792431177e-05
7.232308985896493305e-05
8.557611646198900069e-05
7.884522042981667415e-05
8.079782260297876820e-05
5.539705781555397162e-05
6.779791470150135205e-05
4.331676432619599963e-05
5.729864008402814509e-05
8.321711162072415141e-05
6.481255114296872208e-05
6.640429254647758548e-05
6.307815226187542528e-05
5.418251278206006992e-05
5.792331362169524469e-05
5.210778905377070789e-05
7.617303414961471291e-05
6.333615293626917661e-05
5.436371296021104557e-05
4.858822909244586306e-05
7.246618956127622903e-05
7.426077242386136068e-05
5.767447137841301153e-05
6.921639005561931008e-05
7.844784274759546649e-05
6.963847409815591570e-05
5.376878256326698610e-05
7.789001654500053262e-05
8.654969167316634764e-05
5.222885462094610271e-05
5.798865993443893147e-05
6.310277935221964799e-05
5.564178202605689902e-05
4.876838841610636445e-05
6.708231371233972157e-05
5.128607451392207446e-05
7.677991147764424724e-05
6.170140001971728563e-05
7.187240258361370885e-05
7.235826968144362691e-05
6.271726626193390418e-05
6.437431162295300486e-05
5.602761141103089845e-05
7.182572860510838661e-05
6.287562140155320304e-05
5.705216975904135973e-05
7.054768237756770053e-05
5.303122778226050915e-05
7.043464521033227508e-05
6.311638221306780576e-05
5.952802968049627748e-05
4.456677679687126575e-05
8.572261652431086877e-05
4.756556600613548425e-05
4.978136874591866353e-05
5.474157076785821194e-05
7.105619585885111561e-05
8.172653023496656653e-05
7.511438349992114990e-05
6.270099874472618293e-05
4.539725292979607767e-05
7.136407690988081092e-05
9.466719347975806006e-05
8.502387663121481910e-05
5.144834163721202270e-05
6.621919671492823892e-05
8.451966815673960713e-05
5.471017918086005307e-05
7.388386372551629074e-05
6.993698674909174027e-05
4.994583200386999830e-05
6.157355206685993397e-05
6.458436055908626703e-05
5.614189187782407279e-05
7.474387454113314098e-05
6.357548896547696789e-05
8.473545236274832840e-05
6.407190967517281189e-05
7.444546118661634466e-05
9.544948370848875031e-05
5.774488703837356166e-05
6.351770119737308248e-05
5.612711550748730955e-05
6.558543872282573115e-05
4.865050767136800774e-05
7.199740656303128318e-05
4.069582345438183972e-05
6.869810454842934704e-05
7.526932895978465153e-05
6.563733696752413721e-05
4.480729440292198289e-05
4.927892722043650335e-05
5.975150115994550399e-05
5.718007080936628948e-05
9.547014816511982744e-05
6.422569697567924040e-05
6.811830923068966641e-05
7.166998720251182967e-05
7.169988994989136082e-05
6.804458586417404264e-05
8.543336073367725693e-05
8.193412099331761093e-05
5.971987363323036260e-05
5.383589684056969257e-05
4.799665133476105464e-05
8.175829195360506218e-05
5.475903334055975301e-05
7.020857535709100700e-05
5.931634610165898249e-05
6.156005654216436976e-05
6.325452602714384169e-05
6.669215399659262267e-05
5.683817343127527528e-05
6.175071713501934694e-05
6.819972007855117752e-05
6.734288280239031908e-05
8.405966186775010347e-05
7.083908582677692317e-05
6.682741317045431376e-05
6.274808593295213622e-05
7.295621107089499883e-05
5.162891819070562478e-05
8.370786235110997092e-05
4.699148841400116244e-05
6.015727754662000490e-05
8.398416922670041626e-05
6.990069472303556033e-05
6.060536074764417958e-05
7.848770937576649758e-05
4.988667250212677035e-05
4.886102150997066274e-05
6.325438033201390381e-05
6.396205116254953386e-05
6.539429284777941007e-05
5.766757071719958924e-05
7.839545283631272937e-05
6.287718162485036034e-05
5.505485265714219655e-05
7.110684311501930786e-05
4.850619190898580632e-05
8.403764909696650619e-05
4.345665643767204062e-05
6.677566294495909823e-05
7.046984981931317892e-05
6.653585769955409272e-05
6.239866262759630135e-05
7.143135291071126187e-05
6.661567201651613613e-05
5.186271728314820699e-05
7.452899109376294180e-05
8.422327173418236600e-05
9.275976995185136460e-05
5.421944643212393822e-05
5.674998763607725879e-05
5.618225129785806363e-05
4.667520441878165522e-05
6.167552202444284617e-05
5.243604602329227771e-05
7.236702707506837697e-05
7.069757561839401852e-05
6.510099889550435360e-05
5.890281329789324435e-05
4.574502375377037733e-05
7.470406947037606124e-05
8.293162366469537686e-05
6.017871043503728826e-05
6.238460828892501274e-05
5.813000494032204412e-05
7.636834917238909343e-05
5.869750163825937104e-05
8.098008488530916368e-05
5.958513001896558457e-05
9.544859430368757280e-05
7.068157792489627620e-05
7.074038413844492036e-05
6.592374585011537822e-05
7.546765513720732929e-05
4.713947171031822347e-05
6.796212712099187168e-05
7.138857117245411593e-05
8.689458846224485994e-05
7.877904702808673264e-05
7.112578210675041040e-05
5.377489699110205192e-05
6.264564092666400350e-05
6.257718646701411881e-05
9.521876905316768789e-05
7.736856320267770004e-05
7.147451902545839530e-05
4.887190954584090617e-05
4.776955116906519803e-05
6.942258338100040890e-05
8.058525129319435779e-05
4.493957800186957686e-05
5.604765350373894391e-05
4.669240673355626531e-05
5.549672066553381879e-05
5.467158631896181170e-05
8.607789653650434691e-05
4.952577436074309393e-05
8.191940856390888691e-05
7.413838823431393344e-05
8.755960661250673327e-05
7.428576040120352185e-05
9.721614377889788476e-05
5.457442872629170784e-05
6.731702039988325908e-05
8.421771530107574632e-05
6.860749727800513945e-05
5.137945080934843263e-05
6.731473890098611866e-05
6.168850775327879021e-05
7.610493864587696868e-05
4.640551567691125447e-05
4.938835456237821863e-05
6.438920710464373363e-05
7.289913726998360950e-05
8.037034486831447959e-05
7.213523831077896069e-05
5.198939239906395933e-05
8.432138785216536370e-05
5.197250749416527254e-05
7.231529924551527726e-05
5.763895822463173494e-05
6.227661645127332635e-05
5.766102433299243084e-05
5.344398767804348056e-05
7.030950314474732228e-05
7.331806227860403191e-05
6.821734066730843703e-05
6.645787395359645364e-05
5.389328692576828114e-05
7.686314986868995349e-05
7.208473864767939458e-05
7.530182858886382490e-05
7.907422681941734253e-05
6.363321343294330804e-05
8.043855353127964136e-05
6.328998045114520856e-05
5.450373067940875909e-05
3.763701766203503469e-05
6.631648930857763074e-05
7.282655102963118195e-05
7.436927475853700000e-05
6.067866273473543500e-05
6.004323869928233258e-05
8.705358693160903576e-05
6.099644462439059931e-05
6.407332267340727530e-05
4.582882220912280313e-05
6.926034594952918007e-05
8.880679761921941439e-05
5.652241461085101456e-05
8.359718969618790889e-05
4.808869556846914620e-05
9.296762603957649490e-05
5.822315095240391202e-05
5.866376520289171606e-05
7.233767825933894733e-05
5.852338281885302189e-05
6.892641890023322373e-05
6.698132802004224133e-05
6.634569896646686144e-05
5.692444794182103173e-05
9.267600353918300344e-05
4.637238123392449756e-05
9.000706145647507537e-05
6.048682640112816914e-05
9.182435282530100574e-05
6.300368789957187918e-05
6.445618712267588244e-05
5.477442445499719264e-05
1.116730326483515647e-04
6.636897194838769847e-05
5.182083386633213950e-05
6.736124683799845378e-05
6.105694879882934522e-05
7.771513083578427458e-05
7.110930101312708934e-05
7.568247275305177804e-05
6.619660042387518438e-05
5.286872265478256128e-05
6.531491449627217078e-05
6.445786865586903322e-05
6.033848662001469371e-05
7.427943318057419976e-05
8.099366230584423016e-05
4.782389500867297461e-05
5.291349973135512616e-05
5.805539805524382192e-05
6.111237905813714016e-05
7.520423547842521820e-05
6.496141724366414271e-05
5.481753258673448021e-05
8.184334476432325969e-05
6.033791242961938320e-05
6.313379007244558400e-05
7.250081996649136663e-05
8.045737322121979064e-05
5.259367057407988907e-05
5.318095325887666305e-05
9.010140441496090750e-05
4.297331531801865394e-05
8.000731445014145726e-05
5.774784606201644095e-05
6.686432910567889556e-05
5.171691821050749649e-05
6.748538401049597717e-05
6.613687194230300609e-05
5.055325905315454004e-05
4.447938207235263667e-05
5.090987774783065989e-05
6.867800985784169756e-05
6.425945013837479900e-05
7.642229937952233355e-05
6.154400972191709761e-05
6.503165399346278635e-05
5.278185557741382257e-05
6.385371362553798923e-05
