1.135712470233393183e-05
1.155796475794984335e-05
8.907836401139357127e-06
1.340686977491107050e-05
1.058328812117295350e-05
1.039954754462631290e-05
9.767867761609747202e-06
1.274899678097958852e-05
1.245950484402953867e-05
1.094111721459587087e-05
1.009715358868172204e-05
1.038213954990032178e-05
1.342440969510263231e-05
1.137581096681186220e-05
1.144639811461236410e-05
1.049607668211782322e-05
8.932103398347233787e-06
9.380971183256458517e-06
1.177984334023209078e-05
1.103978724477090549e-05
9.875326883314046282e-06
9.392564075376891430e-06
1.137981179920029958e-05
1.076620714402397105e-05
1.211920587329833894e-05
1.297342305870716044e-05
1.152179879373060543e-05
1.290860497798069995e-05
1.044733819196078276e-05
9.205500272617452638e-06
9.892271042004903387e-06
1.192519943393405514e-05
1.104806087907387505e-05
1.102793141068855575e-05
1.100529927365673145e-05
9.239685722704742748e-06
1.105694503217953102e-05
1.083594052044696352e-05
1.385563196055928553e-05
8.581501671203998298e-06
1.062458857219082926e-05
1.031050426056142741e-05
1.235359922378410943e-05
1.151715595935366383e-05
9.650705623655411597e-06
1.048019280191396177e-05
1.153044607693059150e-05
1.126506636158564132e-05
1.122187598686379743e-05
1.113037667235617339e-05
9.378882918778984202e-06
1.026453143396067569e-05
1.083863974844065159e-05
1.169494055294123082e-05
1.251640270428227266e-05
1.035874315537447451e-05
9.978203816071191319e-06
1.113940378443708741e-05
1.302865866291338660e-05
9.346072096095650955e-06
1.076999071655493448e-05
1.122036105520509637e-05
1.211405744235648925e-05
1.117971421766570446e-05
1.131651286561981336e-05
9.972558748762317684e-06
1.284705303420515634e-05
1.172013316037229368e-05
1.082646369183670690e-05
1.258709558150066096e-05
1.000084219500738178e-05
1.142245587622545300e-05
1.018924176965627689e-05
1.124211116929102239e-05
1.291424183986112906e-05
1.108155365110563308e-05
1.049933857874566806e-05
1.121042890714022651e-05
1.086940588842993427e-05
1.163801655493442802e-05
1.225731278287698100e-05
1.139676779561416501e-05
9.587450737970588398e-06
1.046145772430787708e-05
1.232615980442853696e-05
1.162224727642364972e-05
1.114584895433214067e-05
1.132055436507677086e-05
1.159402510105670692e-05
1.217862394273232900e-05
1.095721962625598747e-05
1.241510607238277074e-05
1.403649426968881615e-05
1.146196533170418448e-05
1.033534904348880756e-05
1.166945389056367677e-05
1.008550446397885926e-05
1.114716234626466833e-05
1.273596672298041681e-05
1.058925211904445403e-05
9.432633383167378564e-06
1.165381809517493371e-05
1.172459946326091813e-05
9.510090930110472299e-06
9.812858260147290022e-06
1.149234015549408801e-05
1.132958480336604608e-05
1.220859229210005903e-05
1.321353813666193089e-05
1.167411831584130638e-05
1.144359131912380187e-05
1.013375444983924925e-05
1.035086671760995493e-05
1.418791993864300838e-05
1.137772521714846775e-05
1.042362141183401097e-05
1.031590818970531475e-05
1.011815182149652859e-05
1.159223097826851461e-05
1.145886453186175340e-05
1.059950706090437761e-05
1.031197689242014882e-05
1.052353362440586189e-05
1.115328340849571371e-05
1.145456790009931251e-05
1.257537820285022143e-05
1.053491778765504781e-05
1.126049302969121788e-05
1.164025057312476321e-05
1.333168908740551924e-05
1.245938414947260677e-05
1.146528498342446388e-05
1.129457340200196692e-05
9.737737673781418949e-06
1.010119608614518520e-05
1.177225071051309705e-05
1.218828213299027028e-05
1.259560882361533606e-05
1.031996192555537762e-05
9.401781256283406327e-06
1.013962262915548063e-05
1.304192294024963439e-05
1.129898098331634213e-05
1.055045143846062780e-05
1.099821352424769989e-05
1.000792061446159056e-05
1.192107627443410714e-05
1.199564148117125311e-05
1.287424670560600446e-05
1.024898805262320778e-05
1.083115111194638139e-05
1.221736169318654542e-05
1.243070863864316868e-05
1.037982391817194077e-05
1.146491106278676721e-05
1.098523051894376775e-05
1.292509927091533962e-05
1.025437930704609980e-05
1.125517470275591694e-05
1.329747717031869460e-05
1.260594312259832567e-05
9.920041078454185877e-06
1.052945971604111723e-05
1.242792055264360026e-05
1.204518688848795045e-05
1.110567738311763005e-05
1.088981309713293492e-05
9.297857922683880840e-06
1.273896390573122084e-05
1.226955750174334014e-05
1.138704170091109369e-05
9.940396612607999970e-06
1.222460143869165423e-05
1.093052776990776694e-05
1.058840703617924978e-05
1.143990178305556764e-05
1.327435085567491039e-05
1.452313394281918378e-05
1.006366710769827035e-05
1.084019067651334903e-05
1.245365271565404367e-05
1.298627423704489964e-05
1.177997329679306889e-05
1.062023973483306274e-05
1.049609777953692473e-05
9.367153317479175677e-06
1.152427243136593558e-05
1.218807773850955275e-05
1.081561770862803312e-05
1.051688895703881498e-05
8.747205227937855510e-06
1.166333233626913390e-05
1.114802529898318662e-05
1.130834750726125235e-05
9.801465985677819322e-06
1.075450245005550724e-05
1.096978260633791045e-05
9.732546568593481191e-06
1.225548454639698091e-05
1.331997810331845244e-05
1.142596100920709434e-05
1.004303057132496023e-05
1.283857038721858832e-05
1.184185752050857989e-05
1.105511411293700880e-05
1.059776594146747113e-05
9.878912091881786184e-06
9.521111671273118867e-06
1.136554750344750859e-05
1.156735866044377153e-05
9.662082692781978803e-06
1.037548488954863822e-05
1.113378628820207776e-05
1.117127391922046153e-05
1.135866783663295806e-05
1.097128736274579895e-05
9.138854736081081375e-06
1.021939708725172132e-05
1.044198868252939089e-05
8.879072066264162824e-06
1.002311037928009799e-05
1.014063863246527467e-05
1.149672279159473885e-05
1.116176989234905302e-05
1.358693339814015654e-05
9.450422409568768700e-06
1.030342584663146756e-05
1.089697428573614598e-05
1.161827272005399109e-05
1.190437314943706795e-05
8.159918283962314071e-06
1.059559837828611214e-05
1.055478109195591507e-05
1.156363082537337893e-05
1.187320932196807006e-05
1.153509251588981315e-05
1.037933012121347367e-05
1.087659072407416281e-05
1.006056847127775518e-05
1.037481251326712469e-05
1.058130037584610630e-05
1.200048229526180641e-05
1.084021184057764657e-05
1.375278729931361781e-05
1.000657090285399868e-05
9.963227560612108978e-06
1.129888492793248544e-05
1.240133880201984270e-05
1.236705140238903062e-05
1.157152057146398375e-05
1.400731665258020102e-05
1.240644742505149103e-05
1.043360031099997068e-05
1.081276669938989991e-05
1.238968053304630024e-05
1.103673509890251761e-05
1.098862036440307576e-05
1.061117661033679026e-05
9.096769701485382889e-06
1.043432113838601706e-05
9.667628817029209312e-06
1.107417098867961858e-05
1.373368440345968538e-05
1.207427554769893610e-05
1.040358977028342883e-05
1.040297724500044862e-05
1.107919450140579063e-05
1.193669230105693112e-05
1.365159467535940808e-05
1.068544075834140854e-05
1.072837668170835170e-05
1.022341455484970056e-05
1.155468161307250411e-05
1.279328606866049580e-05
1.178359361075108491e-05
8.151070751566440653e-06
1.083647985692815172e-05
1.336219717034976134e-05
1.120009504007545236e-05
1.007363170896846849e-05
8.806988898851322200e-06
9.423973784413420353e-06
1.060089747584261552e-05
1.045499098162777684e-05
1.438494924733785999e-05
1.231446178583874746e-05
1.085686741965892710e-05
1.071677153540373509e-05
1.099434476763525459e-05
9.780088747851721820e-06
1.088059611616478978e-05
1.243308974319382420e-05
1.051748284553464722e-05
9.691565656132910083e-06
9.935070171998280285e-06
1.246324838081015918e-05
1.100747848816170363e-05
1.067974681615010863e-05
1.019189210832906928e-05
1.090605747776890970e-05
1.066706139790588856e-05
1.355880824023719371e-05
9.287634722341737330e-06
1.030648125649933874e-05
1.135898634261587322e-05
9.258593068966578535e-06
1.048737972939823615e-05
1.129557590373745340e-05
1.145341883790179187e-05
1.102283114673287647e-05
9.612733369192702235e-06
8.806405374498698578e-06
1.098670753121407878e-05
1.138297686967276434e-05
1.044083208802904686e-05
1.049791588349471808e-05
1.196827317862968021e-05
1.103961068578171215e-05
1.188061504427450576e-05
1.100416271096046005e-05
1.120609574514162674e-05
1.168403873465465606e-05
1.320568569388338689e-05
9.198277347531531571e-06
1.161697346448667485e-05
1.138927367511984570e-05
9.180852620022453281e-06
1.083715903854029017e-05
1.141128688263576681e-05
1.201365184700589385e-05
9.396032739484762653e-06
1.069036979599134362e-05
1.259352761625479854e-05
1.112326111060267796e-05
1.024279580272469028e-05
8.680872743088825051e-06
1.364747077317159866e-05
1.141163313454429517e-05
1.116808592158542589e-05
9.497413660479028376e-06
1.131549954925707902e-05
1.141610147891867110e-05
1.323352506495231055e-05
1.231910965113506353e-05
1.269142201231038417e-05
1.102607021508762920e-05
9.245225170233729899e-06
1.083629099693844545e-05
1.242353517409147241e-05
1.211202235277338175e-05
1.034582204527282543e-05
1.120754543981107050e-05
9.688591603600343080e-06
1.024623560956744277e-05
1.174995395767900861e-05
1.098109704595960359e-05
9.742952519596867657e-06
1.035241087923776167e-05
1.157541607968158004e-05
1.073107473707445906e-05
1.315721896315711304e-05
9.947112850531582466e-06
1.039357806289095430e-05
1.103530187080695160e-05
1.189373204938493650e-05
1.227123693568827798e-05
1.168858544329231024e-05
1.135486992920109662e-05
1.119324849046343477e-05
9.682773222064965227e-06
1.037471609793784018e-05
1.161808115283637983e-05
1.187126995542397866e-05
1.215797873504667654e-05
1.030624399449394539e-05
9.746279685724327594e-06
1.075985016309341571e-05
1.207525867211758028e-05
1.132465850336113514e-05
8.809939130335941302e-06
1.056183463129838788e-05
1.072564322278805800e-05
1.075684128652075344e-05
1.207294113729957321e-05
1.199504661945064625e-05
1.100352967685082453e-05
1.277939453169884597e-05
1.230388177090766928e-05
1.078549761987995823e-05
1.137347086179122586e-05
1.130005833132226910e-05
9.460146470037541000e-06
1.074545543439393277e-05
1.204094590006439255e-05
1.284213864455364386e-05
1.104903364189866973e-05
1.059285505536352363e-05
1.195419951384021017e-05
1.197578307104806136e-05
1.060279264253555917e-05
1.076903119419245860e-05
9.889398043456496887e-06
1.290753262999882228e-05
1.174657714691159910e-05
1.082117455873079216e-05
1.013287858132850407e-05
1.057278711268759558e-05
1.268883057690474672e-05
1.035974141317914522e-05
1.120273302514983521e-05
1.089481932882079704e-05
1.172962914272631163e-05
1.198663038165445378e-05
1.066461193575982256e-05
1.076451245532147441e-05
1.194049020524035683e-05
1.209153056633267759e-05
1.174946922126472486e-05
1.047837032308241752e-05
1.142477840654566973e-05
9.375215661687631081e-06
1.045263540733125076e-05
1.151375563189958909e-05
1.179332855283468876e-05
8.991130454996178425e-06
1.117769942265283408e-05
1.113381632646354234e-05
1.246055716838715443e-05
1.434838038761370145e-05
1.155055029977409348e-05
1.087291877612211509e-05
1.007204104699614580e-05
9.370275700744887801e-06
1.054405792888063161e-05
1.278034840041731585e-05
9.858778655246694665e-06
9.956192352063900867e-06
9.855014319723027791e-06
1.229765742378343119e-05
1.174265083234240606e-05
1.194716883303965179e-05
8.972289811602919790e-06
1.000518977601969914e-05
1.097777559978620524e-05
1.140067825755341254e-05
1.183663656790703557e-05
9.610749863016985851e-06
1.102433067017568240e-05
1.244348848398818950e-05
1.391555132280565246e-05
1.173550600798738122e-05
1.062740059602259305e-05
9.370905599368152723e-06
9.963557134321652638e-06
1.098971267219990932e-05
1.168403059942314039e-05
9.585637511581795997e-06
9.426929453355051134e-06
1.062930503837159747e-05
1.140634763584170221e-05
1.147496038680088523e-05
1.067442908221642461e-05
1.036641560507396814e-05
1.172241516866110472e-05
1.179948253204421852e-05
1.337583287752288323e-05
9.168900366844927492e-06
1.062196863833400548e-05
1.171592778863333027e-05
1.001913021523169437e-05
1.183824943444611443e-05
1.175233331532482099e-05
1.278217996772740231e-05
1.018889343494621847e-05
1.014642853106947471e-05
1.361117554127244170e-05
1.061806334576053262e-05
1.013511449490444486e-05
1.104355503655211511e-05
1.211479505496955763e-05
1.187282162647322159e-05
1.152956898019194553e-05
1.103914593137986693e-05
9.909671369297718500e-06
1.198839209282213608e-05
1.221522162228763062e-05
1.181525918230636561e-05
1.091841775441933231e-05
1.047267552144204463e-05
9.596935296761779607e-06
1.067834083861647568e-05
1.058598994500303598e-05
1.154704056070015522e-05
1.221047855607601099e-05
9.576864388198887297e-06
1.064649793534442506e-05
1.236391470968754618e-05
1.194625745191860321e-05
1.044307093166153667e-05
1.045119590843161662e-05
9.722616291999007390e-06
1.238268303883931280e-05
1.233453522398417923e-05
1.081379120572033025e-05
9.884043049599416768e-06
1.003408936061695311e-05
1.210354839654974475e-05
1.097081956091504532e-05
1.198161823785839988e-05
1.050811373120670671e-05
1.022852122941614921e-05
1.094803177504347206e-05
1.032430773466959805e-05
1.238342993083045210e-05
1.190460451046239017e-05
1.119164644066899978e-05
1.094655097786238614e-05
1.023416720268948103e-05
8.388764927177076879e-06
1.140318836362448835e-05
1.165025279524931318e-05
1.088163747274582745e-05
1.010450538107177114e-05
8.892086572654292245e-06
1.341267837574567311e-05
1.090236248563797354e-05
1.083389020081781261e-05
9.939574647340241833e-06
1.049562008390927890e-05
1.130835196953544569e-05
1.265592208427326499e-05
9.207235715851643114e-06
1.079797403748473106e-05
9.146831568375609546e-06
1.110525265350008347e-05
1.115968643322135626e-05
1.143961794163176661e-05
1.082875565264356213e-05
9.347393772901047739e-06
9.870802581737317985e-06
1.198916578273545000e-05
1.163709401981081757e-05
1.076282347965911598e-05
1.079623210181426077e-05
1.195714018712195371e-05
1.292282114974644665e-05
1.097261154007292077e-05
1.006340320182713205e-05
1.178810780181358751e-05
1.203110527394267214e-05
1.182474878603096434e-05
1.009425372535207414e-05
1.117632302270756549e-05
1.107489145659277311e-05
9.219123093918963176e-06
1.139872651748675867e-05
1.151989810034768914e-05
1.374676355453081265e-05
8.806971084044524554e-06
1.047745318984386883e-05
1.034829368266181928e-05
1.196540288366821943e-05
1.091546373334202977e-05
8.596452232171456544e-06
1.114560006169321491e-05
1.086008075655948948e-05
1.296880504582721387e-05
1.262199609594629795e-05
1.070134786744552877e-05
1.004342624838462980e-05
1.264666651380808420e-05
1.183714435355411115e-05
1.222484481296720550e-05
1.080654344269031961e-05
1.126559682702236485e-05
1.193780125793516003e-05
1.207607278372870958e-05
1.075515446253647016e-05
1.066310861024290462e-05
1.168455392237285145e-05
1.055162990391911933e-05
1.207744167775159443e-05
1.198441962035707987e-05
1.240764469231408186e-05
9.582610138506698167e-06
1.133332534185284179e-05
9.697223842379408049e-06
1.179706262189064829e-05
1.234783054645633076e-05
1.041512340139713743e-05
9.775347235608597153e-06
1.035660430856264845e-05
1.097595452909957819e-05
1.031929387139855010e-05
1.289374643249258416e-05
1.158635692181981148e-05
1.032611836009470571e-05
1.084128719634973525e-05
1.017242307460405377e-05
1.171541264448476989e-05
1.281209812575519212e-05
1.087908679575001232e-05
8.585676598756649281e-06
1.035667394839836915e-05
1.154902739633970568e-05
1.106144498555992320e-05
1.180172721403084624e-05
1.029733458700311609e-05
9.436128593852513273e-06
1.008390707120051816e-05
1.133220236771923888e-05
1.124059845678994199e-05
1.025362955315643885e-05
1.033710989712375776e-05
1.107556187039418484e-05
1.093900536799554269e-05
1.037483307023921742e-05
1.119200249679565988e-05
1.236512360338962135e-05
1.056230831246337038e-05
9.411358560630519288e-06
9.833331087217245475e-06
1.168033199245991582e-05
1.115674445055152892e-05
9.942290973528407794e-06
9.729831799992541609e-06
1.190148715287401124e-05
1.172846345743148824e-05
1.197715261845208196e-05
9.905154095978179558e-06
9.991939356416592016e-06
1.129638149269526429e-05
1.165608066358303473e-05
1.154683268712298476e-05
9.216442346190329628e-06
1.128522373137505494e-05
1.150434453076555566e-05
1.076786494928980266e-05
1.030577271366753744e-05
9.881545989764287173e-06
1.136719179591982545e-05
1.068536771324932361e-05
1.030305415838103314e-05
9.929867759389032956e-06
1.089548370360872698e-05
1.124026756638692980e-05
1.177060780267982837e-05
1.115548469045168488e-05
1.052944493384319904e-05
8.809511957066138200e-06
1.198358714808988829e-05
1.177171540429305293e-05
9.909010370703610410e-06
1.092458718498478726e-05
1.078413883237262425e-05
1.157630824500247055e-05
1.255255383570582518e-05
1.088378343311340694e-05
1.093734589106713838e-05
1.359374117034875313e-05
9.940346882652974266e-06
9.682683559569875116e-06
1.104696256224034369e-05
1.253253901397974589e-05
1.133087875572213489e-05
9.666141251281616759e-06
1.058551305374541730e-05
1.074526055490320067e-05
1.144054684421605532e-05
1.078445243812689600e-05
1.154833008851601493e-05
9.578093570658474949e-06
1.016020151758531929e-05
1.120599664760101324e-05
1.115302435004500224e-05
1.004836156593851126e-05
9.053328117919932444e-06
1.091086385002549056e-05
1.315576547856653357e-05
1.118154885254297372e-05
1.148757047759468688e-05
1.107234152462172401e-05
1.087120317742887584e-05
1.006926328746369104e-05
1.064790696162875117e-05
1.243596393773643159e-05
9.253477530604317371e-06
1.069358446244249272e-05
1.143537137259817524e-05
1.158032736715489836e-05
1.284740213494778871e-05
9.821858131729356131e-06
1.033074087729044843e-05
1.098697398048669927e-05
1.201085967630046155e-05
1.260067444198934575e-05
9.593230085864092700e-06
1.057708095254929606e-05
1.041266699899706979e-05
1.319009162441068587e-05
8.920645211794124281e-06
1.173729216758995962e-05
1.147581799776544107e-05
1.224292231632562591e-05
9.902499984887165791e-06
1.004159429387692990e-05
1.088998131477965286e-05
1.236676963286591318e-05
1.130641160449750822e-05
8.993187125935450823e-06
1.087739976736422579e-05
1.048900373999503245e-05
1.164027975379925001e-05
1.195823771462189194e-05
1.139517997236313187e-05
1.059270381291127287e-05
1.039631801107715803e-05
1.147655715749231065e-05
1.252979357472133714e-05
1.177902156403979624e-05
1.099112991370874135e-05
1.079526278108628660e-05
1.053331118687758049e-05
1.093963974055115248e-05
1.221103917646769716e-05
1.239433503949071224e-05
9.686468900310994686e-06
1.013481216662478190e-05
1.265717386673250349e-05
1.222674592915425087e-05
1.051037126461459285e-05
1.089822550844306335e-05
9.280246949705302787e-06
1.282394385224563065e-05
1.153623051906941354e-05
1.087229505841669843e-05
9.803104503950856453e-06
1.038755784974760924e-05
1.235179599318554365e-05
1.032757757097980004e-05
1.179246425542596588e-05
1.013758096043741766e-05
9.317356653846776431e-06
9.988986789605164204e-06
1.073954530754294766e-05
1.033058185551334492e-05
1.225913351337119524e-05
1.158798438319206181e-05
1.106261114765794095e-05
1.054167859750812615e-05
9.794366278169769596e-06
1.138271673139912204e-05
1.206135662755799200e-05
1.054563198392707752e-05
1.138642010010173841e-05
1.105942838664299944e-05
1.054751288758001266e-05
8.165217697099991722e-06
1.187296793506253127e-05
1.144273412933158817e-05
9.563452776426690949e-06
1.018407946815309114e-05
1.048755623742438949e-05
1.110362493304830672e-05
1.052303104792930902e-05
1.084482592085593094e-05
1.333986798413205738e-05
9.879317268904448196e-06
9.607035253896581374e-06
1.176758035262641864e-05
1.083640008328710998e-05
1.114639098098466015e-05
1.002726390828709214e-05
9.993239463300009745e-06
1.149975008243631892e-05
1.156550997466538718e-05
1.213038870460049007e-05
9.709404784542928789e-06
9.806483600446655566e-06
1.086489621152405660e-05
1.223863275441451170e-05
1.119160175852976527e-05
1.010946835739750984e-05
1.036102040030169861e-05
1.103955211958184535e-05
1.107583787042703616e-05
1.036730769790147441e-05
1.031161355606203598e-05
1.154237300373726280e-05
1.017743535078028153e-05
9.621505601279615322e-06
1.020374580233933341e-05
1.186579113867589143e-05
1.111994523926217907e-05
1.076751504286030677e-05
8.807682248761439792e-06
1.140068761146298992e-05
1.116491761796170796e-05
1.379736067381585810e-05
9.587822126388666075e-06
1.099610270979150066e-05
1.041464894364763755e-05
1.214625746390867962e-05
1.169534677444463144e-05
1.052461393067348810e-05
1.088011815425302464e-05
9.874366483896353483e-06
8.955357493967496828e-06
1.042927244916931738e-05
1.248218320365935740e-05
1.090293342552978677e-05
9.661341297671257862e-06
1.016828633307271184e-05
1.087087044837765887e-05
1.103976872830555508e-05
1.233732724217853247e-05
1.346701361621484846e-05
1.044670477652517634e-05
1.139052315968606649e-05
1.189348077292142431e-05
1.173872721369980791e-05
1.189987381494883219e-05
1.070795772460524334e-05
9.788389417040770449e-06
1.211330388336719421e-05
1.249782449952421603e-05
1.072610631611948600e-05
9.288499120289642357e-06
1.060682612127492235e-05
1.115036704890970566e-05
1.107716352362110251e-05
1.321262480792152973e-05
1.223171865532009517e-05
1.032674294723271870e-05
1.020652555573894654e-05
1.004208986566927285e-05
1.168589845429985380e-05
1.345468157037724472e-05
1.142753009025023974e-05
1.122803723318892537e-05
1.196976072937530960e-05
1.132462297431732700e-05
1.179636237731976642e-05
1.013233021913440125e-05
9.268762523006842110e-06
9.737946106909611463e-06
1.175916220204026361e-05
1.135253348962060408e-05
1.009616192801592926e-05
1.178784446081481854e-05
1.009595726091075603e-05
1.089010375723782324e-05
1.160349210773339862e-05
1.169908686896367504e-05
1.021367447646478677e-05
9.452180393522849962e-06
9.716321025729897582e-06
1.160944968678042418e-05
1.133052548217166317e-05
1.139145780830000081e-05
9.248813322062329038e-06
1.035631666605739533e-05
1.149198628437981217e-05
1.108240848911516150e-05
1.233667112746242489e-05
1.001014827959726876e-05
9.567858116916747586e-06
1.080182452536502757e-05
1.322702738777937882e-05
1.146900184422317722e-05
1.025925440252142305e-05
1.125683140124137414e-05
1.139426336633497591e-05
1.074700980119552576e-05
1.017893030844651628e-05
9.592500030594411681e-06
1.196136121955198721e-05
1.148766707111006412e-05
1.016523638491676615e-05
9.659479446419574162e-06
1.170931936819861378e-05
1.191832101736732960e-05
1.077473727806317623e-05
9.786518099616762733e-06
1.206394634995845433e-05
1.216913288012593255e-05
1.008552130580604749e-05
1.101657918929273237e-05
1.073169191645984995e-05
1.210300692214917808e-05
1.296013801828358098e-05
1.154476507790617135e-05
1.168174063413510188e-05
1.347138419307179286e-05
9.729883889709452043e-06
1.076080897665943962e-05
1.242920185142108335e-05
1.129100294087606421e-05
1.023016915329613047e-05
1.061271647887834172e-05
1.078227594997956309e-05
1.171789633186925443e-05
1.138407410431553170e-05
1.030595732378980102e-05
1.037347214145839171e-05
1.259184197874538889e-05
1.316133710540537124e-05
1.095018386078633891e-05
1.064301774568329798e-05
1.071390984396847233e-05
1.026648545497610028e-05
1.112860636678632701e-05
1.123975940946166766e-05
1.235082577720165927e-05
1.230265371870958152e-05
9.422337896864826372e-06
1.050580847722751941e-05
1.122531204524034166e-05
1.348041345377185467e-05
1.222314154255382068e-05
1.086893561241782720e-05
1.059010094040192483e-05
9.190589183240109255e-06
1.148819053284835637e-05
9.959413845317104599e-06
9.349386521884194324e-06
1.164346178188620796e-05
1.244948429007511780e-05
1.129439579722911703e-05
1.005748170042959728e-05
9.645047784122138439e-06
1.220786296986253817e-05
1.112616258589542860e-05
1.137222974185160982e-05
9.950368544905039333e-06
1.345425970089443970e-05
1.080414111252362866e-05
1.097101590258791366e-05
1.034955695409645958e-05
1.187692273351180773e-05
1.249294801473529846e-05
1.197683044556856541e-05
9.999737833398828502e-06
1.090047593231138923e-05
1.132802938806598311e-05
1.133395930376282824e-05
1.075474690149397893e-05
9.567771551084782849e-06
9.715355797180533887e-06
1.150909420068074660e-05
9.496719965630114968e-06
9.235348206414337250e-06
1.108411506780336842e-05
1.160712465734942754e-05
1.123022478672349360e-05
1.144793164536677843e-05
1.222787287335849443e-05
1.103343419360726073e-05
9.452040484382766766e-06
1.013038579821273399e-05
1.183702464958914982e-05
1.076930151567954833e-05
1.093582663618312686e-05
9.956676204101142058e-06
8.165062468361781098e-06
1.224239529750793694e-05
1.307297340917150598e-05
9.391315287794272382e-06
1.036020580404243870e-05
1.137521222460081173e-05
1.199567594332543415e-05
1.158072129458455214e-05
9.688347076633222499e-06
1.083485305183298857e-05
1.058210813736326030e-05
1.146303326665787985e-05
1.241571141515923710e-05
1.204839757897218633e-05
1.099159437989158516e-05
1.132682763330321947e-05
1.024112112643728061e-05
1.037835779804318855e-05
1.068129439376715266e-05
1.177808394757493319e-05
1.110738048538226088e-05
1.240556933617726876e-05
1.065531332361269834e-05
1.059345294232659310e-05
1.130236789231888290e-05
1.254911353344466235e-05
9.479666812398883431e-06
1.088913227942053952e-05
1.095635499637781698e-05
1.157727552062586187e-05
1.208747318348293215e-05
1.058870846889285633e-05
1.038149714448234742e-05
8.542497163074020444e-06
1.393806587059739421e-05
1.128947885011875848e-05
1.047332253133590770e-05
1.246649346531373878e-05
1.085481628611262724e-05
1.012621106868958948e-05
1.092609778249569987e-05
9.901697216935538212e-06
1.114840976020085830e-05
1.219335311776315221e-05
1.255445042917889706e-05
1.028935615935147972e-05
1.066402953295671595e-05
1.197299151475234641e-05
1.315843657702850615e-05
9.584947953067622143e-06
1.048373100385065826e-05
1.166143821416830861e-05
1.108990223325355196e-05
9.635029451422378352e-06
1.071039772903638568e-05
1.044810757202352963e-05
1.117296846623892700e-05
9.354466162460013258e-06
1.000564531773677586e-05
1.141973157404535489e-05
1.114202586269087926e-05
9.556700193592264578e-06
9.634759780155207631e-06
1.124193887815337532e-05
1.097055066186454123e-05
1.150671789435669933e-05
1.419963288450125105e-05
1.056152253511524362e-05
9.774648725706247616e-06
1.131939972073920590e-05
1.209793768767762959e-05
9.414749534164108555e-06
1.078887510003378395e-05
1.111961430246359449e-05
1.304265700826458216e-05
1.242837024247955674e-05
1.110307467145356896e-05
1.125871896462470888e-05
9.088102779168874957e-06
1.073199650942123272e-05
9.354195945324556932e-06
1.059919077847138770e-05
1.293429911465343419e-05
1.143030533910882727e-05
1.007113898981447543e-05
1.089324215024567001e-05
1.374873496235557570e-05
1.277531635686000858e-05
1.024183790029013904e-05
1.328587977640510075e-05
1.259280128239446932e-05
1.158562780386155346e-05
1.032133448507067497e-05
9.951160752186291814e-06
1.129018637192340454e-05
1.305304044755236297e-05
1.054198246305600799e-05
8.704022080556536708e-06
1.017373269820463842e-05
1.005022937922459914e-05
1.069267247146096794e-05
1.009985777251376549e-05
1.231855011181147543e-05
1.155948240885584522e-05
1.113498654046707090e-05
1.152516865638232104e-05
1.007058365233618671e-05
1.396377956273236016e-05
1.188440403284017060e-05
1.062370433545853936e-05
1.028804955420180008e-05
1.066469979701842354e-05
1.244886600640529772e-05
1.182455735395198798e-05
1.073970226120910481e-05
1.102991590344752714e-05
9.774415587048522141e-06
1.005737406108220399e-05
1.087016588031955548e-05
1.175935130704640988e-05
9.609199306599453756e-06
1.130368804082404077e-05
1.066963436985461382e-05
1.050932501689471033e-05
1.043371120356687069e-05
1.085925359727733348e-05
1.355950565608501047e-05
1.112785701453991652e-05
9.877316977521970851e-06
9.949538699490799768e-06
1.261665592735543932e-05
1.134826492553717302e-05
1.074024103503135460e-05
1.148389202563015148e-05
9.798575272612474873e-06
1.015628030295607190e-05
1.083794425070203386e-05
1.158941761161644600e-05
1.163491209431761217e-05
1.296788412788090885e-05
1.041338171570328294e-05
1.098324921753609505e-05
9.894293631483569153e-06
1.001552824088195445e-05
1.231277981698229451e-05
1.142003856867630252e-05
1.165132026379931372e-05
9.648394694903691241e-06
1.235256019509882993e-05
1.198939029380287816e-05
1.030638871751469847e-05
9.802044995237377785e-06
1.062888104414386288e-05
1.270215607055082405e-05
1.097989939040709273e-05
9.955692970650489057e-06
1.118127727095297805e-05
1.062880511638115055e-05
1.193647341537700145e-05
1.315029120625151858e-05
1.013283526439723284e-05
1.067467890859785765e-05
9.116523094355343031e-06
8.891730762913124730e-06
1.063070226852598533e-05
1.073111511156024699e-05
1.114634257509644177e-05
1.339882783229460960e-05
1.072667483893071020e-05
8.839440236664469682e-06
1.161085342675143036e-05
1.277607805370860348e-05
1.175287274981875633e-05
1.005653404827567792e-05
1.106841712931950545e-05
1.106549794340736782e-05
1.187469927971080170e-05
1.260271892815707347e-05
1.054278200915734352e-05
9.598418148403818355e-06
1.266009625470960724e-05
1.190291579101244482e-05
1.172075965986590226e-05
1.052103143312458302e-05
1.076276499526010081e-05
9.932991753269229066e-06
1.053868729564032194e-05
1.070837981651978292e-05
1.162196561962750379e-05
1.264326967979054893e-05
1.176761743797163344e-05
9.548019984520322563e-06
1.082506855128754976e-05
1.187245137463439660e-05
1.231011973189946322e-05
1.168865061749813532e-05
1.078200771495763098e-05
1.067737178366189046e-05
1.075409152742114092e-05
1.270027796754385655e-05
1.086185895868724327e-05
1.045394739122522823e-05
9.326228190469087421e-06
1.108342355099735052e-05
1.146864907466259630e-05
9.728765199475691584e-06
1.233948565963291143e-05
1.049315835433307716e-05
1.045595276470133279e-05
9.035157075865053307e-06
1.337885802873180823e-05
1.185713274242830467e-05
1.135345337779407261e-05
9.648783890492034301e-06
1.057574752348271554e-05
1.172751154548549875e-05
1.136451734241266832e-05
1.169848508933374486e-05
1.017980003070748070e-05
1.002012183791463583e-05
1.130760688338443823e-05
1.161935157044127405e-05
9.620828884791588314e-06
1.009179631881264010e-05
1.046855232443454429e-05
1.112446722641482706e-05
1.075425774552009435e-05
1.175555505923372040e-05
1.116200966178260362e-05
1.221862337709026723e-05
1.047285600105231708e-05
1.032538229002043910e-05
9.294944704793416714e-06
1.267069732482717480e-05
1.155876744844127352e-05
1.157812924332537208e-05
1.074362450780460591e-05
1.134830472650176012e-05
1.117702430609575089e-05
1.267571229009001159e-05
9.935671817766865676e-06
1.034554280915019594e-05
1.100812123738604158e-05
1.153728745541190405e-05
1.199078805491231008e-05
1.069927377489159211e-05
1.095180597793782460e-05
1.133060388927908424e-05
1.177762729307083431e-05
1.142620518232073276e-05
1.142662912919574772e-05
1.089239086848900526e-05
1.042461932642045203e-05
1.000480285485337541e-05
1.020095066039396137e-05
1.077656431682990173e-05
1.159716635989225958e-05
1.264215325765095669e-05
1.040690956528333773e-05
9.895501980019250879e-06
1.114785512782783832e-05
1.200202081861716637e-05
9.895140868036205519e-06
1.045904084084153323e-05
1.031688188240808309e-05
1.238527790908847518e-05
1.025300608559032592e-05
1.031588899897972732e-05
1.185929815801308284e-05
1.355362528140467575e-05
9.885186217855454260e-06
1.200277509010585174e-05
9.402407096820303425e-06
1.061409214661932660e-05
1.083597757670753516e-05
1.165444811017166392e-05
1.166335034133080890e-05
1.140504080508455312e-05
1.111734928944444986e-05
1.069201999860672228e-05
1.263006869625698678e-05
1.287081891107752487e-05
1.120123453243121591e-05
1.094368001601007151e-05
9.765181931798265773e-06
9.232984980209578492e-06
1.140963808701436375e-05
1.407796454461634677e-05
1.069743582406750153e-05
9.067035058024954100e-06
1.011029915889407813e-05
1.077595134135559314e-05
1.176309010514618780e-05
1.269100790347778809e-05
9.935257981773578591e-06
9.392437204409463268e-06
1.228076953143279733e-05
1.130274904311005704e-05
9.457188313336217146e-06
1.125489038600219475e-05
1.078055889710777143e-05
9.676775403513106374e-06
9.733602347627274919e-06
1.357034977888089336e-05
1.087848507300996245e-05
9.348030157335776702e-06
9.741402165879070000e-06
1.143369774712987205e-05
1.125518323876921329e-05
1.330292937101137487e-05
1.202013362117428571e-05
1.257196815571410031e-05
1.120192524796417427e-05
8.946380365035496018e-06
1.106036286949042604e-05
1.190131882035046747e-05
1.193685796596032519e-05
1.133697134410975966e-05
1.086289160188475908e-05
8.916508482262960691e-06
9.565734995887641137e-06
1.152089016853650305e-05
1.148787604283343623e-05
1.013568673712679899e-05
1.036984224171903063e-05
1.045339133375515650e-05
1.164567105132006777e-05
1.106898545602950046e-05
1.063946515081099715e-05
1.007409049414336823e-05
1.158016049297943006e-05
1.176085789711597106e-05
1.297815895407815623e-05
1.207481281300810758e-05
1.172459061757575762e-05
1.162327743891620320e-05
1.007595115583263648e-05
9.759558331669617083e-06
1.154315372201386204e-05
1.153146771946671510e-05
1.200579977003672408e-05
1.050847753423596843e-05
1.058943061887468656e-05
1.221296840658900359e-05
1.129062177990014897e-05
9.870272823944656416e-06
9.947698552679791692e-06
1.152220164511114546e-05
1.026226707497751983e-05
1.230438339702136313e-05
1.024100527649540749e-05
1.349750028835652308e-05
1.222522524165177559e-05
1.091139001410897484e-05
1.098914208951537641e-05
8.588677991486918506e-06
1.119726010555013683e-05
1.146604062262908223e-05
1.287449067703362731e-05
9.329072918978164217e-06
1.025194395458534385e-05
1.019444952769922310e-05
1.174322339610065570e-05
1.291431101117965864e-05
1.036773878147169045e-05
1.050805390211811884e-05
9.856561736360753770e-06
1.413518525783040229e-05
1.186948853929609864e-05
1.072766343541089593e-05
1.068239546592533220e-05
1.058841651271642120e-05
1.287177131142995727e-05
1.092593234673322909e-05
1.069162766137096540e-05
1.172482498171755279e-05
1.292978385226617051e-05
1.276199385311480642e-05
1.057778809409056390e-05
1.125156603514852608e-05
1.242903839109929932e-05
1.199562432227141975e-05
1.147742001293394167e-05
1.070776059642720784e-05
1.065298389313924737e-05
1.104047955412193183e-05
1.091550837710476965e-05
1.040275838818412039e-05
1.371935376104404717e-05
1.109068586338829391e-05
1.152559282481975048e-05
1.031026884775156933e-05
1.099008723647636529e-05
1.159960930315761954e-05
1.211140281179540367e-05
1.185064618324417759e-05
1.166533590663989650e-05
1.051156801828758558e-05
1.047008525642149356e-05
1.171912607182804710e-05
1.175358562159384870e-05
1.094778409589901370e-05
9.522109614822708067e-06
9.764455013715146988e-06
1.249188714457947699e-05
1.084966157829870260e-05
1.087068325570328117e-05
1.029967517173978298e-05
9.902566748268847344e-06
1.136840699717268052e-05
1.127843741983739094e-05
1.363758849220329030e-05
9.861127216562085940e-06
1.122881628944833123e-05
1.289364777574444527e-05
1.180823063946879774e-05
1.154671832331141717e-05
1.170184523435169560e-05
1.196665661842148878e-05
1.097854081085556132e-05
1.070316358895299414e-05
1.061375907296472871e-05
1.123652832240249306e-05
1.150912063426946463e-05
9.712270632643476892e-06
9.994696248228426301e-06
1.086735090349401228e-05
1.144035587786354047e-05
1.212030243514585681e-05
1.256537168897873112e-05
1.073080797230155087e-05
1.067774227525737223e-05
1.126859856180997966e-05
1.416066695586550196e-05
1.161361760073855976e-05
1.042567393503244219e-05
1.073185998164256862e-05
1.117806396427310619e-05
1.278300293075160673e-05
9.997353716334142232e-06
1.266277840840817559e-05
1.192472730692251046e-05
1.185423656916167903e-05
1.084311851832551057e-05
9.054507837228046503e-06
1.088262243543962785e-05
1.219238762810317873e-05
1.145473740350332481e-05
1.009859716671126824e-05
1.029540761069966786e-05
1.111774169590420813e-05
1.079972465259181957e-05
1.241768550166497714e-05
1.407804562232372185e-05
1.082256073274238606e-05
1.053068688313873192e-05
1.335574200768906501e-05
1.299114729307958504e-05
1.089341673783968558e-05
1.108343333820605947e-05
1.006028218340929935e-05
1.072647075228640759e-05
9.253149707126836804e-06
1.127019738838355553e-05
1.272336023729544645e-05
1.185196096868315331e-05
1.001387550701115134e-05
1.069513558661723081e-05
1.065026341644592280e-05
1.178432510793469630e-05
1.281905556122366567e-05
1.006515595454637171e-05
1.022772066281461119e-05
1.122995578707854015e-05
1.035241538631098549e-05
1.087232404760364455e-05
1.033161284861644720e-05
1.146113487489059281e-05
1.334231130111225002e-05
1.019389953291709901e-05
1.080026573442952380e-05
8.728085051563463687e-06
1.221072469891429526e-05
1.123825148031535694e-05
1.176473502448594215e-05
1.262394902770621417e-05
1.325494216527124482e-05
1.092401351065565011e-05
1.109352543611117234e-05
8.867553953631970181e-06
1.166381721103468928e-05
1.381813359639216376e-05
1.159833802472621075e-05
9.970355298410770025e-06
1.073921747645070019e-05
1.199907293317806326e-05
1.053814613428384393e-05
1.201666832650978186e-05
1.016391397983489263e-05
1.006893751309894815e-05
1.110525990442897690e-05
1.043879316284880778e-05
1.025459033631099379e-05
1.024259738957566619e-05
1.179260644412395104e-05
1.120300805236795548e-05
8.605392344618622874e-06
1.141475398796190546e-05
1.181175101738598509e-05
1.046804652348138732e-05
1.025554047253807319e-05
9.134475149503795628e-06
1.172404835265992587e-05
1.083050231957251502e-05
1.102550423946380767e-05
9.367346526479816720e-06
1.009151615528108716e-05
1.091876635075094265e-05
1.157948714366629422e-05
1.313133295749394639e-05
1.022097361855331312e-05
9.161153234454221450e-06
1.079277412468487439e-05
1.132013844533808458e-05
1.164971819612269523e-05
8.194411086419709520e-06
1.058914234713606690e-05
1.079417195069708781e-05
9.013380179165861924e-06
9.520077402001077106e-06
1.096538057895849712e-05
1.185840009478239032e-05
8.991540958071724142e-06
9.503520816903612058e-06
1.157390128901217374e-05
1.112404576192668539e-05
1.217360382619394250e-05
1.117729608720351873e-05
9.938051430111023124e-06
1.303601814592680001e-05
1.217337926541213304e-05
1.008862200831178230e-05
1.005089678007665093e-05
1.007696757376118048e-05
1.213458450146880588e-05
1.287578418644084809e-05
1.034689841537375144e-05
1.033569114141009602e-05
9.914026582171106100e-06
8.984913957346445646e-06
1.003137843708635652e-05
1.167754725042763357e-05
1.181598287671328577e-05
1.136829522711925442e-05
9.159411956369634683e-06
1.056075482900410653e-05
1.106546287736671031e-05
1.107387282168171960e-05
1.177454144050084048e-05
1.183180282608795318e-05
1.087341561982746983e-05
1.030219978512075956e-05
1.188495355506545776e-05
1.250113720084429946e-05
1.094780907606153262e-05
1.091990651646223749e-05
1.059057160184461433e-05
1.128111843424203038e-05
1.317279589225301237e-05
1.060832256606695843e-05
9.737823370981006491e-06
1.008783478442247396e-05
9.604497952360746560e-06
1.079903382513092806e-05
1.073161171840863181e-05
1.192254570616249584e-05
1.494734974549322003e-05
1.019158848161956395e-05
1.044946265479972268e-05
9.123654565777637051e-06
1.257843648195091499e-05
1.198725640488591030e-05
1.106819314285284960e-05
1.015127340439251950e-05
1.066465542807967725e-05
1.111524225242126110e-05
1.134643774612523279e-05
1.040485714595701422e-05
9.961281792466502384e-06
9.824933392181926320e-06
1.145414432322630699e-05
1.172316103480876458e-05
9.561228687350237557e-06
8.704685456818169064e-06
1.247694544433132119e-05
9.696303979994669048e-06
1.122940034588159389e-05
9.981504260124287532e-06
1.124661535016028406e-05
1.260025605349599710e-05
1.060169843275184327e-05
1.005522675759926931e-05
1.349003305884266890e-05
1.091725989009095825e-05
1.064125189605786428e-05
9.904782814423538642e-06
1.084648752235761190e-05
1.040312842596487351e-05
1.349607445956764426e-05
1.002863261772598691e-05
8.730894913899601710e-06
1.043144390743416104e-05
1.105215356333524382e-05
9.597032371928435759e-06
1.216660036338799303e-05
1.120084946155694718e-05
9.116742715853637624e-06
9.664439502067854641e-06
9.196530181015316114e-06
9.556750645352582685e-06
1.091437557335015100e-05
1.127075811681302865e-05
1.102093230045332576e-05
1.369696029445667577e-05
1.024363822126214156e-05
1.023250584981850595e-05
1.159117948242419069e-05
1.221705869278602537e-05
1.263387284805472091e-05
9.874909090028254307e-06
1.056999506794205270e-05
1.057314786464673382e-05
1.216264464566999320e-05
1.229643074562771468e-05
1.173291316997972717e-05
1.180534179135565299e-05
9.842503909951019677e-06
1.003778389970580544e-05
1.042051252278055178e-05
1.191138743448960447e-05
1.167948900561811253e-05
9.590429479662431863e-06
1.021226874558603844e-05
1.102956161119644219e-05
1.051382341440956039e-05
1.075639669089144427e-05
1.105263577449317501e-05
1.284335556179652499e-05
1.295904281534708522e-05
1.061633864908380313e-05
8.871764028199199148e-06
1.305443911234911173e-05
1.180052875371330121e-05
1.070775162323538088e-05
1.002252874034930944e-05
1.001394521343660775e-05
1.009375424318532145e-05
1.078124749235818664e-05
1.010175077874074509e-05
1.142856360827214180e-05
1.171258685906646516e-05
1.199959604924119837e-05
1.072163478778831923e-05
1.077499001914186581e-05
1.216410434988902940e-05
1.187677446656710112e-05
1.114377923840408321e-05
1.069524246967442151e-05
1.023004344126457648e-05
1.140703763147506185e-05
1.327381844886414881e-05
1.073554449166972999e-05
1.019326371362379770e-05
9.825587578601810174e-06
1.122604111345726409e-05
1.035033911573188002e-05
1.209195020663331342e-05
1.140504782440759471e-05
1.141111923950784952e-05
9.864148954725074231e-06
1.230848257406846025e-05
1.246165236251578826e-05
9.969629170547483085e-06
1.095066441979495972e-05
1.189691359272340059e-05
1.082854265296616717e-05
1.201445247455984991e-05
1.126879320488847649e-05
9.944723291891728912e-06
9.200363552817067422e-06
1.139627147021695617e-05
1.105491741467473680e-05
9.051377807611035939e-06
9.891395833486414906e-06
1.115710667224650770e-05
1.106751912809725236e-05
1.219682755668890996e-05
1.179536384245319025e-05
1.112627100158911463e-05
1.357667807817673624e-05
1.055354566565018228e-05
9.542968986365978255e-06
1.004878689593035286e-05
1.237782274479010282e-05
1.105849468811642498e-05
1.153972585874334279e-05
1.096975362117552279e-05
9.829753890330415397e-06
1.135926858139228900e-05
1.158301955872140177e-05
1.186269287915070585e-05
1.004757820666287791e-05
8.841619294337407187e-06
1.080277546339322040e-05
1.268954408120359828e-05
1.124251798614764563e-05
9.563859927398668799e-06
1.081047506096000156e-05
1.031216382432106634e-05
1.113477580578528753e-05
1.215001847361343240e-05
1.256387960545693587e-05
1.194133729082977198e-05
9.284433912827404420e-06
8.986252399301662800e-06
1.095928484259206175e-05
1.163157830591938663e-05
1.119631283479323749e-05
1.229661278269111803e-05
1.092413892803570574e-05
1.025187119500074355e-05
1.170497154095504516e-05
1.189925000375081567e-05
1.095028640037420625e-05
1.091549162300580189e-05
9.064984593680786576e-06
9.823592767122903607e-06
1.117348825515798022e-05
1.134373571607810309e-05
9.345376386375459234e-06
1.057050099821831117e-05
1.132724043913835817e-05
1.076497668672234862e-05
1.001745501885963966e-05
1.091538579403921133e-05
1.346520308886017766e-05
1.024531455772351622e-05
9.289008086348467052e-06
1.016124125486040183e-05
1.280455644587021757e-05
1.155791427003137093e-05
1.134456022479140099e-05
9.529297712291534059e-06
1.027187672711091879e-05
1.197150137059887957e-05
1.190172862159692558e-05
1.233300235467378017e-05
1.016954460433736583e-05
1.019327649443378924e-05
1.017282243028574284e-05
1.191840963166275923e-05
1.139630843630626610e-05
9.443803580509282765e-06
1.046436954316175902e-05
1.089885975027482138e-05
1.100965403531701991e-05
9.732413780012553659e-06
9.761797458262942915e-06
1.172610774428370901e-05
1.110026386606273999e-05
9.327109681532777682e-06
8.724047259838261332e-06
1.078739267418015601e-05
1.066356650152796007e-05
1.113631257585232519e-05
1.173870155281163593e-05
1.150171233614973107e-05
9.161919764769900027e-06
1.096668575727628465e-05
1.185852314128918640e-05
1.320953414614315058e-05
9.774122607584136469e-06
1.064086832024912966e-05
1.322141119784640192e-05
1.214137749772669955e-05
1.067940224493069341e-05
1.093770991735747309e-05
9.637037983716660651e-06
9.796350914471438584e-06
9.466721604966073632e-06
9.853618886378538272e-06
1.264603791300572797e-05
1.105878703544332051e-05
1.067435335855092063e-05
1.083600806231634893e-05
1.117762391158989106e-05
1.209193830844279140e-05
1.295700317768948882e-05
1.043363369808510520e-05
1.222920535935355516e-05
1.165219504367685378e-05
1.014100147578220394e-05
1.086085210131540485e-05
1.016724272577356016e-05
1.078030809215976912e-05
1.223991497805121354e-05
1.064166373073466179e-05
9.700455063766849276e-06
9.273865789243352292e-06
1.054978948883455887e-05
1.051486514268860124e-05
1.364073276632073513e-05
1.170422859191043395e-05
1.128509475886795085e-05
1.044562312181144560e-05
1.198743749316193591e-05
1.155844148245198067e-05
1.063013140971808149e-05
1.274385588076478447e-05
1.017277471730168170e-05
9.732937851304892686e-06
9.623864025546406272e-06
1.209847975804687472e-05
1.150070688669379754e-05
1.148731479580767863e-05
1.044171661115806368e-05
9.537939181219093034e-06
1.107854151090318521e-05
1.140779397357275809e-05
9.694804687535908084e-06
1.259920959967153470e-05
1.150035721111635346e-05
1.074283586680030485e-05
1.225933580999146506e-05
1.144140144789686147e-05
1.005737896920815739e-05
1.009405161127123135e-05
1.046585976487888327e-05
1.073277190518834965e-05
1.176656948049547400e-05
9.538665960435232651e-06
9.693485642563076833e-06
1.120528013246020616e-05
1.138226016591100985e-05
1.120985425194635199e-05
1.207468695003006467e-05
1.086068092927164157e-05
8.962955408158596347e-06
1.188991811171901961e-05
9.633219382512543606e-06
1.283672356247506264e-05
1.132934380307251435e-05
1.139926931760496262e-05
1.056097018306544020e-05
1.016253406681415644e-05
1.217930083737276901e-05
1.157420918084472724e-05
1.300582041641604861e-05
9.436369185821857759e-06
1.030138470250487309e-05
1.068841502057705462e-05
1.340758608184441813e-05
1.102061402094930585e-05
1.003588063187275867e-05
1.041980777120317195e-05
1.082876647425348194e-05
1.148890858397064949e-05
1.291287171571135654e-05
1.260108432954151044e-05
1.032387507025525162e-05
1.066746978178491611e-05
9.108412062715823978e-06
1.013414116124852265e-05
1.129928951443376159e-05
1.105943034424278877e-05
1.119066169164118987e-05
1.203795264886752178e-05
1.051789188819920429e-05
9.936325033225948281e-06
1.117525440259976619e-05
1.262945113789749837e-05
1.194341570882056453e-05
1.058946702467626584e-05
1.026894694334300915e-05
1.058513549010445979e-05
1.233439266165355069e-05
1.221508050820352526e-05
1.098368030624200229e-05
9.780847757891164145e-06
1.232998782111637161e-05
1.252003676256248381e-05
1.199442012688538093e-05
9.608456025062689365e-06
1.171684031940491693e-05
9.884649671495586760e-06
1.048994789029522064e-05
1.125614327714189567e-05
1.169630777768931359e-05
1.276077686706953962e-05
1.294092581245325420e-05
1.049914651500150375e-05
1.060900221134616380e-05
1.319176904259113560e-05
1.250690772041602077e-05
1.156954736417205295e-05
1.101871012048851474e-05
1.009636286258629479e-05
8.677795720094800657e-06
1.186760930508166146e-05
1.210477374383180061e-05
1.082432948693506199e-05
9.760632658589721145e-06
9.145720715374707285e-06
1.174033068995602735e-05
8.948374081836656850e-06
1.379997121541311013e-05
9.823184135204014633e-06
9.971629354566681057e-06
9.941144851026732101e-06
1.164731543985280045e-05
1.270364279713120195e-05
1.157438397876902947e-05
1.023280859188823774e-05
1.080763152355967678e-05
1.107663472624667711e-05
1.116247283632845862e-05
1.070263177584403232e-05
9.760177910549607360e-06
1.130944255060963086e-05
1.204908906808655080e-05
9.333197381049801710e-06
9.044200615450216602e-06
1.111668805615977380e-05
1.105105399988585295e-05
1.143063190149976286e-05
1.280547753846383025e-05
1.107582558966132212e-05
1.223485136924670474e-05
1.026534352754919988e-05
1.192476167067986912e-05
1.066975663455996239e-05
1.068373003214277543e-05
9.882590068607407342e-06
1.185407645145641434e-05
1.043566495969458940e-05
1.062779308146673200e-05
1.208059374974878400e-05
1.113289151539210467e-05
9.901149662204360993e-06
1.105666877978036371e-05
1.047705944343517120e-05
1.234067360276924824e-05
1.275504286245109895e-05
1.230266472354890785e-05
1.182229734362244944e-05
1.101046513539821658e-05
1.015842341200777134e-05
1.072145966092143331e-05
1.144397465495692509e-05
1.093089397497434473e-05
1.247780034646238721e-05
1.007103027052642390e-05
1.139866591053775245e-05
1.234798728283860117e-05
9.331485728593855901e-06
1.030190979048090098e-05
1.023035499606033091e-05
1.153800954250927813e-05
1.218186520658006551e-05
1.059663851421644662e-05
1.113606326675687427e-05
9.357128421897241912e-06
1.267003571952429508e-05
1.206251039065520107e-05
1.046310232584629571e-05
1.217212316921756166e-05
1.147165666526948738e-05
9.896019778329849192e-06
1.114493063058769534e-05
1.019943522880238289e-05
1.263730572529695410e-05
1.298275776530655099e-05
1.051959193504238480e-05
1.074508876018115381e-05
9.709502115690990108e-06
1.210664609919303446e-05
1.092550749198396938e-05
9.903263015980393941e-06
1.071473294973852980e-05
1.228368309177477213e-05
1.229616522723386100e-05
1.109828531299229336e-05
1.203194139636120002e-05
1.098889544824338512e-05
1.127957537449210518e-05
1.281293535776312163e-05
1.355104579816807489e-05
1.122694074198142607e-05
1.071174365949636168e-05
1.075657696839734480e-05
1.027281828419104486e-05
1.107621855712344766e-05
1.373521992986124361e-05
1.081068753235931030e-05
9.069092415719136300e-06
1.007135696225353579e-05
1.143281374364129248e-05
1.138136514936122958e-05
1.118918179702576112e-05
1.017769008739540951e-05
9.498885500538430191e-06
1.162790756815078839e-05
1.165445360416117747e-05
1.209521326567538849e-05
1.243160650005504950e-05
1.084308974743067450e-05
9.921744257102819788e-06
1.046293060754558407e-05
1.351544925151286771e-05
1.084279980030119379e-05
1.139949639510383822e-05
1.033233734759002135e-05
9.504342841409307152e-06
9.774137709475433280e-06
1.144539489304057260e-05
1.069214665463214378e-05
9.902004460625905572e-06
9.727782905115240939e-06
1.081690102355666809e-05
1.122146856564959830e-05
1.145625288841633204e-05
1.255823770747538791e-05
1.068973118174694144e-05
1.070905757714188336e-05
1.062164629851859433e-05
1.202551003883845895e-05
