3.669460380831309886e-04
2.270677922683824498e-04
2.521890132867348790e-04
2.837456845629313129e-04
2.869116482377754608e-04
1.729681029234549300e-04
3.265650937046403078e-04
2.509957323279502395e-04
3.903428486133497951e-04
2.203321840026643461e-04
2.733628779613707892e-04
3.000893491342161322e-04
2.541735926763877924e-04
2.682276162124753115e-04
2.742825843424845974e-04
2.644084767267702494e-04
2.895059775222319563e-04
2.274954452447634789e-04
3.378610480779587789e-04
2.185227011159044210e-04
2.447468111238641515e-04
2.797850476893468889e-04
3.230343387356667244e-04
2.965983181961291898e-04
2.849290257862368159e-04
2.508798050216407330e-04
3.433349784768038567e-04
4.298044912940871118e-04
2.566764847266549262e-04
2.029809241023202847e-04
3.136838791201723687e-04
3.217513147629893848e-04
3.221423871873680842e-04
3.202172754345590316e-04
1.809461919136131464e-04
2.400863981688877041e-04
2.612362338599253254e-04
3.788407647428893737e-04
3.440150473949350144e-04
3.087586666635305462e-04
2.631416088138698083e-04
2.275619677231731190e-04
3.704841337597886445e-04
2.817364849654334672e-04
2.298590853252991360e-04
2.994713855516812858e-04
2.994545401007539390e-04
2.562582969083859372e-04
1.704183620759585510e-04
2.900646707097797954e-04
2.188833228530312946e-04
2.698961018334859177e-04
2.762346905095153281e-04
3.222315498911360694e-04
2.367208635963244671e-04
2.750327877902938607e-04
2.474469570845744780e-04
3.611109421123315515e-04
2.642020422042653128e-04
2.453317010792134003e-04
2.401476306205732201e-04
2.795483454721105145e-04
2.827515311608668402e-04
4.060696407821437134e-04
2.447703284593714663e-04
1.964116432367563265e-04
1.901949575938711166e-04
2.755933244802831667e-04
2.731472723710332310e-04
3.098684741067684201e-04
3.103309790816662648e-04
2.602042565527047983e-04
2.190798906590529468e-04
4.115021671901676940e-04
3.347331374050606725e-04
3.877557877420949599e-04
2.299700581767879267e-04
3.023573165380612844e-04
1.998662028052931622e-04
1.910408053968568054e-04
2.915242344426000813e-04
3.527336850403790087e-04
3.156484784964753228e-04
2.865540138846900636e-04
2.429431657280036350e-04
2.450938856812125534e-04
2.758506076114208773e-04
3.355733559136548651e-04
3.423387272852834577e-04
2.242534864469687477e-04
2.780306755015826952e-04
2.806829749129239162e-04
2.690535140537514977e-04
2.344297861550574224e-04
3.068199112178956306e-04
2.099813170239019024e-04
3.040861775651001716e-04
2.553914546325227581e-04
4.207337343061947461e-04
2.678282342492886519e-04
2.234615546569887891e-04
3.782304769085716774e-04
3.044914284038393085e-04
1.903510499187340574e-04
3.170692789195060451e-04
1.643493221387386661e-04
2.981035539645987770e-04
4.266103186519504308e-04
2.552261302567328076e-04
2.211723476761037299e-04
2.662298718131552388e-04
2.408078755151882343e-04
3.373635923843035320e-04
2.321034517647859775e-04
3.235024969752782389e-04
2.333532394027088659e-04
2.345649145232222730e-04
3.145068606961421115e-04
2.653166773256728493e-04
3.785594559142468852e-04
2.583504167147732209e-04
2.539681765181450767e-04
3.226159618088765752e-04
2.895479511543010164e-04
2.588164912540141219e-04
3.412406193244985650e-04
1.954795823071430458e-04
3.126135710596104574e-04
3.887194100877664686e-04
2.818802402826492783e-04
2.591345017047857915e-04
2.804717318777021789e-04
3.918779109872897294e-04
2.472758473911495255e-04
2.424099769639525702e-04
3.207252436756556115e-04
1.475084964536829571e-04
2.428479535991123273e-04
2.191964857258288141e-04
3.133218791104910319e-04
3.087799965247626848e-04
2.512866471753631378e-04
2.703030955215347505e-04
2.217037902176952492e-04
3.735110547832860167e-04
2.965269075020682027e-04
2.632458280474450152e-04
2.936789680934615856e-04
2.808740778153077130e-04
2.609214570094067222e-04
2.158293770576747794e-04
3.059342461882721899e-04
3.139611864183145125e-04
2.442877784482752287e-04
2.699833894529697718e-04
3.510232500867589223e-04
3.088321465260500148e-04
1.892659906175629800e-04
2.346373733130294387e-04
3.068927064293885260e-04
3.449661960199173561e-04
3.133530667993529887e-04
2.521442795195584768e-04
4.231204392304895728e-04
2.377733186900047669e-04
3.203059150265160954e-04
1.796375817003767385e-04
2.237144059231016839e-04
2.894986837447955492e-04
2.718649608972353404e-04
3.188022075081384135e-04
2.647220276637940028e-04
2.223174429750404441e-04
1.628059474041617109e-04
2.948656499430033374e-04
2.800846552068633711e-04
3.655824381712070924e-04
2.719410078359797939e-04
2.638434703553923719e-04
3.370865044896593620e-04
1.823505701474797524e-04
3.740294681149625980e-04
3.485780308684396358e-04
3.963279743628601187e-04
3.443275053912586399e-04
2.730619276827643267e-04
2.456432675181313241e-04
3.750041581136702310e-04
2.275663381743982434e-04
3.030076610053592748e-04
2.753000536330711527e-04
1.945841262241572174e-04
2.657134820022215510e-04
3.080110423376653450e-04
1.449579524323057133e-04
2.952827540641725498e-04
1.799603892358971264e-04
2.752995017494679910e-04
3.368748532579741235e-04
3.407892009218808373e-04
2.496311496448453933e-04
2.001536556971069141e-04
3.052707892303757782e-04
3.646198220376486174e-04
2.346286893462646043e-04
2.447475645706700194e-04
2.353872689792775867e-04
3.007192021880414476e-04
2.417089917168712050e-04
3.038644489115812915e-04
2.529766455019693931e-04
3.109621121681730468e-04
2.176158033123493617e-04
3.588757021468780024e-04
2.620404377182473953e-04
3.151841092802224950e-04
2.053654481882563880e-04
2.653506640135996106e-04
3.508679669817784904e-04
2.881893982715379296e-04
2.789781680518469450e-04
2.506379703217785529e-04
3.952413558062954570e-04
2.423926407715215831e-04
1.925808295632771509e-04
2.500897691138100174e-04
2.889379098504260817e-04
2.752107605013204088e-04
3.272993739394460021e-04
2.223931532954515923e-04
3.079203658633017783e-04
2.188283236966109509e-04
3.051815256878862514e-04
3.088857057004535940e-04
2.861972644211168630e-04
2.158116243224586918e-04
2.737386447645519033e-04
2.569973706747878130e-04
3.089259083565920258e-04
2.239873029521098592e-04
2.174596634746951392e-04
2.407400642777896905e-04
2.903270952128101301e-04
1.979749469379949887e-04
2.749726165467853692e-04
2.213316554078354652e-04
2.830327188528276427e-04
2.331663410710276593e-04
2.703922936838051893e-04
2.920176294984830096e-04
3.061575716982193533e-04
2.113930322200619730e-04
2.747100555131792897e-04
3.081950517585674699e-04
2.484885695941489161e-04
2.934590828289339618e-04
2.886210490329156131e-04
2.144575325721242694e-04
2.159965790195118179e-04
3.503681925358607258e-04
2.313719768266090120e-04
2.809966748478145027e-04
2.525866517816517730e-04
2.349385005342804111e-04
2.161113074899343714e-04
2.100303798361251653e-04
2.907718511959275429e-04
2.678482565440448520e-04
3.657789389867519394e-04
2.367475890586524031e-04
2.615752817559427435e-04
2.577456518723001506e-04
2.831692680672711791e-04
1.713355956737742480e-04
2.636614104574258556e-04
2.503831844900573640e-04
3.329016271489615908e-04
3.381174222833337639e-04
2.377114648498649687e-04
2.345009270032032112e-04
2.896082208310363009e-04
2.974055221848415261e-04
2.411966447751870445e-04
3.483822956452471611e-04
2.489762453083691407e-04
3.329647788115238359e-04
3.137140872703005632e-04
2.213488975906293820e-04
2.314039441830035172e-04
2.674359753943223350e-04
2.525804265997475223e-04
3.310225682217653653e-04
2.647412467595103183e-04
2.222878487143552457e-04
2.214685048139022970e-04
2.192079562406901638e-04
2.847542858058092134e-04
3.078861163061187068e-04
1.671479162158012028e-04
2.737383610680285987e-04
2.292980355208611945e-04
2.272527208155168384e-04
2.508128560114809336e-04
2.719435122781037480e-04
2.742395551330629598e-04
1.913540941670972947e-04
1.994448878595484517e-04
3.421993105721036869e-04
2.535104199330322260e-04
2.831768376416050046e-04
2.830529815805027513e-04
2.530280097971900001e-04
2.622845934103724876e-04
2.278788903049580009e-04
2.142757302387018816e-04
2.735177582830170288e-04
2.510316108012592643e-04
3.540665770172213246e-04
2.703254991982831043e-04
2.327671661929947393e-04
2.005313098677807078e-04
3.267094703814355764e-04
4.283213819089682164e-04
3.511952997628879614e-04
3.812192149095102963e-04
2.532019090007876631e-04
2.496044656146907421e-04
3.447794404085519396e-04
2.874765810011721372e-04
3.320515882113493481e-04
2.423807002137494978e-04
2.398914313008731873e-04
3.648173357228175749e-04
3.246324623508857585e-04
2.190963751810457133e-04
2.350667755116681772e-04
2.931512103525579760e-04
2.911871726665794823e-04
2.766108730728866608e-04
2.343237464448533148e-04
2.431656821939334170e-04
3.177847597274504839e-04
4.110565732835027306e-04
2.981479935412054334e-04
2.648326019007984098e-04
3.005211498974456842e-04
2.671165518981654828e-04
3.154551209730202511e-04
2.225570931681845562e-04
2.873534469322732657e-04
1.318793909017420217e-04
2.306445577927284383e-04
2.281165163506410868e-04
4.038208381466171530e-04
2.267629347790936576e-04
3.584248689275898567e-04
1.471895324993290717e-04
3.523555016558145960e-04
5.061880786512326343e-04
2.745639053999674763e-04
3.744038419644917111e-04
2.283554663572202480e-04
2.471604234778603752e-04
2.457962351415708224e-04
3.101262856433827856e-04
2.849561396086954814e-04
1.945011357807730455e-04
2.559945308953805025e-04
3.111383101575919668e-04
1.597527038156608197e-04
2.879384005933092907e-04
2.663212683259789763e-04
2.641804009349539464e-04
3.190661688518515115e-04
2.612098030209310403e-04
2.798964997211018653e-04
2.578328576041928415e-04
2.581648535661265967e-04
2.793356412690194612e-04
3.005558645126284070e-04
3.136469366311805452e-04
2.584779578126835623e-04
2.345097217402292817e-04
4.364647902157261475e-04
2.289050835181953211e-04
2.569245857769175407e-04
3.688223766485226873e-04
3.240819980532442602e-04
2.952177488988589043e-04
2.366468813789662545e-04
3.122550360421859979e-04
1.865053101881838178e-04
2.305676764508032123e-04
2.855031106386179984e-04
3.222661402681942298e-04
2.731903497575362792e-04
2.585953659936109875e-04
3.245278475952162000e-04
2.308736728317465725e-04
3.571089121936832432e-04
2.050869379434943241e-04
1.858973827529747402e-04
3.216248566964956539e-04
2.470237519908591458e-04
2.328990982316294083e-04
2.770140884547130783e-04
2.643811331620842258e-04
2.132899101503298554e-04
2.102202644709131089e-04
3.230837721620136334e-04
2.925022654911615927e-04
2.927021242663771809e-04
2.310914694014202945e-04
2.675704632847112816e-04
2.540877849735511209e-04
2.582414176077540242e-04
3.493538122763191239e-04
2.505031082257563294e-04
2.660035186524330208e-04
2.348804746444621626e-04
3.301565183778604000e-04
2.638577853818768748e-04
2.048773928289843041e-04
3.163377316046771530e-04
2.454253145369975921e-04
2.744967990593931385e-04
3.042123412867062462e-04
2.351814938062335035e-04
4.800382444053883572e-04
3.359929647283728892e-04
3.057369106294725728e-04
2.035963362930384810e-04
2.184856682274583721e-04
2.555087443863062781e-04
2.545406834977311634e-04
3.034069220556467753e-04
2.792693723435542221e-04
2.403305849249439817e-04
2.033904151121931978e-04
2.388079574309321762e-04
3.269179875016432562e-04
2.527438958373855443e-04
2.971155814801698723e-04
2.383115708960536865e-04
2.906556136651687714e-04
2.126413452475892920e-04
2.511565750714157721e-04
3.153335076283028345e-04
2.242191856382089090e-04
3.355151197094893801e-04
2.238471225999485580e-04
2.381779974149472723e-04
2.842484055935688963e-04
2.589524452985214283e-04
4.084107751003311962e-04
2.645512686269569638e-04
2.625419838014358032e-04
1.753944854162928766e-04
1.776898125858525541e-04
1.984760812576205613e-04
2.460082505276255343e-04
2.044363550616280268e-04
2.642152264202403487e-04
2.433813573826465676e-04
2.466083591462396520e-04
3.204355831250459618e-04
2.711013798504639544e-04
2.712020627535503586e-04
3.109728675845849742e-04
2.302561598080211719e-04
2.793345648486195978e-04
2.477477931098918734e-04
2.359479351245237640e-04
2.831666118896799351e-04
2.827799698364745137e-04
2.755991206455975315e-04
3.664359290315456199e-04
2.015439677106974276e-04
2.809585919425422809e-04
3.260112104098146458e-04
3.371064384757149323e-04
3.070132143498340211e-04
2.877618288569497480e-04
2.161539498222514650e-04
1.926448888765531803e-04
3.139519124280782726e-04
3.587886207598049628e-04
3.911528128342832509e-04
2.631750810177395416e-04
1.770271338522654101e-04
2.262201880571116167e-04
3.196227552085452060e-04
3.248710779189683834e-04
3.986483447916831422e-04
3.846552258684552555e-04
2.436039431890271842e-04
2.872131400541014300e-04
3.099510287678275172e-04
2.873275019495012596e-04
2.721985094692358671e-04
2.493312255268466436e-04
2.901700611052953249e-04
2.331189035290031481e-04
2.783431662305192191e-04
2.423661220469621261e-04
3.372443220890491153e-04
3.165587944336221179e-04
2.882193954670618074e-04
2.477135480245733039e-04
2.796791891226483857e-04
2.754175449407626221e-04
2.765820848239634346e-04
3.143766816060748043e-04
1.941172225457549075e-04
2.824091093100245323e-04
3.381444169775674039e-04
2.445857891914417605e-04
2.711060850545551036e-04
3.217988718651911386e-04
2.430516518854504199e-04
2.509835684797101702e-04
3.012994432088453192e-04
3.315065754528406729e-04
1.976427285570930348e-04
2.528065357211040933e-04
2.345714459237709321e-04
3.298949910955998590e-04
2.367752168315319459e-04
2.742685838079129122e-04
2.909930040378173053e-04
3.373569034006412685e-04
2.189502260596016300e-04
3.849052959809908035e-04
2.290758927318209740e-04
3.128497614210790458e-04
2.918297304753226054e-04
2.801043188357879446e-04
2.727147108550390759e-04
2.972058211404068483e-04
2.356654294382519140e-04
3.419975425644383900e-04
2.197795309233889363e-04
2.265303337662263688e-04
2.347856273985057568e-04
3.771212296630758933e-04
3.550436045899624401e-04
3.053665461961954262e-04
2.967665620913913465e-04
2.277000188875086956e-04
2.507179425102911861e-04
2.999763008411027642e-04
3.258014685108274848e-04
3.630318258486497072e-04
2.222632642234913627e-04
2.020007552744433870e-04
2.869725307366802745e-04
2.558185285602713934e-04
3.340022631200696419e-04
3.322373184721952679e-04
2.529165699085268401e-04
2.265043290162759059e-04
3.410943182568044389e-04
2.712539315937341749e-04
2.338355028518414650e-04
3.020235756029378770e-04
3.444171907757900418e-04
2.752216665390734194e-04
2.411098097197363413e-04
1.618500397732999189e-04
2.904894328212160996e-04
2.066947834525967125e-04
3.601759893342278357e-04
2.574520816909861977e-04
3.393867103431363690e-04
2.814858260785958201e-04
3.564571628794105536e-04
2.658468194366826005e-04
2.435985454626925456e-04
2.897334785067203844e-04
3.086476251289925715e-04
2.826846394682952708e-04
2.989513274551861130e-04
3.093116243921136899e-04
3.567066632517955902e-04
2.410549356003619274e-04
2.588936302643672291e-04
2.345821545386012606e-04
3.031609813665020231e-04
2.190779622036710726e-04
3.470387080931853032e-04
1.722767671140408433e-04
2.625731172598666334e-04
2.235789735391225199e-04
2.484921293075495366e-04
3.199145213411073562e-04
3.202562253656842761e-04
3.762451783941516510e-04
2.533313282277190157e-04
2.103753724778030271e-04
2.235525059814246363e-04
2.936761819154607074e-04
3.210141677995491578e-04
2.743835310858652320e-04
2.316940449837039172e-04
3.819054119967813465e-04
2.321354987471124700e-04
2.021132235948593645e-04
1.913205243174700878e-04
2.716891192228935818e-04
2.186672429024346287e-04
2.946513734245881757e-04
2.388930890831712642e-04
2.615810384804570900e-04
2.511864998280139154e-04
2.473134263168057863e-04
2.147054746199553285e-04
3.146663239094511940e-04
2.304831780694109372e-04
2.111724831103317180e-04
2.406012738411141005e-04
2.267955188133580105e-04
2.550551001117093582e-04
2.866207569146752144e-04
3.467005186171126583e-04
2.631947796696573554e-04
2.913541809025550506e-04
2.735578093148404149e-04
2.670608876540690713e-04
3.181965516600639577e-04
2.634574565908192256e-04
1.969249478537766552e-04
2.131720230726725682e-04
2.992407084932562382e-04
4.322828589965443924e-04
2.351485698174946134e-04
2.328932852809336362e-04
2.773206390352019328e-04
2.728159367239163524e-04
3.664618676041394110e-04
2.675027681820957618e-04
3.231776438119156303e-04
3.315509915822298002e-04
2.594373317592136912e-04
2.747703392804403582e-04
3.387804649379195501e-04
2.734950314856305731e-04
2.743145339363298315e-04
2.622759167370479461e-04
2.944182385588142627e-04
3.044431030001550618e-04
2.207017974981500511e-04
3.441144885510640981e-04
2.249171986731543591e-04
2.872625173061992216e-04
3.347817982776072981e-04
2.535105473648410377e-04
2.813577576421146106e-04
2.159997356248580963e-04
2.969456921877010477e-04
4.007789133864717262e-04
2.960493133082717936e-04
1.977623505259985348e-04
1.875561084755233683e-04
2.378189822168929625e-04
2.794926623852039241e-04
2.513349235576370268e-04
3.400499832276780232e-04
2.678229643031078758e-04
2.712196878495286984e-04
2.008716444878272638e-04
2.468538535135984509e-04
2.728125454560562883e-04
3.267641880095397983e-04
2.365056361856252302e-04
2.460936616268330902e-04
2.069702792025140058e-04
2.490658938522950522e-04
2.905672722960143343e-04
2.368566542934047719e-04
2.424722448671274753e-04
2.776671561644486106e-04
2.436100930992996254e-04
2.185229338939073218e-04
2.450711612861310694e-04
3.361811909273844292e-04
2.734528219033212641e-04
3.004966937143858799e-04
2.520450952358372861e-04
2.504737025049704000e-04
2.650128369192454028e-04
3.442350682646302495e-04
2.508622944520124938e-04
2.732164583534344251e-04
2.928764982358840474e-04
1.507521287188815374e-04
3.094616050654570177e-04
2.467342992708294446e-04
3.539868449398455024e-04
2.707364212909336618e-04
2.658781023783543746e-04
3.223346241031454867e-04
2.893960497008560393e-04
1.726627193770702772e-04
3.018265201496783136e-04
2.527820875359701783e-04
3.821747238326114607e-04
2.509105397771366924e-04
2.672954381950392493e-04
2.956424318848963214e-04
1.985590825205640929e-04
2.860144569312320171e-04
2.958941333863832610e-04
2.701737490755990920e-04
3.057462245617830377e-04
2.674105916157120300e-04
2.184605919101836467e-04
2.301617656251716811e-04
2.174798236126150618e-04
3.368297196689179073e-04
4.032614232697955426e-04
3.436331930085820795e-04
2.409254414613489100e-04
2.773959437096051406e-04
2.210058358388272443e-04
2.890516530459884010e-04
3.160769180980910827e-04
2.460332908928388905e-04
3.844167197543329573e-04
2.636268983192652606e-04
3.220725471203413439e-04
3.296900223284157509e-04
3.319762939066498255e-04
3.267760022963908098e-04
3.830232117776239970e-04
2.798033191835026714e-04
2.097941144010242889e-04
3.259791719333309662e-04
2.757071800829343313e-04
2.453069608919883587e-04
2.754186162228277951e-04
2.646567515260240784e-04
2.872582993803862381e-04
2.361412138785178570e-04
2.509443409486120775e-04
2.108585664954246998e-04
2.855683204005261930e-04
2.654231524685855912e-04
3.711307553618722866e-04
2.524011084073970708e-04
2.835716063013631592e-04
2.470452455749457855e-04
2.796056215040629398e-04
2.426215443163117977e-04
3.146847559624481555e-04
3.043706472067049919e-04
2.795120348757034975e-04
2.443573043646344667e-04
2.154262269849055152e-04
2.280131961007432831e-04
2.124997966708491357e-04
3.027859559927858785e-04
2.911121819464800725e-04
1.779372083583343573e-04
2.240758842483029278e-04
2.434868010947810663e-04
1.999087398915686106e-04
2.108475232622603534e-04
3.079878458881138577e-04
1.940495816956300983e-04
3.290318678052205070e-04
2.854848475372000552e-04
2.375647414982366495e-04
2.734892818895602205e-04
2.785966475319391882e-04
4.233054117887714981e-04
2.660160557128974528e-04
2.496350826229623500e-04
1.890540651435644213e-04
2.588299225244780036e-04
3.023289904779062729e-04
2.879200620359959636e-04
2.745889428117094348e-04
2.385800582338792083e-04
2.408221138206392397e-04
2.878187138853601293e-04
2.980467728726104190e-04
3.216386423753696527e-04
1.875556879992486931e-04
3.128628239438857356e-04
2.870528358157008728e-04
2.173854664203482600e-04
2.488259110652589240e-04
2.893351981999682044e-04
1.644926863678441487e-04
2.727211532516140018e-04
3.411255738103130780e-04
2.230861256332401918e-04
1.745969699442559420e-04
2.890643202715099513e-04
2.739265370577313144e-04
3.632852254611909789e-04
2.522123030716795999e-04
3.176292733983977702e-04
3.206027620613566905e-04
2.255444870443841466e-04
2.423670182317818938e-04
2.562870103862720369e-04
1.793842205444930843e-04
2.412135170580493400e-04
3.139833485308590050e-04
3.534209183905986647e-04
1.784100353194408343e-04
2.568552427852002079e-04
2.328565559094853364e-04
2.207521568736024904e-04
2.548435841367491564e-04
3.234116048346202788e-04
1.855537675679235041e-04
3.699521112800566733e-04
2.351679765715031548e-04
3.030483615821385145e-04
3.452197604571840563e-04
2.646331939846294245e-04
3.315597231109766838e-04
2.119970507890718515e-04
2.346486233060198422e-04
3.165796451389383029e-04
2.585198554682639586e-04
2.856278563411504914e-04
3.131345274932879419e-04
2.966739234838806851e-04
2.667779671586837579e-04
2.383651645309168979e-04
2.883983479828550818e-04
2.087773823795966246e-04
2.301881558726492731e-04
3.069310512710521615e-04
4.458864691694289944e-04
3.152531601088956362e-04
2.751351526260250192e-04
3.668719828019625386e-04
2.711140136119991485e-04
2.635639581165789922e-04
2.251461980599077373e-04
2.585882103890764115e-04
1.723284771459746077e-04
3.244009396517601260e-04
2.727930272451648528e-04
2.306161317740662163e-04
2.247478786630169876e-04
1.879073424190629547e-04
2.917655601075310303e-04
1.758921411144730011e-04
2.948782912458071392e-04
3.117961416200362083e-04
2.355729845482496768e-04
2.773760013059140580e-04
2.459953151933230394e-04
3.364113293532224849e-04
2.630629966914950122e-04
2.804145830403719387e-04
2.149055222249532393e-04
2.785517644397672750e-04
2.074043422211174466e-04
2.647935181354547723e-04
2.651298120750711037e-04
2.308060476461389998e-04
3.018389156755723864e-04
2.803405251663211454e-04
2.995571787122895875e-04
2.365222518080071406e-04
2.281914490099105355e-04
3.722182478837746025e-04
2.525679204960988686e-04
3.265432428281271745e-04
1.666534973986172807e-04
2.951056014866912792e-04
3.411430353920782347e-04
1.909861164409264850e-04
2.627446082470245013e-04
2.355865335908108901e-04
2.931025552325663042e-04
3.102810996186419279e-04
3.505514104263663397e-04
2.263057859249432578e-04
3.768616921022526064e-04
2.286389931758192574e-04
2.550582033592699717e-04
3.188104636753393809e-04
2.432010292046304315e-04
3.055385159856247794e-04
2.273947780023020525e-04
2.155186983525629715e-04
3.591282848173426244e-04
3.023119740312107083e-04
2.322307127239601630e-04
2.612810305059887748e-04
2.851765958768999552e-04
2.794187772903740743e-04
2.644079673127888741e-04
2.674303792898652821e-04
2.575137619124468836e-04
1.830994102236078937e-04
2.340548457555531624e-04
3.170173269369076720e-04
2.562673878491844278e-04
3.410767789992241749e-04
3.349874427579916975e-04
2.632854872485010248e-04
4.153035860388862061e-04
2.420119900094377214e-04
2.439357103975947280e-04
2.649500233096238871e-04
3.257959632408094150e-04
3.036788189836207093e-04
2.722272427939568628e-04
2.234286347465923534e-04
2.572813309156672559e-04
3.192970458033288651e-04
2.141004264384537220e-04
4.098583672437410919e-04
2.649838403766277095e-04
2.130595066450865691e-04
2.579303180590485187e-04
3.430108348502218692e-04
3.000838749466591573e-04
2.533284947512331846e-04
1.861356887868827604e-04
3.458241987178903971e-04
2.788757324991565341e-04
2.760077788888647436e-04
3.564897516855424051e-04
2.871306279844676739e-04
2.519643970203424123e-04
3.130020269994738874e-04
2.264659612494678215e-04
2.868189279052656897e-04
2.671609638758826568e-04
2.134433950184724230e-04
2.334257779491270965e-04
2.918354775675800999e-04
2.289422897401879420e-04
3.912614663456810454e-04
2.800534007469848556e-04
1.928645320584793620e-04
2.909376095465106065e-04
2.853643524200024425e-04
2.224177230546491761e-04
2.104085776646487903e-04
2.988528835168417232e-04
2.646203723774608681e-04
3.225518289827545887e-04
2.769266080492823498e-04
2.565386222884547093e-04
1.953795962671039976e-04
3.378777473905950415e-04
2.357411113126957466e-04
2.465999133565282826e-04
2.166985874675124392e-04
2.318711336668095033e-04
3.254759055354653884e-04
1.892587721319567435e-04
3.414801299678855376e-04
2.534300974378185739e-04
3.303168533036937495e-04
2.806810304129300597e-04
3.338586353079258696e-04
2.555465511395560267e-04
2.444464332831384232e-04
2.365517432475469693e-04
2.917560515479509153e-04
2.779835885022328783e-04
2.699089189470420692e-04
2.974215536193091660e-04
1.908842934615992838e-04
2.368032719210174167e-04
2.659870202470349240e-04
4.117700944883534984e-04
2.822493183147932938e-04
3.157498173391183041e-04
2.483942671871280884e-04
2.648988510733628365e-04
3.445734430467631585e-04
2.357873146705609271e-04
3.143864703724002043e-04
3.148924593457337519e-04
1.541537097251936264e-04
2.602377579639518794e-04
2.642517536951259649e-04
2.388964626026939149e-04
1.837683442340031252e-04
2.934122292569864981e-04
3.263664038305391841e-04
2.138118552094624137e-04
1.836487941948928074e-04
2.918409319755597931e-04
2.314967216375215836e-04
2.341094325921003292e-04
3.056265530848648851e-04
3.039564934455029114e-04
2.825920975415463672e-04
2.477448479839383763e-04
2.444278018292305853e-04
2.582502448212550274e-04
3.021022032958875590e-04
2.327854360523053492e-04
2.609012836782239383e-04
3.488406511573603460e-04
3.204277581294829929e-04
2.633932372799014060e-04
2.280860421899889271e-04
2.074871498576066171e-04
1.916861247960268593e-04
1.897707368590844312e-04
3.949436907987630033e-04
3.535028213634648230e-04
2.687734620320536040e-04
2.468669369627221892e-04
2.054555917638777312e-04
2.279679434899559295e-04
2.989713487755033591e-04
2.443454287293715904e-04
1.962904743592790765e-04
3.194756538012512022e-04
2.748251581766152237e-04
2.182091545141839970e-04
2.275575144189992361e-04
2.706824023734795957e-04
2.939353289484651437e-04
2.423587276797464015e-04
3.073410442742270090e-04
2.997092284349459263e-04
3.203769235342115453e-04
2.804076381311183547e-04
2.732385220019682096e-04
2.338275838952646405e-04
3.278206784118841669e-04
2.502855935797976120e-04
2.230119831419669356e-04
5.036494494552803958e-04
2.167094999697380701e-04
3.406087727949776980e-04
3.355527934069661320e-04
2.727161001746021703e-04
2.400658247756590918e-04
2.733781474489655372e-04
3.078279798676032274e-04
3.319297732528679991e-04
3.401315142147641121e-04
2.322962096322530440e-04
3.142873083001535895e-04
3.757505613734706028e-04
3.554330262156773579e-04
2.671453185316718416e-04
2.691701426573574435e-04
4.365801413625679164e-04
2.877192241369243807e-04
2.915266296616161553e-04
2.324979330214788640e-04
2.761483084844454936e-04
3.362017424807501155e-04
2.952107670944002218e-04
2.028955132702910439e-04
2.114001846821539712e-04
2.541881016286954491e-04
3.184727952928036545e-04
2.432987851004183525e-04
2.981686088284669391e-04
3.128755229189391631e-04
2.222958627400068072e-04
2.958441148577198743e-04
2.314298519305916472e-04
3.127248726065362462e-04
2.676553276312684674e-04
2.394829900132144018e-04
2.591956628593448204e-04
3.004668291007919203e-04
3.197872062753196127e-04
2.545956717730208751e-04
2.371107591918781849e-04
3.102546471916219507e-04
2.730086328638546230e-04
2.484747979153038638e-04
2.193195361994068615e-04
2.634943933818652446e-04
2.931791188600861272e-04
2.944752982726090199e-04
3.858368875807201542e-04
2.285922251513439760e-04
2.309205713790585333e-04
1.741079799645312942e-04
2.173907552645685279e-04
2.359599474860996917e-04
2.732680115342984864e-04
4.281201008108414868e-04
2.600743946333700400e-04
2.350641387790614826e-04
2.649153692673069521e-04
3.124859586121131244e-04
3.137128034117863252e-04
2.569328466424107191e-04
3.534672895566233573e-04
2.349781719365286799e-04
1.557491436150533915e-04
3.211793079148127835e-04
2.777280279673159441e-04
2.858730790044594606e-04
2.744122817841782133e-04
3.406617723978277957e-04
2.841976989754999060e-04
2.404489148077788038e-04
2.544822875284169766e-04
3.232679104627306731e-04
2.813373305037793941e-04
2.188628370688196201e-04
2.037385394607395001e-04
1.919610575625729407e-04
3.877363447762331868e-04
2.609087003997709667e-04
2.420334338349102755e-04
1.653974565057972910e-04
2.931258569916182235e-04
2.348973660165527030e-04
3.146541592976694968e-04
2.824613466744996726e-04
3.100011937926615128e-04
2.695039370896600310e-04
2.985439233488339336e-04
2.838351150471979736e-04
2.411474042420850780e-04
1.735712095832783535e-04
2.618061962663013951e-04
2.597770308736441257e-04
2.256813970936394744e-04
3.070944855198308259e-04
2.957909571066188797e-04
2.557184898910105637e-04
2.320777559733183085e-04
2.365177053232925546e-04
2.731808037542016328e-04
2.455272643125458584e-04
3.390572006728083160e-04
2.933740454606186140e-04
1.591668560651854011e-04
2.664369678286073991e-04
2.558763778055833551e-04
4.159049275856733455e-04
2.075661137753889425e-04
2.660136843074323906e-04
3.099375440804274509e-04
2.515183032839385987e-04
1.870286121105462494e-04
2.453835953210902810e-04
2.695458290736191601e-04
3.887824109569118980e-04
2.895988385764700513e-04
2.488070242131833567e-04
2.669482205582669417e-04
2.315145861833272126e-04
2.930098287586031390e-04
2.174671204739631861e-04
2.787736778873795940e-04
1.759606254712937250e-04
2.535516593676616251e-04
2.430391315042431386e-04
2.280721213214880199e-04
2.601565159552853262e-04
2.892265805362182309e-04
2.680548562533684935e-04
3.275335558086264688e-04
2.092840356773159030e-04
2.659633759567976230e-04
2.400349441787382582e-04
2.499856083183821980e-04
2.930494364657918729e-04
3.043480276458397399e-04
3.199414531289433488e-04
2.771913710543492297e-04
4.033983332633628315e-04
2.280398562693938531e-04
2.583745603657892692e-04
3.724238368264105024e-04
3.023779675513814033e-04
2.768544446363977850e-04
3.199768050943879402e-04
2.710316739722170394e-04
1.859145481076264744e-04
3.554450625948520678e-04
3.015056605515994558e-04
3.532891393631855002e-04
2.191998726186575894e-04
2.158550313574338065e-04
3.019011928800450877e-04
2.659762581999860391e-04
2.221506899112995635e-04
2.456794750279133301e-04
2.625416817434931258e-04
3.109563204691624737e-04
1.981694706787484378e-04
2.679242375624435175e-04
3.158659426931204766e-04
2.152018152094942714e-04
2.633034477206867472e-04
2.614035433240834280e-04
2.278844588323924655e-04
1.941247741027911453e-04
2.727397082909806410e-04
2.979388730369764040e-04
3.929866285449246121e-04
2.727208183319746707e-04
2.398391882081632388e-04
1.962031370979194344e-04
2.743383193680567957e-04
2.972952851411101512e-04
2.892400496841184888e-04
3.465843762789074878e-04
1.883615386899590216e-04
2.574271494204758435e-04
2.796912928166251028e-04
2.469370313985219363e-04
2.750598189002838702e-04
3.207002027605589285e-04
2.447503459417046576e-04
2.819809933157526021e-04
3.135587156331251014e-04
2.695240149205753444e-04
2.026343149728417113e-04
2.569635566374956176e-04
2.961900892964425226e-04
2.161413699016401777e-04
2.153490202307708221e-04
2.380284191509483708e-04
3.001170934579115756e-04
3.294841956416826555e-04
3.037033319886420376e-04
1.622456126499595885e-04
2.685937622977455108e-04
4.279024897949859521e-04
2.694138324535628732e-04
2.682044415414648175e-04
3.167783408091805002e-04
2.394746172221173743e-04
2.273581321636009597e-04
2.500863881717065333e-04
3.028815180769268067e-04
2.093236317436960941e-04
2.366323762098814377e-04
2.647967367877671670e-04
3.920979583922563406e-04
2.485013964830382798e-04
2.794972692533118368e-04
3.330126783089506636e-04
2.376910673627706874e-04
2.526607068758522146e-04
3.150329280556896723e-04
3.959842554007090404e-04
2.957304752509453847e-04
1.661925312669096800e-04
3.163997100306630938e-04
3.247647930259819145e-04
3.943670402821825515e-04
1.875084851810729651e-04
3.429543866941244987e-04
2.939858769675297075e-04
2.412334076245466240e-04
2.533041767121626295e-04
3.355873353833617998e-04
3.436920484393629692e-04
2.908163136100519919e-04
2.204005515715094039e-04
2.599420890470225082e-04
2.897361355320418261e-04
3.863788281467992847e-04
2.831748797062297058e-04
3.770546201628193579e-04
2.450322551610689312e-04
2.175551848518997376e-04
3.584658309519472017e-04
3.027866676759941749e-04
3.091561690651204570e-04
3.016007600958440799e-04
2.870285045952942495e-04
2.500786493105697618e-04
2.208330772258755201e-04
2.507434844299870043e-04
2.290355037917830492e-04
3.502740629995634391e-04
2.755439304044254877e-04
2.838891965691859014e-04
3.024393471275291364e-04
2.671743095353333597e-04
2.612358430358680179e-04
2.287659308259184555e-04
1.706347061479835043e-04
3.357362552988539420e-04
2.948364117237390128e-04
2.189328956731583593e-04
2.964335630020098933e-04
2.201348932573858955e-04
2.721613813975499205e-04
2.510281064240837208e-04
3.023628559991861685e-04
3.694604363122046850e-04
2.592456683952926882e-04
2.594887998700904567e-04
1.986344853639871973e-04
2.987679916573492481e-04
2.548548919803080254e-04
1.738605614579539062e-04
3.446368762964061505e-04
2.739442127563727187e-04
2.276122122769189452e-04
2.219302292502769764e-04
2.705308047763587808e-04
2.747847999205521368e-04
3.745676533481909990e-04
2.080381288412330276e-04
2.289737955591249978e-04
2.527801633957725276e-04
2.347338624693254673e-04
2.344762027882274903e-04
1.533099569436484192e-04
2.535397655520081248e-04
2.700360053231940622e-04
3.445833122560412048e-04
2.687600881898717414e-04
3.137814167610693500e-04
3.233364184613500125e-04
2.874897156519907234e-04
2.283171831915919308e-04
3.354582636178052779e-04
3.028289641493508468e-04
1.927559404181932356e-04
2.665252409822512847e-04
2.798215477509100350e-04
3.499035524352960089e-04
2.335842758480596230e-04
2.131718326058069544e-04
2.200879152721355297e-04
2.539744534461129788e-04
3.425297755151205997e-04
3.333216997259966837e-04
2.724172185593255898e-04
3.572248364329154500e-04
2.347429688032783468e-04
2.943832442886174959e-04
3.335301586240508654e-04
2.923798525960022627e-04
2.937912395515760106e-04
4.069715564511019968e-04
2.312846488938463739e-04
3.269935806740872420e-04
2.870904530570304132e-04
3.302515530118009502e-04
3.274585522801066648e-04
2.091790670643104420e-04
2.714827183713558641e-04
1.824308772833925236e-04
2.456108293403912852e-04
2.486985328404525296e-04
2.866401309735651165e-04
3.633772230281528178e-04
2.656937094423696567e-04
3.050474104903957116e-04
3.177367036907155018e-04
2.650839177710163528e-04
2.135043333223057317e-04
3.265736827287359372e-04
2.807096640553352141e-04
3.027172509602913753e-04
2.488762162827310711e-04
3.260763808664596947e-04
2.302597028210064361e-04
3.744723547012430835e-04
1.958391372155445160e-04
3.523161513950680648e-04
2.629734600810174506e-04
2.067338435656046990e-04
3.487151860970850461e-04
2.872856482244359592e-04
2.304185245570743472e-04
2.728441913931197826e-04
3.353273802555299275e-04
3.015285921781757079e-04
2.747386384605184605e-04
1.825951711285068416e-04
2.340695788294557184e-04
2.948935058782719545e-04
2.713541616113576151e-04
3.755293892019562424e-04
2.684915054613910466e-04
3.348680735202051620e-04
2.842952013368936644e-04
2.804813043874340543e-04
4.008790280707088247e-04
2.558302811076639156e-04
2.426847828752539999e-04
3.661707087988990490e-04
2.067723187438339307e-04
2.880444400340570390e-04
1.946801750488847836e-04
3.536078243576355707e-04
2.668329465662193367e-04
2.707702240716141663e-04
1.851403855696122413e-04
3.518916567292138800e-04
2.659213828703221611e-04
3.089516183670882915e-04
2.091275807982664468e-04
2.683225501176134467e-04
3.003629119561564056e-04
2.205906622782955189e-04
2.717685251891975009e-04
2.491643070729968740e-04
2.467287377198599044e-04
2.488587779101689742e-04
1.949041425525825069e-04
3.044810809848223104e-04
2.076344542730500556e-04
3.326210390138887034e-04
3.736418734718766109e-04
3.134430614239605908e-04
2.489097491726035226e-04
2.212985589241171205e-04
2.369750495585289931e-04
2.435093158241940700e-04
1.597280933070361285e-04
3.554607909475940839e-04
3.281499385110719902e-04
2.254549791890234165e-04
2.292624850043266187e-04
2.707798662035053707e-04
2.365975755873430449e-04
3.550445133954253452e-04
3.121398029759999424e-04
3.655202870652880277e-04
2.069360679510968829e-04
2.429371925914365681e-04
2.018331812002091921e-04
2.857380968913791506e-04
3.106516490156468395e-04
2.236343015779911569e-04
2.670707579322524443e-04
2.781810381868120687e-04
2.312738621454375266e-04
2.119149061833124471e-04
2.937166779685211311e-04
3.434969383764071692e-04
2.892776831473724947e-04
3.651290976376711755e-04
2.890925029695701979e-04
2.975734166521801292e-04
2.372028180432777264e-04
2.187123346227573756e-04
2.342378352085492266e-04
2.164288505685864111e-04
2.788768538079956089e-04
2.621240492741855614e-04
3.394986636636780305e-04
2.046297398360544348e-04
1.743459016630803389e-04
2.776356350946322465e-04
2.538405722865299283e-04
2.408652741833829667e-04
2.151804013195792765e-04
2.976493605538339500e-04
3.238375107301425275e-04
2.662376986974882183e-04
3.735205439253125206e-04
2.307175804578244862e-04
2.149544455948442824e-04
2.574553015530238378e-04
2.872367727800458049e-04
2.295637928220023959e-04
2.855267642818837422e-04
2.878721195993300033e-04
2.452500114717494112e-04
2.617514780232097285e-04
4.206568760642516794e-04
1.657255374607276191e-04
2.632501658460033550e-04
2.032272532946001627e-04
3.125764669901725081e-04
4.413818108432415298e-04
3.273663128189107448e-04
2.205910170041353122e-04
1.781027745826811140e-04
1.944441393309535100e-04
2.948185228935081372e-04
2.313605263896402714e-04
3.823470077061821046e-04
3.009577270583976708e-04
2.517241868263546704e-04
3.461727981229948911e-04
2.322883312016511836e-04
3.199282634183005496e-04
3.073604216556917652e-04
2.864333764255438930e-04
2.115855230540865893e-04
3.354508709159014033e-04
2.627464842583111392e-04
2.412748430298687673e-04
2.184456137476584354e-04
2.944465468941903272e-04
2.908023473529452335e-04
3.002377902553114578e-04
2.285486849717600249e-04
2.745333626952454554e-04
3.162509599170073888e-04
2.095455610850545847e-04
4.008829418267646099e-04
2.017568131764311504e-04
1.769885761282719277e-04
2.476445152407618830e-04
2.822249180666236185e-04
2.591618078799238687e-04
2.655784704153870746e-04
2.546731453530538857e-04
2.766121899870492866e-04
2.545022304635319223e-04
3.493502392077111555e-04
3.064635173665522516e-04
2.554890983512480640e-04
2.249156136685973668e-04
3.158262921066047548e-04
2.484556129385664578e-04
3.255108847160621756e-04
2.170289732570232554e-04
2.629492948055598528e-04
2.426331826219823890e-04
3.027349963811249919e-04
2.645001016021439398e-04
3.477743710850029709e-04
2.517867806802991516e-04
2.597574004857413038e-04
2.821498655328012859e-04
2.908978528555415362e-04
3.288912542821136411e-04
2.431763026997532065e-04
3.205989864601295198e-04
2.046823495853368371e-04
2.397152099514466542e-04
2.493899997070301374e-04
2.573170490451701228e-04
3.758803617825587579e-04
3.076282704201995281e-04
2.780289696681479566e-04
3.123991554487225131e-04
3.794724221004623318e-04
2.366099760126653387e-04
3.787616131795094204e-04
3.036396842825440099e-04
2.528738455033497094e-04
3.090458888436546907e-04
2.077698535183110503e-04
2.768314183175993705e-04
1.880708031981127360e-04
3.264008956809558008e-04
3.491591287078599985e-04
2.841426749870839988e-04
2.737075802822561523e-04
2.190208035493337890e-04
3.030668269366284953e-04
2.887397444980440938e-04
3.019275849682198165e-04
3.637969250934112693e-04
2.601329658811717517e-04
2.215153086180999436e-04
2.541069294210130075e-04
1.961742479036321070e-04
2.274497342535594939e-04
3.328564563410149699e-04
2.864275035866025538e-04
2.947582910580491349e-04
2.847973462791887449e-04
2.445357311181042522e-04
2.323581816109195812e-04
3.553249942775180267e-04
4.306705594115518799e-04
2.723403089178924445e-04
1.868598919122264695e-04
2.257402343229517928e-04
3.098453374378808589e-04
1.728531992858279047e-04
2.547292966663808399e-04
1.980830274830055842e-04
3.062923128034012918e-04
3.222618106319090478e-04
2.772957747803359106e-04
2.473810372669808105e-04
3.891444118283892751e-04
2.869153515805987270e-04
2.582999947448858294e-04
3.092104953925812615e-04
2.742295814263356456e-04
1.996050098812786268e-04
3.015911974404590352e-04
3.247997215214524667e-04
2.670176828070076392e-04
2.293116110417488295e-04
2.069696822787134966e-04
2.630700681045726138e-04
3.168551254052300384e-04
4.039509479585997264e-04
2.870130596199761902e-04
2.618303957331118126e-04
1.926277820969890162e-04
2.744535386558940551e-04
2.685773715309548054e-04
2.716433929478616013e-04
2.197162373301278623e-04
3.621959171440813810e-04
2.728754789987194378e-04
2.356094209473364365e-04
2.513764794518026278e-04
3.449146918774107081e-04
2.350927509498181218e-04
3.031712973641916757e-04
3.114808941920632688e-04
3.279845217016077183e-04
2.862906729203580245e-04
2.587957705107578766e-04
2.800334204896827396e-04
2.414451540396916093e-04
3.419528771714012375e-04
2.769667000268773030e-04
2.133707595510384643e-04
4.274148757952370430e-04
2.003044654328150359e-04
3.102117402415427742e-04
3.607457649827155088e-04
2.737250459095510080e-04
2.826155350833093704e-04
2.830529777758814198e-04
3.237713887931342846e-04
2.435949739388784381e-04
3.035299923286836074e-04
1.856223000692227578e-04
2.735163953846649109e-04
2.088863395468218984e-04
3.553048523771461047e-04
2.161389378922450922e-04
2.748495326974756728e-04
3.047744197830278435e-04
3.561689924335584246e-04
2.409289913151941925e-04
2.416419898889178640e-04
2.692768011317691473e-04
2.808803064928969335e-04
2.881752617609456535e-04
2.990093292173633685e-04
2.158696149314820261e-04
2.573847107838790073e-04
2.804996883339074226e-04
2.345077330434608756e-04
3.044979414803005487e-04
2.699352331844912575e-04
1.979836201705774271e-04
2.579331320202714090e-04
2.162987384731153624e-04
3.358819827950614836e-04
2.706819223042694080e-04
2.693098677649820695e-04
2.997982073943880588e-04
2.896569687874723424e-04
2.687736585699311022e-04
2.469878954130739807e-04
2.611057175654293047e-04
3.448536320198880849e-04
3.102847562917942451e-04
2.521559306532988377e-04
1.885756790548729766e-04
3.264941118408447264e-04
2.911294673312963795e-04
2.996093911733710901e-04
2.604205075059111332e-04
3.687783777429451577e-04
2.241991075046367973e-04
2.507306741109937578e-04
1.664704714431824496e-04
2.038429933547473126e-04
2.773598124898329800e-04
2.931026206734517079e-04
3.594060874061501287e-04
2.828015094660434135e-04
2.689323539119597354e-04
2.073347995040357742e-04
3.580410821279151690e-04
2.339189748475147023e-04
2.284880554334361329e-04
3.493841386681964469e-04
2.811498656742680694e-04
2.359730621674251236e-04
2.837035181269554609e-04
2.557672706398811174e-04
2.435790652517739888e-04
2.195230357480464827e-04
3.029584020347719916e-04
2.666954637939016200e-04
2.859686569489410988e-04
2.124560994681952907e-04
2.836074565481178978e-04
2.981828168400942882e-04
2.560982079251111700e-04
3.233612623465815616e-04
3.633473676719235356e-04
2.640969258162901277e-04
2.372239208635130764e-04
2.794777450134587832e-04
3.218531977422842269e-04
2.280953122316647214e-04
2.682621264561017892e-04
2.923068769043932181e-04
1.825658621928397043e-04
1.876481188042681300e-04
3.300993054420903877e-04
2.088124837221311768e-04
3.534343444207498595e-04
2.115470732963880011e-04
2.698756574481475591e-04
2.974306364441736792e-04
3.110245268023836937e-04
3.107609404759353422e-04
2.385780274103543733e-04
2.506302871434303481e-04
2.538035815808456388e-04
2.600547770357949343e-04
3.335576905581423036e-04
2.015977196782364398e-04
2.746036392913965671e-04
2.657916208829947335e-04
2.983049003293285011e-04
1.798372947581812888e-04
3.047461426799091193e-04
2.028588028570566762e-04
3.055470336072480951e-04
2.510124327995894087e-04
3.015034830661674739e-04
3.302092364708563333e-04
3.059355375372880279e-04
2.989332320071464376e-04
2.029583341588347620e-04
2.863930426974875478e-04
3.606974699347991831e-04
3.469181167606544096e-04
2.517899202907794391e-04
2.344313422678860495e-04
2.824522705962383270e-04
2.088954548992715292e-04
3.353139120955871610e-04
3.064380158638583184e-04
2.137119998356257786e-04
2.884094352697456442e-04
3.228094766010292235e-04
2.366872958756861399e-04
3.118560889953808386e-04
2.346181004150716797e-04
4.430681872538643992e-04
2.533152790517520796e-04
3.027137326399108970e-04
3.576364490193835130e-04
1.819560195677448488e-04
2.864128511517252673e-04
2.154997399417731550e-04
2.685186717911492186e-04
1.817405436377593801e-04
3.111194997155626043e-04
1.699870016702172929e-04
3.209893582406208559e-04
2.727935259678520240e-04
2.871322848616416549e-04
2.000308755224243561e-04
2.301202287129535773e-04
2.577896168462052127e-04
2.179253294745926261e-04
3.682915661539432539e-04
2.997241370583949259e-04
2.909073255295177010e-04
2.927588924281230502e-04
2.345212927170017196e-04
2.701555391099703745e-04
3.978840102659429766e-04
2.858646025699215169e-04
2.433936439135129018e-04
2.171388201490597435e-04
2.117197126001201576e-04
2.934819345031701096e-04
2.113796770463679273e-04
3.091456770294607960e-04
2.673692049460622854e-04
3.010579783538000747e-04
2.330218447165460370e-04
2.889355348542558665e-04
2.532140652959423508e-04
2.411834795077487045e-04
2.815552896046651294e-04
3.096090534136986721e-04
3.266982220690476074e-04
2.571143181192705280e-04
2.420943550713682934e-04
2.857221384776619270e-04
3.213614125992824192e-04
2.064848390198169173e-04
3.955469233775054088e-04
2.024090120900117645e-04
3.118087203125313625e-04
3.769489171487108692e-04
2.498225167808441590e-04
2.354667887728353621e-04
3.081668356639324382e-04
2.167657909858851373e-04
2.718319692158226641e-04
2.779058013860616805e-04
3.011226501944647507e-04
2.424821760484948199e-04
2.452496675933307779e-04
3.481209132741496588e-04
2.300782874293425765e-04
2.495175193978479088e-04
3.323835982073223877e-04
1.843191481687598762e-04
2.993862769343608155e-04
1.875032993920400194e-04
3.094223861716314627e-04
2.885757122666334309e-04
2.384434474067990213e-04
2.677633037727491063e-04
3.153666658635676553e-04
3.041421947424690882e-04
1.984407101520697220e-04
2.739652677637284908e-04
3.521378334990582721e-04
3.628467514336468076e-04
2.507058488999715229e-04
2.362339263099054345e-04
2.847341745305183758e-04
2.057916050970796831e-04
2.709233253568789791e-04
2.213330575512250330e-04
3.023418995574979600e-04
2.724479605124306486e-04
2.526044054427544253e-04
2.903664014693367970e-04
1.631202804097297481e-04
3.086529278746821163e-04
3.407219526326676754e-04
3.307557267613409546e-04
3.127713001810307936e-04
2.565317157686101274e-04
2.720041613550389830e-04
2.165428632632435374e-04
3.699866764904261138e-04
2.575017169399305863e-04
4.428521620483944865e-04
2.558302304059630484e-04
2.635044363678492609e-04
3.023077751190510610e-04
3.075653547831071221e-04
1.963028241259551470e-04
2.731037624420778066e-04
2.824024918298875917e-04
3.668438146157473054e-04
2.946901861999332516e-04
2.581254179038596831e-04
2.022565067404472885e-04
2.324810436828325644e-04
2.215696790622536587e-04
4.016461093327893732e-04
3.410188673854779029e-04
2.691998479035818416e-04
2.042016602409805863e-04
2.547840774839959231e-04
2.718475791933811100e-04
3.448300308393341959e-04
1.548582643173585416e-04
2.744358298420401473e-04
1.927576703590838875e-04
2.253290196943761182e-04
2.478160981038262647e-04
3.483489967882133368e-04
2.096009130482606947e-04
3.236214552707336665e-04
3.112274523488048643e-04
3.702168498999200072e-04
2.846828076423273341e-04
4.597139837559810764e-04
2.165201404249924016e-04
3.119863713774279328e-04
3.319553622917620090e-04
3.013283224942323946e-04
2.077043434735259769e-04
3.295636081040274217e-04
2.193007653145101607e-04
2.792917307749800591e-04
2.108947653706699625e-04
2.188434100484853788e-04
2.788933212951442996e-04
3.354833392715205181e-04
3.324469849761438008e-04
2.938775284554122477e-04
1.863620821863550545e-04
2.816315056591464595e-04
2.498982248934497542e-04
2.909523565497682549e-04
2.445694409843537248e-04
2.906819019559621115e-04
2.385296392372061023e-04
2.145285212277505391e-04
3.253593455593166211e-04
2.865476951558973699e-04
2.553151341957204988e-04
2.571625071880171863e-04
2.334628330911626601e-04
3.341314330442866172e-04
3.155879457037380161e-04
3.005702793443268623e-04
2.925813834926198039e-04
2.141991624902465322e-04
3.276651270282302073e-04
2.161863861349958514e-04
2.220964023815369674e-04
1.689161432657846728e-04
3.073551500336981802e-04
2.574559058620006662e-04
2.761571146569545771e-04
2.450527906275062786e-04
2.582791251986143186e-04
3.886715383595286074e-04
2.927758880850196959e-04
2.770930016795734299e-04
1.795214413177605248e-04
2.948660104589914937e-04
3.147977256585478604e-04
2.068766882272305926e-04
3.579695349980872008e-04
2.355158087676505587e-04
3.508330654734836702e-04
2.149509147356674140e-04
2.239522559335725119e-04
2.752047174855566203e-04
2.545530983725873930e-04
2.996906682943613906e-04
2.793687476258640483e-04
2.597428512590343802e-04
2.037854213330527310e-04
2.766731126443331638e-04
1.912970574241909397e-04
3.687715645481647779e-04
2.760106445932267584e-04
3.902918384910622485e-04
2.438180991460325321e-04
2.793857251085210200e-04
2.209294657269640725e-04
4.526184497644256360e-04
2.522969189436954419e-04
1.721856223357018986e-04
2.282737841079263488e-04
2.815199313087644135e-04
3.342468452689391638e-04
2.509119148982684021e-04
2.656344688062491901e-04
2.443442915472589000e-04
2.059135315582746428e-04
2.641300977439210371e-04
2.886695045188392736e-04
2.357590192412815726e-04
2.771865008932387366e-04
4.091589342334118920e-04
2.290305973002364735e-04
2.365826582960982077e-04
2.179995900191216112e-04
2.520360288785888350e-04
3.008405637451678160e-04
3.196303872674508559e-04
2.599016482841515576e-04
3.265997076971926855e-04
2.209461221539393025e-04
2.438973808266233824e-04
2.608772812063071172e-04
3.091543354321337985e-04
2.357048969552643942e-04
2.691087733232646901e-04
3.440065043515891374e-04
1.791980846305562126e-04
3.079242078885861757e-04
2.447447335392245065e-04
3.332233972239617356e-04
2.348501918179729531e-04
2.422906076267010021e-04
2.681422554187942102e-04
2.238322632069237933e-04
2.061855701318936326e-04
2.171826694644514943e-04
2.698651969859251765e-04
3.046286433875010835e-04
2.819769562426314362e-04
2.827322319793956567e-04
2.910565774377349294e-04
1.802842218107725053e-04
2.478673025334610417e-04
