2.962041605198105498e-03
1.609846447722384621e-03
1.911177441250191131e-03
1.975066982724353430e-03
2.275301800675941753e-03
1.164290504416091478e-03
2.529839338990546443e-03
1.799630537525634009e-03
2.983929685653524590e-03
1.562088856524415084e-03
2.022647801584152166e-03
2.363771485127517773e-03
1.723738234397468932e-03
1.918491713740649515e-03
2.054142214799173794e-03
1.914010085768216591e-03
2.287611006520910272e-03
1.711725961953634466e-03
2.561488805465825334e-03
1.520030989435782994e-03
1.777184148250011671e-03
2.119743856077965782e-03
2.456197611856097279e-03
2.269188911794213590e-03
1.984347988404181005e-03
1.691099273684434001e-03
2.559325779767075443e-03
3.234710442555531733e-03
1.877487078913069821e-03
1.516038550674782617e-03
2.453441372814634414e-03
2.386461137377927488e-03
2.429366240763888504e-03
2.483552821473807796e-03
1.244903550669575589e-03
1.781057961185424608e-03
1.912634251308433777e-03
3.004310528584811391e-03
2.426966838551012501e-03
2.608661000561474010e-03
1.914305357625075647e-03
1.659297989612687485e-03
2.889848077397890597e-03
2.063574661098072430e-03
1.710130230748040710e-03
2.310528795577979858e-03
2.223468316741798300e-03
1.830760886255186713e-03
1.109818370193185180e-03
2.149742082002212805e-03
1.631842127150083315e-03
2.155718051683068025e-03
2.013213344538408028e-03
2.432573020090299156e-03
1.665750543491971393e-03
2.069393729022565073e-03
1.749631461577918004e-03
2.814290916458872874e-03
1.894082946667222317e-03
1.883946253192126828e-03
1.756905693310604035e-03
2.036409561006284705e-03
2.055795864598532110e-03
3.290818109400002987e-03
1.791494890732471534e-03
1.310685985612606306e-03
1.189879140512652752e-03
2.055363406670877250e-03
2.050775978794783412e-03
2.292097869312283934e-03
2.440746653357142408e-03
1.864599364263742854e-03
1.542853569228592927e-03
3.343188923298117191e-03
2.444033667837609836e-03
3.044884085365421201e-03
1.693418813036240032e-03
2.117721260978390301e-03
1.408930070551752019e-03
1.309859664826938967e-03
2.118535876516283115e-03
2.820849335912157738e-03
2.449197497982961470e-03
2.169797397342147251e-03
1.707331007761926384e-03
1.721183926173307363e-03
2.012689394549762451e-03
2.572758634117571028e-03
2.511284974841159531e-03
1.533415731682799413e-03
2.086113397679177899e-03
1.999042744285895422e-03
1.863857352251126068e-03
1.610813434427447793e-03
2.278315349052768401e-03
1.445636769706243763e-03
2.471301518454413915e-03
1.942248661727656979e-03
3.213889361234334701e-03
1.920888569411029331e-03
1.635097160549042880e-03
2.937225688323021316e-03
2.177165206994470179e-03
1.462889291417972639e-03
2.611307831664188249e-03
1.082581513986680469e-03
2.236776710444579683e-03
3.157115158593340985e-03
1.778140659585496349e-03
1.516451973687107544e-03
1.923643960160761066e-03
1.729549803933895296e-03
2.746471057170691687e-03
1.547903887122604105e-03
2.464863283226762219e-03
1.740113561758284584e-03
1.799786583189776686e-03
2.404612083767518945e-03
1.822958573252732566e-03
2.820107822062945576e-03
1.862409529393510999e-03
1.951002722443045999e-03
2.590982947491508783e-03
2.130844735724454243e-03
1.895467135221923574e-03
2.535392316982927781e-03
1.397230206023146199e-03
2.387944165515880433e-03
3.119792302519134013e-03
2.010950754068261022e-03
1.769362292680215368e-03
2.111414892593433453e-03
3.158394760005026492e-03
1.840029782109424720e-03
1.804258331777828508e-03
2.345944010180921625e-03
9.564676228983666918e-04
1.722310677172879953e-03
1.619453550831704332e-03
2.507684859541697408e-03
2.422722947541716947e-03
1.687908174539113747e-03
2.039147477069224671e-03
1.648851531307529228e-03
2.991927649153813297e-03
2.201748404333000574e-03
1.908752948072395001e-03
2.209677883643520937e-03
1.941322668750178381e-03
1.927241610780546042e-03
1.559090559155290601e-03
2.136114798892200378e-03
2.180419578369376544e-03
1.782494037738428620e-03
1.933058352580010845e-03
2.744494612698569497e-03
2.194354419594692681e-03
1.346356849251266474e-03
1.695037978273854651e-03
2.181091864141839701e-03
2.571264878500838236e-03
2.483763128993375820e-03
1.769761754351637916e-03
3.369144824780887816e-03
1.709148698689722575e-03
2.418466484594091609e-03
1.232223906000199298e-03
1.633237905115571091e-03
2.093495602106839118e-03
1.880997072960224371e-03
2.354206581877931435e-03
2.045763947895556673e-03
1.525012417966193625e-03
1.102917155418417635e-03
2.267526669454344567e-03
2.108395134825662241e-03
2.710597241452028863e-03
1.838977409971526231e-03
1.951621653002288048e-03
2.669456648539541687e-03
1.191919336086168929e-03
2.764768065646815588e-03
2.598763805093908235e-03
3.277885456023964163e-03
2.637563713951154593e-03
2.115924614553278422e-03
1.793232745344686217e-03
2.768096334679897783e-03
1.627112704664250347e-03
2.265279911886659316e-03
2.304647686065697254e-03
1.298180649921318276e-03
1.879280374859050367e-03
2.259062281584616350e-03
1.012131440148468118e-03
2.293007394198973061e-03
1.225779992274768620e-03
2.200510726516952207e-03
2.628875929279614766e-03
2.465930198744420519e-03
1.841618078391638828e-03
1.429818996183185873e-03
2.182811735385627606e-03
2.689147070248919334e-03
1.745679141170192704e-03
1.821575490528107039e-03
1.804190583535980824e-03
2.363198219078041246e-03
1.751750753335376987e-03
2.229741964613585550e-03
1.941272044567850241e-03
2.311124307046853992e-03
1.546081882614203660e-03
2.788175206271313773e-03
1.857270083900048859e-03
2.425545484184909485e-03
1.476365807029169719e-03
2.032533642648286145e-03
2.746570456543615240e-03
2.314195118129730618e-03
2.085756764361135392e-03
1.739337729074740555e-03
3.204398201575440162e-03
1.768756901686132461e-03
1.315540036698179460e-03
1.965030124978177101e-03
2.245596061360399277e-03
2.076424250973659714e-03
2.452761093766269405e-03
1.541897499893669834e-03
2.628367449003301062e-03
1.577187045449783553e-03
2.428943783675806354e-03
2.320770406453997840e-03
2.167533114370587786e-03
1.505330358812968523e-03
2.055748013846965712e-03
1.899529552748614302e-03
2.427241974940626181e-03
1.617688472898152433e-03
1.567821075561529748e-03
1.654762123419837444e-03
2.207885946823914987e-03
1.249989821571675670e-03
2.146709691649679921e-03
1.602895420443975439e-03
2.098173935038721415e-03
1.623103470787924359e-03
1.856179071666308206e-03
2.241667735836616170e-03
2.177345968883210442e-03
1.385953700800931707e-03
2.079284176482590080e-03
2.265000443349159554e-03
1.750640611289239418e-03
2.254769079239643276e-03
2.130452960086076306e-03
1.512877050726418003e-03
1.630338567821417329e-03
2.775438559965713418e-03
1.691026785867664551e-03
2.094436457330910422e-03
1.693908538323267519e-03
1.681032402472153100e-03
1.471038786184991707e-03
1.477893768869059220e-03
2.217508184260271950e-03
1.932909485747295701e-03
2.547342115180840309e-03
1.679352587153759265e-03
2.001057554949344820e-03
1.987928358877494046e-03
2.092205930980537646e-03
1.149617609720940750e-03
1.879291782213510058e-03
2.121904820541403464e-03
2.825301616262719789e-03
2.425380911237708104e-03
1.653160754029257091e-03
1.685049397184126829e-03
2.376219997701671006e-03
2.328930720795341271e-03
1.755363262923271281e-03
2.898995050760556479e-03
1.640638344351299247e-03
2.392413642886380767e-03
2.427167331373402282e-03
1.564725871416358226e-03
1.626599339384563478e-03
2.051722835328009635e-03
1.757105065411975874e-03
2.536263695056542675e-03
2.070434613408732132e-03
1.711216076511312256e-03
1.586151643147647172e-03
1.461286412868594139e-03
2.116202508913219479e-03
2.446086729497517608e-03
1.158543321100339836e-03
1.953977524611283639e-03
1.700137307556302694e-03
1.577478797819152536e-03
1.913632736755306683e-03
2.074259229801673089e-03
2.091306088305537169e-03
1.375538210939610331e-03
1.417605302791833007e-03
2.627346496075254247e-03
1.820160645301942010e-03
2.087675033591764560e-03
2.288329294612224778e-03
2.039634222690102708e-03
1.918358898263634047e-03
1.670800447325903378e-03
1.546047112146611271e-03
2.012954139450112874e-03
1.696845399692299868e-03
2.885062968499162682e-03
1.954880917124589799e-03
1.646938187296845702e-03
1.352854706053229026e-03
2.476241471802256670e-03
3.197395527073322932e-03
2.941256673316113533e-03
2.933660190173809253e-03
1.810740668220809551e-03
1.804439337390593458e-03
2.777724203646219758e-03
2.178635921721255690e-03
2.463712688500414080e-03
1.795964301048726900e-03
1.691126422338694009e-03
2.851155611833355429e-03
2.334268267398019545e-03
1.588772552201897286e-03
1.830622537021885359e-03
2.038339984052039196e-03
2.156072282678399114e-03
2.092725371898609271e-03
1.826214900653533139e-03
1.767076673127669943e-03
2.279028642221338392e-03
3.240571807991545449e-03
2.177156127866951372e-03
1.863653176098321526e-03
2.330119034023158710e-03
2.032312781334567019e-03
2.380161910887397189e-03
1.542125630953144642e-03
2.013057603782189998e-03
8.527942037048990122e-04
1.595764867970051685e-03
1.707912134602964207e-03
3.384763578562348038e-03
1.570119128301444367e-03
2.723813916956711358e-03
9.810727993643513379e-04
2.796886512212534703e-03
4.181083983015890411e-03
2.011640041832146557e-03
2.893264210329380207e-03
1.726163761096763264e-03
1.853610579226160201e-03
1.703588086844937946e-03
2.280273608549450177e-03
2.104661694189025132e-03
1.166495959582292997e-03
1.899390042839022626e-03
2.379832715007408443e-03
1.156711398427619610e-03
2.202229660574189524e-03
1.820516867487259214e-03
1.907957898465282047e-03
2.344627345676451174e-03
1.952529831964402692e-03
2.165625097545597916e-03
1.834599385012885848e-03
1.798937845208356881e-03
2.062699326908311488e-03
2.448486284067285471e-03
2.344156917087807622e-03
1.917066444980447711e-03
1.675199882219794226e-03
3.605179637493262628e-03
1.655069083465287964e-03
1.826973763029640955e-03
2.753653399854985064e-03
2.447078955839801940e-03
2.284889144800587336e-03
1.659885288509490003e-03
2.414754173348120439e-03
1.341040604154191893e-03
1.654001124686289284e-03
2.145195204479532179e-03
2.269333955741364203e-03
1.987961392818095654e-03
1.891605959835302581e-03
2.491774704495625017e-03
1.665035913886558482e-03
2.886895851368342144e-03
1.474107513020612428e-03
1.301164450910234768e-03
2.256779784186000413e-03
1.754478246066214350e-03
1.626755942064764650e-03
2.209999790884943291e-03
1.935420110804393417e-03
1.513552799582484031e-03
1.488762668977569982e-03
2.513679060303599354e-03
2.292166661649660837e-03
2.236600561106100431e-03
1.543123760259665963e-03
1.934497648456662581e-03
1.926143996071646124e-03
1.962292213762312134e-03
2.713433149862433565e-03
1.685725337539642184e-03
1.919092866115857700e-03
1.652628791891892074e-03
2.664450790184944452e-03
2.027902113293568800e-03
1.348845227626657966e-03
2.369284133139053748e-03
1.874734333415568671e-03
1.998641576545541563e-03
2.287872005691930256e-03
1.667174761592281644e-03
3.727255733304321410e-03
2.405699264081150469e-03
2.227976731307185383e-03
1.519983232813590162e-03
1.635923460454372395e-03
1.905519992945650882e-03
1.774456196452558858e-03
2.404310956975847305e-03
2.155709831391526381e-03
1.732186538984244097e-03
1.370272762827547727e-03
1.635846025154837242e-03
2.397854986707495702e-03
1.926799121003590267e-03
2.350817748279747463e-03
1.790835013432364765e-03
2.078308152998585654e-03
1.355827157836685332e-03
1.863572393939370679e-03
2.404014126750955976e-03
1.511893679399367758e-03
2.389513655034681237e-03
1.593479702961103465e-03
1.766975945985211011e-03
2.292942643865815769e-03
2.013168662679906250e-03
3.301772346988660154e-03
1.911295600435774155e-03
2.121508520780548274e-03
1.252908014857300346e-03
1.187232693557915180e-03
1.291525536443230730e-03
1.763616964104106413e-03
1.442311077475859869e-03
2.022122491069078525e-03
1.734681721234807841e-03
1.784620373225911548e-03
2.205112492238521169e-03
2.184908594364747686e-03
2.033559569210347147e-03
2.339602877506857630e-03
1.689730814353323889e-03
2.054196142410315631e-03
1.770321714838539971e-03
1.650566190299365688e-03
2.117465861160540679e-03
2.142736115884427608e-03
1.873364501275590023e-03
2.866551519217516806e-03
1.489109132857419256e-03
2.101283436445094705e-03
2.435593772849186343e-03
2.560799605048786134e-03
2.317109342925609272e-03
2.046372464316117967e-03
1.513353125942117679e-03
1.343229304377950399e-03
2.265108734932874159e-03
2.829470828697536102e-03
3.228008779408003508e-03
1.939813309220425391e-03
1.273155927876320689e-03
1.491335940745366472e-03
2.510977046952747420e-03
2.494254231296137627e-03
2.992414313893862823e-03
3.154641035454756014e-03
1.803031512424344137e-03
2.074790942638088213e-03
2.269892193468878855e-03
2.118398231356510408e-03
2.051601559077837963e-03
1.865805689900837307e-03
2.177775704803937718e-03
1.552033858523272410e-03
2.134330898607399683e-03
1.650073096556551764e-03
2.703178643260047750e-03
2.381193425556542460e-03
2.030566161802412756e-03
1.804810264854052543e-03
2.091699578274589053e-03
2.125310029559978209e-03
2.015575438659948995e-03
2.473523787244239457e-03
1.332575556352159343e-03
2.033274296649201576e-03
2.600670566981518397e-03
1.842893051344942582e-03
2.024329104022204971e-03
2.686086682902698655e-03
1.717721052659015564e-03
1.821466429309236698e-03
2.223820502955248246e-03
2.652157549495572347e-03
1.465845266416112604e-03
1.715483774257288126e-03
1.658497447817184473e-03
2.577217602664196895e-03
1.798388375464376326e-03
2.012058509379541747e-03
2.038418086023869192e-03
2.536194954695823994e-03
1.627345741438581198e-03
2.976312784104883941e-03
1.774158848048025972e-03
2.344713932180185045e-03
2.203103439490742502e-03
2.055678897832427347e-03
1.917130077009988626e-03
2.384838168603924027e-03
1.734782499209318882e-03
2.694360866659589390e-03
1.608993723407749253e-03
1.638600516791541891e-03
1.756563699458481634e-03
2.811304847569694263e-03
2.694565347626611419e-03
2.151509956461991439e-03
2.319992938666150771e-03
1.604546949494573774e-03
1.805623821435883196e-03
2.170650078666169595e-03
2.516013946769154932e-03
2.793068906553997782e-03
1.589527502075721577e-03
1.476688430426944393e-03
2.094881577308328139e-03
1.931625989699675043e-03
2.377897081107806145e-03
2.861968296360126000e-03
1.912014349571593318e-03
1.661333930353877785e-03
2.615694875082621388e-03
1.994622880446467184e-03
1.819277813835139040e-03
2.272305877553753694e-03
2.741055219718233679e-03
1.978911840635388421e-03
1.623927189752414355e-03
1.085096030929286279e-03
2.268374679977282031e-03
1.456808152292355350e-03
2.714768422670497342e-03
1.701945737313153087e-03
2.642050804730980591e-03
2.119248717171905421e-03
2.808974507142608396e-03
1.874015557242716306e-03
1.813005839854048198e-03
2.151532681903761592e-03
2.140696814567277870e-03
2.129479581013060240e-03
2.072003530489975077e-03
2.226241220863959397e-03
2.683720487302548689e-03
1.810531721479899684e-03
1.868551382519841302e-03
1.749045745690904711e-03
2.220143828283093097e-03
1.532976252846249060e-03
2.754876639091887337e-03
1.129741957997101648e-03
1.925182544803445955e-03
1.592809382336476433e-03
1.780466256450200131e-03
2.341593594569573583e-03
2.420833703108933761e-03
3.060497500796845096e-03
1.877115121378501814e-03
1.458583149708683442e-03
1.474276680640852983e-03
2.128668593638885671e-03
2.517254611290639654e-03
2.303324755276132691e-03
1.645282703607207301e-03
2.972231223252059292e-03
1.639148848791497802e-03
1.370483092212426528e-03
1.393018898160431436e-03
2.178701563619015943e-03
1.613821665202033739e-03
2.215230691506012931e-03
1.707901697996666059e-03
1.999089212904212390e-03
1.852151141099551111e-03
1.798929358100708918e-03
1.553983765023571719e-03
2.382674390827843602e-03
1.590735428137333768e-03
1.490509578655076868e-03
1.816219830449111164e-03
1.695297929330155705e-03
1.910377298326200110e-03
2.036931954559049497e-03
2.718873990667588017e-03
2.004628634704671685e-03
2.224245951316535658e-03
2.009808969099303056e-03
1.969873605593593525e-03
2.333255329371629154e-03
1.968887450318033625e-03
1.424284227911325499e-03
1.517957363735883327e-03
2.186593081007317738e-03
3.377809501532281263e-03
1.770913524381390785e-03
1.707287872714027387e-03
1.963675227479064027e-03
2.003382955993886216e-03
2.957319098581008294e-03
2.062094182260500522e-03
2.314937794971808852e-03
2.604159066688821120e-03
1.874387470359585193e-03
2.102631912548498776e-03
2.649076588385193207e-03
2.074262649206130588e-03
1.945339382968965273e-03
1.896545991875715374e-03
2.184674559701385230e-03
2.505060007346553413e-03
1.533703709996260978e-03
2.592596577463313241e-03
1.738787440384053761e-03
2.153148349222341277e-03
2.630245275683635014e-03
1.749241369937115133e-03
1.969086071361562593e-03
1.569557918057233820e-03
2.221248654461503106e-03
3.044603205411845412e-03
2.303277072954863346e-03
1.449114995480137169e-03
1.283902301369528685e-03
1.593017923394218034e-03
2.103967116788900155e-03
1.826521197846589159e-03
2.604266897212234241e-03
2.024764867347359377e-03
1.983518298422711542e-03
1.378853498756408983e-03
1.742468273234506473e-03
2.104217736604394907e-03
2.519703944380224069e-03
1.613254051388888100e-03
1.780056970423852733e-03
1.480871930678901924e-03
1.991888866288291787e-03
2.270332798671010743e-03
1.625766873669156612e-03
1.787197338613683451e-03
2.042666177774193209e-03
1.729034953105870872e-03
1.508226159891576422e-03
1.827672500680671856e-03
2.631939852722040354e-03
2.044305778403269960e-03
2.330681683658191936e-03
1.830563318433277688e-03
1.783937169525347081e-03
1.903057906118594536e-03
2.520500780466413022e-03
1.889710108783875528e-03
2.077928156190970033e-03
2.235806681025198379e-03
9.564407498779354871e-04
2.276649376607051915e-03
1.917468988218952062e-03
2.860686327669024163e-03
1.978196945100818126e-03
1.800609562048436328e-03
2.683087626944744616e-03
2.204548200541606943e-03
1.078338912348822008e-03
2.141359519832577822e-03
1.913463651618874757e-03
3.243929999463825067e-03
1.818243566858503482e-03
1.898470787647685114e-03
2.208822611654565581e-03
1.510731136863367394e-03
2.120196819642363069e-03
2.313188949152542896e-03
1.929114830978981808e-03
2.232943990833647589e-03
1.959452906013029339e-03
1.601259831734119570e-03
1.690962392067920728e-03
1.463876914682411216e-03
2.506069099431166083e-03
3.224826924798224193e-03
2.732261512980615169e-03
1.736062833518908863e-03
2.117555807917974840e-03
1.572812681675058452e-03
2.132407757989264897e-03
2.366881674762569537e-03
1.849523594288311323e-03
3.111783628257453783e-03
1.859464671238640968e-03
2.267560489386377404e-03
2.596974809991002379e-03
2.548293939802761306e-03
2.631133973077200323e-03
3.031078382163478364e-03
2.024238067117300251e-03
1.410651917816996411e-03
2.625833181528855909e-03
2.091086548452979893e-03
1.724319403925649637e-03
2.065474361335076312e-03
1.933991829155010198e-03
2.235170066827128332e-03
1.762662131526334438e-03
1.993765039854243377e-03
1.469130922092861183e-03
2.153787898204619945e-03
1.911549289152589910e-03
2.828691432952448997e-03
1.838999899008633178e-03
2.176256270642842883e-03
1.919682194445493590e-03
2.049602202145852335e-03
1.681376880073492648e-03
2.359669949461280867e-03
2.253340126701910626e-03
2.055600235061543022e-03
1.784360467176991779e-03
1.692165399781032312e-03
1.622063477414845698e-03
1.484612970894004904e-03
2.480720566587547773e-03
2.237869197131863754e-03
1.203694558495850206e-03
1.491012905035343653e-03
1.702022424694576682e-03
1.453747877390527878e-03
1.369590060656156053e-03
2.400555486068956749e-03
1.437745623592466982e-03
2.481284463149612245e-03
2.093070056296813825e-03
1.734320712947967722e-03
2.120403987682207593e-03
2.098708419849665361e-03
3.440419225887833294e-03
1.888158837797606921e-03
1.790633961913674606e-03
1.371416390757219418e-03
1.926751936335061770e-03
2.315743505831789964e-03
2.057323405497809600e-03
1.975564229278894881e-03
1.797103912180954451e-03
1.786484287281635839e-03
2.173258494461785713e-03
2.223059280907771322e-03
2.580778947208265534e-03
1.311845345074622591e-03
2.368404871739607318e-03
2.129381487344666427e-03
1.659013479252167880e-03
1.819262808554129342e-03
2.032246692086768676e-03
1.162076791765014831e-03
2.048551837295819501e-03
3.133365973757493844e-03
1.601014440635023040e-03
1.140235335626341032e-03
2.054051024684586287e-03
2.233602746980984342e-03
2.867885143028706205e-03
1.913032913081003875e-03
2.407014805370691433e-03
2.372902864941729868e-03
1.681654218447722893e-03
1.656057718297165296e-03
2.020240549787143298e-03
1.300808325295907918e-03
1.817141939590199247e-03
2.232204239866180523e-03
2.784895888995899370e-03
1.188520283807614980e-03
1.889443171282584018e-03
1.714814527897564689e-03
1.573727978980257996e-03
1.823107467368878867e-03
2.399428004838690537e-03
1.316160893930799422e-03
2.764665889656916196e-03
1.625744409039209769e-03
2.264493054366365811e-03
2.627501784591041844e-03
1.956529095557142314e-03
2.690684638590967910e-03
1.458072988026840391e-03
1.673278356432207799e-03
2.232703535248169516e-03
1.982043686036558897e-03
2.036246592191268481e-03
2.391825117058653770e-03
2.255217139723172167e-03
1.892207522315033155e-03
1.584920037655694397e-03
2.127303374623925290e-03
1.529978317860328750e-03
1.675657160011859983e-03
2.283101822607130470e-03
3.537634980445794435e-03
2.340530324295794599e-03
1.983928835491335658e-03
2.894810433688525027e-03
1.933146081731278599e-03
1.839699827258057824e-03
1.543002134352947302e-03
2.001425641817811824e-03
1.197724502472592017e-03
2.406464556323388484e-03
1.997720454640123430e-03
1.682954861448400638e-03
1.483857526897137350e-03
1.235277031281638641e-03
2.179056720033709701e-03
1.226363295475905958e-03
2.183034068530397432e-03
2.317852816345279589e-03
1.836401414470188297e-03
2.091553626003980759e-03
1.669374449577464177e-03
2.527201921052673553e-03
1.860597062009086309e-03
2.307167826097869089e-03
1.560563331677608610e-03
2.018190946792306015e-03
1.432306666104880399e-03
1.868376113184912765e-03
2.013916735110994789e-03
1.702473863873462485e-03
2.174872918281558869e-03
1.988018076108715500e-03
2.258659147965083863e-03
1.767730945796194527e-03
1.644433077338969696e-03
2.918685979019175480e-03
1.895194359107733352e-03
2.772470061034235794e-03
1.175392728199069550e-03
2.085069863776734325e-03
2.639624907228590566e-03
1.362083504428724529e-03
1.915102524676818175e-03
1.682794688426613502e-03
2.234450580615998661e-03
2.521881146098039171e-03
2.816165812830902660e-03
1.592029651503738775e-03
3.003557089899662382e-03
1.626875878063447321e-03
1.818595148918405926e-03
2.467848771336528420e-03
1.684506805130060823e-03
2.196491426038029143e-03
1.545661237315537053e-03
1.540246663771846622e-03
2.650257553805714442e-03
2.444048090291817740e-03
1.659672795483739484e-03
1.854513820763771092e-03
2.058168404922157847e-03
2.113012077383050972e-03
1.970779413216287770e-03
2.001730561548212620e-03
1.870262484981797483e-03
1.288695999397547216e-03
1.664824260065306174e-03
2.568351590071607429e-03
1.781540404347117497e-03
2.417311543530789933e-03
2.558183732094259245e-03
1.977629989488980181e-03
3.582062951253214660e-03
1.795772219273603998e-03
1.771261035235354667e-03
1.928698503568764336e-03
2.424472610431249384e-03
2.192425007611657848e-03
2.133174593153258115e-03
1.536510661589620590e-03
1.866794265398017977e-03
2.183346932260181450e-03
1.448969025658722581e-03
3.280771546681895100e-03
1.987897460130309477e-03
1.595809211159696832e-03
1.848609544463942654e-03
2.870449378885877711e-03
2.325865148063589044e-03
1.889574142018409387e-03
1.242435555925522263e-03
2.743311286657398353e-03
2.142071044660855909e-03
2.090538769280597849e-03
2.671595038029129891e-03
2.103912893156761974e-03
1.790532795193944390e-03
2.427023500785133354e-03
1.525381801447683741e-03
2.184769623720003631e-03
1.976755537378120913e-03
1.524389312510910722e-03
1.661883425042293312e-03
2.017737690653194707e-03
1.563040160355502013e-03
3.227870845751652177e-03
2.000402802597330259e-03
1.296904875431301651e-03
2.217964917152188617e-03
2.277620651818598393e-03
1.632811407634589566e-03
1.533194529985136383e-03
2.200089190009970989e-03
2.110535779008074382e-03
2.610996797547915707e-03
2.118432135121185896e-03
1.803862504131457109e-03
1.311498511812013911e-03
2.593601540458381673e-03
1.641938867688238221e-03
1.759608541734760312e-03
1.576565206329345577e-03
1.701523762098470409e-03
2.373847307771198827e-03
1.308664991656426210e-03
2.634343310889881041e-03
1.886935129509368465e-03
2.807166802254453235e-03
1.951810716412210591e-03
2.463900628013013759e-03
2.063891401172475437e-03
1.782463331496345321e-03
1.710448958522807830e-03
2.014356467641799982e-03
2.027796791888737422e-03
2.209139695928900599e-03
2.194020305550880689e-03
1.359096680632635714e-03
1.706917677779340317e-03
1.904426845003878580e-03
3.359951251751248664e-03
2.090530881986204723e-03
2.430472927560606376e-03
1.841045513621961723e-03
1.949538762175014733e-03
2.640429201646687322e-03
1.635797135362910149e-03
2.375835699130944730e-03
2.344334269952967967e-03
1.011199878721689765e-03
1.938753885844999008e-03
1.864549483131229101e-03
1.569964270924744526e-03
1.269027890277318275e-03
2.192656509780086492e-03
2.633501378962834101e-03
1.492451012854351588e-03
1.243016272026947625e-03
2.172697100217936290e-03
1.683055630351877824e-03
1.855073171137264568e-03
2.197790632898543282e-03
2.254429333049005110e-03
2.186845586505248209e-03
1.718079364107834338e-03
1.766056088201779870e-03
1.944457378316824829e-03
2.363835325989866940e-03
1.633726070251725069e-03
1.838723663975522574e-03
2.631920787913748835e-03
2.335283575323804286e-03
2.070029262831580424e-03
1.637013096267573870e-03
1.473452203717983333e-03
1.219860473936171903e-03
1.334555062640710183e-03
3.315090001747126452e-03
2.722156730562442454e-03
2.011133292759367981e-03
1.915572691653112322e-03
1.430633950339872933e-03
1.683078842254371026e-03
2.203437501429976898e-03
1.975634595620678630e-03
1.349942565600404862e-03
2.303406768799185801e-03
2.016752556262398684e-03
1.631089046031127541e-03
1.655947439659765687e-03
1.957832300971994351e-03
2.248899437248931023e-03
1.720167784509810723e-03
2.194219965584800775e-03
2.322176452097444565e-03
2.520642678400149012e-03
2.076024471338499579e-03
1.944730065152383688e-03
1.782885830694012170e-03
2.524260067891810622e-03
1.818475246271269606e-03
1.538042169800951826e-03
4.072373580413526928e-03
1.510484573627791406e-03
2.545191910678668359e-03
2.790315805532836424e-03
2.014800387720623587e-03
1.776092447695579125e-03
2.084222422651516374e-03
2.136240283895791611e-03
2.349747931500427260e-03
2.500291318517347885e-03
1.634922767117527728e-03
2.260508096889743239e-03
2.826186607448231535e-03
2.880825358644504772e-03
1.805123933533826471e-03
1.805414789545501655e-03
3.514660109165795941e-03
2.245234318545563656e-03
2.214693940447012149e-03
1.643889920977559130e-03
1.924149412467246337e-03
2.672937835542515614e-03
2.427724376458949979e-03
1.457521681418734406e-03
1.512688635317906019e-03
1.811285713916431332e-03
2.512408313839438207e-03
1.693306309902727286e-03
2.129657370280270065e-03
2.442919022565531468e-03
1.518847941868659707e-03
2.293874885427578478e-03
1.584937157417751381e-03
2.245223287827355450e-03
2.044997961731300721e-03
1.737283285224032166e-03
1.957181890198141441e-03
2.143708827228721532e-03
2.439309184477756604e-03
1.850401216796684553e-03
1.696619743809686925e-03
2.498848089465302482e-03
2.094412523838204941e-03
1.827534400711750689e-03
1.457164742919938834e-03
2.095962034419474474e-03
2.245119354756497029e-03
2.249678558332497171e-03
3.246418882574934189e-03
1.652995374974795557e-03
1.667356461497603633e-03
1.121140055856167418e-03
1.545385805015517819e-03
1.827566483365168941e-03
2.087688681755562898e-03
3.186937614862115579e-03
1.967322339521347749e-03
1.620530086385195238e-03
1.928609445016817199e-03
2.400774916631130424e-03
2.402527516621249908e-03
1.865801209883540500e-03
2.712637486764108569e-03
1.690181610721234020e-03
9.764292756878496229e-04
2.490037555443961725e-03
2.030447784678752858e-03
2.210077818701097329e-03
2.083042134349786297e-03
2.530331827096628846e-03
2.071992881083078390e-03
1.728907517006195898e-03
1.886165877788389044e-03
2.436526358769196699e-03
2.022942051356209445e-03
1.599591056090432029e-03
1.444584139721017584e-03
1.302753504423387419e-03
3.054007850956068706e-03
1.963804346995801434e-03
1.816422209310789883e-03
1.160717815734534520e-03
2.198503585460675688e-03
1.673827193967121789e-03
2.234135510425637895e-03
2.184542363611494467e-03
2.341440376708015230e-03
2.091504191362096848e-03
2.458986789042857338e-03
2.140263817795408103e-03
1.659152113604627768e-03
1.179964328655945267e-03
1.797158359281184753e-03
1.917993792553622555e-03
1.747500111924604055e-03
2.343382956560753974e-03
2.170679029865404432e-03
1.732958638252425241e-03
1.715253513696117895e-03
1.639081283154900917e-03
2.051378041473457016e-03
1.786951123775470506e-03
2.470415215943819794e-03
2.310141360128283462e-03
1.107208995081254525e-03
1.860372100734569885e-03
1.813820463027626716e-03
3.376508754293297380e-03
1.478371978179244227e-03
2.036605291560336997e-03
2.457712870180438908e-03
1.808378325893507301e-03
1.307657458899081759e-03
1.774586109450247782e-03
1.936221467280202935e-03
3.028120401500310026e-03
2.311132441544693633e-03
1.848342004642977623e-03
1.925518300073835332e-03
1.530228342863965531e-03
2.136531262801575314e-03
1.496608975166821825e-03
2.170590284365527672e-03
1.189995527624470705e-03
1.800060619905734629e-03
1.664292183721293329e-03
1.746660017871822217e-03
1.998062429364174959e-03
2.181747054970641694e-03
1.958402965970590555e-03
2.661243950892385433e-03
1.439151278294363307e-03
2.014933419450538974e-03
1.732889276898345659e-03
1.911525816000750550e-03
2.111469288164177782e-03
2.207270829424489485e-03
2.419816647586837868e-03
2.119858589251320986e-03
3.299454998263147334e-03
1.546805547030213066e-03
1.830396817103312939e-03
2.944185717589686228e-03
2.347340962215385771e-03
2.211902389657772593e-03
2.451665588048159219e-03
1.985407192739472616e-03
1.289469677757240640e-03
2.808047610407548439e-03
2.280282864495619850e-03
2.734717304090079296e-03
1.583192764027957630e-03
1.509244943269274618e-03
2.209101727162931204e-03
1.988154323209121149e-03
1.679096362740444600e-03
1.846661341339035905e-03
1.922033289265438717e-03
2.203394220060499783e-03
1.388078517239949494e-03
1.916837609671659956e-03
2.444056710491061823e-03
1.477294649138896155e-03
1.869378515806803184e-03
1.766961033279963907e-03
1.739714157864330609e-03
1.313473438419694326e-03
2.001051280151997739e-03
2.218774544543099594e-03
3.108724769374888227e-03
2.018498140189988171e-03
1.756709080054678993e-03
1.359074433120005402e-03
1.999141580931423044e-03
2.206094825761045070e-03
2.114849293717107302e-03
2.682396050084407627e-03
1.339349911018071623e-03
1.929263461826606326e-03
2.140745553729928551e-03
1.803637450494002857e-03
1.944970669502367033e-03
2.331730202175667007e-03
1.818067200381779129e-03
2.171259637822252082e-03
2.371918276992247918e-03
1.943157015558550802e-03
1.484779607732372980e-03
1.905861825817357653e-03
2.232319996583425562e-03
1.481338864531616013e-03
1.538618024829100858e-03
1.708934455271587851e-03
2.238768628904643995e-03
2.360332359249200842e-03
2.383405404196187703e-03
1.064352722728331788e-03
2.193616051461817675e-03
3.429970574603782591e-03
2.122593003482701850e-03
1.950764915659137936e-03
2.251791462828420069e-03
1.793139333088037204e-03
1.512493976313263478e-03
1.816740553767735291e-03
2.218885123208746025e-03
1.382588001150089705e-03
1.735599072076661692e-03
1.988907393233834212e-03
3.155361199029127570e-03
1.972951517725597334e-03
2.003194932914976415e-03
2.352509610001165055e-03
1.687094889179842480e-03
1.999310162384972025e-03
2.455797196269625567e-03
3.130019700824847751e-03
2.162733773549803656e-03
1.104496400281593845e-03
2.444685236339466054e-03
2.656592338936116741e-03
2.962534599293080179e-03
1.317362350864139265e-03
2.793178636943349519e-03
2.236774639452793201e-03
1.697560828232492006e-03
1.912500888243412337e-03
2.683920206069415667e-03
2.454506600242387874e-03
2.048362599287298792e-03
1.600437767172466523e-03
1.986087534458605506e-03
2.170399976522433168e-03
3.068135831354866071e-03
1.956465478202296885e-03
2.918048168812474325e-03
1.721686092902261021e-03
1.564072832994318389e-03
3.038202419266074379e-03
2.223573061201123986e-03
2.272438382606516236e-03
2.246618186204021959e-03
2.095460872171026750e-03
1.834935905931046754e-03
1.661316943788694470e-03
1.984480951134252359e-03
1.635562954983355325e-03
2.677719123428306917e-03
2.067785626870620019e-03
2.201209679709484855e-03
2.286272705077454972e-03
1.914698263725216846e-03
1.938063602011226962e-03
1.661311027355475475e-03
1.161975421564306020e-03
2.590611172618348911e-03
2.357340370732215629e-03
1.424693319336484435e-03
2.185947108730301389e-03
1.518227973023917113e-03
1.918148538696911893e-03
1.851475485513182822e-03
2.422560376723129939e-03
2.974652447353862660e-03
1.934238613682656358e-03
1.805281804554307234e-03
1.322021695124013302e-03
2.389435149512957653e-03
1.806930653363515412e-03
1.123181674867136789e-03
2.726769997514493296e-03
2.077335422298016033e-03
1.601046202521470363e-03
1.594217351053757014e-03
1.927988366866249673e-03
2.113917142726668471e-03
2.704471785824551222e-03
1.393359097984578181e-03
1.690424233928249868e-03
1.802716315169277392e-03
1.883652612817995550e-03
1.637206287770021779e-03
1.004136365019326921e-03
1.693484513860539281e-03
2.158084507880195582e-03
2.775118479728386385e-03
2.010616722614479764e-03
2.338637988509252932e-03
2.378610961016701299e-03
2.069598530975069652e-03
1.699041538200169420e-03
2.609848159094898395e-03
2.065698093736303368e-03
1.300260083983577168e-03
1.953770573424809011e-03
2.082224991537525837e-03
2.823230226993551483e-03
1.549034944215109009e-03
1.490758388572603144e-03
1.522907603810824250e-03
1.736462914550970576e-03
2.544090645433704466e-03
2.464719217129336844e-03
2.039622695111598973e-03
2.808025658397337969e-03
1.625170504497045702e-03
2.096921019248000617e-03
2.538455784523768223e-03
2.316812166488922166e-03
2.138222174548886582e-03
3.262021002457236168e-03
1.611540016275782436e-03
2.565140741042640921e-03
2.011284349279276844e-03
2.567191097321230853e-03
2.392404109968834704e-03
1.490410984456226997e-03
2.002679471155946987e-03
1.266808433682194883e-03
1.682296058105969697e-03
1.746689512311682714e-03
2.061194227273190852e-03
2.892999550387186612e-03
1.949409547000530846e-03
2.264091591862663674e-03
2.511689003212318107e-03
1.945559870063765092e-03
1.606771058678991464e-03
2.548276659977099373e-03
2.020956911427616506e-03
2.298376693303973671e-03
1.790577522957754152e-03
2.569783942953118763e-03
1.684385726673735340e-03
2.962451528132725980e-03
1.352806436908171334e-03
2.638749306526203854e-03
1.932757899304511293e-03
1.366029463886100697e-03
2.571038196221669438e-03
2.102860645519738156e-03
1.636374275643071204e-03
1.996531402199916341e-03
2.652674677916474523e-03
2.330007596341358931e-03
2.082394517956969414e-03
1.248648651000458607e-03
1.668195965378291333e-03
2.148482313403818691e-03
2.115251243219413643e-03
2.980343591794496969e-03
1.977182853091757030e-03
2.476800155865888694e-03
2.097944122418228790e-03
2.034829581148142347e-03
3.272742139475053828e-03
1.846833024476058098e-03
1.778439573664866193e-03
2.682728670235510430e-03
1.415076631715396927e-03
2.206285559948367291e-03
1.351104492562894008e-03
2.762406844755158856e-03
1.842318255310721690e-03
2.114376366209157459e-03
1.243428190167463789e-03
2.771953969359449224e-03
1.902581754887735632e-03
2.518283608922940783e-03
1.516044262826189010e-03
1.885918198531316052e-03
2.225602318803696685e-03
1.477628058641002788e-03
2.107885578262333297e-03
1.811249982884511429e-03
1.822601898449901364e-03
1.885354071210128398e-03
1.268900765267850280e-03
2.067758440558259414e-03
1.470275495762732353e-03
2.572688130830571261e-03
2.852641651979747912e-03
2.235220793254741843e-03
1.831233867010687456e-03
1.600142461866766548e-03
1.721640693658574132e-03
1.753926434906208321e-03
1.150657288662512972e-03
2.718090678222127160e-03
2.360281343373598750e-03
1.541309819968579835e-03
1.651756027948130239e-03
2.078741376554358276e-03
1.734238317305009667e-03
2.711997750379984556e-03
2.240059853854070755e-03
2.738607886914385357e-03
1.486322512350132363e-03
1.714273593526487605e-03
1.424162608193607323e-03
2.152237049189531775e-03
2.368437067912001689e-03
1.581312109399597536e-03
1.824499343475034915e-03
2.134396975621655722e-03
1.629030600130286239e-03
1.615180108057945102e-03
2.072872101163322853e-03
2.533250689919944437e-03
2.128577512698404117e-03
2.704636781325647256e-03
2.046228840431641143e-03
2.250379726488082634e-03
1.658178425797299281e-03
1.710873425781763704e-03
1.630681847380021331e-03
1.386130699610402554e-03
2.065042695906378969e-03
2.015946273096770689e-03
2.638297949614845476e-03
1.386299511684805329e-03
1.193342149766397431e-03
2.127057374480440920e-03
1.888988585565000867e-03
1.820794966189046666e-03
1.489724856999688441e-03
2.241643461726815830e-03
2.692760862773999585e-03
2.008009618413644348e-03
2.834693535227249782e-03
1.668074568421488556e-03
1.666109384689561058e-03
1.861822116699021496e-03
2.189759605621878925e-03
1.592341696401559838e-03
2.224315750977179894e-03
2.236991803325903867e-03
1.745272639098502821e-03
1.977860269773488392e-03
3.348744000837484448e-03
1.173860071735056791e-03
2.048603207426381596e-03
1.421135386893824940e-03
2.335017504992690021e-03
3.592405073017283530e-03
2.721001848226730843e-03
1.655792583460919017e-03
1.255514659366539342e-03
1.316853723711917858e-03
2.106653426377079908e-03
1.891444465299592197e-03
2.876000268661826377e-03
2.413853683296710972e-03
1.918526519420567797e-03
2.901803402288030687e-03
1.664578805524393173e-03
2.338722454125010709e-03
2.431996948072976967e-03
2.265921188467566374e-03
1.463560412350704181e-03
2.575646590562220666e-03
1.865471501208157282e-03
1.760332561437750326e-03
1.611203347853904606e-03
2.100045439862514070e-03
2.030965850097279923e-03
2.276449055925997608e-03
1.656186782985948460e-03
2.110111327004634326e-03
2.440530122068858710e-03
1.432086375928865460e-03
3.198626908697705610e-03
1.418650365228950414e-03
1.242623697288326896e-03
1.822843825806742856e-03
2.233726278995979211e-03
1.877147600327779909e-03
1.981012937365416934e-03
1.814123515414082241e-03
2.260389474371867543e-03
1.919784836826287635e-03
2.610332925607529789e-03
2.306526810259616495e-03
1.818296873520488860e-03
1.525815316593976106e-03
2.469472861860895051e-03
1.836698471874454765e-03
2.509267296658646788e-03
1.518852774249540355e-03
1.954782632813528969e-03
1.666456015869832979e-03
2.422870818915096470e-03
1.912352119632131650e-03
2.624399212003705305e-03
1.846436269432766807e-03
1.997149538083187528e-03
2.177202399898843684e-03
2.300790974269655877e-03
2.639679675692814444e-03
1.769090556300522430e-03
2.463907254260452526e-03
1.289225571346287302e-03
1.678803191785121834e-03
1.797042837616142459e-03
1.916348990325332817e-03
2.771578121551963175e-03
2.321138767964321410e-03
2.019353669540729923e-03
2.479223291408591719e-03
3.001745839191384893e-03
1.710378029224406777e-03
2.984471613437223586e-03
2.378808563446186460e-03
1.851788373190157858e-03
2.394345632068823043e-03
1.435734513214686602e-03
2.060449390579457887e-03
1.400558994090226900e-03
2.786857660643557444e-03
2.592468068481878270e-03
2.238158623462479634e-03
2.005072848210725719e-03
1.615108321415595610e-03
2.192511020785721954e-03
2.120128951688149497e-03
2.272366622941600269e-03
2.879981904646189764e-03
1.868679240857461839e-03
1.577575217534692847e-03
1.782956088774465464e-03
1.405637981150995247e-03
1.634111139125436589e-03
2.635456314128770301e-03
2.073821641911268495e-03
2.211466332050331281e-03
2.371679950897129067e-03
1.819468065316940091e-03
1.635601478454382649e-03
3.000280187915015280e-03
3.668446756810338043e-03
1.980099717737619693e-03
1.383563871890633673e-03
1.671949696947247791e-03
2.634080231099196218e-03
1.260627702384077391e-03
1.854446952128877739e-03
1.374941808400728487e-03
2.319750891111967400e-03
2.253989149177571850e-03
2.007922542599565197e-03
1.836898686568700116e-03
3.110492347661359194e-03
2.029322475726949657e-03
1.827060187874251888e-03
2.467191210938221406e-03
2.031693214434195007e-03
1.455126709994903310e-03
2.187667651375115214e-03
2.391739146810009393e-03
1.871821125714454763e-03
1.573461772234255665e-03
1.491898848757600843e-03
1.964608747508385985e-03
2.514726679171826532e-03
3.045286354999574355e-03
2.078594033317031874e-03
1.982670339383755653e-03
1.385103579423965347e-03
1.941303532795289133e-03
1.882991607569580459e-03
2.038206996045616518e-03
1.499817263498945397e-03
2.624726208034689270e-03
1.947229515934475238e-03
1.708336336697951607e-03
1.929625873885500121e-03
2.552445369784305147e-03
1.650184929717516801e-03
2.276214916008652538e-03
2.394044460383765085e-03
2.453795570071592297e-03
2.238401123235693457e-03
1.880804903069537145e-03
2.140033987229326886e-03
1.740259085922536307e-03
2.537440680392930113e-03
1.951419080100468819e-03
1.522624467056407855e-03
3.404586185308108078e-03
1.358264027141657063e-03
2.349083483008012566e-03
3.037006057636639899e-03
2.105581249810487866e-03
2.170200869963580942e-03
2.006215279956981203e-03
2.322803497609871298e-03
1.754501677198839430e-03
2.331401247688938676e-03
1.355773399778585674e-03
2.032624823576678445e-03
1.463243985377352552e-03
2.724648325103571321e-03
1.445569284583396842e-03
1.898924208676646026e-03
2.370612357273222531e-03
2.688258399151231826e-03
1.694145069960020615e-03
1.776269707431400377e-03
2.035996645615760492e-03
1.989253975091006925e-03
2.205871281559363805e-03
2.105276770655954525e-03
1.532521562034257039e-03
1.890475162237044079e-03
2.314590288290856515e-03
1.524205465521698928e-03
2.284048489020371400e-03
2.241477361004902587e-03
1.408364471370666731e-03
1.979203485661209291e-03
1.587099884591477127e-03
2.460422436851471967e-03
1.931803424184174497e-03
1.933941882500436011e-03
2.048845859651116444e-03
2.048306317497319406e-03
2.082130982812936681e-03
1.879603669372105143e-03
1.836642746902118588e-03
2.674963519892232383e-03
2.386896834553599734e-03
1.860170338396392037e-03
1.358707457551236930e-03
2.472914043580486543e-03
2.153000503293616818e-03
2.175604006033392355e-03
1.932015499132056250e-03
3.307857374957534190e-03
1.645531436578685520e-03
1.798883454644124901e-03
1.110203945231367281e-03
1.387795227128406621e-03
2.069884857852269389e-03
2.196735041457907427e-03
2.716076068442263135e-03
1.973095490754389180e-03
1.861428692837728202e-03
1.423489394565188469e-03
2.924177841565147457e-03
1.862107422718562409e-03
1.595318169527752813e-03
2.609860763007160363e-03
2.137028092030368153e-03
1.608676076573804662e-03
2.167013642813719974e-03
1.928773186744491778e-03
1.733450912057419484e-03
1.561868232902880035e-03
2.275697868509412962e-03
1.944655181664330492e-03
2.399637912294756703e-03
1.524016331439064561e-03
2.043734740861462632e-03
2.270467759735036138e-03
1.955978791967158230e-03
2.521168569708632113e-03
2.823933675183013924e-03
1.994253989666529801e-03
1.783722364648628088e-03
1.958444724910609995e-03
2.364212532182871640e-03
1.730618457675874586e-03
2.058498070581543399e-03
2.263686650434916427e-03
1.213510409821575223e-03
1.297469039382962049e-03
2.664861250940072247e-03
1.503837084066855963e-03
2.828855865412695843e-03
1.352034574674073741e-03
1.917968603806667139e-03
2.181892322987003842e-03
2.483740769801168896e-03
2.410828871655282951e-03
1.769976566691793029e-03
1.762344055593508419e-03
1.847059681909444780e-03
1.969165611121745374e-03
2.604149014873297519e-03
1.427300781539551661e-03
2.000752136689739995e-03
1.955652886270690949e-03
2.405342380132791981e-03
1.236752488730368926e-03
2.152459477455275199e-03
1.486567137697264885e-03
2.731346991037537138e-03
1.894720731335858104e-03
2.296909014152414674e-03
2.462851866972706576e-03
2.264913209332094970e-03
2.303875487733159349e-03
1.517486150519699100e-03
2.103138125093869347e-03
2.716885068598616417e-03
2.558102605034595373e-03
1.950217198489416709e-03
1.604513270462151059e-03
1.899778426725560673e-03
1.421030538921481002e-03
2.667617158870704951e-03
2.347367779479096229e-03
1.576015406672854084e-03
2.220296927940394738e-03
2.578865471122417617e-03
1.782033257789079287e-03
2.300099536493515305e-03
1.625239582003203771e-03
3.667399462519602919e-03
1.841121060143015818e-03
2.241152669392048897e-03
2.640350543600602107e-03
1.211076465062662158e-03
2.216237464343099803e-03
1.493798324637270799e-03
1.919865915562768812e-03
1.253415221708782321e-03
2.357399895901798534e-03
1.169544630097039874e-03
2.476983847095375925e-03
1.915729721247786017e-03
2.182313388589503852e-03
1.486638259028952346e-03
1.728530296491160656e-03
1.924747508043461123e-03
1.524893094799534147e-03
2.726947620384283406e-03
2.273668128456398686e-03
2.219576993942573226e-03
2.113375342759364964e-03
1.556650087421674418e-03
2.018523997857781579e-03
3.165622270561312818e-03
2.024412631278853583e-03
1.765679509399709730e-03
1.555423667419724310e-03
1.550865776253671380e-03
2.042951629880914669e-03
1.495060637405046808e-03
2.340488837933932687e-03
1.968426616702746278e-03
2.453840943951515145e-03
1.644836814045143357e-03
2.207788617508069876e-03
1.920802374550400777e-03
1.682880613736331167e-03
2.126469174838236526e-03
2.398932524138585719e-03
2.462182075011950470e-03
1.790589756580234643e-03
1.707766486174759624e-03
2.151146923742366067e-03
2.497756705858631809e-03
1.517789083120624173e-03
3.174388670469469216e-03
1.454195275749404354e-03
2.514011858300412537e-03
2.897674978939338269e-03
1.715587592033698296e-03
1.671664120547662787e-03
2.215524198854874807e-03
1.585594701919550110e-03
2.223015937272573416e-03
2.125413307746908294e-03
2.403566671532512966e-03
1.697953454564678308e-03
1.827748660548595555e-03
2.705058894437754533e-03
1.582593672365578555e-03
1.879343683583634692e-03
2.654193598007003729e-03
1.221831491852489989e-03
2.079740085804369747e-03
1.361322019797881313e-03
2.424280744064425102e-03
2.140280410659699002e-03
1.652474120861216131e-03
1.947681780853869997e-03
2.430369133395992535e-03
2.399335826218306281e-03
1.392684246091049384e-03
1.962325551590814697e-03
2.644391845772288852e-03
2.643695556100476157e-03
1.934563684645853503e-03
1.745566441149060252e-03
2.305800366548734284e-03
1.494590049380412804e-03
2.014543698811727384e-03
1.608225001760233254e-03
2.272467265117935654e-03
1.960395793619864029e-03
1.844101415383031907e-03
2.259958135664979096e-03
1.064203882364227584e-03
2.266345049884437197e-03
2.619364312160665266e-03
2.820962031650935987e-03
2.576688333391675533e-03
1.902737615824228899e-03
1.883423089714906682e-03
1.483661923959382145e-03
2.889599496132562624e-03
1.948475862488075611e-03
3.598509726061132827e-03
1.855873905790675609e-03
1.853888768780640210e-03
2.387049519610078951e-03
2.268726363044667668e-03
1.439788675939313424e-03
2.013045897651476786e-03
2.046189358778079202e-03
2.769413076222192703e-03
2.080925056059018067e-03
1.831116962448670711e-03
1.410026222491016267e-03
1.617020007963231899e-03
1.512053828575431321e-03
3.080916811465652001e-03
2.702753949054247963e-03
1.915807943026380999e-03
1.471914992289269581e-03
2.003238695480258087e-03
1.903623763306480643e-03
2.651865009012501460e-03
1.024915580404877962e-03
2.096805341457524344e-03
1.408771083544079926e-03
1.610549750057995062e-03
1.848663908444872885e-03
2.532000982653347977e-03
1.524617473011797945e-03
2.417673061325291157e-03
2.343202533495077934e-03
2.841797392900053711e-03
2.024558903811505758e-03
3.724555109461073939e-03
1.516212344119413375e-03
2.410151060386201381e-03
2.521707101074448926e-03
2.275084610425379648e-03
1.475402732000647170e-03
2.698919279620089380e-03
1.537497389475062310e-03
1.966236640121825884e-03
1.538883689690306172e-03
1.628841390832536703e-03
2.097715574947371826e-03
2.622682454961975090e-03
2.509789097810987291e-03
2.112164991091331542e-03
1.249397868334257110e-03
1.965398020380134357e-03
1.916374931860847152e-03
2.146357531154654327e-03
1.835921720706610400e-03
2.316852255210453352e-03
1.719932394376418863e-03
1.504817867903545563e-03
2.537354191274882563e-03
2.102353366978672224e-03
1.827162511917841898e-03
1.822485867497335025e-03
1.762505847887822601e-03
2.556134286331143528e-03
2.412973015529644525e-03
2.176470428435217219e-03
2.031755835544889460e-03
1.424278283272275604e-03
2.422825241336634249e-03
1.441645279699772970e-03
1.614246220008329000e-03
1.229752900981338120e-03
2.329896669814640088e-03
1.871773894469154964e-03
1.981580630182604597e-03
1.746884932266725169e-03
1.879834357245586994e-03
3.038716727272102684e-03
2.383524555234536445e-03
2.135304271909039316e-03
1.231728918505510658e-03
2.228805458042966772e-03
2.230425428808189767e-03
1.453171309243730513e-03
2.798819237167020531e-03
1.775698188888496024e-03
2.540848748462757548e-03
1.531495522715202841e-03
1.561615459119175542e-03
2.001960738287449082e-03
1.889064286034199125e-03
2.308791305914801445e-03
2.047306192897948955e-03
1.931446212076433095e-03
1.383380378664960308e-03
1.922669548667331951e-03
1.320500846557804602e-03
2.779423758723257015e-03
2.157702980412035468e-03
2.995314216245758936e-03
1.763731822290886793e-03
2.117886434595653983e-03
1.593444314836917237e-03
3.641815223923553380e-03
1.760151888825004429e-03
1.110770388099064677e-03
1.557585005747329698e-03
2.144897549369309802e-03
2.526075683086787677e-03
1.691924076449649378e-03
1.836749462892674645e-03
1.715273305654570896e-03
1.434196629463306777e-03
1.968767974402150719e-03
2.254213055197701147e-03
1.662932389825491760e-03
1.930887036748834716e-03
3.259700350707954355e-03
1.782857633502777902e-03
1.771049793504266218e-03
1.523168492702033777e-03
1.869387676408649493e-03
2.202594604486046281e-03
2.608250625762627804e-03
2.048282081653746492e-03
2.473862950893892122e-03
1.541880392839503795e-03
1.715101497387216825e-03
1.843192660320275029e-03
2.314831445791146886e-03
1.728590590717204436e-03
2.114514850613587443e-03
2.538909644413535772e-03
1.259668677018944624e-03
2.214139382995580947e-03
1.845043817026136620e-03
2.791452862628687921e-03
1.756741854312779188e-03
1.635416881699053174e-03
1.949922512190831398e-03
1.641069660363650906e-03
1.555393623703411801e-03
1.564810405343703727e-03
2.006016032052446857e-03
2.380376314037761960e-03
2.019333739273032006e-03
2.252351640138095402e-03
2.264625099573441217e-03
1.194403158974280703e-03
1.768129351362903627e-03
