4.984856542407311277e-07
5.111787590379500408e-07
3.959157507759249047e-07
5.901490793310363788e-07
4.517908321971897977e-07
4.506467981550277887e-07
4.263070680678092380e-07
5.554893966750909624e-07
5.581161776821820449e-07
4.787238092122315573e-07
4.473213320480493459e-07
4.449294473905148062e-07
5.886328297356133227e-07
4.958739721707747742e-07
5.052085290741085733e-07
4.638446418375644987e-07
3.901241692468255969e-07
4.076652462072515023e-07
5.199543255274395939e-07
4.874271827671827405e-07
4.336699265237577286e-07
4.083491158463703487e-07
4.948314582850185262e-07
4.788774702265269890e-07
5.453229515496760222e-07
5.621400807640052976e-07
5.101732055912303745e-07
5.814192666967217216e-07
4.623812743284116186e-07
4.008244800848479361e-07
4.351664631912168731e-07
5.312501125118908936e-07
4.780902009232463769e-07
4.776909938468631570e-07
4.828966532079392810e-07
4.109334106067670981e-07
4.925155119161801518e-07
4.743645923352713125e-07
6.316436596997960639e-07
3.663627286374951038e-07
4.686925817617822465e-07
4.555458494155048686e-07
5.453794785285023855e-07
4.889464597859591854e-07
4.213133964780616790e-07
4.692379030987811957e-07
5.100428269983766789e-07
4.962044893864212889e-07
4.963855177126445034e-07
4.840096885900617171e-07
4.126060970294071477e-07
4.389311953844186180e-07
4.780385003601534554e-07
5.263074827005616581e-07
5.361075154702554204e-07
4.555502138717025217e-07
4.428380751381463806e-07
4.976883355446686023e-07
5.734868575926564225e-07
4.064570020811628875e-07
4.696618052227858327e-07
4.820473770575044510e-07
5.400549047293876115e-07
4.871279723981374579e-07
4.941912496855847464e-07
4.377042751024312755e-07
5.513097509270409509e-07
5.150022564062132552e-07
4.731321156431494679e-07
5.437647972877031882e-07
4.309911168123937947e-07
5.030812307539338527e-07
4.540002882787157692e-07
4.801646002120435713e-07
5.621117740860562431e-07
4.848235247221944733e-07
4.608264884508614997e-07
5.067069076846698792e-07
4.658000556450670893e-07
5.068745421895294954e-07
5.381938031900766898e-07
4.906889582028835423e-07
4.272431896244453746e-07
4.630780479894079072e-07
5.457250831575679885e-07
5.201635025804066343e-07
4.820245364854635543e-07
4.980935324755582668e-07
5.200462410141807320e-07
5.245336239585114954e-07
4.691511775201339454e-07
5.308981616672281503e-07
6.007601004800376385e-07
4.985373309690374209e-07
4.577279132887065839e-07
5.195056401206262641e-07
4.321323170664697787e-07
4.817317718853054214e-07
5.621161134246052173e-07
4.686228830318587084e-07
4.088004950084783797e-07
5.087972758702812139e-07
5.174222799280759402e-07
3.989811225266415540e-07
4.235585449717980695e-07
5.097089307930165569e-07
4.931566112382785656e-07
5.531427557926135454e-07
5.702847656387912426e-07
4.969206677129902642e-07
5.039736388628904039e-07
4.420173100944485341e-07
4.478912575298638717e-07
6.076567768745785987e-07
4.850983920326438157e-07
4.544495646577639146e-07
4.369149156475533541e-07
4.440160813755422742e-07
5.181874541736278698e-07
5.089551016096670940e-07
4.637646460587384364e-07
4.454699396216294547e-07
4.527405567848943668e-07
4.953601896222276046e-07
5.014363945611994202e-07
5.571627416977866794e-07
4.556844006196018359e-07
4.674411296704919859e-07
5.089509782386375191e-07
5.856593956475257122e-07
5.421042918419178923e-07
4.952949136137015401e-07
4.882335070476636437e-07
4.257223555797242212e-07
4.394650552141748342e-07
5.204323294531779661e-07
5.229509434363532981e-07
5.681536779831452254e-07
4.461290852456614731e-07
4.142297302727055371e-07
4.439748341080245306e-07
5.616153303367759284e-07
4.802278995845088047e-07
4.614844498098239736e-07
4.754918782201395893e-07
4.504988267526092549e-07
5.151055592394851145e-07
5.272701144207167377e-07
5.792635865147189977e-07
4.526196388990360548e-07
4.685025400196497305e-07
5.410572954114353323e-07
5.751721389162720223e-07
4.513826157125193166e-07
5.044097698125313473e-07
4.821573127122971776e-07
5.790824703295575782e-07
4.297072569413267724e-07
4.946061065322234275e-07
5.877965421365364821e-07
5.530766211878334189e-07
4.222914206618473194e-07
4.595764423207157383e-07
5.573389753606304983e-07
5.325807920779419430e-07
4.816559507112369022e-07
4.779266856698741378e-07
4.036400008954356722e-07
5.449702696019454581e-07
5.303239474720534444e-07
4.964169807576333820e-07
4.372099599584943227e-07
5.341980606429671024e-07
4.756297737276530784e-07
4.647442995644158467e-07
5.003405508514970513e-07
5.939984659789212601e-07
6.514633626884383144e-07
4.339396078706863791e-07
4.809541493651848527e-07
5.395865176506642348e-07
5.569254159987501956e-07
5.131979473059633158e-07
4.607160052056067387e-07
4.682621650855388439e-07
4.164837792820093277e-07
4.852915121968032932e-07
5.554796331064956927e-07
4.724538609931994920e-07
4.554365346375651214e-07
3.777637746769228914e-07
4.997824523347710781e-07
4.973669929898283094e-07
4.898595102307629460e-07
4.276501244322610509e-07
4.742123037818477786e-07
4.787041479028627683e-07
4.254759055361592995e-07
5.184492390450138513e-07
5.956376212924245242e-07
4.876275427809654993e-07
4.432607073078317151e-07
5.550836904414455238e-07
5.337649228305363424e-07
4.760720534675905459e-07
4.692042759988327812e-07
4.319149986660097569e-07
4.153266347913040752e-07
4.960079840799356094e-07
5.113184823575331376e-07
4.147284217090980770e-07
4.610533438735958668e-07
4.914532508954598396e-07
4.995672646951849213e-07
4.951597135378291941e-07
4.777814692182942764e-07
4.079773664614282441e-07
4.458839820689285354e-07
4.583214862425830175e-07
3.938152686046089437e-07
4.392872030041545675e-07
4.502249644577810987e-07
4.949719305313287902e-07
4.890546069929325536e-07
5.783487687258111158e-07
4.147041170795515674e-07
4.266862368199575084e-07
4.716027036985393621e-07
5.157277850784407419e-07
5.184100939447152893e-07
3.611040411194076824e-07
4.612852454799877694e-07
4.590591498577597387e-07
5.012627610485052225e-07
4.996204776964632121e-07
4.926515287400586069e-07
4.578667758965174698e-07
4.779265975642120700e-07
4.491734633097285094e-07
4.514469420671873487e-07
4.670081366014287155e-07
5.281820549436761194e-07
4.793461747646801745e-07
5.927142679952923386e-07
4.254571379753159713e-07
4.367434338934264152e-07
4.991756276147422276e-07
5.427480039357751811e-07
5.314312524077871547e-07
4.947708900425915448e-07
6.110549421771573539e-07
5.333531746165835726e-07
4.544507002839822955e-07
4.884077008653200035e-07
5.579351233533868265e-07
4.745916446273689793e-07
4.723065137154455606e-07
4.683146827388914365e-07
3.888521136901315086e-07
4.414421589318473694e-07
4.276013147100849708e-07
4.896603812752639076e-07
5.998178524181884483e-07
5.065735225303883479e-07
4.624088317670794599e-07
4.679176286304157014e-07
4.793505504562595886e-07
5.237994649687125452e-07
6.193079853841210782e-07
4.682073213494980278e-07
4.562438693565407516e-07
4.459575789860940056e-07
5.079819466976001274e-07
5.454337520335457201e-07
5.178980372145911633e-07
3.553744615291671788e-07
4.654132239919417837e-07
5.986043241138148529e-07
4.962689090061985830e-07
4.480344485510907635e-07
3.909251568034475683e-07
4.113455142618427327e-07
4.703699891327079960e-07
4.412245816354657403e-07
6.521677152615677632e-07
5.547335334131894971e-07
4.756105690960736611e-07
4.727092645371571991e-07
4.753991562426475077e-07
4.299211323487737615e-07
4.792559680678223019e-07
5.374167307656686041e-07
4.591297647496142057e-07
4.202249469945139121e-07
4.332100612656943921e-07
5.407537551368383156e-07
4.810801050325070872e-07
4.586201985574863712e-07
4.456979943925337585e-07
4.845634621003701263e-07
4.570730143922182130e-07
5.952158623551785734e-07
3.995342100390031708e-07
4.515824767250899081e-07
4.968808085009909833e-07
4.040849973620720922e-07
4.544080653704169038e-07
4.992384789178120264e-07
5.067637243000061283e-07
4.878644227467659804e-07
4.108628004591476096e-07
3.801658772711248916e-07
4.854098962461145782e-07
4.908884135302008398e-07
4.554849901461709889e-07
4.577786172768480332e-07
5.334589302201547124e-07
4.835536834378632314e-07
5.214389255569348110e-07
4.862067817157166159e-07
4.862154534582524928e-07
5.182989201607896989e-07
5.935898165664013277e-07
4.033184244266934708e-07
5.223019406878248542e-07
5.093620019877648863e-07
4.017926749546142961e-07
4.751880255094661685e-07
4.952287104932093922e-07
5.252334302254295607e-07
4.100522747304004670e-07
4.791899014332654023e-07
5.430791041902179197e-07
5.037569882431170759e-07
4.481497247359959317e-07
3.896429296840469975e-07
6.056556440012639976e-07
4.991809839707926858e-07
4.847958251083426039e-07
4.093266714795665173e-07
4.925475061841391451e-07
5.063878628242323525e-07
5.662554366973787465e-07
5.312882688816871879e-07
5.683336532528555582e-07
4.681088280469820699e-07
4.015035619992748265e-07
4.747962841317457674e-07
5.429249217562203256e-07
5.371630361925590460e-07
4.462021481266512465e-07
4.935655841719675013e-07
4.276504456913407418e-07
4.517501465725410735e-07
5.045704821230747070e-07
4.910283342049187786e-07
4.373107794085602109e-07
4.561747243210413406e-07
5.096366202452920833e-07
4.820663297651301015e-07
5.692979395658062931e-07
4.269354147189874240e-07
4.527207568590288225e-07
4.883519232588114891e-07
5.200316152129988362e-07
5.243562883987855993e-07
5.309775748500084101e-07
4.766362419837878274e-07
4.797145284891865274e-07
4.156520456483950387e-07
4.456626918410798963e-07
5.257088679313799388e-07
5.227298681173665996e-07
5.397558949634189720e-07
4.538943831239611683e-07
4.270679723281759016e-07
4.696812545023078527e-07
5.250088846919420508e-07
4.995239012700698163e-07
3.895471752896808875e-07
4.638529623651574510e-07
4.700110287690177004e-07
4.803085425075777664e-07
5.203491231988312625e-07
5.120900713398214867e-07
4.809990028735835245e-07
5.433086400459528633e-07
5.290668217541137187e-07
4.694366152405221024e-07
4.988317955342386357e-07
4.949846056725026338e-07
4.025353811454225637e-07
4.662151218316482729e-07
5.287512688095587940e-07
5.624796051619375998e-07
4.888922802388793231e-07
4.652960609717624850e-07
5.156069385068113174e-07
5.129824297600114309e-07
4.758499547719263849e-07
4.755214181445694868e-07
4.397139216010165097e-07
5.802646263565666535e-07
5.063802221909665128e-07
4.866082199966948670e-07
4.292384556464412034e-07
4.614044765526155971e-07
5.337427870243106515e-07
4.563550732532096595e-07
4.933172600967378723e-07
4.647327117760562387e-07
5.035366311628480423e-07
5.214953605391765009e-07
4.842505907685197507e-07
4.622696404427198096e-07
5.087269208633956394e-07
5.274290620410648893e-07
5.183966827380796462e-07
4.387869049827477088e-07
5.006911417936679411e-07
4.079509143476552271e-07
4.537215603916333164e-07
5.172657072421394197e-07
5.234650584365126403e-07
3.982701862723343988e-07
4.915379893050692164e-07
4.863603103872686863e-07
5.437324594779297498e-07
6.325089764433035157e-07
5.182499572512484229e-07
4.708584887162104987e-07
4.384654615835358011e-07
4.050720875456818787e-07
4.443692748911512554e-07
5.672705723432907344e-07
4.358297192628706322e-07
4.336579187796729679e-07
4.318214769563139275e-07
5.326042075183666993e-07
5.300747160233458053e-07
5.332787251467370781e-07
3.911512447069438801e-07
4.369598919904391638e-07
4.780801928436233866e-07
4.932751668926805271e-07
5.161288304839433749e-07
4.170824105065418826e-07
4.908078780375796929e-07
5.358939299179072923e-07
6.153539747549926306e-07
5.152327802693876732e-07
4.565245100599191266e-07
4.033186481979953347e-07
4.242497403418482174e-07
4.751296022013451635e-07
5.022958587308901729e-07
4.226485919508482834e-07
4.115509000732208482e-07
4.678340156012506480e-07
5.059217758404121142e-07
4.991663935213076788e-07
4.571128921151723970e-07
4.503401831637195275e-07
5.034700018198549933e-07
5.099516781650048066e-07
6.158333612298257594e-07
3.948610367381563673e-07
4.673111413804531367e-07
5.229746231280281483e-07
4.306882452317429605e-07
5.182300516159368709e-07
5.216473097102451681e-07
5.595980362773295760e-07
4.516314542471030772e-07
4.466197066777673927e-07
5.894259608323962846e-07
4.760671852564724774e-07
4.341709235842856985e-07
4.814982997789313270e-07
5.380833487232344563e-07
5.173310166461979088e-07
5.074457937165459270e-07
4.821337189426679738e-07
4.240382479484139743e-07
5.194825628922327625e-07
5.252987718184053123e-07
5.029541502360277490e-07
4.787723811644050184e-07
4.581631160664315186e-07
4.170228091212882724e-07
4.794205976714428941e-07
4.623291521665465619e-07
5.014183583537871055e-07
5.551169576640065807e-07
4.148118170660479435e-07
4.602487378119462284e-07
5.418377539417014672e-07
5.302088906570646111e-07
4.679688509366879816e-07
4.689646033945058136e-07
4.282916555681252740e-07
5.303429327170897464e-07
5.497887230510002524e-07
4.550789635901810251e-07
4.384281159296403454e-07
4.382289523184655788e-07
5.196004172736550615e-07
4.894587664948846777e-07
5.148843286348113225e-07
4.635670027390419029e-07
4.462507180361404867e-07
4.915498162642435202e-07
4.608582402581438590e-07
5.307210925247124736e-07
5.294686752437911702e-07
4.815781403536892788e-07
4.529390529305116245e-07
4.480225722560645420e-07
3.660472270391475583e-07
5.088820927926927726e-07
5.041118943404496669e-07
4.704054802710090948e-07
4.310472084037419818e-07
3.808983703956690935e-07
5.909941664211289504e-07
4.779673932949545579e-07
4.731537532032988462e-07
4.293721228859389250e-07
4.580650960932755031e-07
5.051335826357260676e-07
5.533390592435020454e-07
4.112875719066493518e-07
4.753928998402589120e-07
3.987864474300706179e-07
4.856933192129649140e-07
4.839041538322697609e-07
4.923561044101597684e-07
4.830957798373664146e-07
4.035643293995732101e-07
4.239633235655501641e-07
5.238327748305752596e-07
5.036512084450030274e-07
4.753943966464587041e-07
4.532781506995293119e-07
5.398206973679692304e-07
5.660568471068464551e-07
4.775506655989241475e-07
4.377268000841499987e-07
5.131858345750757417e-07
5.391178192902974634e-07
5.155676400638333748e-07
4.484341277649058913e-07
4.979687231985926761e-07
4.689633312071919863e-07
4.032374674395436865e-07
4.913640162755909411e-07
4.797642080625139107e-07
5.988467601477821478e-07
3.877254687413373336e-07
4.564647343384656499e-07
4.451116860585385742e-07
5.204790749532157686e-07
4.798168616807793451e-07
3.778980344421176127e-07
4.837625844214177793e-07
4.780271355118453701e-07
5.571728440308078578e-07
5.538197012565995185e-07
4.642158034741437711e-07
4.238705169460414262e-07
5.650498395842947014e-07
5.190823890911848939e-07
5.424953640185536331e-07
4.755673754941811731e-07
4.797986088120967305e-07
5.097669589389961294e-07
5.454146657345750758e-07
4.567215912038308856e-07
4.631030536960041882e-07
5.396475336546682074e-07
4.474226035025867195e-07
5.421815921385929135e-07
5.269744894065271018e-07
5.486561725285964974e-07
4.254266075531289181e-07
4.883438634125539892e-07
4.199247936675296589e-07
5.194809795299166179e-07
5.358365569161368198e-07
4.645275521485639724e-07
4.329921275274867514e-07
4.503737383772594577e-07
4.702280544741025826e-07
4.455407298972373861e-07
5.623187756809691985e-07
5.131950131671495955e-07
4.573517661510921519e-07
4.771380276237107381e-07
4.497072562359572471e-07
5.192493714809839423e-07
5.618673952540580710e-07
4.698967125202241076e-07
3.739468050422494615e-07
4.516123461877864554e-07
5.149162232060035130e-07
4.749519520047541194e-07
5.189803101260273508e-07
4.404061792799118516e-07
4.151618829849736566e-07
4.397253608735881026e-07
4.853657525648983497e-07
4.920209567914747939e-07
4.495673529849260444e-07
4.470497418700813322e-07
4.881130662193523099e-07
4.725195515707382754e-07
4.535609035305203323e-07
5.085619393094324532e-07
5.387310279892239715e-07
4.588530674435057804e-07
4.155427916402401105e-07
4.309746603912674051e-07
5.175369601141722570e-07
4.834177268714502933e-07
4.328327665945647389e-07
4.269095289491544531e-07
5.174309366060395824e-07
5.174654669205164483e-07
5.276828864567799978e-07
4.304022015353944708e-07
4.311029801994853111e-07
4.990580907852928514e-07
5.179118509159607274e-07
5.114644132147631614e-07
3.939122588786026559e-07
4.834395806578816012e-07
5.156688406760719849e-07
4.591363378701760257e-07
4.460576652310809232e-07
4.248641490585696513e-07
5.021932467652992389e-07
4.641128163460968044e-07
4.604800227933739180e-07
4.355051792027582423e-07
4.788925045487604589e-07
4.787624422367516358e-07
5.247895281330728577e-07
4.849345190786297209e-07
4.720750547538136173e-07
3.855289761483391625e-07
5.326878878794072865e-07
5.264403266031986438e-07
4.310684657130538269e-07
4.804041409965206801e-07
4.696920090337750691e-07
5.114511573420179863e-07
5.437190972989211110e-07
4.716198416003746132e-07
4.859663018564588676e-07
5.913405533234567834e-07
4.321004920186824724e-07
4.243128350441595659e-07
4.781778416155480685e-07
5.681656632616953574e-07
4.824891099618375944e-07
4.243142555180873801e-07
4.682696637277092905e-07
4.745407364468768309e-07
4.817186332993551211e-07
4.685919063188294693e-07
4.958359326499101546e-07
4.182919381597464015e-07
4.486277700101430855e-07
4.997416203415690540e-07
4.918899525685296563e-07
4.326262933848828009e-07
3.951453622367097614e-07
4.615732119765115395e-07
5.824443037509672463e-07
4.734997291069329542e-07
5.071022358199066533e-07
4.779355237182012633e-07
4.764511286394455242e-07
4.426272836795885405e-07
4.809738717206876183e-07
5.321005183183411666e-07
4.078155723071305861e-07
4.681901571756077170e-07
5.077800608012255285e-07
5.119181377863994296e-07
5.820993337981117325e-07
4.267793547304919603e-07
4.513117346759587877e-07
4.765493778666386686e-07
5.181855534820591278e-07
5.698796415213989521e-07
4.159006746862798796e-07
4.682440264682455396e-07
4.592459314321739407e-07
5.818602269422833072e-07
3.908132951893529233e-07
5.119951882024347798e-07
5.177533164001088229e-07
5.387059561436615846e-07
4.323361264576172737e-07
4.435286761269198568e-07
4.818778392132030306e-07
5.411120010050464225e-07
4.983085235584647658e-07
3.895331772277679056e-07
4.794014877210322557e-07
4.590361642171264879e-07
5.008234038466062711e-07
5.138581772302745638e-07
4.986442177997001849e-07
4.623581714191524027e-07
4.594833031305261358e-07
5.201261172963089423e-07
5.546106145720304843e-07
5.170638812585779255e-07
4.705060150974504981e-07
4.755183420367212935e-07
4.638566481999524928e-07
4.738409029376667990e-07
5.353060063787987037e-07
5.199967771668752903e-07
4.320911372287550068e-07
4.485799045736115918e-07
5.667995221534244340e-07
5.454938055419811069e-07
4.607750360227123083e-07
4.690828780368037138e-07
4.115398658921736933e-07
5.637064996769458353e-07
5.135600143994619542e-07
4.845318284257494894e-07
4.294966748455262673e-07
4.516198163676379593e-07
5.452767425617287554e-07
4.659998697156494733e-07
5.095562098693151323e-07
4.500856493069441681e-07
4.156127036876161704e-07
4.252584764816997639e-07
4.540099955084905099e-07
4.463513062591830781e-07
5.282341681072037102e-07
5.266676826527223709e-07
4.804010829213345661e-07
4.584848044428888809e-07
4.256235130238287908e-07
4.927377157650653306e-07
5.298553930314761398e-07
4.627492587249965095e-07
4.958546024394266650e-07
4.865215617171779156e-07
4.627889566014936087e-07
3.532213668863610719e-07
5.246342937551244879e-07
4.858719990469265197e-07
4.124266727520165954e-07
4.500680097535651214e-07
4.637737312896694502e-07
4.923311070940994387e-07
4.658373440006744977e-07
4.555077861063607058e-07
6.177859220016232382e-07
4.290302433273702459e-07
4.151170088989820867e-07
4.992114506114115163e-07
4.821805160312129121e-07
4.794778617765484497e-07
4.463481317175106177e-07
4.408143396751015690e-07
4.908325073081992875e-07
5.010144386352360807e-07
5.224322767232247332e-07
4.276524568387760799e-07
4.258521692266179987e-07
4.792510513170872148e-07
5.314503381938945960e-07
5.006520881672067161e-07
4.427616818397654959e-07
4.386956048080166170e-07
4.831584056569195565e-07
4.816676128413829374e-07
4.511848003331157067e-07
4.410995975090540625e-07
4.954988423704704974e-07
4.473292893954357278e-07
4.210490850948240062e-07
4.309286388787690921e-07
5.209927111056341100e-07
4.744502641892666217e-07
4.720342166702348500e-07
3.817501714012508084e-07
4.950059239112578615e-07
4.922002283357699021e-07
6.047395602882602867e-07
4.072497743495828567e-07
4.805100562498420531e-07
4.481249154437978903e-07
5.211236095561867803e-07
5.203486933297819492e-07
4.576173159281257561e-07
4.796334158641413328e-07
4.252485945754301466e-07
3.753561597146789511e-07
4.546478256828896713e-07
5.388568234258530261e-07
4.885072291874381524e-07
4.342545506387250481e-07
4.405911265706452080e-07
4.720392079618297532e-07
4.834637591897128741e-07
5.390751164079789234e-07
5.636287659444387106e-07
4.536124867566734991e-07
5.006899210913655232e-07
5.123672287835793579e-07
5.077449243083285032e-07
5.000683125721763891e-07
4.659049830059250284e-07
4.255626881444934085e-07
5.328896579111599877e-07
5.302884933623950048e-07
4.876332628215117987e-07
4.106793131947607388e-07
4.654547755965037218e-07
4.863865260384645610e-07
4.864839767092891072e-07
5.727823590098544925e-07
5.495855466115571290e-07
4.504105736989230245e-07
4.367868221985303831e-07
4.460818257009288008e-07
5.146702279610022015e-07
5.761550427537303160e-07
5.107753556819746114e-07
4.880921098248129428e-07
5.177920106995146075e-07
5.134001884683651461e-07
5.192953129494424987e-07
4.557724612549286387e-07
3.988666013088614348e-07
4.176535822471641161e-07
5.208596187894976097e-07
4.903806122300347438e-07
4.441379093372529877e-07
5.176020207541203661e-07
4.531744891261575693e-07
4.764726136241283194e-07
4.959672230036839564e-07
5.167931933111467000e-07
4.597328972975671494e-07
4.101050218182872450e-07
4.204445536605270095e-07
5.110428832009218048e-07
5.017194715568343861e-07
5.037421186278353687e-07
4.003335051023475148e-07
4.523615625155002916e-07
5.071251082450051315e-07
4.812119406968826480e-07
5.432824233410769073e-07
4.442082826362471508e-07
4.131391809474514517e-07
4.827963281300562738e-07
5.684102949061376359e-07
5.064502372787756406e-07
4.415482095724687474e-07
4.914955602610376224e-07
5.087884431106971561e-07
4.562159259532525527e-07
4.309116573461123405e-07
4.135949616764013724e-07
5.362580761509732676e-07
4.976841122309534667e-07
4.409925510881861580e-07
4.265726948301688051e-07
5.195944764102513487e-07
5.119510518688079698e-07
4.578389723487612157e-07
4.278777546948469572e-07
5.251929104681624960e-07
5.160865733063326621e-07
4.363654590094362920e-07
4.884892135674689878e-07
4.716879125556309618e-07
5.351277462759930111e-07
5.824630423837368544e-07
5.184716311007077675e-07
5.064408083126683888e-07
5.949558439526859445e-07
4.247258769679944281e-07
4.717139543247456324e-07
5.478498036427482928e-07
4.974974154599711251e-07
4.342745573648928439e-07
4.631856579198673805e-07
4.621588772824686067e-07
5.085536784175231717e-07
4.958950306723833934e-07
4.561579390179205350e-07
4.403375189741494388e-07
5.423896748787440710e-07
5.925802857011705960e-07
4.885627454417888075e-07
4.678750459020954922e-07
4.597270762871036527e-07
4.547847745734262239e-07
4.834864350693347641e-07
4.931274241077435921e-07
5.267870700298278218e-07
5.463447085728266100e-07
4.089479008607610995e-07
4.656701028449891225e-07
4.789102683284952168e-07
5.953180714881738373e-07
5.353583855361414837e-07
4.806326539969155051e-07
4.809523674301481449e-07
4.014819125670473379e-07
5.133287972418068184e-07
4.301846008038478346e-07
4.122340516655259201e-07
5.052327939316708074e-07
5.492393291272432096e-07
4.798013426488278126e-07
4.349277462756462994e-07
4.326633877572895571e-07
5.257784281630024932e-07
4.817010185310834829e-07
5.026696131364942372e-07
4.365485108633479893e-07
5.883695395685690550e-07
4.716354034202707033e-07
4.755562284848741970e-07
4.512636881377941716e-07
5.157646800201440221e-07
5.670191410787645468e-07
5.340846072464070309e-07
4.314157111752663506e-07
4.784836042485721725e-07
4.988409257592221062e-07
4.911151563623596071e-07
4.692507022138921794e-07
4.167917123879768555e-07
4.204682616700843738e-07
4.846844702121148230e-07
4.233459018990033910e-07
4.049241650483255289e-07
4.685427048799930114e-07
5.057740830284014347e-07
5.106996006210830625e-07
5.048640067575778065e-07
5.216755250729028185e-07
4.875408380178139558e-07
4.194961172905274444e-07
4.443107299693769405e-07
5.290225901199603332e-07
4.814088954300016053e-07
4.853913981570986413e-07
4.402589327224650428e-07
3.552202456600209525e-07
5.521336806857158036e-07
5.672069789970576802e-07
4.100452342774671008e-07
4.464092736151386676e-07
5.029883186222470982e-07
5.327363546123366880e-07
5.105134644288507190e-07
4.213184663438600237e-07
4.626520726932289452e-07
4.568678573293970802e-07
5.016365764892469759e-07
5.325439399094162069e-07
5.006487079441383871e-07
4.831850125785888691e-07
4.783368737414620095e-07
4.499919470140117150e-07
4.556748641881498589e-07
4.748163745257754145e-07
5.216236517462412583e-07
4.954928629364392908e-07
5.335771590750846087e-07
4.630891494030439880e-07
4.634964669020735515e-07
5.014721347211557136e-07
5.502139688245482417e-07
4.150929140412079170e-07
4.808182785277490002e-07
4.782964135650897188e-07
5.117837991241224189e-07
5.306429768649315885e-07
4.558845873575267237e-07
4.510776207268646830e-07
3.780127107277736911e-07
6.154702735896546037e-07
4.843792367997144393e-07
4.500724713737924861e-07
5.467257855294441202e-07
4.766350779126705304e-07
4.382878557310291286e-07
4.709896315916666442e-07
4.402767860132510995e-07
4.964540206627118012e-07
5.437551315008910934e-07
5.637971565359663040e-07
4.478487658528555015e-07
4.660264110034915779e-07
5.204478196466538119e-07
5.772922431420450828e-07
4.217582980824310820e-07
4.568049698499494272e-07
5.186822012185953014e-07
4.885063871900136781e-07
4.163029304932849659e-07
4.721141777565570386e-07
4.516757307812474459e-07
4.989371698349323873e-07
3.997103985560962791e-07
4.385060201662462457e-07
5.128733989085305606e-07
4.890194577569390916e-07
4.164681682476907456e-07
4.294917135432642576e-07
4.946219293892215133e-07
4.641665922683370521e-07
5.113441922910546930e-07
6.313001169788187724e-07
4.671599115146702985e-07
4.308598141025216867e-07
4.951066372951167289e-07
5.155943286506953189e-07
4.048106907388271333e-07
4.753100132143006393e-07
4.770220754363305756e-07
5.683878750469851198e-07
5.475870321644697923e-07
4.885799056340681362e-07
5.014543136069040387e-07
3.963911816480045176e-07
4.688976837564429151e-07
4.203577750072618407e-07
4.613272828011067707e-07
5.614978801631190419e-07
5.136855894517587519e-07
4.518421669367788644e-07
4.840598641948774436e-07
6.154042773999807319e-07
5.575397535959087010e-07
4.438293654448559837e-07
5.788700190870745212e-07
5.588458431041828421e-07
5.110926336772786787e-07
4.475319050056109709e-07
4.434296770626627965e-07
4.858949732878626175e-07
5.866169181066917256e-07
4.571879382278356277e-07
3.783362744199832032e-07
4.485363990878630240e-07
4.276627480224497299e-07
4.532177554409742861e-07
4.391267707462433039e-07
5.431034135326136079e-07
5.343874437033128420e-07
4.880429093566957770e-07
5.128941535691153616e-07
4.383821520117358100e-07
6.023406228251759094e-07
5.282884560836106605e-07
4.517488951463743016e-07
4.514680721662715613e-07
4.571430792844313622e-07
5.542634957077547510e-07
5.120740804025713960e-07
4.726709872608210225e-07
4.749269136564473614e-07
4.374318259338969398e-07
4.314501136774745818e-07
4.671110175385040964e-07
5.028452733668709185e-07
4.146889152972252355e-07
4.929381998315317650e-07
4.681870532728997906e-07
4.488712998981945007e-07
4.549363485619223553e-07
4.722572587340652494e-07
5.871778787384521903e-07
4.881732569102036210e-07
4.240480795289544022e-07
4.331130193438793736e-07
5.745817673806524820e-07
4.827054661500517574e-07
4.747672933719155272e-07
4.863886974329042337e-07
4.307544982962873872e-07
4.472006617116133396e-07
4.833332063657907121e-07
5.143605029959854671e-07
5.040233432026280022e-07
5.601950828605871694e-07
4.518879954934680920e-07
4.871136242803192436e-07
4.214901777971504403e-07
4.385231342708246219e-07
5.335044176321412059e-07
4.982151295198233616e-07
5.055861792583252752e-07
4.165457919433238506e-07
5.409896897064138966e-07
5.317042909492279232e-07
4.470815889896068503e-07
4.272646984762187820e-07
4.543855340703913299e-07
5.532882855254781962e-07
4.786034766110707113e-07
4.333591573071638160e-07
4.757539704764598015e-07
4.753439618623522681e-07
5.365436092689099597e-07
5.883062546912932035e-07
4.471970344168273701e-07
4.672569513086506738e-07
3.993616697855078257e-07
3.834997579092597776e-07
4.634301926727569999e-07
4.816649853177759682e-07
4.713419084726843242e-07
6.002501883744424935e-07
4.671790113007694791e-07
3.900108347562335473e-07
5.175437107621446541e-07
5.492117837939715626e-07
5.232512072261790401e-07
4.354739198326554593e-07
4.888882632482258419e-07
4.862613377073879661e-07
5.127226604630059062e-07
5.578972377315564382e-07
4.630528820523777442e-07
4.181451543705617399e-07
5.505088521369735810e-07
5.157293547054659607e-07
5.121361710639346415e-07
4.511407507322514292e-07
4.654692863066833158e-07
4.412062359459551383e-07
4.591102190363835459e-07
4.653126717786060557e-07
4.982203632632176229e-07
5.425283711175770620e-07
5.157543456681262295e-07
4.208687260522896933e-07
4.598627684756130485e-07
5.278381320411117967e-07
5.408945836062805839e-07
5.091498273051057518e-07
4.704088945407260339e-07
4.752385642822746211e-07
4.752321822573146616e-07
5.545620471340495530e-07
4.781636322778949213e-07
4.542285006478321558e-07
4.067143633710349655e-07
4.905767470130457317e-07
5.024389778322357972e-07
4.299730717618873435e-07
5.373761668909712731e-07
4.527600583832673053e-07
4.674387954304161180e-07
3.933236435340545486e-07
5.935543089737546626e-07
5.271286522287542339e-07
5.033282246619886581e-07
4.255855890399610306e-07
4.599428124716702545e-07
5.192167136197652205e-07
5.039872034202146535e-07
5.263571784553958722e-07
4.468588901206892407e-07
4.346793303501194046e-07
4.953298105118048102e-07
5.056842080103666018e-07
4.310924643356465683e-07
4.413013639300606342e-07
4.676448792943110083e-07
4.894755225547763734e-07
4.766273775376694244e-07
5.129561836489747070e-07
4.874932704694056844e-07
5.189096360405995950e-07
4.352598663863179479e-07
4.542019106210370105e-07
4.127384871226998092e-07
5.583734233836022354e-07
4.803953862538384948e-07
5.093434954220558241e-07
4.566918350360003109e-07
4.781605257082963489e-07
4.870209656052609278e-07
5.516641956703991303e-07
4.288936343479337366e-07
4.597514378756359750e-07
4.802336971912046880e-07
4.861718081775961398e-07
5.360133079352284782e-07
4.651368941485474541e-07
4.779065131806367899e-07
4.702023300875689627e-07
5.240867238090472261e-07
5.083710672175750748e-07
5.040945704841110571e-07
4.757226581432242529e-07
4.571036751524879802e-07
4.381108860795264756e-07
4.398446615041571535e-07
4.806362131400868302e-07
5.048222300094785960e-07
5.627392608576032145e-07
4.514345481742874516e-07
4.370331310809886502e-07
4.931997185226863817e-07
5.254470063611110320e-07
4.244979850448637542e-07
4.463892320285893561e-07
4.518513748148973849e-07
5.608010818783741154e-07
4.629615771579626590e-07
4.591506787951225362e-07
5.111157385395264086e-07
6.113576150506869484e-07
4.389756382473712969e-07
5.155607074033998275e-07
4.029546366006159492e-07
4.660653307397707737e-07
4.516444071295300632e-07
5.007996239052480858e-07
5.322069549761508258e-07
4.891166848046824283e-07
4.994270202312770613e-07
4.738309061550924269e-07
5.429790742117464163e-07
5.538652033670745245e-07
4.806914779992698705e-07
4.746693409418660573e-07
4.384299768107899507e-07
4.005354092356775813e-07
4.936141954555400975e-07
6.190344800627844680e-07
4.778582746871904760e-07
3.922959748847718048e-07
4.367543897363133295e-07
4.825787931677604733e-07
4.982463208269589509e-07
5.401743228849976590e-07
4.375716634732518304e-07
4.086482372753344192e-07
5.525443671239162704e-07
4.936619501199431154e-07
4.210727525099329206e-07
4.845561947275116257e-07
4.739607023687322842e-07
4.257154207771328625e-07
4.295588029130504685e-07
6.096493712885770356e-07
4.721428487710118453e-07
4.107170568005428316e-07
4.227360829243767042e-07
4.992507110445340927e-07
4.983234957305930787e-07
5.927639728494447984e-07
5.322498566899112723e-07
5.522483537977528281e-07
4.930281885954051407e-07
3.934249458163781133e-07
4.926635930881832530e-07
5.113858330183652100e-07
5.209089799701551411e-07
5.108459082192848964e-07
4.611192963046985859e-07
3.876203976089881384e-07
4.129863948058696768e-07
5.029342793293660369e-07
5.075270907600566640e-07
4.423858068910517798e-07
4.375361223150472876e-07
4.557209377050393265e-07
5.161909817725020189e-07
4.721425258690920067e-07
4.684079130113923781e-07
4.432306360870274042e-07
5.106845290818811219e-07
4.892539903378551697e-07
5.722205877750888637e-07
5.423934720819567076e-07
5.018743041402892783e-07
5.089108991792474721e-07
4.326851824538564904e-07
4.099827149926880123e-07
5.118454121196512396e-07
4.941847611441952437e-07
5.148724853210487461e-07
4.619710426201906102e-07
4.611601816441603537e-07
5.410018715856829410e-07
4.897349687250498803e-07
4.308459136760295097e-07
4.409655137628838103e-07
5.067208648762384692e-07
4.504683657069573962e-07
5.424230045608516434e-07
4.411818870284283314e-07
5.980145449663868365e-07
5.431401082908061570e-07
4.669086746850449346e-07
4.913277609526069951e-07
3.758358817346048841e-07
5.019362753057776172e-07
4.925705951566614011e-07
5.605764689525723592e-07
4.036693953034166679e-07
4.449719704102208550e-07
4.384434109514778096e-07
5.244572890933474631e-07
5.668757449493821860e-07
4.615183099457896565e-07
4.517029362345893856e-07
4.242647420409285905e-07
6.166835527765670136e-07
5.209925745575677244e-07
4.774884072942010798e-07
4.702847741223835086e-07
4.561976514068172962e-07
5.703887090144144787e-07
4.819868787530698296e-07
4.699126356244428862e-07
5.077563934488675677e-07
5.592794559625904735e-07
5.765692589984888859e-07
4.620014829871107665e-07
4.924198422118592661e-07
5.190146441376314171e-07
5.252271665347361765e-07
5.129596368614477658e-07
4.610886264062148201e-07
4.728675609737498321e-07
4.852245626371869716e-07
4.824279169274323320e-07
4.496244421424229175e-07
6.147519894825174381e-07
4.920693383294412547e-07
5.201164967998282472e-07
4.513903579788604885e-07
4.765044721863320892e-07
4.907116569718912714e-07
5.192992213731584371e-07
5.094452665743470272e-07
5.085655718755193351e-07
4.571370721381537163e-07
4.598429102827396389e-07
5.109160636415169039e-07
5.077422284065099591e-07
4.829073322465346411e-07
4.050501000538413146e-07
4.336551185802810490e-07
5.293553711988643441e-07
4.799781849646829822e-07
4.839533759310445366e-07
4.515063077438177956e-07
4.363063000607805886e-07
5.042476912090964034e-07
4.822522403021470216e-07
6.145474881369588753e-07
4.423617210051412729e-07
4.894573414421766950e-07
5.601943227810482305e-07
5.148314376804163088e-07
4.922521555766814307e-07
5.228547355886532996e-07
5.129571976254784091e-07
4.774475326142380363e-07
4.697565543276187244e-07
4.613503859065964684e-07
5.000071653820417451e-07
5.013767409487163807e-07
4.204162599745056194e-07
4.313567661936988466e-07
4.712384156467521102e-07
5.010203784425199395e-07
5.314833038575208125e-07
5.408019872528726669e-07
4.707483947298568984e-07
4.653038446193083366e-07
4.911241699587428836e-07
6.197694854572042792e-07
5.177325772383832836e-07
4.510292524917753343e-07
4.703989656656552224e-07
4.940935711121709149e-07
5.524047160302474980e-07
4.361633040845428121e-07
5.322890851256035246e-07
5.157420767465526559e-07
4.979383162680801076e-07
4.642624950951277829e-07
4.007466025503683865e-07
4.766411901365653095e-07
5.373567498448744441e-07
4.918547679814568985e-07
4.339272149826451196e-07
4.530314369586308569e-07
4.806546911390757979e-07
4.660676001879350312e-07
5.208416413706556033e-07
6.076574613358934342e-07
4.743310347100889799e-07
4.653309047745242225e-07
5.983323567083328985e-07
5.834287938113435775e-07
4.769567097684535192e-07
4.759526849985565194e-07
4.504735366748933517e-07
4.660086724530659877e-07
4.021427504896773663e-07
4.992203521563275000e-07
5.696613218459187891e-07
5.165762347340972318e-07
4.446801483857349294e-07
4.623921968480102894e-07
4.621991479568856815e-07
5.263696978139714849e-07
5.699805911379408497e-07
4.514821241074682504e-07
4.469489593658338982e-07
5.044375513292171884e-07
4.434100777135088831e-07
4.778788858485061165e-07
4.508565877420811802e-07
5.011224190368093687e-07
5.729953215037699103e-07
4.529428462321259699e-07
4.821208229839016619e-07
3.746321654529239013e-07
5.441618974646669979e-07
4.968634607133908100e-07
5.225246861531713514e-07
5.623656333422615163e-07
6.013783168201994546e-07
4.672050279224297577e-07
4.823007817172391225e-07
3.796022644350512010e-07
4.962167500828786753e-07
6.192453386923884141e-07
5.019160922912671505e-07
4.377309747764893193e-07
4.641556528766224010e-07
5.288828196348762513e-07
4.585435141306509315e-07
5.128722937007281945e-07
4.514034636139534031e-07
4.280621091716006267e-07
4.887019647667826166e-07
4.691139957403388602e-07
4.432679585794499740e-07
4.462782408458316607e-07
5.226345012773328649e-07
4.989508824334001050e-07
3.766630757718308443e-07
4.972492735532620082e-07
5.176609572849270291e-07
4.698054932827802079e-07
4.509256233806160875e-07
4.011965480679655439e-07
5.081568455449788896e-07
4.746101927699685078e-07
4.844386277168748052e-07
4.060302823684606099e-07
4.382703620954603576e-07
4.826993341145411625e-07
5.145935201712217955e-07
5.728699062658917390e-07
4.281346346843481840e-07
4.015733134119462840e-07
4.556448901794658198e-07
4.882335267336422388e-07
5.272690412665525314e-07
3.540011744820397705e-07
4.738721957483713063e-07
4.556707601249503372e-07
4.021089329270675907e-07
4.105752201528565048e-07
4.853499589142872523e-07
5.220476133804583639e-07
3.937070637427044648e-07
4.095787141536505450e-07
5.168849600184688649e-07
4.847277280241676405e-07
5.123608320613359492e-07
4.898910268062907857e-07
4.349228326755199281e-07
5.782258113456917829e-07
5.500942286921179886e-07
4.359801266732278720e-07
4.419995279542949450e-07
4.487031324988293694e-07
5.036829258484686056e-07
5.414405136900451490e-07
4.583989791717889530e-07
4.513999766358803368e-07
4.396537688131794288e-07
3.941876281330181430e-07
4.284950294995921281e-07
5.198738351701633578e-07
5.054550298619045112e-07
5.008900170788042820e-07
3.946552774663187242e-07
4.508030491173820732e-07
4.903814001343568664e-07
4.824149280660208969e-07
5.085899012360408598e-07
5.259969821181240211e-07
4.795435700986685365e-07
4.553534089936322073e-07
5.255432982839755566e-07
5.397337785105068859e-07
4.783369046072271992e-07
4.874076431995935414e-07
4.468101656968900890e-07
4.927867199577576935e-07
5.705681966928123091e-07
4.743762216346991448e-07
4.232032850578892849e-07
4.411233006670366743e-07
4.239021201296730066e-07
4.701090349684154242e-07
4.684660167682416904e-07
4.985453564585305552e-07
6.477545396831887316e-07
4.490248800809840794e-07
4.562465194078990369e-07
3.957328289587004758e-07
5.678890170830253946e-07
5.149675274450230512e-07
4.894301077976557706e-07
4.426292873168989490e-07
4.658368163720313612e-07
4.879145700575441763e-07
4.914257907980049087e-07
4.570064139480820708e-07
4.456152240505460316e-07
4.301918715959982959e-07
5.052956380361073313e-07
5.095377448978166661e-07
3.979025321801602113e-07
3.722044368608627277e-07
5.446295343338679135e-07
4.269133744361141955e-07
4.917785610015682235e-07
4.344056453684541059e-07
5.169869817111196085e-07
5.476145474102703556e-07
4.635163396998911665e-07
4.410196252737670612e-07
5.985128035280723486e-07
4.810347888825614442e-07
4.620604271967588815e-07
4.294989967380059753e-07
4.696471268792386524e-07
4.643670966600911570e-07
5.832341296429037357e-07
4.359088037517300834e-07
3.786993571762284007e-07
4.523987748669601392e-07
4.777033657967700386e-07
4.166559659595175471e-07
5.317757838981729489e-07
4.847712297401245023e-07
3.962026747421057611e-07
4.207046306938588595e-07
3.966925141564568334e-07
4.085724672629828858e-07
4.718950487173285590e-07
4.921715943118994526e-07
4.807859609139991754e-07
6.102920917253392032e-07
4.542480523968563322e-07
4.446915792963979022e-07
5.037566347076839289e-07
5.382651283709794905e-07
5.463924833327944987e-07
4.325602198695372930e-07
4.631670016581043241e-07
4.519742031408813153e-07
5.378909487116974694e-07
5.343847504967246546e-07
5.190363594326730007e-07
5.206387429633486479e-07
4.256837379949354224e-07
4.403135727357999889e-07
4.507608844727771288e-07
5.312690991371194199e-07
5.096065947238586351e-07
4.093597235624450262e-07
4.520618806313340251e-07
4.856132704901669772e-07
4.673277681517316519e-07
4.671442329305594338e-07
4.893279880384954327e-07
5.784736193780507791e-07
5.737845402989505889e-07
4.624467393853282492e-07
3.887891867306843308e-07
5.634872598344401432e-07
5.179875220375218712e-07
4.847969875125133544e-07
4.435729411302590248e-07
4.419321107967868651e-07
4.233222046982283259e-07
4.744023209368019338e-07
4.369422331059398342e-07
4.855901741943824065e-07
5.242751954296411774e-07
5.316031022784001935e-07
4.683608064378343532e-07
4.823444218118555760e-07
5.095224909000223809e-07
5.048403973678490683e-07
4.801562947574787306e-07
4.744943369287810647e-07
4.452592382341918978e-07
4.841376602757952789e-07
6.076285048154814680e-07
4.771092181949184121e-07
4.403081926537470790e-07
4.279640403185574640e-07
4.922618227596150514e-07
4.482864672850450575e-07
5.228263369123528729e-07
5.060418806999611218e-07
5.129638529616392107e-07
4.325428594198024745e-07
5.516936661627605004e-07
5.505724986588676964e-07
4.320305516827010099e-07
4.748447236355834695e-07
5.285943174747094908e-07
4.865654951789917320e-07
5.259855164313266471e-07
4.808344104462107175e-07
4.322171535212748597e-07
3.965941185805467359e-07
5.130920978329840926e-07
4.890999692415968771e-07
3.944782533927345402e-07
4.330897173363957482e-07
4.753625990914486888e-07
4.755797223815020760e-07
5.307243790942238193e-07
5.124421325524803164e-07
4.837192836756637687e-07
6.074607815452015862e-07
4.714150336226090304e-07
4.161124123646730415e-07
4.174928131079828322e-07
5.587649949548266967e-07
4.835778984577952532e-07
4.897756229991254782e-07
4.792841954247536296e-07
4.341604290984579309e-07
5.049843155255973856e-07
5.005229198572379327e-07
5.154037132639906213e-07
4.458905014090331585e-07
3.846368989231550627e-07
4.728320432383870788e-07
5.598113280782299856e-07
4.857830891342185462e-07
4.266997281022308899e-07
4.663869137635275239e-07
4.655116601715768240e-07
4.943863272850202728e-07
5.156041259023587233e-07
5.528803755298693965e-07
5.153045288480419515e-07
4.087430676390373376e-07
3.926639269980348584e-07
4.832312692510950995e-07
5.131983987026314340e-07
4.913860751358871244e-07
5.444576433353218342e-07
4.677642718309908671e-07
4.384496150145525471e-07
4.999424334131693838e-07
5.203488652051570274e-07
4.723443756949840164e-07
4.755673655225333943e-07
4.009477758242810889e-07
4.285635709994879198e-07
4.967751036233557421e-07
5.039628932635440643e-07
4.032726921318455041e-07
4.576332914449768235e-07
4.979150592454145857e-07
4.639184400165813516e-07
4.349983329656977122e-07
4.954016570944941795e-07
5.830676220457894850e-07
4.516792505344846300e-07
4.084297798352491879e-07
4.463303793994736010e-07
5.528457166719155044e-07
5.004741506387271640e-07
4.950218780490421271e-07
4.122782082700468564e-07
4.446971363693248329e-07
5.231716427272190445e-07
5.231865395123013094e-07
5.358715505882081116e-07
4.387567794404063189e-07
4.444858593169694088e-07
4.447305837527310055e-07
5.458819767107139890e-07
5.007015102135126556e-07
4.084565937745091081e-07
4.596294556557770126e-07
4.815109562605175846e-07
4.847294668497436068e-07
4.332426910941279138e-07
4.213351256439831462e-07
5.102540520354320112e-07
5.084344245902527004e-07
4.146814614419941374e-07
3.738646914255438573e-07
4.719699973559526253e-07
4.795127274856326053e-07
4.973060049569513087e-07
5.060778064415125073e-07
4.962496534734201860e-07
3.876954080286942232e-07
4.821435033639028802e-07
5.352701874294836534e-07
5.748168002509846971e-07
4.306567588309014283e-07
4.775324976709177712e-07
5.862332702391311447e-07
5.369906216030749339e-07
4.597476962337080145e-07
4.805739736521274174e-07
4.184526266044204119e-07
4.275461869437610613e-07
4.168644878819351643e-07
4.296871198522638618e-07
5.657408734623246373e-07
4.890020521205814170e-07
4.693325371210004293e-07
4.794951310846804698e-07
4.948180348721178231e-07
5.459145633341724224e-07
5.765064421497081793e-07
4.459764244718386168e-07
5.312050139581726351e-07
5.098429300523067782e-07
4.454843044703790858e-07
4.796283444831264593e-07
4.393736556602975659e-07
4.736653519704039340e-07
5.424687319447342426e-07
4.709332576707032448e-07
4.197532894114225400e-07
3.898447593323842588e-07
4.449594415760486505e-07
4.588566231096614907e-07
5.853218788641234112e-07
5.026411778792354865e-07
4.983231902595400097e-07
4.644303377771792934e-07
5.236039037888961264e-07
4.998876206023721992e-07
4.628908704202863835e-07
5.738027461534640776e-07
4.545878793811126064e-07
4.263438534953513713e-07
4.198452269000882698e-07
5.467974663032983768e-07
4.961394779871394525e-07
4.898533683779881323e-07
4.562084262172308519e-07
4.223295614266766936e-07
4.952376426196673896e-07
5.009736938545084576e-07
4.242147184681161199e-07
5.497579475844418659e-07
4.997805889831668729e-07
4.633502117180915579e-07
5.281727733157830921e-07
5.094213388778082495e-07
4.524635988050871794e-07
4.405598583437662405e-07
4.648520479687010220e-07
4.508692063676073145e-07
5.115901202025966778e-07
4.259026285838088556e-07
4.221649931246795670e-07
4.935531715808387458e-07
5.069390108595243743e-07
4.937775695287696225e-07
5.333186921609874860e-07
4.622647068702367095e-07
3.861928596571717172e-07
4.984975290214939972e-07
4.185551047959438753e-07
5.584952170943076348e-07
4.796997943264206977e-07
4.754604537569210818e-07
4.676509227224462507e-07
4.392785866971622258e-07
5.329215228844047281e-07
5.072057972140938777e-07
5.637636530341170877e-07
4.163568392176411178e-07
4.533672328844528051e-07
4.763526907097517411e-07
5.874552121968292181e-07
4.863932263444166252e-07
4.386942508410690720e-07
4.615281876007832297e-07
4.789503587982602729e-07
4.997670569208287827e-07
5.531915544958074714e-07
5.596789104530234581e-07
4.444302843891941571e-07
4.695103964798691329e-07
3.975695678461913110e-07
4.414846473700833877e-07
5.004832672584778061e-07
4.778342467769734044e-07
4.909578825529701503e-07
5.146931393810511284e-07
4.564008529968093405e-07
4.325397033925797221e-07
4.835719044838847829e-07
5.537512072657935685e-07
5.142411371277912514e-07
4.568097520668599891e-07
4.533107650951734654e-07
4.646141830749322495e-07
5.390111599275768629e-07
5.323149279387416402e-07
4.869888840048495516e-07
4.285817711764583594e-07
5.421045231807466264e-07
5.372104636067587801e-07
5.267292515135243007e-07
4.207795215524085733e-07
5.092043556124202284e-07
4.284915151599851319e-07
4.653179128513302463e-07
4.926081557609355349e-07
5.018046550730092158e-07
5.570232768098805664e-07
5.718746434321122758e-07
4.596304846298515315e-07
4.533659546569486192e-07
5.745690470415806620e-07
5.465472356512169384e-07
5.147653888390669683e-07
4.897739106246084149e-07
4.359363432761133056e-07
3.758754897857392571e-07
5.251756773482328570e-07
5.131081027560593495e-07
4.829620294846501036e-07
4.203413088176326427e-07
4.072481999915292792e-07
5.033792440358020798e-07
3.953821726786677599e-07
6.144226993958086119e-07
4.374213489553748420e-07
4.468402899088294394e-07
4.480860120032943463e-07
5.095100722388757426e-07
5.544594921579921455e-07
5.021693565527071523e-07
4.494194170244887413e-07
4.663786994489583954e-07
4.823743105740173025e-07
4.858494291376414969e-07
4.525104873022381240e-07
4.199362599358795787e-07
5.057743260232915312e-07
5.482840123753647998e-07
4.103784956959906072e-07
3.959415330753265733e-07
4.904226730790591719e-07
4.671608907305331555e-07
5.040597473068957703e-07
5.527360685415975141e-07
4.909476135202436747e-07
5.483794670072378599e-07
4.373347031574363988e-07
5.290309617882973650e-07
4.577461061757396849e-07
4.626966306352560610e-07
4.375431122864374774e-07
5.024113163452671659e-07
4.629488058114463991e-07
4.636216271829722365e-07
5.397627100346651882e-07
5.026594910416639450e-07
4.285582825108840400e-07
4.948412774441885537e-07
4.581625346891040263e-07
5.353104681713132051e-07
5.682329095725060396e-07
5.496026319681274372e-07
5.260778011084751423e-07
4.963564464314214129e-07
4.535034397508861965e-07
4.404596362807792636e-07
4.796734398466000481e-07
4.884950350162441355e-07
5.525042086889695274e-07
4.275813932613542843e-07
4.910111142430158885e-07
5.403882617886873344e-07
4.053241390655544854e-07
4.410700236643898755e-07
4.421442585193018194e-07
5.020665758595874697e-07
5.362116825928556929e-07
4.756367071322912554e-07
4.954817627592098975e-07
4.087932929470938231e-07
5.567741804001225331e-07
5.279282977990014208e-07
4.547561855023234217e-07
5.126028572622306654e-07
4.990384089627966185e-07
4.398860410083231994e-07
4.892414682846752635e-07
4.412921392781588236e-07
5.454129367931317089e-07
5.719104972948558153e-07
4.675690529281107288e-07
4.826141419481757666e-07
4.290507395595527454e-07
5.265774254129735843e-07
4.771990640723339180e-07
4.324843846144043877e-07
4.644102430735365902e-07
5.454519527364961972e-07
5.438410447742917760e-07
4.969753802147699852e-07
5.379004671664665041e-07
4.770886981553989221e-07
4.966410141320438118e-07
5.462331639115394567e-07
5.808110739171262459e-07
4.955367708981470826e-07
4.636196205124441496e-07
4.681262905665484016e-07
4.530384305041833997e-07
4.903012544886306350e-07
5.834290982565120572e-07
4.756539123399974936e-07
3.899251880254105248e-07
4.361690624280649937e-07
5.012540404341803100e-07
4.896675667288966550e-07
4.863286426673050877e-07
4.474675864498038772e-07
4.158030049034130441e-07
5.166635310547130537e-07
5.137173712801726274e-07
5.253023151400176222e-07
5.668042189993558030e-07
4.813239402061746717e-07
4.305999383523480685e-07
4.527188113002989827e-07
5.997123838074773325e-07
4.720401783640196030e-07
5.118004537555438259e-07
4.401619815215778269e-07
4.189326509762535252e-07
4.205050786790281816e-07
5.131758784829345342e-07
4.692181019781986551e-07
4.324960006075366946e-07
4.234391330518623088e-07
4.779591352800975021e-07
4.774655652327305665e-07
4.953544421018718768e-07
5.565274420638877840e-07
4.549749295236862094e-07
4.673891334953258456e-07
4.681622395796844679e-07
5.268780328042856545e-07
