4.507267616423165247e-05
4.677132853601978323e-05
3.438441952394219160e-05
6.153076279226445404e-05
4.245833155523178203e-05
3.752825121222946202e-05
4.958675152376595046e-05
5.092292940862742939e-05
1.031071190466792533e-04
4.099031003174014758e-05
4.827656406063568641e-05
4.417258660663817270e-05
6.671345517144653726e-05
5.930375959743457143e-05
4.371457036774638896e-05
3.928102165504121658e-05
2.698177126863481574e-05
2.212756577374873303e-05
6.834534023095402997e-05
5.057910385567354372e-05
2.288058307158076141e-05
2.077777583802169691e-05
4.885889812887765052e-05
5.064891046975185808e-05
6.623668288929844767e-05
7.367731245348450571e-05
7.292182265643766992e-05
9.123047791341532301e-05
4.173018618460860559e-05
1.447964147497998803e-05
3.275678124879045547e-05
6.322865100840069580e-05
5.110414768497231481e-05
4.611716014179819778e-05
2.200469986383000380e-05
2.819795218766471878e-05
4.877685816112721062e-05
4.868994208600758083e-05
9.883389470877667823e-05
1.157996115181284192e-05
4.314379191396546420e-05
4.034186039738713828e-05
7.217925937629823211e-05
6.829130016548030837e-05
2.546883807637738753e-05
5.674608649540980151e-05
4.856379824339017941e-05
5.670336361638562029e-05
3.866474458260051955e-05
5.495964303001332405e-05
1.915807455041710085e-05
3.154302089898963052e-05
4.397094955419873958e-05
6.739072222157981278e-05
6.617808280672987274e-05
3.791033171770308475e-05
4.202244047108308816e-05
5.765195556371525948e-05
5.771600264982971107e-05
2.537081349157907425e-05
3.864977868212048117e-05
3.900296929675720124e-05
5.649316600590382993e-05
5.618060288431859990e-05
3.645680370465757917e-05
1.625894188124486545e-05
5.488737108851799199e-05
4.907372915607941720e-05
3.231368898437232196e-05
5.727514127110241749e-05
5.046828094354386556e-05
4.589835590308728150e-05
4.051491180992668770e-05
5.768641875991845438e-05
8.170745592227686958e-05
5.101078811353301323e-05
2.406457975722035234e-05
6.830113688678170387e-05
2.377717992931712522e-05
3.820951556038603564e-05
7.230723699155930894e-05
5.213962191957236989e-05
4.449576282232777224e-05
4.224622771516932054e-05
6.329645489615470572e-05
6.583819512720846063e-05
4.770682832721941064e-05
5.290260495042475842e-05
8.647595083792299271e-05
5.489382792902898917e-05
2.453459091162031385e-05
7.495438697730571012e-05
7.508439904148251655e-05
4.117733346798826467e-05
6.720823117712317767e-05
3.683781332444800542e-05
3.130831411998376675e-05
3.263991726906218291e-05
8.901660467653262998e-05
5.021676974659302576e-05
1.948122538745080090e-05
5.906897129780806365e-05
6.909306870122721312e-05
1.436561971913288867e-05
2.153513176765051496e-05
4.116225710706978208e-05
4.708106238745087625e-05
8.405914846893758634e-05
6.877208305137725631e-05
4.637220181513000597e-05
4.804142910707793075e-05
3.160063078862855411e-05
2.373495472651757700e-05
6.849920712627133041e-05
4.804471160458272339e-05
2.447123836756962326e-05
1.930649249377891405e-05
4.401375385645933983e-05
6.741464954941009695e-05
8.268411429137699096e-05
3.664561343941747333e-05
2.067144084258222219e-05
2.458866849188134953e-05
6.959833335193727443e-05
3.211505428942890942e-05
7.008772245150112423e-05
1.930871375467716305e-05
5.069125276236594859e-05
4.969384226412555075e-05
7.096192440949551151e-05
7.162377924001354099e-05
3.576847034814343597e-05
6.116038661583625955e-05
1.451125585999427221e-05
2.331592777123193020e-05
6.933439751104644255e-05
3.126492839509737581e-05
5.806253490009703538e-05
3.368817902558324408e-05
1.556912769321330589e-05
4.832396938416056023e-05
6.311310832662555973e-05
3.619825159833401252e-05
2.090731757007357214e-05
5.580300436953311756e-05
5.031104796013479878e-05
5.079180968390220287e-05
5.775796538618625700e-05
7.513962070849579194e-05
4.943895614284755810e-05
2.867119633243619302e-05
6.577146069988482101e-05
9.772733890979628537e-05
4.243382568544730633e-05
5.041518485460418948e-05
6.921772305580073750e-05
9.774841440701025356e-05
2.891738886601889514e-05
4.375787310680879746e-05
8.919953600040535322e-05
6.021612407460455457e-05
2.595790819143849526e-05
4.781389958338967710e-05
8.066785476991814084e-05
4.729860797098306018e-05
5.674796549893715839e-05
3.396408112746365614e-05
2.906389710417335649e-05
6.806384201036417181e-05
5.575738149688238535e-05
5.299719178882252913e-05
1.621150787007502307e-05
5.021523283373510678e-05
2.579494638312647848e-05
4.779599810373526682e-05
4.953768888270918105e-05
8.446045311159148855e-05
8.899862318113622875e-05
3.526848506716892176e-05
3.236159824588722019e-05
5.176582367574614240e-05
9.642033339868424523e-05
6.913550559327771513e-05
5.237686913890301376e-05
5.354197261218632031e-05
3.677042142960006106e-05
5.382319494122164239e-05
8.972170648479100132e-05
3.621328691668297174e-05
4.058304846045019895e-05
7.097392667642958770e-06
4.625316623959201720e-05
5.786497502291181505e-05
5.737858642768523253e-05
1.975395330122595196e-05
4.404743497623355336e-05
2.437015588643754959e-05
2.080637282744576567e-05
5.526854355675546649e-05
8.366258143321365470e-05
3.831267149915422270e-05
3.465437464745203588e-05
8.037572898631215382e-05
6.423983782976520722e-05
3.556956080930369048e-05
3.808476298130909022e-05
2.422050367297009688e-05
3.686655979656137597e-05
4.491216900401937657e-05
5.968794840536027448e-05
1.065649779289825387e-05
4.995893199115771589e-05
4.023295423867970184e-05
6.732924866610759439e-05
6.616638996060859380e-05
4.618270654376736666e-05
2.881039031941918775e-05
3.344731605484713621e-05
3.888099379867246522e-05
1.700205569311119544e-05
2.325568518513124511e-05
4.609297941377132895e-05
6.051658683654891313e-05
4.478795529183326459e-05
4.438323031540612230e-05
1.765573528953147739e-05
3.069436932524038117e-05
2.393822631589621300e-05
7.648806387864470052e-05
5.558691714867413790e-05
1.381773260143614135e-05
4.213781411127675110e-05
1.916150956135751027e-05
6.175448906573282259e-05
5.747730493497778660e-05
4.807098581048351623e-05
3.777635938757141167e-05
5.606685057827572895e-05
4.751324565782746493e-05
2.835234956439304892e-05
2.901148811687789423e-05
6.736330075805394468e-05
4.774112525550817064e-05
6.367980099702288499e-05
2.935937958031213302e-05
2.468138341662203612e-05
6.173221844681464426e-05
5.423083548819311595e-05
7.965998350459183117e-05
4.557484708520302181e-05
9.517563266748897753e-05
5.480572751799031708e-05
4.069485902881324547e-05
6.959350235832327080e-05
5.820342939458900941e-05
3.861464166471288657e-05
3.984344477393215306e-05
4.489472902962598187e-05
1.634596247965854421e-05
4.725037592864913459e-05
3.464900688663463392e-05
5.260048990982674091e-05
7.405900628895070064e-05
4.089580813270120025e-05
4.093015795064895517e-05
5.452220851616058678e-05
4.508753601977126351e-05
4.527404872507745370e-05
1.004063929308317933e-04
4.391315192783309138e-05
2.956888592633228331e-05
1.821051917476216518e-05
6.049492832792137100e-05
3.551775034487907040e-05
4.952275757967324038e-05
6.126827949390364447e-06
3.589935263282145153e-05
9.049231217522142362e-05
4.886671059951606082e-05
4.195124319647090155e-05
1.533563700223884756e-05
3.640241848201705981e-05
3.719240495770008285e-05
3.928976859023864315e-05
9.629878492457860000e-05
8.956365823561639986e-05
5.228091056788288892e-05
3.170035837914731309e-05
3.693739360354214975e-05
3.907495899125409575e-05
4.905163565590862836e-05
4.180061328596162620e-05
3.602324880774195070e-05
2.725884688216156500e-05
1.601410307893889120e-05
6.481606914201035186e-05
5.768035921441546596e-05
3.853185667737806446e-05
2.394421160691813139e-05
5.116469169945303173e-05
2.210364189855896271e-05
4.639282235326673998e-05
2.993366674285108099e-05
2.822614272240434009e-05
3.805983144922301135e-05
2.445625457539407448e-05
2.336311187627018685e-05
4.918545753151709209e-05
6.903218334456671424e-05
5.686284718736392749e-05
1.141193408559636692e-05
1.446645020975010571e-05
4.564944227059825998e-05
3.281005421244280240e-05
2.690937822041959259e-05
5.152799385612226077e-05
5.863505905341008084e-05
4.898722277370137919e-05
6.143331206010382449e-05
3.397699204624424646e-05
3.383358985877755781e-05
7.114409557741670372e-05
9.899734863210936148e-05
2.655420378441019770e-05
6.778593565355004260e-05
5.344831585824787580e-05
2.518087894376006567e-05
4.177429343817893074e-05
4.251661562545499634e-05
7.298690771550665030e-05
2.403171988870155161e-05
4.386682065707643005e-05
7.571090741119180503e-05
8.555424143047129213e-05
2.766693007319490175e-05
1.602502933035547281e-05
6.975578124009351689e-05
5.479207058266867694e-05
3.481575920028047363e-05
1.306995934948839924e-05
4.043709281187116383e-05
6.447386793944515917e-05
6.745270866243188170e-05
5.602856452242060341e-05
6.688682219211222735e-05
3.071947885314694224e-05
1.499624620676970370e-05
5.227317559405883718e-05
5.110726327110061618e-05
6.479666738560932221e-05
1.752647889789149438e-05
5.002938783616267212e-05
2.141463030121465894e-05
2.974064604176273618e-05
4.421537739431689044e-05
7.197339630835489070e-05
2.786318633716150143e-05
3.402101267218145166e-05
9.939118303571615207e-05
5.338541145602541748e-05
7.127973595035560876e-05
2.711828543582708430e-05
2.547670711580162355e-05
5.544500743843827466e-05
5.653455654807708537e-05
6.997483436726498098e-05
7.590544357363235967e-05
4.291762296830052391e-05
6.712763895377157517e-05
7.825249270431595746e-06
3.184466897279168094e-05
7.379264106557206055e-05
4.948412437150680930e-05
7.365008666907305621e-05
4.133442642600080734e-05
3.487894804930325392e-05
5.310430232751229358e-05
6.925420988539686146e-05
5.198895615639151428e-05
3.288288644778147889e-05
5.346210962547405364e-05
4.018253204829784351e-05
4.778608438153732695e-05
7.499736402607074860e-05
4.314946047488686843e-05
4.782813934867228027e-05
8.295725604733539173e-05
6.390390109646097185e-05
3.370456423254020102e-05
5.738128257673280391e-05
3.475651130719440980e-05
1.512652835093128781e-05
4.806541768378283936e-05
5.261170816493281044e-05
8.872796634882054983e-05
4.652790863895275863e-05
4.860134128824753847e-05
5.565167226168481635e-05
4.383059417328048145e-05
4.878954286486214976e-05
2.490422392396998740e-05
3.282508943723646438e-05
1.028975328503398617e-04
5.507958611235226143e-05
5.267878804892144669e-05
1.183774602929492350e-05
4.314750983529964809e-05
4.604132838346357108e-05
3.365297181474896258e-05
4.492102874821011030e-05
4.261347960077065095e-05
4.014966779155138379e-05
6.117946357740929356e-05
6.691121076510943646e-05
3.550401216887850547e-05
3.251040376898565217e-05
7.243972739254108610e-05
5.804918490378140630e-05
3.415304736404778629e-05
4.167168838732774651e-05
2.580845475856759243e-05
2.964687465362670710e-05
4.205512273234908070e-05
7.825291808805769436e-05
2.364684993627304467e-05
4.827636846822107341e-05
3.937493793217547526e-05
5.891973923419317603e-05
1.105171126566650830e-04
7.485827495084301157e-05
6.510853252414671452e-05
2.613320573047911251e-05
2.051122842001673101e-05
4.304919828746794810e-05
5.559316522353610716e-05
3.706089472239399362e-05
2.860229641116008705e-05
4.070611292347615213e-05
4.456633811238051417e-05
4.822612967649329363e-05
7.281669244592191986e-05
1.566805483073018963e-05
3.513456864668761863e-05
2.389672424428400391e-05
4.692672700697196852e-05
5.877846773094142651e-05
2.883462023542181463e-05
5.589938470314040477e-05
5.711196308142301749e-05
7.842380815281978842e-05
3.686281590411839718e-05
3.297673044206244394e-05
1.715386360237565667e-05
1.688304075223642171e-05
6.353193737789912315e-05
6.424195923102827741e-05
2.152302088367723086e-05
1.720151138517285198e-05
2.446847478103647696e-05
4.770597373525231291e-05
4.590755796248863685e-05
3.427355532234236594e-05
1.247490040161416311e-05
4.631426169687097148e-05
4.868582323370071701e-05
1.076119537410492953e-04
1.417595284545371006e-05
4.910419301096204705e-05
7.029964081657983906e-05
2.777750696353656866e-05
4.881634047494419243e-05
4.740883548968705498e-05
6.074706866812943013e-05
4.737968118609932295e-05
3.882881208654226710e-05
8.636462695551049939e-05
6.651834938142521482e-05
1.489806338574012996e-05
4.001941272217217750e-05
5.040436051271012581e-05
6.198269566530691240e-05
5.245179051015303378e-05
5.797516186031495257e-05
3.584399147716591395e-05
3.662257743584846806e-05
6.499999000552454578e-05
5.988199725605645269e-05
3.964713309041547370e-05
4.339149380629063577e-05
1.508883016974028384e-05
5.968702998526675805e-05
3.695815731741961051e-05
6.977072294515849495e-05
8.426753673836018981e-05
3.880626384402473370e-05
3.144435404998956792e-05
6.367563282898180597e-05
7.533906364061455235e-05
5.078768456133829327e-05
4.544691953818377452e-05
2.768694766275921795e-05
4.970596238576121075e-05
5.702229837202785380e-05
4.502432669989786231e-05
4.602454891421110068e-05
4.183016499306286352e-05
5.421244604711692805e-05
5.706050922925809155e-05
4.320808583514379919e-05
3.444082171604368766e-05
2.505994529276643856e-05
6.014520627939326655e-05
4.717284947631500939e-05
4.334540571624391166e-05
7.759859584422940950e-05
5.253481666619031626e-05
3.135233712697591311e-05
3.949451374257330187e-05
5.996375410784012257e-06
5.566888368120888542e-05
5.790343458540407183e-05
5.346281962653752268e-05
4.759881624013251187e-05
9.957131253133405681e-06
7.892533375710327457e-05
5.107078150184562218e-05
5.355535151390846012e-05
1.946656799169864011e-05
4.498833399463266110e-05
6.191775078802968439e-05
6.461733813041656456e-05
3.650525885742516338e-05
3.857329306514678085e-05
1.191385532055433828e-05
4.318963194220423643e-05
4.562858079473395244e-05
5.378099300911391164e-05
5.649533781959881272e-05
9.568346008844752276e-06
3.273877868883227047e-05
5.293386721706311055e-05
3.638613261312953685e-05
3.169195824176298230e-05
3.276611482576605351e-05
9.242368245821706027e-05
8.540414094492990551e-05
7.222366589490162713e-05
2.447200552248959943e-05
5.600280677573732515e-05
6.518504043139489266e-05
6.579363018096218065e-05
4.684691737082136831e-05
7.742273639308659651e-05
3.723191353353002148e-05
2.190000448143075693e-05
5.987826305738121473e-05
3.451522122917113553e-05
8.049989101103031399e-05
2.148185950638528772e-05
3.060653981212345924e-05
3.397577372762752618e-05
6.379445530474601935e-05
5.443168046231109888e-05
1.248556409034428789e-05
3.752037065991119095e-05
5.507675037221651694e-05
6.047953456514220750e-05
6.600630002376619806e-05
2.516125200843072340e-05
3.093090285729463391e-05
5.166700342742111936e-05
6.694935045027218068e-05
6.406648658281380174e-05
4.774509010903848079e-05
4.698616282765561531e-05
5.226252642586978281e-05
7.057846335253043098e-05
2.679850198660566789e-05
4.791211099236519230e-05
8.443926010066243935e-05
4.328104040662345578e-05
8.259183746510932733e-05
6.426915869873579747e-05
6.939185905612456232e-05
3.872862953721497312e-05
4.041823061011991301e-05
1.244144512177745649e-05
6.002729969455040574e-05
3.463704713725934025e-05
5.704623498989351305e-05
4.073998547034062966e-05
4.264925240405755908e-05
4.004002543756142294e-05
4.542490507880960534e-05
6.456084908616007041e-05
6.096535976971194305e-05
4.609003228031800689e-05
3.505067571786266368e-05
3.792730287920072159e-05
6.168023083478476427e-05
6.340731981406625946e-05
6.045147127404085690e-05
5.611353086545446484e-06
3.568255205724995898e-05
6.093461856702058572e-05
3.232033506729518738e-05
4.731619216772702902e-05
1.983560284323456600e-05
2.064876461115040175e-05
2.910300541519298515e-05
5.603454081141378510e-05
4.231581816820732789e-05
2.190658458592330225e-05
3.213581491970343067e-05
4.913497414315455005e-05
2.605522975106546298e-05
3.447320207310913419e-05
6.459686282083688892e-05
4.509814169161291132e-05
2.674650186688209868e-05
2.219496007259875753e-05
2.413454515028720643e-05
6.123201737993624807e-05
5.544250333202201911e-05
1.997115871402356134e-05
2.864218408065117164e-05
5.222736405321380367e-05
4.386082859193211772e-05
6.311394065994830758e-05
3.179618698390729222e-05
2.438754938468172119e-05
3.992778500845982603e-05
5.927924023451848913e-05
6.434956777957230351e-05
1.495291514003760052e-05
3.754482771510802034e-05
5.572250795200255524e-05
3.223178673246894965e-05
3.358147601821961562e-05
3.048311987938898739e-05
6.818815729397721898e-05
4.970189800942679956e-05
3.080151782501980062e-05
3.336272538755121072e-05
5.053602440900162654e-05
4.162139907431148617e-05
5.697541043797882670e-05
6.046077735006262277e-05
5.783478840307713269e-05
2.391167293653229518e-05
4.790204105432807857e-05
7.094619501328355165e-05
1.645524928419397909e-05
4.783359240911236023e-05
3.893521756132962795e-05
6.602916871293641743e-05
6.713397148551950759e-05
3.414853766015236758e-05
6.652129900561265052e-05
9.211226610135274644e-05
2.318643760004944943e-05
2.970677104244971235e-05
3.093464683544131432e-05
7.898599508135309508e-05
5.117244233462790075e-05
4.248027112265880841e-05
6.389627498142575845e-05
3.671630837278327399e-05
5.470401397124736667e-05
4.877692758087436264e-05
4.900085679822860970e-05
1.535345131682096514e-05
3.705218730934716783e-05
6.102083566737705520e-05
4.862593361166843924e-05
2.765419827570850077e-05
1.274472215938101972e-05
2.745989151089075445e-05
5.872045979738325976e-05
2.707444493600173714e-05
5.175997622272677151e-05
4.463516577463103079e-05
4.061370228408688765e-05
2.244715140957962742e-05
5.582814315475575123e-05
3.963845750982271967e-05
3.708995738252201835e-05
5.175107104195483674e-05
5.509411128917268599e-05
5.266997776547339765e-05
1.005950494137567862e-04
2.973311307440550916e-05
2.595344276395616869e-05
4.879929931644057500e-05
3.569603438741489072e-05
7.605603763487456476e-05
2.408027252945594201e-05
4.516493159660156791e-05
4.464921356208811096e-05
7.305860803252691967e-05
1.791362132638512340e-05
4.498125807385105530e-05
4.654362483556756183e-05
7.246004824078932760e-05
1.643949961092176917e-05
4.313880675455737050e-05
4.272147851808535149e-05
6.629647878805834378e-05
5.809577763069015893e-05
7.442500543246786712e-06
4.184454284182636836e-05
3.514453369618990373e-05
6.574491690445908253e-05
6.029739205630814944e-05
5.779923352732593557e-05
2.697823401134362954e-05
3.306746680678241773e-05
6.684254219145611476e-05
7.370517125268930252e-05
7.262708750173095290e-05
5.192320351580843077e-05
3.705387921635667397e-05
3.441387899140559224e-05
2.692428945128382871e-05
5.125722690132615886e-05
6.655528114504009863e-05
3.240274320892343261e-05
6.443288246019104372e-05
5.957512522003693349e-05
7.190568574625502446e-05
3.558386075666101041e-05
5.089693720377793800e-05
2.690634871852277699e-05
6.895577597577668295e-05
5.740271558694791599e-05
4.910366803692575889e-05
4.341019290935968944e-05
4.411421750164509022e-05
5.029365886905604212e-05
5.718133532308367198e-05
3.983614815352393661e-05
2.603602736727310640e-05
3.016811932411123348e-05
2.448852274117933260e-05
4.174415427394257116e-05
5.084185742967571868e-05
5.549091055150349240e-05
1.020947301280590613e-04
3.144901162182392213e-05
4.577751649907335461e-05
1.949767911445401299e-05
6.567599481998260072e-05
4.996304704481679558e-05
6.088276583191712610e-05
5.991744794178991849e-05
5.330974304488805008e-05
4.132832083577410068e-05
7.195284616318632251e-06
4.818599443074158271e-05
3.328772530175057960e-05
1.417468645508574736e-05
4.304299443497266672e-05
4.187404298477949237e-05
5.504529628341500361e-05
5.283859458140089711e-05
3.539105107648551657e-05
7.682224751743510027e-05
3.175549994131324547e-05
1.368123334272397136e-05
6.782952027310487555e-05
6.312493708380668381e-05
3.932991729355229607e-05
4.028899531694406856e-05
3.532566771465658775e-05
6.350903605408742751e-05
5.983763764523425838e-05
4.577580600468243147e-05
1.740160171772419173e-05
3.447606501143868297e-05
3.779129191981852963e-05
6.355504406183615381e-05
6.107046337650876369e-05
2.899774871669481721e-05
3.590193624922288464e-05
3.599443247137021969e-05
5.664662111697558696e-05
4.114458042857207891e-05
1.988419323179313014e-05
5.054800809811627125e-05
3.783302411772555260e-05
1.845382379290517598e-05
3.343518222955676268e-05
5.714573419408287207e-05
2.696686918218764862e-05
5.436893395104367099e-05
6.423043877330287776e-06
3.164706577101763038e-05
4.187695198148501282e-05
6.709385594144770006e-05
1.752361162735323747e-05
5.883260570598294409e-05
2.829372861012145697e-05
7.238240691527225571e-05
8.526547412123443759e-05
2.868961482883630669e-05
4.449696214332932533e-05
9.317781585438014686e-06
1.622764213271058972e-05
2.175110059261632449e-05
7.883962707495480984e-05
6.751206464602740930e-05
3.760451620650175292e-05
4.373246330327245631e-05
2.880263981753009277e-05
4.574839375778925587e-05
7.341338130775931683e-05
6.738545315215572530e-05
2.540217807160836388e-05
5.936731201122331811e-05
5.610807099260586286e-05
5.827778101333765961e-05
5.937952405004241708e-05
3.299467104383519344e-05
2.301862430475186562e-05
4.432229881732126968e-05
4.880368541067909362e-05
7.804346067493003140e-05
2.459311202392448580e-05
4.474076305347981960e-05
3.827946233268719376e-05
4.892903166339490672e-05
6.100534350667714633e-05
7.044109831715798884e-05
5.311456005359766169e-05
2.898656428186638758e-05
3.451412791559415482e-05
6.266938510174382125e-05
8.693187783207069030e-05
6.251174031520757271e-05
4.990176174838196468e-05
7.084593745059488367e-05
6.582066040356340851e-05
5.620710681686982857e-05
4.744915740685236961e-05
2.199321584882423132e-05
1.695325822065599358e-05
5.558399549347227566e-05
4.954897601310643602e-05
3.559776591268921285e-05
3.724746372780088046e-05
4.924803650691214456e-05
4.095112934659533236e-05
2.478991800992698949e-05
6.177852645684413278e-05
5.823663309012330373e-05
2.187079756471485933e-05
3.428342381284762655e-05
6.007380458784498364e-05
5.768468377971085702e-05
6.416220825213476151e-05
1.179412364057880267e-05
2.835841733909826571e-05
5.931438448770030581e-05
3.186805671974364166e-05
6.160589408221928869e-05
3.906075745964044288e-05
2.271546524972483243e-05
5.701508556028498081e-05
6.748971598090363786e-05
4.966229996624927479e-05
2.470843392547945598e-05
4.062632200648203261e-05
6.394124921389640311e-05
3.169443867010234364e-05
1.830802841217505972e-05
2.016354974703277116e-05
6.750389667944799871e-05
6.005094236460260760e-05
1.590896810511601840e-05
3.073625913301140006e-05
5.238532285495961868e-05
4.356687457966584561e-05
3.840325402948756783e-05
2.330689043643123382e-05
4.005430145494873103e-05
6.535413174245887258e-05
3.399687548871370885e-05
3.855400648899902572e-05
5.379221198529303730e-05
5.002194964482038921e-05
7.321644109745571933e-05
4.729772819792480245e-05
2.824820222895639766e-05
9.388035188173729235e-05
3.360633956054536804e-05
4.233185571329231036e-05
5.231767263628990208e-05
5.508489433591970961e-05
2.181100717109459825e-05
3.530900891795551614e-05
3.278583901802007073e-05
4.996074292878752290e-05
3.019563183878096340e-05
5.547735561084487962e-05
3.548125134842484925e-05
5.603884637966197505e-05
9.858695449172550664e-05
6.326230478891934153e-05
3.024557233900907794e-05
5.240871661923541885e-05
3.860145094629571804e-05
4.613802561712734070e-05
4.489711866782921903e-05
8.091547963915371878e-05
6.353823711086409244e-05
1.742125038431279908e-05
5.063070374828982848e-05
4.099164331299476761e-05
9.915745711143130717e-05
5.375229542129960204e-05
4.965620890949338302e-05
5.110721249257514133e-05
1.251229244337110064e-05
5.080760285704360616e-05
3.536978325023663449e-05
3.600578811227079574e-05
3.768275434577490740e-05
4.661701252118800258e-05
3.242605311865960133e-05
2.735388118200599497e-05
4.153527832338436710e-05
6.849204328874508693e-05
5.248614917076664606e-05
6.666717126246012298e-05
2.895745904155969832e-05
6.089137487470808185e-05
2.746661859470801712e-05
3.633758673088036703e-05
2.944772401840790123e-05
5.506883108061514965e-05
7.092428842964449451e-05
5.610278201902645220e-05
4.044275598508559100e-05
5.879151573465800313e-05
4.602557085490384831e-05
4.065940279446500971e-05
3.225067329608148365e-05
2.079529682733206847e-05
1.674425546202081789e-05
6.165114336262934077e-05
2.214688966451227141e-05
2.693586223856864913e-05
2.632259233596927846e-05
3.600184352934275995e-05
5.914474757373753471e-05
6.239001306689097065e-05
5.568203156836815186e-05
4.453682764139125469e-05
3.262022496171910308e-05
2.836108440259300288e-05
7.555556263678994547e-05
4.170762599082479484e-05
5.238424918943292814e-05
3.104984027803742467e-05
7.327104071578471578e-06
6.596932939421157793e-05
7.670138567882819880e-05
9.169667364193853065e-06
4.103361998973824429e-05
3.959356479325368164e-05
8.432812425697238344e-05
5.434269887592871578e-05
1.184329497159182471e-05
4.742771732318183615e-05
2.736961591797080532e-05
4.626598410105864384e-05
6.069797401508119408e-05
4.370898647986006121e-05
5.886878995759349932e-05
5.396613428937809101e-05
2.673142174579624738e-05
4.300254099426934016e-05
4.985228992715582015e-05
4.305205022016595081e-05
5.854997091671617748e-05
5.495895048164058263e-05
3.170742334732707665e-05
3.575552880969084591e-05
5.833704925906231780e-05
6.436809992001086840e-05
2.778546616782234360e-05
5.009141332605830785e-05
4.461676445971759553e-05
4.727622998884785090e-05
4.172318328345456213e-05
4.923878713364036376e-05
3.498216286722855185e-05
1.162046813690204137e-05
8.056040759832239109e-05
5.175990367202042315e-05
3.447897500215857673e-05
5.536605386393291114e-05
4.682062991064073356e-05
3.432336768122804400e-05
3.154156695234878538e-05
3.716672037565004459e-05
6.143163499376498257e-05
7.089828855060650219e-05
7.800888390591291586e-05
2.720864115115078768e-05
4.322668682464516076e-05
2.883205852463430777e-05
6.063827801113625212e-05
2.526877076374548401e-05
5.857368848047296643e-05
5.531591710546494292e-05
5.068281078356601130e-05
1.243117861961075070e-05
3.281089433062226677e-05
3.033899514993157578e-05
5.646029603934728372e-05
7.734723040608575776e-06
3.003126570286243987e-05
7.508718109950380940e-05
3.749418263649434473e-05
2.012019538388541535e-05
3.998500193971172830e-05
4.561620367291413763e-05
4.821958232462931305e-05
4.524873365489118330e-05
9.515378335297301217e-05
4.793875896207472695e-05
4.158017672447318847e-05
4.498504361013930730e-05
6.701216703978233040e-05
1.546531633285346482e-05
6.365289287472106498e-05
3.918881803209681175e-05
7.009289993503727673e-05
9.429442427098661786e-05
3.448325664956756673e-05
6.731081769219888122e-05
1.025574833185610467e-05
3.280180710651674523e-05
3.504877091764162749e-05
3.329582624625835468e-05
7.368862307087941288e-05
8.485222725295184210e-05
6.839918755405917730e-05
5.672169380657211146e-05
1.008843229103076425e-04
7.953959969458786444e-05
2.932857908771348881e-05
6.656437688778405154e-05
8.257175637765654531e-05
7.774978796961104575e-05
3.860077127554908645e-05
3.722850106862776184e-05
5.784490717945861224e-05
6.485372711410122587e-05
4.233954818496025709e-05
2.073749505069370105e-05
2.786107893573881801e-05
2.148251984487359434e-05
5.417796672825799176e-05
4.048254475305194255e-05
5.803033296275563195e-05
9.706966181695738565e-05
4.094451918758572513e-05
5.086350269985375996e-05
2.526521992250870766e-05
6.732539344291573553e-05
7.620351984504610790e-05
3.962138728070017040e-05
3.076579630384382194e-05
4.783932763671834093e-05
7.284456788847186600e-05
6.137973476954578119e-05
3.376557651594354510e-05
4.586972059791875531e-05
4.660212881710437520e-05
2.912920342183721430e-05
3.797962417611107583e-05
6.546184398167765174e-05
1.133358712981639365e-05
4.701281211947510620e-05
4.122153086229550555e-05
3.715566124617040110e-05
2.100909690682552567e-05
4.553862892594439461e-05
4.721858903129511498e-05
4.004075479306970340e-05
1.982335265461902460e-05
2.663911181573514139e-05
9.819387239902754351e-05
2.497491301642885039e-05
6.708855495787928458e-05
4.654010012014838299e-05
2.875265095342194552e-05
4.323720339280124448e-05
4.344917986342215375e-05
5.663026587341913806e-05
4.914674964028295431e-05
4.442628412080848889e-05
5.106861164809397576e-05
6.049224019419933805e-05
3.437869241568519474e-05
3.911346410920589690e-05
7.695119472903275994e-05
5.833684699337397513e-05
4.608148231913759959e-05
2.618532540400811211e-05
5.936358525614400425e-05
6.299854921994313384e-05
3.702915527312509422e-05
1.193287750944406228e-05
2.866282085550704852e-05
6.936906570438338717e-05
4.932733032081781477e-05
2.790141260061047970e-05
2.101636119178576325e-05
5.655470615178915004e-05
5.465215268193400179e-05
8.703981382409599495e-05
3.480141082696602107e-05
5.348284699345044057e-05
3.209862997061268657e-05
8.695626914785484384e-06
5.012600843059538823e-05
5.171054696214637633e-05
3.188197086568090135e-05
7.860538814176122819e-05
2.981514061500576220e-05
1.320385245115639141e-05
5.269544331256235524e-05
5.700427920592647757e-05
6.226556101036824801e-05
2.168340298263603261e-05
5.599625374935623430e-05
4.180011911219974445e-05
4.602532464678294757e-05
8.045826055210194227e-05
3.000812576290563826e-05
2.155349686070059495e-05
6.935677087731202141e-05
5.585366787337920231e-05
5.232613693712744285e-05
2.534117602507617823e-05
3.008328875130305991e-05
3.893041274328317005e-05
3.571582775446350319e-05
3.272541867818882768e-05
4.400287230670296815e-05
5.890557962953486604e-05
7.670305555062451226e-05
2.922015402745123264e-05
3.592302015358682225e-05
5.572575595062657889e-05
5.034062751403239742e-05
5.474362294343883799e-05
4.072250762061647425e-05
3.747877191744392137e-05
3.405759819337259237e-05
5.763064945779654497e-05
4.192310205675448443e-05
1.516512190452639510e-05
2.127952320141023322e-05
3.675139936614749364e-05
4.796677677994692538e-05
5.135549612165723706e-05
3.654946507046601654e-05
3.833178086981204485e-05
5.438390192780461548e-05
3.006927771652795255e-05
6.610198954676044670e-05
7.382094299413242749e-05
5.771267670471778665e-05
3.770824939975390614e-05
5.194159093396144854e-05
5.859323123233848603e-05
6.032269323037510466e-05
5.879068582293250689e-05
4.305978601217237066e-05
2.610637750052366261e-05
4.690960525397470037e-05
3.593424174274427663e-05
3.516339915726412828e-05
2.477509116089384537e-05
4.741636491080091848e-05
6.682666705456449851e-05
3.239772227824535959e-05
5.289338935026818893e-05
5.694676883696661877e-05
3.477513854638527972e-05
3.162623258377305377e-05
3.048453246736882973e-05
4.279475821434043105e-05
7.354257263853245300e-05
3.398863795165317449e-05
6.543651727289547155e-05
2.935220027617848731e-05
3.931796310915526983e-05
6.107068716532408278e-05
7.375480190365503647e-05
2.260590586692304288e-05
4.076511716904859291e-05
5.111857509649771393e-05
6.159276950555998267e-05
7.865497083554365298e-05
5.236469343592246829e-05
3.223558963161828273e-05
3.997583394076525536e-05
6.556275607218555194e-05
5.691529545026812549e-05
5.363084658181146199e-05
6.295888408207768992e-05
2.186506131795743041e-05
3.080742345463024563e-05
2.898400320478262287e-05
4.314714307162179573e-05
6.949674112944211849e-05
7.804661260348118507e-05
3.209265150827485719e-05
3.829881422746125012e-05
5.678118368281425630e-05
6.847465045526379712e-05
2.404107594256649083e-05
3.836728143908551088e-05
5.798473151731637243e-05
6.991712434546116183e-05
4.331063972000874740e-05
4.602026025653322620e-05
5.464021303432522547e-05
9.260502984160291502e-05
5.354467388300148507e-05
4.259345201654959407e-05
9.679294805339423380e-06
5.376244690530103957e-05
2.970353099124243412e-05
4.778496534041541455e-05
8.918284516980430100e-05
4.185682430674546810e-05
4.820344743268907664e-05
4.331872656755576150e-05
6.179923731127093093e-05
6.000057905945225867e-05
2.688366066186191120e-05
2.907796198970138496e-05
5.602766367052992700e-05
1.064931696454877228e-05
5.030453842575162741e-05
9.602254321804534417e-05
4.162050399509168461e-05
2.316981541937498465e-05
2.436267226815424586e-05
6.689159033879083860e-05
6.363812682730836975e-05
4.470209999479015799e-05
5.187135468074107440e-05
1.309820265020179574e-05
8.804326385779541898e-05
2.833175697375173754e-05
3.940785893240525336e-05
2.120242440083630026e-05
3.884930006150376792e-05
4.016117544106783917e-05
2.874512904865098018e-05
9.713533519200769236e-05
7.596957244956464286e-05
2.794032729890415229e-05
2.871227945498113410e-05
4.116961524227615699e-05
5.950534884741596770e-05
8.320508994394422008e-05
6.956881531167545432e-05
6.361721754280688613e-05
3.976318125420420340e-05
2.603118464365710973e-05
5.925171603969717925e-05
6.296391642677994839e-05
6.790675508696393959e-05
5.070990936571240259e-05
4.313025932131837463e-05
1.897053932216037977e-05
2.159941465663302928e-05
3.735058547903371005e-05
6.667964943526252862e-05
3.697375501220469295e-05
2.429519166565394974e-05
3.381655610125323811e-05
6.170215778306706138e-05
3.981811769204637950e-05
2.669727854823754094e-05
2.704460102885494438e-05
5.312923326608088198e-05
3.956664202343588020e-05
5.935800137707623815e-05
6.580480453965991848e-05
3.898789677819766513e-05
6.297725252268705006e-05
2.610728441064620386e-05
1.936711772694861482e-05
6.778603623646149495e-05
3.394071480264299653e-05
6.369269941437437062e-05
3.422213319479552364e-05
4.107577156985239077e-05
5.852824474047617554e-05
4.683277665846840134e-05
3.157142707207274718e-05
4.565848816098387391e-05
3.331364766552459572e-05
4.183996676075581064e-05
5.660726343987010627e-05
4.000873765862555535e-05
9.814187416469137917e-05
5.404923555561258979e-05
2.184710207292308413e-05
5.376840785404258963e-05
7.652340467855476097e-06
4.932854165901337724e-05
3.282505326959379887e-05
7.272465006933465613e-05
2.309656620455796081e-05
4.457329198285017176e-05
4.493961382665736105e-05
5.268094764436916187e-05
6.281600077167011147e-05
5.696938449407132978e-05
3.239078461677935084e-05
4.754269585860313374e-05
9.454662205453854792e-05
4.553908694138629265e-05
5.094096405010098969e-05
3.193772676157467035e-05
3.629528075101118143e-05
6.253687479089823384e-05
3.800475256835677092e-05
4.096695404223663734e-05
5.474505433446508049e-05
5.818239910894180430e-05
8.755375843576427219e-05
4.315119997075052369e-05
4.164678295640620518e-05
5.051085148051091215e-05
9.061158146923706204e-05
7.602832456508392680e-05
3.720167704744097741e-05
5.837312308339860797e-05
5.899756121889053109e-05
2.543535502494360311e-05
3.627747031265609419e-05
9.457691784344616820e-05
5.860584904359693613e-05
6.441893413389501147e-05
3.116336927552344191e-05
4.740313322723442710e-05
3.140688241343965795e-05
7.310544823841372438e-05
5.765687764893701706e-05
5.834396905785200907e-05
5.072412093563329738e-05
4.632724028979462531e-05
6.547554761243748456e-05
4.564676113014649520e-05
4.434873814748527688e-05
2.168840974202393686e-05
5.116153665796776645e-05
5.478393876665069254e-05
5.600477884660989429e-05
6.484359109970131991e-05
3.941902280194881569e-05
1.666708913934508349e-05
6.178101233247034179e-05
4.394551903007564624e-05
9.307012864822950861e-05
4.902024726404563884e-05
4.595276200887332837e-05
7.751985280554638306e-05
6.515105509206368299e-05
4.493667048835718879e-05
4.797630564544167782e-05
4.191002803549991669e-05
2.890323966890787278e-05
3.759645815069998545e-05
2.162205868970202134e-05
5.037854737606752508e-05
6.250873419509132508e-05
2.061037743922708706e-05
3.747750149513722688e-05
3.651593242446135042e-05
6.996702232083498892e-05
4.468046488204994158e-05
6.392331149352210190e-05
3.497438556506433314e-05
3.560487406449758545e-05
3.178013459295782924e-05
9.356164902439040472e-05
6.232088552769136230e-05
3.092857488802960229e-05
2.850291279917586420e-05
6.213733972489954326e-05
7.279543249854948986e-05
2.146362863871663446e-05
3.498957992440455901e-05
6.260889570321879680e-05
6.329300130805780701e-05
2.709282687133579668e-05
1.543289287613155869e-05
6.348359032335477590e-05
5.651848246948382187e-05
6.042424242748211738e-05
1.558703067735094037e-05
4.313786713447008078e-05
2.983432455046425142e-05
3.464702240869626577e-05
5.271273338247009515e-05
9.969012691429573938e-05
4.043600928373363676e-05
5.348799618852483040e-05
8.296206476067163427e-05
6.532411385947063925e-05
2.977791432098969470e-05
2.117698815557618249e-05
4.204993878261954342e-05
5.181166892246325369e-05
8.484831797530336325e-06
7.064446428126027085e-05
9.431767523261237588e-05
5.331724972105535560e-05
3.562509678861936770e-05
4.080207986975024496e-05
3.312043679274915425e-05
6.568212954849816216e-05
6.382700926232029166e-05
7.205796267495978590e-05
3.273160914212004793e-05
6.207943831489308830e-05
2.839507771762900560e-05
5.148381350703853568e-05
5.151369643380941150e-05
4.460765567185802285e-05
7.559377595629431510e-05
4.839557192453891691e-05
4.645175733025632710e-05
1.090105051506455309e-05
6.164301903912885420e-05
7.371247684408512057e-05
5.785333411431405905e-05
9.014218867783680095e-05
7.447784559893607216e-05
3.909364649058207623e-05
4.748381498528139510e-05
6.659034673391647702e-06
4.802881129712360646e-05
7.541211884161438104e-05
5.013997889310278891e-05
2.841543139634848528e-05
5.156727526678886458e-05
4.957039054187134541e-05
3.232070501859182846e-05
3.907933579925185880e-05
4.230628573775882333e-05
2.054738185656009315e-05
3.705722348145845132e-05
6.666565518023650670e-05
2.079371106143216284e-05
3.290367442719472805e-05
7.193055833177818795e-05
4.255855131982226862e-05
5.889101040968990061e-06
5.217618085293852423e-05
4.416693435696495123e-05
5.299093537536936268e-05
3.447236340829769471e-05
3.427623051847349280e-05
6.026430591864938508e-05
4.558948801697013060e-05
7.411612640230566193e-05
8.945116789916064375e-06
1.644551571470497574e-05
3.259339552343951216e-05
6.644969997366499529e-05
6.429793295035515169e-05
2.640158918444568452e-05
1.645999120495070451e-05
1.716103520218781442e-05
4.953050000692760756e-05
6.576561631831748516e-05
6.829260185862348869e-06
5.706257335563107662e-05
2.927967776006822089e-05
2.976085907648028139e-05
2.443362219404226777e-05
4.036528220643380332e-05
7.355100742314032341e-05
2.683103461430714584e-05
2.258760553131886238e-05
5.154942359210708681e-05
3.895813377717822736e-05
5.437460880792388567e-05
3.407234711780992740e-05
2.110194920855463561e-05
8.713768569569503748e-05
7.892716301582312867e-05
4.986860873354418051e-05
3.059990789281736575e-05
4.764883002993094491e-05
5.260345636479333794e-05
4.878377276780358816e-05
7.304250910879552265e-05
3.114301486722912120e-05
3.074985323302814204e-05
2.823878271429478899e-05
2.833853443172071565e-05
5.196545670609380234e-05
3.883518897028880187e-05
4.383407993157484176e-05
1.032491809644344337e-05
4.208805615997222204e-05
6.018213571242660148e-05
5.404352127907839203e-05
5.628957777565933649e-05
6.928050758976824581e-05
5.199361378095923277e-05
3.867140592598807051e-05
7.025235889473045356e-05
5.438943938681050895e-05
4.144300576273933506e-05
5.231029141816912240e-05
3.378009358712431571e-05
4.642034869815116351e-05
7.708229179381955343e-05
5.080209561538077864e-05
2.344289309444212683e-05
4.320789243376890103e-05
3.535817399083625404e-05
4.406450785162241283e-05
3.652142956874258146e-05
5.283339389458993282e-05
7.515252344619738551e-05
4.336485688113718570e-05
4.137853996565604600e-05
3.033067174819587255e-05
9.534644163366689748e-05
5.580579640075062270e-05
5.676822399390906945e-05
2.912817627914007478e-05
4.385546418219691774e-05
3.620463079315880341e-05
5.951897435118350496e-05
3.889558434832377019e-05
3.410755858934913661e-05
4.354383865084837207e-05
4.350550187710955054e-05
5.200018234919589333e-05
1.550877074149844005e-05
1.617156740519526197e-05
6.933309424464486584e-05
2.954025183011690819e-05
4.397402018062324791e-05
2.890967314263849654e-05
7.064135832214440676e-05
7.314908012339267586e-05
3.564997117912703100e-05
4.398572570507394859e-05
6.083843348991889688e-05
4.129617006475038744e-05
4.120075847829191110e-05
1.402193345766410610e-05
3.720200099695281250e-05
4.670592438548532634e-05
8.642489021639011707e-05
5.445467834720980167e-05
7.099822860897171053e-06
3.838239032968097074e-05
4.284683693759663555e-05
1.614539300443348951e-05
4.648074521603487241e-05
4.990382432055141332e-05
6.768935710194835204e-06
2.207073298051647248e-05
8.336308728259134932e-06
1.948284843186006039e-05
3.969162207921591521e-05
3.352479049813412055e-05
6.047900441881417269e-05
9.415983108211061913e-05
6.193387997835630109e-05
3.390641982857482180e-05
5.384015468133973749e-05
6.899316763569424767e-05
6.579946095332769764e-05
2.541915445028778645e-05
3.944343866388457616e-05
1.543773928093735524e-05
6.492045707966356924e-05
6.075157162836109561e-05
6.325022536354521420e-05
4.898608025188808330e-05
2.589357965705168165e-05
3.402860586090899537e-05
3.733958208621670696e-05
9.248074046904177707e-05
6.263279529462620842e-05
3.356491017855696624e-05
3.744929135366518617e-05
4.498046594732611883e-05
6.215034539209175117e-05
3.563243786427437314e-05
4.643653319250677571e-05
7.218163353553118410e-05
6.531869506993277644e-05
4.112613141746709032e-05
1.560092658087004457e-05
7.477596563193609407e-05
5.560490328409508265e-05
6.907551756312903094e-05
3.607867571612076175e-05
5.946668012253469621e-05
2.355390301868918546e-05
4.380299736349871988e-05
2.809812743449478133e-05
4.014724125520042174e-05
7.080921815948429865e-05
4.988683179252538399e-05
3.608326263146185937e-05
8.043919210319900996e-05
4.414916623257120621e-05
7.068454843749642910e-05
3.333165749574188249e-05
3.516068144978549119e-05
2.367314682208529049e-05
6.065388526533216720e-05
8.684522060140338205e-05
4.677309069693880432e-05
3.641811011207770910e-05
1.016017387389957284e-05
5.043124346336487794e-05
2.383938323486781738e-05
7.221416438884605178e-05
4.440650739132666862e-05
4.729180914510346394e-05
2.550636269308159844e-05
9.170472816391966550e-05
5.060966307995683693e-05
2.385611084394832180e-05
3.197718181385717130e-05
7.831497357319018810e-05
4.891198104618571486e-05
7.227161508674213224e-05
2.666611008953480392e-05
3.051447445904162110e-05
1.034104959178557623e-05
6.933897464654415540e-05
5.527932676719137320e-05
6.187336296128455497e-06
2.114165021012127222e-05
2.849246046751296676e-05
3.253129876067908948e-05
6.006845401065058899e-05
5.109718051346035569e-05
6.578844011074757030e-05
8.999194084681195723e-05
5.901358149328561013e-05
3.236698625074934397e-05
2.665307188366651371e-05
7.013282558112292732e-05
6.163072814743827759e-05
3.280272695201228762e-05
3.421330660626024358e-05
2.553665608618858253e-05
6.770783179493144305e-05
4.632274030613854306e-05
6.449591188272466968e-05
3.752761225239667784e-05
1.389876122710755781e-05
3.524767836125643948e-05
5.247278346536570539e-05
3.129195609856937066e-05
3.115897824121248362e-05
4.497071123641061203e-05
5.976304434800924341e-05
7.246389029336495037e-05
6.745155341312164586e-05
8.490105917112349186e-05
4.261412557238183397e-05
2.777273943291588230e-05
6.613807941299633674e-06
3.844902868580847983e-05
6.905048907863158187e-05
4.342729261024274033e-05
6.191600649952603685e-05
3.786446869750875765e-05
1.647460741140612401e-05
3.693630654204056453e-05
3.116788212181020992e-05
5.901691382517703364e-05
3.088401461666464041e-05
1.332936791601717687e-05
2.435739798419005834e-05
6.271825562133966569e-05
6.037937195829994123e-05
2.658055586622612548e-05
4.458362763402041562e-05
5.158315848065084778e-05
5.823949621393580204e-05
2.882676022861798762e-05
6.984790743297760634e-05
8.400411463373440735e-05
3.238419848899662184e-05
2.803640085360291912e-05
2.866050723746621219e-05
4.692433508177676512e-05
3.462334560825492264e-05
3.368492817279169555e-05
3.315140789478592204e-05
4.068474663416975879e-05
4.529242418988225490e-05
5.941949646967110065e-05
5.743383104764293720e-05
2.941983431884853995e-05
3.443502980908608548e-05
2.970609283016288158e-05
7.484777235986018779e-05
5.066001990105531080e-05
2.969113328322323800e-05
4.987726061764759727e-05
3.724676676091909623e-05
5.805482363020675118e-05
4.432454814735347363e-05
2.594904912239485390e-05
3.091698096441498406e-05
7.666450970387781523e-05
2.371314488050675628e-05
5.077320736204321620e-06
3.126847882232257743e-05
6.113614361477888817e-05
5.995749321304558865e-05
5.678269879044880401e-05
3.048410195081841144e-05
1.828324959168415754e-05
5.111579537396138947e-05
8.662999867996672696e-05
7.706057911830239613e-05
2.100611946375854544e-05
5.595744894895675239e-05
8.393207920246305125e-05
4.298989113810217132e-05
4.583019001264212908e-05
5.300926800859759444e-05
2.377142670708678906e-05
3.124853389324733693e-05
3.176147431029414838e-05
3.459445331238575805e-05
6.674161690180908588e-05
5.207122237295762991e-05
4.186815893588018313e-05
4.724851100649265335e-05
6.024040148814786865e-05
8.508011586092739773e-05
5.707139412663851430e-05
3.114462558443451391e-05
4.353068639785936608e-05
4.516353465311639747e-05
3.326280863216361734e-05
4.686187907982332303e-05
1.674838918934147634e-05
4.407318449407186480e-05
6.212515068102430430e-05
4.366216092955199548e-05
1.388050378604143886e-05
1.903524254127818546e-05
3.117179538660803440e-05
4.118921371548199241e-05
8.724175281797133237e-05
3.737178075310967738e-05
4.774320806668698773e-05
4.399300947402703547e-05
6.325528222344000166e-05
5.630417898208000627e-05
6.456339161722111247e-05
7.890596746432985780e-05
4.364635765029010257e-05
3.045156944928293822e-05
2.341929086981471206e-05
7.902238157653725700e-05
4.102642366261040878e-05
4.142546411173011019e-05
2.569469740356658609e-05
3.175206471237262371e-05
5.306306576954695716e-05
4.824978181794559336e-05
1.976512590275508754e-05
4.834719027515276045e-05
5.138521031788783770e-05
3.648356193446758861e-05
8.014240374135726092e-05
6.549684655199507341e-05
5.453496436113419146e-05
2.525846663650452688e-05
5.006025979843348352e-05
3.535327787973216923e-05
6.055198155853818782e-05
2.374113078272886303e-05
1.300752982733263944e-05
5.906223062619313539e-05
6.429204003567525556e-05
4.274428688492722778e-05
7.045361692749996891e-05
2.429978817474698769e-05
6.979958465133544570e-06
3.688855222793669471e-05
2.042444739484273704e-05
5.631604153025944335e-05
3.230150095004311999e-05
5.528766827796632492e-05
4.572105578336411178e-05
2.797364677890708864e-05
4.030676929429089129e-05
3.462297532440050874e-05
7.569845717495336378e-05
1.367708508776537865e-05
3.885843149704030765e-05
4.532088067373220888e-05
5.946326631376490086e-05
4.338186793988747911e-05
4.660979755675846351e-05
3.990767156400331668e-05
3.652586690851533760e-05
6.439075574362356392e-05
7.282897706313604753e-05
9.090552657635932372e-05
2.638031071926710347e-05
3.578990870187564007e-05
1.646209700190206799e-05
1.549697471456310623e-05
4.241406929358525793e-05
3.887222532246464884e-05
4.870209466549866819e-05
5.894973931284882971e-05
4.247257003629936165e-05
2.149479357812455430e-05
3.214674620764198962e-05
5.159122673806293728e-05
7.380630802486715970e-05
1.774179481417705121e-05
3.056034627233253625e-05
3.773623670553879523e-05
7.155259442511242623e-05
4.586293790831816504e-05
4.680904803522663310e-05
3.453645721977073428e-05
7.039414102975635854e-05
6.534206416324737302e-05
5.648908679924178575e-05
3.724451157117814406e-05
5.726616063431248229e-05
2.267667025301426113e-05
5.704224860629914185e-05
4.585901026230621870e-05
6.037464586793201413e-05
7.613584956400557284e-05
6.789865719930510081e-05
4.712283196581864582e-05
4.311853996215630265e-05
5.693787060054717315e-05
8.398850315285478520e-05
5.610229738713597315e-05
5.548014309910137277e-05
2.412534224099545512e-05
1.093778922458028999e-05
5.273521717824908761e-05
5.991336452252321685e-05
3.295789639372182617e-05
1.537956020579559735e-05
2.717722351945090433e-05
3.387434937186347203e-05
2.395724772994742727e-05
7.699307267663231709e-05
3.005577521199334545e-05
7.393305027828415217e-05
5.085884706882019054e-05
6.479941337054989463e-05
7.221250019433745270e-05
7.137357984448707763e-05
3.800080508333399224e-05
4.175331142125178767e-05
7.246736220506698771e-05
4.598437943128348346e-05
3.333877027774862688e-05
2.691034062540987158e-05
5.407062288675460864e-05
6.614883928469610769e-05
1.742870621968997642e-05
2.205808775694499213e-05
4.160449199740590668e-05
4.703452062531138689e-05
5.900280376731595778e-05
5.988383014832371532e-05
4.104630221242235044e-05
8.522896503133148879e-05
2.289955830672133182e-05
6.084526802335453216e-05
3.813548456121600822e-05
2.732253142233340189e-05
3.832158032610996265e-05
3.483479686046582897e-05
4.245824679795742902e-05
6.098840226660227762e-05
6.052108017968886903e-05
6.299569112617612102e-05
2.893476035242800035e-05
6.578615373266472424e-05
3.989618150401800449e-05
5.605300250920187152e-05
7.431497651553330510e-05
5.453163656943295221e-05
6.380123797386407902e-05
5.558512877672112251e-05
3.444011928957846840e-05
1.714512959361981091e-05
4.294320128955516556e-05
6.664340972154336024e-05
6.960822799057512405e-05
4.079880321018018187e-05
4.389705639377845114e-05
6.452191485956320185e-05
2.868031663635851715e-05
4.500361857680146445e-05
2.774751443778197197e-05
4.906586833602679938e-05
8.441109213290026942e-05
4.298201840086719755e-05
5.149938548615812023e-05
1.129795981956931214e-05
8.752971833317159975e-05
4.579665381801353705e-05
3.199898739600647745e-05
5.975294865068661696e-05
3.684968930151528635e-05
5.100358251862384504e-05
4.855243025531242186e-05
4.574994173713731990e-05
4.689202100096115378e-05
9.808850243114261612e-05
2.866904345875393912e-05
6.815479148802540052e-05
3.006438981017784195e-05
7.305529106938275948e-05
5.103576701674670862e-05
4.242642276324044105e-05
3.625414348751505763e-05
1.154510044537726944e-04
5.755743260526585074e-05
4.215225656282186272e-05
6.446712556745263990e-05
3.035708749773019250e-05
5.229386482837462650e-05
6.475767999431650073e-05
6.933899307652146692e-05
4.960116553371791948e-05
3.947465050201534679e-05
4.144090477770070102e-05
3.619605680558355624e-05
4.048159242545243885e-05
6.771366402876172544e-05
5.083271046775316170e-05
1.355522718167794449e-05
2.494642113127607284e-05
4.683710615285070262e-05
4.359995418067994421e-05
5.956982698168596248e-05
3.165678135553364272e-05
2.391095412256560591e-05
6.506166490412293641e-05
4.056635643555631994e-05
5.019021314464004561e-05
6.731895867194848809e-05
6.577696630001331440e-05
2.522709649446906952e-05
1.724661296173123854e-05
8.680704441383115791e-05
2.270968356622288774e-05
6.454699221147469960e-05
2.792202185096627563e-05
3.072432107951638753e-05
2.657587823570052492e-05
5.841673942912720558e-05
5.170948889781317961e-05
2.778177058092426216e-05
1.412705869789399522e-05
2.531310291645298807e-05
5.504469980977026261e-05
3.565352647324719203e-05
7.106417693299525555e-05
3.285845720464418288e-05
3.139660789172131055e-05
4.133952863249961649e-05
4.726349686395445117e-05
