7.585918890607941112e-01
7.760721538182090429e-01
9.373281127150456804e-01
5.129307630642319094e-01
8.764097364392530176e-01
8.971477647939924971e-01
1.027644847652910309e+00
6.859170458591632435e-01
6.967440726409056539e-01
9.213981679116899359e-01
1.001878168596838758e+00
1.030038520187870343e+00
5.448155331807871260e-01
7.805486427215805323e-01
8.867878609156896186e-01
9.813023933940243637e-01
1.478070920661243237e+00
1.003399512380019232e+00
8.792197371142336237e-01
7.366705393721354467e-01
8.925591650006660105e-01
1.084873382964555155e+00
9.361274560212021756e-01
9.147545762638021882e-01
6.457196119615703500e-01
7.030211290177945660e-01
7.570476374220560523e-01
7.110301826118996527e-01
1.119880732491499442e+00
1.044667514792194440e+00
1.195436750710098250e+00
6.615965669461942866e-01
1.189292209880949969e+00
9.128010740440998250e-01
7.531258241461833425e-01
1.011375498841922571e+00
8.998464142529258858e-01
7.734192963033704737e-01
6.329225274474181706e-01
1.269880140266245405e+00
8.152902302402248447e-01
1.055665449136749645e+00
7.262676119649768003e-01
8.318403740354037845e-01
1.233977994053806482e+00
9.791137984752075196e-01
8.290588323144819638e-01
7.061643708021984045e-01
9.551424051823147465e-01
8.507978395541374583e-01
9.012835733404399585e-01
9.394663310602825446e-01
9.191798206406484040e-01
7.684380606474560116e-01
7.628613004560703681e-01
8.546300013820300467e-01
8.425201302558749106e-01
8.311627645919476004e-01
6.438823038673211485e-01
1.328886495908854215e+00
1.261478103156263186e+00
8.897230300511552725e-01
7.300403886406121590e-01
9.280844287382736812e-01
7.581392035369435289e-01
9.286404220576380819e-01
8.133421979347995601e-01
1.045489350553588048e+00
8.621284653433703982e-01
1.008049337029860437e+00
1.226095919134189138e+00
8.077733872401599013e-01
1.082808193366641136e+00
1.064550365084106165e+00
7.634201498203939673e-01
8.952612390946564913e-01
9.192248368778049850e-01
7.080368764449644914e-01
9.909917884039296521e-01
1.083937293881574782e+00
7.630584086355457485e-01
7.918188865400315191e-01
1.054209683364817796e+00
9.516329161641781109e-01
9.990317578901259932e-01
7.510285682743569335e-01
8.626111927816630942e-01
7.267660739951545823e-01
8.268035099903313645e-01
9.316907658868608388e-01
1.101220530235572426e+00
9.012197536980089962e-01
7.426212299230027236e-01
9.719300277149265366e-01
8.070734830264758575e-01
6.547759322325185094e-01
9.568375610365922324e-01
9.460147878549114431e-01
7.347000985743685764e-01
8.235758408482065640e-01
1.013193303339010143e+00
9.972913332170182388e-01
7.149516223366670920e-01
1.309022863688485083e+00
1.199591293761664401e+00
8.453789462052070380e-01
8.850954155843353544e-01
6.766487917723209566e-01
8.402898009375024957e-01
9.151398701463473451e-01
8.970166153167521417e-01
9.126921983492762847e-01
1.150847351982738020e+00
8.610067748433208878e-01
1.021129426297648690e+00
1.040434958156583267e+00
1.247892115856933604e+00
1.193724368233117117e+00
7.382417661702236344e-01
8.659978393273578545e-01
9.183357085066737868e-01
9.860623821743232931e-01
1.011517121693753518e+00
6.822938628492338786e-01
8.344839871192671898e-01
8.077206040733037051e-01
1.158142864655469451e+00
1.326354405391207747e+00
8.159605507264318103e-01
8.835016006404562416e-01
8.043122670042149869e-01
1.058248141534282594e+00
9.753321096155942449e-01
1.033314746752301616e+00
8.921598513681806564e-01
7.687766696345479378e-01
9.709885201865235960e-01
7.227558740825719141e-01
9.851885491391336735e-01
1.074711349331180177e+00
8.307554847868862113e-01
7.276736764103259869e-01
1.029786879612336392e+00
8.132755589499476301e-01
8.692666079542978874e-01
8.900820114656780024e-01
1.011142038233894702e+00
6.019213177625545308e-01
6.865034305950541427e-01
8.919910682991466500e-01
1.173596609415929581e+00
7.292803995855636767e-01
6.643907669672173277e-01
9.983842100185498225e-01
6.864524786891438302e-01
8.438694885778221799e-01
7.534834389882627548e-01
1.101237013329747105e+00
9.008363811161984591e-01
8.474507297239695092e-01
5.730518090704321832e-01
1.392031219240433382e+00
8.929862744078498338e-01
5.884640605923882051e-01
8.117686183527418331e-01
1.193173313320504247e+00
9.271845517509188506e-01
1.246944949903808997e+00
1.004158362062864462e+00
7.069945485661315310e-01
1.134191924216138014e+00
8.462330211432474991e-01
8.929915708113406181e-01
9.282926529308358488e-01
8.464999455358271918e-01
8.579727016001149620e-01
6.403669238656077844e-01
7.838387358065316279e-01
1.130425718782456901e+00
9.510003558656389133e-01
7.851297995311101729e-01
9.011078870355446746e-01
8.808321069362370359e-01
8.858631039922446604e-01
9.382992613031598816e-01
9.211953972314812500e-01
8.720852088141046732e-01
6.337798175274520496e-01
9.323260689352363961e-01
1.015508913036140770e+00
1.029068179661966287e+00
9.519850633493036618e-01
9.166340496624384437e-01
7.258541232577137015e-01
8.965742005295057604e-01
9.419592664544729210e-01
8.609398892467995390e-01
9.860576266979727000e-01
9.031579762008693502e-01
7.321109286819541540e-01
1.185176243410427821e+00
9.835477989177954239e-01
8.015992380306966592e-01
6.256110241864697441e-01
9.018771488465221475e-01
1.183470984252527280e+00
1.089997856594318693e+00
1.057411437983233116e+00
8.308145607017619616e-01
7.723664850359183154e-01
1.065760771505392945e+00
9.082009891833306980e-01
9.130193923678563417e-01
6.965970763046070990e-01
1.264944068889325646e+00
1.065287868580892860e+00
1.122791777903987320e+00
8.638842787514812160e-01
8.675650340010985229e-01
1.317252513624630028e+00
8.102590329725027907e-01
8.529989004221069093e-01
8.963401619346044180e-01
9.517647739808373641e-01
8.086904864480921606e-01
1.033146160728912966e+00
1.524107465038140985e+00
8.595377267630354146e-01
7.368049915821272000e-01
7.439363059379340282e-01
1.189071653602616463e+00
9.903699499293684427e-01
9.109302722771497329e-01
7.704329156177119886e-01
1.061815074298054329e+00
8.012061580005649386e-01
9.078440572638278860e-01
9.227406692268803612e-01
8.415384181661875740e-01
9.347621145612150517e-01
7.722486519528797277e-01
1.149962568580529254e+00
7.546883299689653990e-01
7.435137144000981690e-01
1.107434298305241649e+00
7.869683355363723543e-01
9.618442347317807117e-01
9.840433079900585689e-01
8.192744397285737223e-01
1.143707854611458519e+00
6.478956695393079945e-01
7.845947828430720472e-01
8.191215421384674400e-01
9.744635996034665126e-01
6.365063010654108400e-01
9.931438434215298372e-01
1.121071170099120495e+00
8.602674306018500694e-01
1.305516747144586764e+00
1.220379406680195400e+00
8.390401870938685169e-01
7.697831257504357261e-01
6.558840783677913899e-01
1.083690404724842127e+00
8.916916984728384676e-01
8.094836945147709795e-01
9.272777730486586600e-01
7.827102782541951465e-01
6.302442973775576052e-01
1.088255382897526768e+00
1.052809775654510949e+00
1.131394197460168449e+00
7.865860311259593729e-01
9.093583463713678094e-01
6.882414442050900361e-01
1.151928329259950257e+00
1.019099855239566699e+00
6.320518507424086607e-01
8.854100065697604327e-01
9.433620220895330144e-01
1.181709209991079090e+00
1.053763414310538327e+00
1.168397564847706294e+00
1.048580036390304615e+00
6.432304289923492790e-01
5.979430615785663594e-01
8.860377663960397054e-01
7.524991338865825163e-01
9.935603101201354592e-01
9.272260872658548703e-01
9.387935030420581084e-01
9.762814301719212606e-01
9.863403549587153041e-01
1.131226470600226630e+00
9.681871821566566672e-01
6.775792234891211407e-01
8.392681556578462931e-01
9.426213854696858796e-01
8.985941495494299547e-01
8.745727590811535057e-01
8.588224207878362160e-01
6.990643055493847013e-01
1.047263524672172874e+00
8.711427446408728237e-01
6.543802278245611781e-01
7.999611785488720539e-01
8.359713968477814339e-01
8.076994375266149939e-01
7.346177656024944769e-01
7.335487427096352153e-01
1.281732469659090601e+00
1.123797925526179409e+00
9.380605597199999091e-01
9.145479317441700395e-01
9.534617918400956071e-01
1.146020502633232629e+00
6.776672554321859776e-01
1.198368934314670620e+00
9.404390966731042134e-01
7.610625378520912143e-01
9.294570810466474819e-01
7.620509499457028824e-01
8.482444547396452705e-01
1.111200108935680664e+00
6.895206550232059195e-01
8.889715539631354302e-01
1.034816597588231080e+00
7.473773214548862232e-01
9.536223797032481464e-01
9.720257407996122367e-01
1.284971340824461405e+00
7.143243798711467196e-01
7.726131494917158893e-01
7.015655358204466729e-01
9.616372569017757055e-01
1.426085035278228164e+00
6.287561434748906164e-01
1.032930086881234333e+00
7.825251619043691598e-01
9.712205771339124105e-01
7.754765743308938974e-01
9.583164558302068592e-01
1.119700593112902043e+00
1.055861576279157887e+00
6.656170258402693829e-01
1.101961736234902789e+00
9.581420752469188562e-01
9.773670274459850260e-01
8.714817756654242853e-01
7.509536569164847464e-01
8.528971913830319940e-01
9.431733478644617197e-01
1.003904879858315002e+00
7.302643130301603724e-01
9.163854422264793298e-01
8.173721486007322623e-01
9.103011775837769326e-01
8.195309651821278685e-01
9.507705274185407340e-01
7.695911165371648321e-01
7.410301868634624478e-01
1.316637558750100689e+00
8.420822931425148150e-01
8.699207227494039074e-01
8.258223680148571999e-01
9.971998021224524056e-01
8.498249090037274245e-01
1.056920055259059410e+00
9.216698340191588068e-01
9.818643154238335669e-01
9.984583523047910747e-01
6.152722998447084368e-01
7.833440977041628006e-01
7.489534490225122632e-01
1.041698222733007606e+00
7.606691563352481200e-01
9.805183646651244311e-01
9.347717040210027362e-01
9.950830627168399944e-01
1.372839059481805624e+00
8.069593505857116655e-01
9.420846218068911204e-01
1.061444075372443230e+00
8.934588759670757385e-01
8.362405671278311248e-01
8.286693343306335002e-01
1.173865603598494678e+00
1.010015131993887483e+00
1.063436002154688254e+00
8.222764620472418073e-01
8.371110917103430360e-01
1.167354219715601271e+00
1.052271179271596413e+00
9.060107581935969989e-01
7.010245205374949773e-01
9.863370725575556497e-01
1.057371569135886924e+00
1.134831071969735428e+00
9.433847406818632875e-01
7.675753164158912734e-01
7.034197502207749642e-01
9.551451925038945134e-01
6.508249577945199871e-01
8.550286524949399780e-01
7.162025809718062241e-01
1.129334510992967999e+00
8.733563771080630200e-01
7.970063364783117610e-01
8.283327318102287062e-01
8.486920562310953375e-01
9.901143578605987594e-01
8.791360687675391361e-01
6.367814024722594501e-01
6.790993776423113193e-01
1.094720269216809205e+00
9.146329011684617427e-01
7.676913416622690445e-01
7.126461616926779152e-01
1.087542476830869020e+00
7.239425215576805739e-01
9.643391475442524285e-01
1.030518137400031842e+00
7.040081650145260106e-01
8.218807434176099713e-01
1.247772328423292443e+00
8.598951662528721007e-01
9.319400171212977035e-01
8.271055586846578489e-01
5.932296370126803886e-01
6.467794161620830096e-01
1.168449683786805249e+00
8.911502733795029219e-01
1.300338136001832012e+00
9.887224402633298936e-01
5.931269142815585038e-01
1.036447916672240899e+00
1.133198740948246686e+00
9.046984376253209836e-01
8.547148372017294715e-01
6.047783603184794243e-01
8.440289221714883938e-01
1.289441905944037181e+00
1.016001130126719110e+00
7.025778866582128579e-01
8.088548145155681768e-01
7.907504935499454213e-01
1.114169033365914219e+00
8.029879233657575277e-01
7.994563532708524045e-01
5.959052280194905293e-01
7.703805665963402438e-01
1.015432748963487342e+00
1.204169728067320255e+00
9.090983447772602588e-01
9.110781580408151559e-01
8.848770144863282727e-01
9.314620047002343250e-01
1.091446202216530770e+00
7.437475733119425225e-01
6.725486654565229205e-01
1.003096567727209676e+00
9.517289792009446803e-01
7.688195887536138917e-01
8.381803007538325412e-01
7.797757593439829105e-01
5.465906279164887138e-01
1.398032815381829330e+00
9.457318514472533577e-01
7.702119295224333362e-01
9.320902717061242404e-01
7.461056758065148786e-01
6.094338850035506683e-01
7.506319156775146384e-01
8.610658937647595046e-01
9.544349619590699607e-01
8.567362851067988894e-01
8.869386124859042209e-01
1.016307550273215066e+00
8.515926288944337674e-01
6.896947727481436141e-01
1.161990675610561352e+00
8.327904110351846967e-01
1.144117611854569283e+00
9.363547072875244570e-01
8.465525186062863305e-01
1.135796708839759805e+00
9.852862795868320145e-01
7.866272809217048634e-01
9.248705711573421695e-01
8.156962899100238529e-01
8.034680881269486985e-01
1.028943852469742515e+00
8.382250898440141151e-01
8.037064781545869563e-01
1.094729505479688836e+00
9.362880671519543396e-01
9.199016391034383622e-01
8.109337092555175541e-01
8.546963196821111275e-01
6.961610446644741490e-01
9.755129376141364883e-01
8.633328431831375216e-01
8.774721161495695476e-01
9.538738925991612216e-01
8.721160346121161755e-01
1.037664399339502719e+00
7.922950043599129577e-01
6.677603860908345457e-01
9.626376387430684023e-01
7.886837747250466935e-01
7.579763887914707787e-01
8.141903892025552647e-01
7.753484049497967323e-01
8.891184541509897787e-01
7.132268716634955208e-01
9.947967631109522202e-01
1.220198881513447464e+00
9.130784812382746196e-01
1.134373878889978648e+00
8.043908645783458544e-01
1.042156227984320394e+00
8.943325660759364748e-01
1.329409798474107562e+00
1.048847901649075265e+00
7.419814412146481519e-01
1.119651980104910294e+00
1.086435612906666792e+00
1.114014645787983593e+00
9.348706241970237141e-01
8.528492208963586174e-01
8.940518854393695314e-01
9.825311379254306754e-01
6.490018329806942488e-01
1.078075278883710464e+00
8.697649002411423913e-01
8.097097336959497849e-01
8.720423758602404707e-01
9.760358478290785955e-01
1.227805577725840980e+00
9.331328238234867234e-01
9.210249576733819943e-01
8.649493662149381201e-01
9.966492009969416532e-01
1.215017748882978310e+00
9.506679412575608223e-01
7.978558444721552956e-01
9.384111152696719138e-01
9.198771213019820703e-01
1.157395890567765928e+00
7.374528123319290529e-01
9.828215643199122997e-01
8.014531064953399619e-01
9.121567020659903102e-01
1.117128606454835138e+00
1.004213584976451967e+00
7.767059126519877399e-01
1.035128344647531007e+00
8.714488623344223139e-01
9.461561635142907711e-01
9.201094081387267698e-01
1.108833415495835473e+00
7.386764393520928174e-01
7.523058300725914416e-01
9.499839949332792299e-01
8.365934857870902519e-01
7.617421720281115638e-01
7.782079475331119545e-01
8.765368334965591979e-01
1.069180910617878233e+00
1.360711136559572765e+00
8.282788274059843525e-01
7.037552272170827239e-01
7.210049678042990129e-01
1.172574070617833142e+00
1.173838943963900094e+00
8.824988578056359723e-01
7.110463394922830194e-01
1.076660730736194616e+00
1.033248070371572958e+00
6.850378884516267197e-01
1.234950740033663230e+00
9.389459811695680669e-01
7.630082450991387821e-01
8.097757463709759351e-01
8.909064821615955143e-01
9.072517467213065956e-01
9.236889605907073753e-01
8.811060292461189158e-01
8.847602782881271999e-01
9.204533137230976880e-01
1.007717674373384442e+00
1.131694981285717994e+00
1.034720572672381600e+00
1.134856930962675703e+00
7.609378727684803501e-01
7.733062471545093519e-01
1.143884980715038635e+00
8.756120414859552836e-01
1.016808399167338006e+00
7.526185768573508961e-01
7.756837775853486772e-01
1.003367409782066400e+00
1.171537174279987603e+00
1.021674486569148499e+00
8.436435002870676936e-01
9.702947125430583242e-01
7.886420690080531148e-01
1.029339009685737771e+00
9.422834412959475436e-01
9.177528261858380887e-01
1.009926195026622953e+00
8.944924494093124956e-01
1.069688081422033976e+00
1.060246507661754656e+00
9.353195759132119091e-01
9.826577937665533780e-01
8.306531849147855695e-01
7.209573885802075255e-01
8.564711062108818496e-01
8.167717050923863908e-01
1.191545886626749651e+00
9.199887237561796827e-01
6.947115894200526220e-01
1.382103583182972661e+00
9.969357943993362170e-01
9.193944893317510525e-01
1.012766201118562748e+00
8.497349016939027555e-01
7.542958884027063382e-01
1.073977134241754339e+00
1.113165428472343788e+00
9.961840592175944531e-01
7.499916892564275628e-01
9.479613444089198815e-01
1.339106811842605937e+00
1.038187951830402467e+00
6.217341417081062582e-01
9.836387626531351014e-01
9.364291161089131066e-01
1.336030009033918553e+00
7.512588829244523092e-01
1.098571606293020864e+00
8.279425696278458480e-01
1.033189762838005343e+00
9.493127338662067372e-01
9.047021609744470005e-01
9.254929721614655325e-01
8.492135878709199392e-01
7.333897777348314939e-01
1.045184485858778656e+00
6.892016560451871277e-01
7.329393374156846219e-01
1.043462786824040256e+00
9.123706350660047981e-01
7.792470482850288871e-01
8.099136040907943812e-01
8.123959615672062817e-01
1.044164277095254167e+00
8.465828020605390414e-01
7.520448361545747362e-01
8.675144020882075147e-01
1.128668066331112607e+00
1.034894857535431534e+00
6.364151605082086771e-01
9.375442952390505846e-01
9.195629506388268704e-01
8.873305052938887938e-01
7.870520208860244393e-01
1.229304392176348459e+00
8.584209260090605031e-01
8.543356876461862814e-01
8.645903533104660754e-01
9.423865117778196243e-01
1.038304532469343622e+00
8.061372642517755649e-01
1.031305233137456812e+00
1.050779466313016997e+00
1.016548852212306286e+00
7.114337133928305690e-01
1.183250358975388661e+00
8.689728145022977968e-01
9.933789516117889073e-01
9.270197766522390026e-01
8.096451464521003949e-01
9.074095707426788060e-01
8.863492840414554097e-01
1.223750365005488172e+00
1.147950115150938588e+00
7.455089235683579618e-01
1.005350205452470780e+00
6.463862497084575942e-01
1.178464790270124185e+00
7.336097964184713494e-01
8.803125716618298569e-01
8.889062246117678256e-01
8.154252123170033784e-01
1.149503263958037813e+00
9.117194176820550000e-01
9.547931001700373788e-01
9.183484380540835046e-01
1.162052339829900749e+00
8.161291409130122521e-01
6.034981793142518702e-01
6.415231832594811001e-01
1.144748565875409518e+00
9.932940115721244911e-01
8.544228500918378266e-01
7.469230012293797127e-01
9.069969613069114311e-01
1.087102288906227843e+00
7.333821142669569859e-01
9.685068057411965192e-01
1.098316354416666085e+00
7.352412255679371400e-01
8.978142607175650936e-01
8.613980496891914251e-01
9.504040477539962284e-01
6.479751444901937774e-01
7.235862576272581448e-01
8.646440475844474616e-01
1.154227189162616574e+00
7.945824295078903754e-01
8.697262296253150948e-01
8.304272472984719489e-01
7.485667421501449592e-01
1.042775714299354561e+00
9.922938432511094753e-01
1.023651532361328220e+00
5.936018771928253113e-01
7.896076449349057613e-01
1.012598927536073390e+00
1.036414372121272631e+00
1.173283489267095137e+00
8.245076771933378401e-01
1.082901363725257582e+00
6.738844795541301114e-01
1.027383470525387699e+00
1.107073127756155184e+00
6.840384440019529055e-01
7.879878610035762065e-01
8.597873800535991151e-01
1.032017167253853840e+00
1.172566101397487959e+00
9.836290025165904671e-01
1.248043702456978377e+00
8.145840852918359021e-01
8.383925409315965416e-01
6.389691616903802052e-01
7.909263942371417277e-01
9.831350568585114358e-01
1.015182888447540011e+00
9.233776367698586229e-01
7.963648413594096587e-01
1.046560499248960108e+00
7.804593963678178037e-01
9.686004197156214968e-01
9.317510596200080375e-01
1.433198615417059285e+00
7.550524243456419038e-01
8.388903797870709278e-01
1.109734185700996134e+00
8.144612292087769490e-01
8.444490328680340774e-01
8.364537275935109983e-01
9.412790728560578302e-01
1.194897617975010817e+00
5.369381832237744012e-01
1.153289905289383910e+00
1.209399897036596228e+00
8.748684617687245701e-01
8.596440347711109542e-01
1.020275417361178993e+00
7.612832357806355033e-01
8.490004194306395302e-01
7.873291182455963710e-01
1.141420415097788910e+00
1.027817400457933239e+00
1.009818364752220532e+00
9.620072408114466178e-01
6.837400422748113327e-01
8.744400041207361918e-01
9.199213546447921885e-01
8.846595525734661791e-01
1.212143102383403503e+00
9.973411025229825810e-01
7.533311381347692626e-01
1.028172194053332822e+00
9.098726079708480130e-01
9.111291111769778128e-01
9.504257924242962563e-01
9.208736330103494128e-01
1.014073677284553332e+00
7.844536368860692832e-01
1.141021499787665094e+00
7.701430723416844426e-01
1.040725748169787579e+00
9.637584788855004803e-01
9.256504245307164425e-01
6.230630367524031543e-01
1.270848965131497144e+00
8.967220387863924502e-01
9.707004938022576468e-01
9.890607642749110751e-01
7.896766013287651598e-01
1.035458617753255650e+00
7.551034399031464339e-01
8.523763435909216257e-01
1.454211628546969504e+00
8.570244973321824444e-01
7.914516917549990760e-01
7.726743305205580059e-01
9.526461499379503817e-01
1.166155792026907889e+00
8.817250582787542479e-01
9.557070111945668023e-01
6.967590413917597036e-01
1.031968388432831896e+00
9.563748024451266261e-01
9.261305703646871557e-01
9.320951749337853531e-01
9.250851055638887876e-01
1.138820612784481989e+00
1.176629032702842359e+00
9.722334653565762874e-01
8.004231452890303578e-01
1.177832659837050988e+00
7.071713720249976909e-01
1.052057792837780559e+00
8.859199784800106947e-01
9.622826376824294980e-01
8.216459792769440496e-01
7.693297643480662140e-01
5.925460548829583063e-01
1.242656840753998848e+00
1.086126916284724686e+00
1.123499356960161899e+00
7.850409314520729875e-01
9.517386563855843029e-01
8.191494667898124860e-01
1.090615142878142318e+00
1.022553473944369129e+00
7.349480901913221231e-01
7.437844829279146586e-01
9.152337828768570827e-01
1.079185003929077347e+00
1.328551474499607865e+00
8.803527372395543171e-01
9.567587975710398762e-01
1.062936282065550131e+00
7.166633987006645334e-01
9.869728789081975151e-01
8.562473836722765963e-01
8.015231227132662006e-01
8.693872075497036667e-01
9.542142684221164295e-01
9.046756617969068381e-01
1.387751687580344395e+00
9.352642969076878643e-01
7.215127844233263366e-01
7.432940331796991096e-01
1.175825036428183701e+00
9.494026632294833012e-01
9.564486912400838037e-01
8.851059139555764732e-01
6.857410008101331167e-01
9.821758855347018091e-01
1.007515742444058171e+00
7.312620941434628818e-01
9.104448475976815169e-01
8.139053647482275000e-01
1.109973016172640214e+00
1.086778205621581339e+00
7.204548987519816539e-01
1.100450973615288097e+00
1.310277646382590033e+00
1.122357872306095183e+00
7.484095986288882285e-01
1.123799620103062891e+00
9.962091543592874743e-01
8.266146866486989708e-01
8.676254795210660564e-01
1.061563031590370798e+00
1.139561719052852862e+00
9.331229312465788572e-01
8.794552966052954224e-01
1.126631858364200545e+00
1.337684785564444034e+00
8.878047343873788355e-01
9.821406376381955905e-01
8.181670087328973828e-01
5.768062329509874298e-01
6.745498584251674590e-01
8.258282192731793980e-01
6.842896245446107306e-01
1.009641632450038129e+00
8.925512156077799464e-01
9.212092281543734495e-01
8.358343643348737917e-01
1.239104979534359163e+00
7.335626437660339727e-01
1.054386991401939033e+00
6.948688923741386247e-01
9.360169773550868211e-01
9.827363364867000017e-01
1.119352524287530182e+00
7.549378229698558984e-01
6.081689316435410220e-01
9.038627085667553240e-01
9.315360163412206296e-01
1.015449237302372687e+00
1.014681216067974567e+00
8.798363636972401647e-01
8.364140176196371845e-01
1.050765434985225122e+00
7.267249008875837912e-01
1.261797738955608983e+00
8.584807775273184394e-01
1.170921446546038025e+00
6.751971543395089981e-01
8.508757531053657841e-01
8.501165033781303837e-01
9.449530149495736220e-01
1.103585327827300899e+00
7.768781628513686810e-01
9.031066882173035548e-01
9.914025689431688049e-01
1.072464989244112488e+00
8.654969428157461842e-01
1.035105492247532233e+00
1.000253522240304838e+00
8.491670329681761942e-01
8.347465099066363470e-01
9.227615460899988298e-01
9.593075183121942962e-01
7.790472749173237288e-01
8.905549490991024886e-01
9.889092540652448804e-01
7.786111664727316528e-01
1.093916979329248917e+00
6.690506909972623317e-01
6.380526056494945086e-01
7.305317610048639443e-01
1.228264337636538528e+00
9.452145502765879614e-01
7.828824636350263377e-01
9.727469884224930752e-01
8.386792059296627189e-01
1.002475799123435873e+00
7.679601889717475593e-01
1.310581618039998508e+00
1.027861386569187241e+00
1.103913071243560307e+00
9.147116831382928748e-01
8.666077631540805015e-01
5.968173236015930083e-01
7.680725769658051094e-01
1.031827284107908360e+00
8.792854992904188816e-01
1.066704604553177616e+00
9.133989566413635020e-01
8.863502943293829484e-01
8.342441705463532475e-01
7.680142849722892961e-01
8.261106013039772877e-01
1.362696036965672652e+00
7.861583804453335933e-01
8.314946752964147425e-01
9.991425888658675980e-01
9.876873241653850721e-01
8.971756384685063423e-01
7.941750991539713311e-01
7.864904847824325529e-01
1.050925674254808984e+00
1.094037881267216239e+00
9.370354340817819150e-01
9.068898437953025748e-01
8.873542142924341070e-01
9.420597569165193308e-01
9.261677324230966901e-01
1.032357166945297111e+00
9.944119199264874753e-01
1.033909582787850612e+00
8.043582846410242126e-01
8.292836362609306011e-01
8.693975887082764364e-01
8.459316318519439770e-01
1.214866669100159724e+00
9.088352820586965697e-01
8.604201347468602989e-01
8.425691827530096267e-01
1.000816997992017843e+00
8.589301536466301679e-01
6.998816371534183345e-01
7.141543097514538863e-01
9.727011609790932045e-01
1.025021698606860321e+00
8.839371976233154626e-01
1.083337027265869557e+00
7.502788485022928722e-01
1.194673479046212794e+00
9.937820954588985067e-01
6.873808777759145006e-01
7.486851146551369851e-01
1.081282908592175795e+00
1.184995298693549914e+00
7.107885726380800406e-01
8.138562418471265714e-01
6.663748159003469729e-01
8.223835145568463290e-01
8.615226683045179579e-01
1.002773613069922964e+00
8.667197801993017370e-01
7.785455411770408896e-01
9.968903829992646903e-01
8.816532962451654187e-01
9.254667563240225325e-01
8.469016605484590565e-01
1.132671797873055608e+00
8.395094985748351446e-01
1.210550998222168495e+00
7.028870887641576193e-01
1.148159661533483700e+00
1.073959069378144005e+00
7.686290577523259282e-01
8.997281083696249127e-01
1.204228103029822972e+00
9.191837408973027035e-01
7.854128894055013577e-01
1.016551975099487803e+00
9.443220553045743593e-01
6.526776556413788066e-01
7.864064037023892340e-01
1.179601435280368316e+00
7.889024712528622807e-01
9.142046162708042933e-01
1.208698688042090685e+00
8.396716531819433671e-01
1.124841146746754061e+00
7.065082897749098700e-01
9.341416084120313101e-01
7.792690796461123615e-01
8.154562484171099523e-01
1.236704714764267576e+00
7.843038400462746251e-01
9.493757010296676180e-01
8.902206832546035731e-01
9.643863509211290097e-01
8.226359468133684905e-01
9.394666899014602057e-01
1.101918139395593466e+00
6.858432954609443577e-01
8.972101665799872006e-01
1.203613731098595707e+00
8.860349655090177245e-01
7.101165934896919163e-01
8.630225398993049968e-01
1.054862979811159285e+00
8.446540855946194082e-01
9.701669966856746319e-01
7.300002394679803164e-01
9.294469608941410277e-01
9.447886873750759307e-01
1.048872924642494597e+00
1.043749213920682539e+00
1.226699166942406549e+00
1.211585418894862709e+00
7.831486528345898979e-01
6.260348265069413110e-01
8.974099064731764219e-01
8.160937471835700840e-01
1.064183497659184630e+00
6.598806054110248898e-01
8.287646875087787413e-01
1.208034213477998442e+00
8.996813223591723085e-01
9.957743381273937988e-01
7.215367405101253961e-01
9.099184611541039081e-01
9.301095890065588234e-01
9.259849228903257456e-01
7.491488092025621048e-01
1.014147390166788121e+00
1.027346365669028039e+00
1.035047725845271716e+00
1.064414422623296552e+00
8.751961097236582443e-01
1.041367882960158919e+00
1.228334912838460413e+00
8.075893881486492232e-01
8.995783042589078349e-01
7.337332395701900989e-01
7.755133808392727923e-01
1.286875787004392091e+00
8.806285142981730152e-01
7.584837437006343164e-01
1.301237270874628260e+00
9.040986874620067226e-01
1.231087250529245614e+00
8.723837397928116966e-01
1.133497664757701306e+00
9.261806502793094031e-01
7.565340597035840053e-01
8.262522676698474955e-01
8.160896004091100497e-01
1.076841156138618860e+00
8.769628716825149661e-01
1.093880680143070716e+00
7.480637045153862852e-01
1.119127255739576832e+00
1.060162232376460123e+00
9.709102930066310089e-01
1.033750372215557878e+00
8.209471974160662544e-01
6.459382930053656491e-01
1.058300863962903460e+00
8.875071636363018879e-01
9.098764665059945189e-01
7.652112618811315325e-01
7.798173702469890500e-01
9.600404434359698369e-01
1.063059370641963763e+00
7.965363630065623868e-01
7.078938587994130227e-01
8.121953083507932325e-01
8.053125820634440268e-01
9.762992573625571824e-01
9.974194752589875534e-01
1.367697085000625368e+00
9.895440368606409631e-01
9.025809913493851866e-01
8.394471373543684889e-01
6.096250250810775206e-01
8.243086943126701760e-01
1.016586737231977677e+00
6.004499110114818183e-01
1.094025900204248059e+00
7.508680599246696508e-01
1.061900615282679317e+00
8.125695317459581402e-01
7.682552230452185382e-01
7.855159637651015769e-01
8.651394600748333330e-01
8.876007714443362451e-01
8.676227088794414843e-01
1.067357293629161319e+00
8.021471159948416751e-01
7.523356997387505851e-01
1.133016184283977879e+00
1.112147961368384230e+00
1.012226242484055572e+00
1.096540070265829225e+00
8.803711136237755142e-01
1.152408691575670829e+00
9.500369236483878765e-01
8.644967095605013974e-01
1.024303251822002991e+00
1.030022387734135680e+00
9.085207507431242169e-01
6.574695764187363789e-01
9.620146596788831106e-01
8.554967696447732806e-01
9.553736974396097592e-01
8.184152395432630067e-01
6.140949422346262399e-01
7.330862926829683213e-01
9.747002956426845666e-01
1.230155532946752617e+00
8.348408611494693154e-01
7.920129778141868915e-01
1.068250626928907154e+00
7.568900175366665151e-01
1.000021698968455164e+00
8.657866753285647921e-01
1.046372958787135543e+00
7.582876497116263215e-01
9.435491124171032640e-01
8.181171293545297374e-01
9.320089283091417265e-01
1.172229120107853406e+00
6.395067761055729383e-01
7.941465001771754739e-01
7.689057998181004772e-01
9.843355435713877499e-01
1.103846680281109327e+00
9.352688525938191999e-01
6.873491826612323496e-01
7.662628573801920639e-01
8.329580378409466856e-01
8.273776811132502740e-01
1.050046011412557156e+00
7.540599524755365879e-01
7.375033669116933810e-01
7.543461207234644084e-01
8.002465738549845442e-01
1.401429968232316803e+00
9.712720976741956447e-01
9.893241560697042525e-01
7.359316717942540054e-01
8.882374844065655806e-01
7.764858765248983108e-01
9.887311345350544567e-01
1.149370215361636083e+00
9.951381089675552793e-01
8.056161742775130863e-01
8.561490457211781147e-01
9.955468867941819067e-01
9.088889442015271047e-01
1.089878221821961812e+00
6.604530127371482928e-01
8.443338111650696698e-01
9.399591606144587219e-01
1.175895671695933675e+00
7.243509232113921614e-01
7.848902155519021928e-01
1.017103996238498009e+00
8.951161783601339073e-01
7.960833166460556942e-01
8.811951634966406210e-01
7.430113307608779971e-01
8.440519221865779853e-01
9.115217539697639815e-01
6.336274764890089672e-01
1.125439087686556983e+00
8.401300681573110607e-01
8.703518242994082721e-01
7.192841641959925036e-01
1.125083628470343600e+00
1.009580931956975958e+00
8.303354083885573500e-01
6.615513449244120325e-01
8.056058202056954887e-01
7.979446167508049692e-01
9.190200456633379478e-01
7.122709339092789804e-01
8.064996648390420075e-01
9.002767786460581512e-01
1.201760925441183181e+00
1.021188072520078594e+00
9.882733897656945654e-01
8.873670418854575637e-01
7.885974767845730371e-01
1.123840327070853906e+00
6.395461017165419149e-01
8.952545445363135901e-01
9.995471361349329564e-01
7.978376403848324028e-01
9.685765687843090888e-01
7.937124047287197337e-01
1.092138113150146195e+00
8.665397168820937468e-01
9.550878810399642260e-01
7.714724128760519495e-01
8.984887094809683727e-01
1.083790196902338687e+00
9.976239264859169120e-01
9.162242223420067333e-01
1.081663513249489172e+00
8.638330347187155311e-01
1.008690810793502868e+00
1.274312549605074008e+00
6.505789236171241052e-01
6.965949956972607993e-01
8.455683791915143965e-01
7.355699344518799032e-01
7.233324334140641687e-01
9.643261192148491201e-01
1.064805726057538315e+00
6.235652140159869683e-01
1.114572784683422579e+00
1.094964707108810442e+00
1.045791050340354467e+00
7.803705709612347441e-01
7.680589260127905771e-01
6.597953770647226879e-01
7.943551909534146693e-01
9.440086876525010107e-01
9.482232709559403894e-01
1.142767972784519248e+00
8.153765522979865565e-01
8.951717206296161411e-01
8.595170394531271851e-01
7.177835728922505876e-01
1.079567899858917324e+00
1.124834472183919187e+00
1.067820947772356366e+00
7.722400577540469158e-01
9.796165677780666048e-01
1.095051674040592671e+00
1.195574376920830462e+00
1.150381373904415527e+00
8.154589328807256843e-01
9.691813633723580512e-01
1.078735843722475218e+00
9.499490124855287654e-01
9.295745238498804852e-01
1.136627730518118939e+00
8.212660961758343481e-01
7.930485683496040217e-01
1.081219208555566968e+00
7.578692759602980722e-01
1.146294966527289239e+00
1.155935322136278032e+00
9.356419470217216539e-01
1.162256898724511212e+00
8.089932005676820914e-01
8.001391450535066951e-01
8.199957726595867857e-01
7.338545589685800952e-01
1.014307777556473278e+00
1.036965060727823129e+00
8.578893085190661960e-01
6.808348402888060313e-01
1.226455000841218723e+00
8.000732805681415316e-01
1.105772007758845321e+00
6.713724636528740630e-01
6.619000690970902046e-01
1.160486987630601208e+00
7.065213678294519628e-01
1.024370580781595041e+00
7.849151967204560654e-01
8.747383625473335034e-01
9.105353672747005245e-01
1.143794403022819317e+00
9.038324747169551587e-01
1.073627194118958350e+00
7.509066211588297790e-01
7.721349743381853425e-01
1.021632435812709794e+00
1.193499109629430288e+00
1.101599536045266392e+00
7.439864320821019117e-01
7.459202814050646113e-01
8.676510830953848563e-01
9.772648619112472845e-01
1.083769686132260102e+00
6.904030254341385620e-01
8.511361315051563237e-01
9.286060059860012927e-01
8.368527874968604285e-01
8.964161061024262800e-01
6.156576014646819583e-01
1.037748623904187317e+00
9.248309174482034489e-01
1.130121115323386993e+00
7.410290744884669989e-01
9.260062763922757290e-01
9.309002004227041605e-01
1.084244299145665336e+00
9.604387318432978660e-01
8.205134093972160647e-01
1.247441910565426637e+00
7.118016615720147433e-01
8.629684096150581629e-01
7.414273303368645873e-01
1.043635145487010751e+00
1.007893486291574048e+00
1.044889260911249007e+00
1.235984749489560830e+00
9.094958618393371719e-01
9.301399448444793716e-01
1.052790193284836251e+00
8.043728676748481687e-01
8.851258310788623351e-01
9.817564361706360154e-01
8.190317110564587777e-01
1.040193699860395560e+00
8.732039458282732092e-01
1.010160200800535923e+00
7.916576757050477475e-01
8.805215267951557179e-01
8.387287781512090534e-01
8.098824722235037354e-01
1.067480718581079513e+00
1.013550783807064093e+00
6.676839016915234737e-01
7.832341234715066713e-01
9.623374151795808240e-01
7.936100510790760065e-01
8.154900763960321042e-01
8.236619140436691744e-01
8.097448320731296389e-01
8.559548474535443319e-01
8.588601484087713400e-01
1.081954672017821251e+00
8.487844636229635586e-01
8.232439851383507312e-01
9.480274971848868804e-01
1.050910463911620685e+00
1.204736264448379890e+00
1.115866834029718424e+00
1.023227470096244929e+00
7.555314469637475217e-01
1.090268087819681764e+00
9.401651247168983927e-01
1.100005030731805888e+00
9.305252061529500907e-01
7.281683193355287242e-01
6.823776453470263847e-01
1.037252503824038774e+00
8.951012038773616952e-01
8.231324272328137681e-01
8.119056838887568350e-01
9.662558504200803311e-01
7.667095100533375396e-01
9.161584762671826088e-01
1.109945251718705839e+00
8.186010558643103119e-01
1.074829864375747457e+00
1.149729851534641467e+00
8.071118582621231718e-01
9.550312072386467621e-01
1.061570221148855575e+00
9.756049323272411034e-01
9.545711705900224997e-01
8.972432282237885470e-01
9.928000008734814141e-01
6.547904438753382461e-01
9.544206733015736521e-01
9.616424795629234801e-01
5.864105201616088836e-01
6.818777565154802156e-01
7.845174440748071687e-01
9.959698559027846398e-01
8.690722577046663400e-01
8.299993217390634337e-01
9.654306431862927917e-01
9.076276484208680717e-01
8.065930152999931657e-01
7.059442679990316494e-01
1.127547168891592788e+00
9.710364088470030408e-01
9.908649895351707704e-01
7.496783701517772958e-01
7.776688009101669907e-01
1.041226257543488742e+00
1.034528840039002695e+00
7.647591058978664424e-01
1.131443828834920007e+00
7.839288181552152013e-01
1.011707634813227896e+00
8.273065793354711372e-01
9.338833796743060134e-01
9.407083832553003733e-01
7.908321863601348589e-01
1.009108807974713917e+00
6.905434136448906912e-01
7.792288335413688483e-01
8.669685110808885709e-01
6.627866272687027438e-01
6.229461137678057314e-01
1.073567673489298269e+00
8.372915062150450005e-01
1.573046737800639416e+00
1.235876459599388522e+00
6.520234583723271138e-01
9.097813989892183928e-01
9.445794032914868188e-01
1.234749073178807555e+00
1.004014833727656431e+00
1.159994286740930969e+00
9.785220241671427344e-01
9.997394834050299384e-01
1.030595640037216043e+00
1.081460411573825331e+00
7.089378997142843364e-01
8.570443776500028532e-01
8.187032919492083227e-01
8.624126980397912590e-01
7.282835228768178570e-01
1.151331874483175310e+00
9.249920190683902366e-01
8.664264282341059831e-01
8.820901428893201945e-01
8.311392987697276968e-01
1.205218451182338502e+00
7.138883818379888613e-01
8.066093736898812816e-01
9.216620075731558615e-01
9.329096129030910456e-01
1.124241422721451000e+00
7.351390906506050094e-01
8.575706326840706328e-01
6.401628947563747785e-01
1.406863889807153711e+00
1.014327254252284094e+00
1.082581083933742860e+00
8.472971816603273032e-01
6.405324696644597582e-01
1.287968357034553035e+00
8.493490477798513183e-01
1.029878459982927819e+00
1.130638384741389002e+00
1.188621909967091828e+00
8.159062433016315286e-01
8.218135678593067039e-01
1.189188921288018008e+00
1.315616927297530880e+00
8.710718347043188148e-01
8.086501719679028977e-01
1.123815949927479574e+00
1.087218340154985308e+00
1.127637618743894565e+00
5.810592192789024724e-01
7.821967886906067147e-01
1.046987461074034398e+00
9.983900055200244372e-01
9.511364859202962041e-01
1.219186357126095910e+00
1.035854787240242603e+00
7.343881665774146805e-01
8.910765374546065765e-01
8.682382838113724688e-01
9.510626157263759595e-01
1.150299363597879099e+00
7.002754458119783143e-01
8.516485232425158314e-01
8.828879491265667623e-01
1.278195139886634024e+00
8.594611169850399079e-01
8.354701790563739960e-01
9.777996654447419500e-01
7.419377894554092245e-01
8.730142736976389539e-01
7.115651440317261045e-01
1.053126779036242189e+00
1.016466628081259982e+00
8.146371577938695818e-01
9.248769296936522055e-01
8.809892445815955542e-01
1.250566300781386309e+00
7.560427575549989454e-01
8.044165691550374531e-01
7.351413303395260002e-01
1.069889779722299705e+00
8.908045168473990305e-01
9.738412397465067150e-01
8.516770543728328091e-01
1.041375012380748810e+00
8.934285657300485850e-01
6.377821174671969295e-01
9.582531050467466560e-01
9.241864203729923677e-01
1.099481289642936011e+00
7.952934431154387029e-01
7.861109735657190178e-01
1.014694798672100662e+00
1.320680890972153465e+00
9.241866994797948154e-01
7.404237630901643330e-01
9.955223321648167811e-01
7.491307022595841136e-01
9.864669236587055856e-01
1.111872201599723553e+00
8.651042069279425428e-01
9.024200780776466813e-01
1.165407400581093045e+00
1.403494144900967910e+00
7.595862451054865572e-01
1.069175716032733758e+00
1.088246611280181853e+00
9.130750828332344637e-01
7.495190758318409641e-01
8.866887552928212068e-01
8.450637994464819114e-01
7.751434322973692614e-01
7.085174175804849206e-01
9.697470600142567010e-01
7.097903870478520227e-01
9.733299278674291122e-01
1.087697390356254568e+00
8.354600597408659013e-01
8.284768678850190637e-01
1.066667939117737607e+00
1.138229634241565424e+00
1.033684033367594957e+00
1.014591860326787609e+00
1.000708884548253463e+00
7.202243367333749369e-01
1.077509367095514481e+00
9.783155649493272543e-01
9.256145750840294451e-01
1.048050663552029027e+00
1.041963056101470553e+00
9.168565154650177851e-01
7.424192951734076562e-01
9.079480340203565092e-01
6.366790815958691674e-01
9.017802399459535767e-01
9.069468012198106388e-01
8.583370170052778692e-01
7.409879979873612577e-01
8.880704379867788711e-01
1.068542560025161015e+00
1.313452618829838325e+00
9.215665438499452966e-01
6.999187309349725883e-01
8.609822202286336879e-01
7.895185944999554284e-01
8.872175729525630938e-01
1.095450402274195545e+00
1.049983844068496097e+00
1.105012226971829659e+00
7.446813732782845419e-01
8.180212575711938161e-01
1.322003442429909192e+00
8.605576300030683967e-01
9.590628102187659376e-01
9.013538981143042195e-01
9.327680191820838518e-01
1.023748897550906367e+00
6.393570683161550194e-01
8.338953784447286077e-01
9.122070791124945455e-01
8.858566825459103233e-01
9.030271734853941856e-01
9.035583626020122772e-01
8.854383576596583927e-01
7.396042186832011422e-01
1.020845434840692789e+00
1.179507400624124180e+00
7.347715122818166966e-01
1.215421725730505997e+00
1.034367253124784281e+00
6.940844725178272334e-01
6.465180492782583999e-01
8.819188129474003768e-01
8.291644500273294138e-01
8.889560211557169245e-01
9.227900599371526846e-01
9.338075988320916343e-01
8.526214304872336003e-01
8.908261539604864776e-01
1.138773348909740246e+00
5.456820741812319353e-01
9.785714105340314051e-01
1.337146604112183779e+00
8.332523417872564897e-01
8.592365621440020140e-01
1.000918879608676537e+00
9.370264980463065552e-01
7.947672342961648040e-01
6.853552620193185119e-01
1.104438906977657897e+00
7.589665025735468085e-01
7.570812609793061698e-01
1.057425900650261763e+00
1.232056930939962935e+00
7.734664017940994230e-01
6.720870255563642370e-01
8.546775209381477501e-01
1.098193598241179680e+00
9.791992007322281033e-01
1.305332380830187766e+00
9.639561664691733700e-01
7.485452435275143923e-01
1.087567722091338673e+00
8.848018680179631223e-01
1.146277949029395726e+00
1.091805930283584525e+00
6.812442458195187012e-01
6.505393962611002445e-01
1.066506564367119658e+00
6.675151042697536896e-01
1.074920439551285245e+00
9.160709072314141554e-01
1.545601285497113064e+00
5.783216012146138452e-01
8.835867986065776281e-01
1.002022271450199176e+00
9.868890448540886817e-01
8.075479820940087983e-01
8.948941693626005778e-01
7.708031780353647999e-01
7.057814775808303187e-01
1.076187699977237511e+00
1.317145746341041646e+00
8.585658118261078053e-01
7.254739032413934918e-01
9.236982886999098863e-01
7.901017692906560086e-01
9.249299644370189144e-01
9.757336377231398128e-01
9.087846087887199165e-01
1.061141350464189115e+00
7.497337393140206530e-01
9.535683088642955552e-01
1.031139062113274552e+00
1.036435777843125683e+00
8.426569885480360567e-01
9.604317311630370391e-01
8.617607595121740127e-01
7.950470850070313622e-01
1.106121414249559010e+00
1.054421750062806584e+00
9.528701837422709486e-01
7.737413639012508115e-01
1.109244493214020189e+00
7.702898145390102425e-01
9.949143666238594585e-01
9.626202845042903800e-01
9.128128662353611755e-01
7.629667645029416523e-01
1.095795647379048221e+00
9.582360156717741884e-01
8.702790828715589733e-01
8.023961352051929286e-01
1.088206349378065596e+00
7.812425191104177546e-01
7.889761513207210752e-01
8.017035138492079049e-01
1.133249245137898820e+00
9.061441367917449918e-01
6.394869318738928277e-01
7.822211259924495286e-01
7.479811486630728590e-01
1.207714040827684965e+00
1.314119130727684714e+00
8.623820945785962699e-01
7.924917282325375512e-01
8.788416088614048327e-01
1.099729549854431054e+00
9.725092230806240412e-01
1.048725632450244527e+00
7.081339799175467853e-01
9.398736551481471357e-01
1.345169662954515344e+00
8.712176062235372775e-01
9.472168853819548096e-01
8.951309829774538596e-01
1.068851308522695609e+00
1.312868701554524842e+00
9.115452918923615533e-01
6.609177451520436009e-01
1.010533491905691417e+00
1.073577372030439347e+00
8.697968476885127309e-01
1.041384851776305576e+00
7.505746619538186115e-01
9.004397072926211276e-01
8.154740983647416064e-01
1.173202062591882200e+00
7.068834880062050408e-01
6.719881351454430884e-01
9.292811902367945631e-01
1.031996310269838624e+00
8.478735218127382289e-01
7.791121972890625580e-01
7.144198073840440921e-01
8.398443349249954393e-01
9.685200697418551163e-01
1.020882135840050386e+00
9.860851967488035719e-01
1.046061003254477040e+00
1.070486550994507402e+00
7.328657050553794017e-01
1.043557443244039096e+00
7.668435108475654127e-01
7.313638224986542813e-01
8.445694092140031417e-01
6.739461744290778933e-01
6.862990329672290502e-01
8.579642440443326912e-01
7.591943303083690253e-01
9.194469780476358656e-01
1.000350597069910918e+00
7.320707798096857122e-01
1.226163704748429284e+00
1.349934523201032688e+00
8.374428326586351723e-01
1.033128566908837476e+00
8.873344584152447201e-01
1.350812699040743636e+00
1.135215215426482960e+00
9.014777234746403911e-01
1.055787617262639921e+00
6.914899761680607382e-01
8.189869409748123941e-01
9.292179207908694005e-01
7.442143359881571163e-01
8.358889525729140679e-01
9.838843522813062181e-01
7.060516632321922614e-01
9.707194015175779622e-01
9.560078432889529410e-01
1.435707024089319273e+00
6.131705438628435312e-01
9.164098999444643123e-01
9.060900799961038032e-01
8.790728671564496111e-01
8.217254370424167398e-01
9.609859624265209010e-01
8.881605230177953558e-01
1.009441150824380351e+00
7.548985343590616237e-01
8.516463200928132693e-01
9.703698661613283649e-01
1.063264832332343479e+00
7.991772607824373376e-01
6.797150062889545374e-01
7.726513012620483956e-01
9.059952304026682723e-01
1.063953044343440402e+00
1.094260640935799112e+00
1.034630444166919405e+00
9.666792846461687017e-01
8.535036664447233079e-01
8.600561120408678484e-01
9.798867308552198230e-01
8.971316217936914361e-01
1.073823405652174046e+00
1.048220311049374631e+00
9.943053921352452695e-01
1.143931814990296836e+00
8.952677808554017069e-01
9.140094670516666353e-01
1.116289308769049304e+00
1.091365643572517197e+00
1.065825120637787116e+00
6.870420240525153543e-01
8.509250318545603653e-01
6.971545095335529574e-01
1.006796099115770282e+00
9.807021289676077780e-01
7.457942205174832306e-01
7.818920681199357237e-01
9.673535386604822373e-01
1.081451415199442323e+00
7.431357787239905033e-01
8.858470740617390149e-01
8.951331808128920597e-01
9.039893133600835906e-01
8.492987717029687467e-01
9.720817918539494951e-01
1.055134030090438824e+00
1.223107546804989232e+00
1.046950634134972136e+00
8.936148917335356989e-01
8.559924400817676693e-01
1.005463393059064847e+00
1.102548024894545176e+00
1.024519692459808118e+00
1.026343002802339699e+00
8.998250771107663137e-01
6.615212265677443693e-01
8.798458085667592021e-01
9.078753666084389273e-01
7.706607624994230576e-01
8.989083483798835372e-01
8.352031963717063690e-01
9.015810332611813305e-01
8.561317886649298936e-01
1.074204787433626018e+00
8.014596962515545542e-01
7.875221772997682557e-01
7.690985273172213921e-01
1.185554788512265700e+00
8.995504577932600387e-01
9.039944357244743545e-01
9.755548316989222091e-01
7.328655287968633969e-01
1.026116348487642993e+00
1.102503675748237821e+00
7.496757427193181389e-01
9.877198579405630507e-01
1.081871143426620163e+00
7.501624458101546766e-01
8.558307195689733859e-01
7.842750971256998715e-01
8.675509315696291468e-01
8.399935742491663193e-01
1.149836624259224838e+00
8.543686260600542592e-01
9.018448856052121432e-01
8.415029823852112623e-01
1.033727674149748976e+00
1.011154476367661204e+00
7.979039768967975954e-01
1.372809012361161818e+00
7.187571206087740583e-01
1.332396328267140273e+00
1.015337431981772065e+00
9.424802561054336225e-01
8.664339764815562894e-01
9.674489939036706732e-01
9.659126599963822057e-01
9.849562413242705095e-01
1.176784112215545131e+00
7.386647621881451409e-01
9.304469772232678570e-01
1.060992175430099937e+00
9.938708726239268154e-01
7.006007281402540920e-01
6.280350015406553910e-01
1.015021477168564834e+00
9.596821562247352944e-01
8.665916876506825073e-01
1.182271790462473549e+00
7.483868861026299335e-01
8.810795686148019668e-01
8.429186754672391979e-01
6.022216786768626040e-01
1.030273882142696884e+00
6.955086498828880748e-01
1.022669153927431296e+00
9.719887340323601910e-01
9.366019003552602529e-01
9.284143346365182348e-01
8.512346062661778623e-01
9.889057888194290324e-01
7.890369262450644960e-01
1.039360694730554702e+00
1.053341805261445385e+00
8.563444095555177160e-01
9.650962832814239389e-01
8.345840902766719083e-01
8.489380944352017400e-01
5.934905317153337245e-01
6.929170189041324868e-01
8.167758084046178313e-01
1.034367374440568144e+00
1.510283442063642179e+00
1.164546233646232443e+00
8.288053195149649444e-01
9.233461739482121677e-01
1.299613294088157067e+00
1.015799425086137076e+00
8.878297306424318691e-01
9.762666407890889797e-01
1.035043693905592255e+00
1.080543211190970299e+00
8.077756112387701748e-01
6.452003001763451095e-01
7.435902600267894069e-01
7.122786242735535955e-01
1.026644949754250469e+00
7.208573991478895993e-01
7.495276629869961349e-01
7.267057506896263952e-01
9.207138849947704706e-01
7.742664905703940947e-01
9.089443183132126514e-01
8.125796503958814254e-01
9.307332555824745501e-01
8.033344007057487968e-01
6.093519799885673827e-01
9.072284892474689055e-01
7.348733648655290107e-01
1.003664483874561197e+00
8.753354878998158561e-01
7.898766049793892741e-01
9.914980963100259448e-01
8.373328506454573716e-01
7.573489275101477070e-01
8.344615039190785843e-01
8.190756955019526941e-01
8.029149767510571634e-01
8.318089311676403197e-01
9.495704026166514877e-01
9.232520918505915386e-01
7.391532107700007348e-01
6.906243601759790574e-01
1.160350019167098345e+00
8.380271868031103910e-01
8.574540916757229514e-01
8.182016019609248403e-01
1.042550748766728486e+00
9.585115450930498104e-01
1.055464527482629311e+00
1.088772499258796822e+00
1.043480875329532820e+00
8.514662023682821879e-01
8.146199796407664895e-01
1.150775508909073430e+00
9.466680059284054982e-01
8.630811480121813872e-01
6.392207008353006925e-01
7.708774307072259191e-01
6.995362880813704720e-01
7.875938479435514727e-01
1.042165477175994504e+00
8.094857634909846666e-01
7.337913123669070892e-01
1.066505131817977681e+00
8.214554533638157574e-01
9.414198078803064362e-01
8.873113048473579845e-01
1.041308626314281005e+00
7.478492885184621075e-01
1.029017278586719542e+00
1.122217387604832473e+00
9.539200395410383226e-01
7.414014656825379523e-01
1.108733993744890123e+00
9.799618031126623441e-01
6.915954012065136380e-01
9.680627972677231519e-01
8.242510013385679901e-01
9.079339922690551345e-01
8.579528061514786197e-01
