4.193678250125483967e-07
4.263676856164441015e-07
3.332998425509904416e-07
4.897798037507556445e-07
3.793630423257510843e-07
3.763676021477073634e-07
3.571181254871092047e-07
4.639612289273013771e-07
4.582247988109347031e-07
4.011375263436915357e-07
3.759288684971520406e-07
3.738098222465096425e-07
4.850175366137584789e-07
4.128101662222600907e-07
4.245537266575175208e-07
3.909306183487221797e-07
3.322453917595299808e-07
3.444240297293768551e-07
4.334912474801754303e-07
4.056150699884809990e-07
3.665315404603077352e-07
3.467862872501402391e-07
4.160432812030836157e-07
4.009358203923345106e-07
4.522273356257763885e-07
4.632885358763798274e-07
4.247982191813812433e-07
4.813121697160249486e-07
3.888613156002465181e-07
3.399675357920743242e-07
3.686907030805065215e-07
4.416245484136607031e-07
4.015495412449892667e-07
4.010871793720523244e-07
4.085847481859318727e-07
3.472769262252380147e-07
4.113033780347689110e-07
3.971361367644837437e-07
5.183827689394283030e-07
3.110850751087574853e-07
3.942513824408925707e-07
3.813246894902609147e-07
4.528009926203998887e-07
4.058933091863399191e-07
3.566702313235743359e-07
3.919823630200768933e-07
4.268113460763707741e-07
4.123319701592776500e-07
4.172581651395695159e-07
4.026720225038661989e-07
3.484054235123788072e-07
3.697758699127151277e-07
4.005079260227848934e-07
4.366640334642542707e-07
4.430711238815606641e-07
3.825936885595690474e-07
3.703697196770139929e-07
4.170528855643289004e-07
4.760526204796576114e-07
3.440588469913984580e-07
3.967932500064533639e-07
4.061357665879985751e-07
4.512198126174829880e-07
4.091378621366198462e-07
4.139767106747933853e-07
3.720270313756109966e-07
4.569987383566725549e-07
4.320274145848767010e-07
3.993837325213821363e-07
4.541048243411408244e-07
3.622216895769818594e-07
4.214369787138182658e-07
3.816857775043531745e-07
4.039800212111383858e-07
4.659839755831873863e-07
4.078590531701543143e-07
3.895218401739320888e-07
4.202587980016006936e-07
3.950458209480986005e-07
4.254734393859208024e-07
4.454413997543962787e-07
4.100214932713993397e-07
3.583733435783422404e-07
3.905728724468555913e-07
4.532453875324715995e-07
4.300355168446388531e-07
4.039343310488409574e-07
4.159518676775708360e-07
4.300744886136114328e-07
4.371004434591818368e-07
3.971065054592716017e-07
4.380797871560354705e-07
4.944658301075670640e-07
4.196980120074086475e-07
3.806959238859381714e-07
4.357408607049535522e-07
3.637095508205899827e-07
4.055486913911144374e-07
4.642308729156075785e-07
3.928138195810125801e-07
3.458949453860200989e-07
4.265863773999503198e-07
4.292749251319963240e-07
3.394991461682193289e-07
3.595986693771227386e-07
4.258139906824476633e-07
4.151113513334303837e-07
4.605605700651819836e-07
4.743116984522702598e-07
4.147793664600827160e-07
4.216019455608514621e-07
3.727967234304471361e-07
3.802052985148396795e-07
5.037542418755163091e-07
4.089269970924776363e-07
3.845105798206965515e-07
3.706168420782309557e-07
3.744905422903136285e-07
4.315454020987254154e-07
4.224241903524870954e-07
3.909961036045603353e-07
3.776625308189084630e-07
3.839801608038342398e-07
4.084226321933739879e-07
4.235472954866203609e-07
4.652102918399032772e-07
3.873510665162357043e-07
3.934145185216448745e-07
4.266417761821104403e-07
4.868017206076667672e-07
4.502768731675348767e-07
4.177589129413873095e-07
4.072581174536219905e-07
3.626598256147405077e-07
3.714951289206619943e-07
4.348374088469761057e-07
4.410071580075235224e-07
4.702074811024479410e-07
3.745848736457316545e-07
3.520010227182476528e-07
3.704010362965226047e-07
4.672179594108777680e-07
4.053734775102698490e-07
3.912928058839908635e-07
3.979339892728135179e-07
3.774539227934079477e-07
4.315915897100590995e-07
4.380348349760596476e-07
4.767694698281402279e-07
3.780463256646173448e-07
3.974142327797882279e-07
4.525271175286668397e-07
4.717849946316396326e-07
3.788698155851916319e-07
4.205930980839590152e-07
4.017922050520566379e-07
4.752683550711992686e-07
3.616500965030198231e-07
4.136615024462943629e-07
4.823719192588334929e-07
4.618919912436595472e-07
3.580863187035273911e-07
3.858418799616670043e-07
4.616937135184536429e-07
4.451037179525526249e-07
4.048343294173928882e-07
3.998318183276493158e-07
3.406297879561119660e-07
4.539306302206043292e-07
4.409964668175055210e-07
4.167438493838941228e-07
3.715829490306481400e-07
4.474308841228771184e-07
4.017719890334389475e-07
3.896695999376289401e-07
4.179869702349885584e-07
4.923990606715272111e-07
5.321985136779045752e-07
3.661928444675009015e-07
4.068251055130708604e-07
4.489706352115827456e-07
4.593740628556377774e-07
4.286167397861013265e-07
3.861217180541926428e-07
3.908450171825522354e-07
3.497460267367359190e-07
4.050289311107284957e-07
4.570599314887294929e-07
3.975618079509387549e-07
3.844650657497717996e-07
3.210528598158686209e-07
4.169546643057515399e-07
4.150106839966690974e-07
4.074546532156368039e-07
3.612679931944683659e-07
3.986855821774802360e-07
4.055369309229127506e-07
3.595845465148769918e-07
4.350514314975406127e-07
4.921467931355674477e-07
4.095126301464917312e-07
3.724915251440401186e-07
4.586090609115357039e-07
4.454886723227209303e-07
3.990036863894136994e-07
3.961045859710824732e-07
3.648079201076875546e-07
3.492236947671981921e-07
4.145919506420820379e-07
4.261371643825340671e-07
3.514409346802975050e-07
3.866481763428368358e-07
4.105621660928601300e-07
4.158374551618678665e-07
4.127431804608177101e-07
4.020564065881719238e-07
3.445399273587900142e-07
3.760902371258755951e-07
3.860577864146442465e-07
3.335890004678829313e-07
3.715807948085307646e-07
3.777143735004059354e-07
4.158761251281854809e-07
4.103373320712292937e-07
4.820625930105490007e-07
3.523681868461140841e-07
3.615484640820658376e-07
3.985061155352170662e-07
4.272687857479620417e-07
4.312659916946829932e-07
3.071782601895254381e-07
3.845760787949372782e-07
3.889693682051179802e-07
4.173047482127702585e-07
4.177097993165086424e-07
4.086262222336449134e-07
3.848197402855402963e-07
3.979095234996670230e-07
3.762062135339651551e-07
3.809578043266146532e-07
3.939496747140711539e-07
4.375922167938164425e-07
4.015467500596004232e-07
4.906686911080491659e-07
3.591013755086899157e-07
3.677025164441450727e-07
4.144790046417806413e-07
4.541744739656756044e-07
4.385892846850192170e-07
4.163195694924339693e-07
4.978400036567804277e-07
4.413399147719789054e-07
3.813535430012669475e-07
4.060114291447933104e-07
4.625830461119307868e-07
4.008209747607390285e-07
3.991674189754416575e-07
3.915056421637068091e-07
3.295872934160261638e-07
3.718251483115580311e-07
3.595810335955714534e-07
4.084264988353546001e-07
4.938774578942581171e-07
4.264463362843799370e-07
3.892052815938708502e-07
3.883725286594509776e-07
4.032088432705321131e-07
4.388693285846742419e-07
5.107699740309432505e-07
3.937656683481330497e-07
3.852071265899671266e-07
3.793691256746013821e-07
4.221294152771821923e-07
4.579138344160920050e-07
4.322829502188283259e-07
3.025463541579836372e-07
3.923960333428008537e-07
4.914223992517986584e-07
4.159543626135690244e-07
3.759330332135625718e-07
3.317986282232786187e-07
3.459870253268709651e-07
3.963940320790436119e-07
3.710944911909507221e-07
5.287691733391013890e-07
4.559278639426767419e-07
3.989631385498348360e-07
3.986581236797535403e-07
3.998820626688917741e-07
3.607865215959537696e-07
4.010899159005227169e-07
4.523835861241418534e-07
3.874867315665277010e-07
3.544910708283115705e-07
3.690609436217528652e-07
4.450363921528825199e-07
4.017373357752164286e-07
3.857759873247793836e-07
3.758979140605688655e-07
4.062534554797012950e-07
3.863752771930192371e-07
4.975874188156866947e-07
3.362117595736260569e-07
3.817303515660365105e-07
4.163258037607240935e-07
3.388185155553650124e-07
3.831666945222144807e-07
4.204716355525859322e-07
4.174928593049559581e-07
4.058249277131842674e-07
3.494141902493179630e-07
3.216647037973745257e-07
4.078413453308881664e-07
4.130943901333580766e-07
3.843609796475869561e-07
3.831467570140212821e-07
4.425125549866365866e-07
4.076284393447503041e-07
4.342995487599735967e-07
4.106353685749738085e-07
4.102633692331692851e-07
4.287780112955628726e-07
4.911478684161954051e-07
3.404127922446425230e-07
4.360277907522192533e-07
4.247754331318097873e-07
3.402270132760741771e-07
3.986782625623236429e-07
4.162473678421018551e-07
4.366265544926210805e-07
3.479134908380206265e-07
4.006658712470021705e-07
4.500900031708372148e-07
4.155459175354337168e-07
3.782207682158436235e-07
3.306956104267801182e-07
5.039705978797111879e-07
4.188728354380619402e-07
4.068555407976203267e-07
3.474556987291552110e-07
4.129350013414097205e-07
4.237800605093410873e-07
4.744684613443222964e-07
4.448130881316058936e-07
4.706245269313778097e-07
3.955587818704317046e-07
3.410831816332067647e-07
3.977470732560330144e-07
4.515440302893852458e-07
4.483215657537966356e-07
3.763904653467437268e-07
4.139358170023529843e-07
3.626047566809546928e-07
3.821298495980527767e-07
4.241708616803961744e-07
4.068937468527502564e-07
3.671000969615109084e-07
3.851550299827934387e-07
4.208553027482162597e-07
4.018505969943452181e-07
4.750057609308888796e-07
3.608380683416561127e-07
3.818441536571648082e-07
4.065430739419452286e-07
4.346667609267891593e-07
4.350116351349268732e-07
4.362636486051010295e-07
4.003969746321421115e-07
3.972775955680296438e-07
3.544508223540103974e-07
3.771288165195702572e-07
4.339530739330877045e-07
4.369443686355731934e-07
4.459025710225239277e-07
3.819987192004090720e-07
3.585203305308614781e-07
3.926683008280907584e-07
4.352694345114795391e-07
4.180861010081383966e-07
3.289335139128193024e-07
3.888944734023641121e-07
3.945392099749800008e-07
4.001020396806613571e-07
4.327445306378277378e-07
4.270926294979197442e-07
4.029341486462794495e-07
4.501895137937681441e-07
4.410648851356664537e-07
3.963277516209280341e-07
4.143958508991771812e-07
4.166748690420809857e-07
3.411814464251310701e-07
3.905131130891231496e-07
4.414750208450449550e-07
4.604473462435918838e-07
4.120225299115820145e-07
3.902096466227601538e-07
4.339114937509560797e-07
4.286783503093938135e-07
4.000401590072539589e-07
4.000411490768277013e-07
3.681049189945289848e-07
4.729117888458836212e-07
4.225064634722369852e-07
4.041998797555994108e-07
3.645565142632004905e-07
3.878389635048023686e-07
4.454243614250611090e-07
3.832732037356791791e-07
4.152324989566105312e-07
3.899226420780938853e-07
4.241184240834750598e-07
4.321000545964288220e-07
4.013140866877609850e-07
3.896591598854813375e-07
4.290258863190448889e-07
4.373733739744050086e-07
4.330866345405087053e-07
3.705592187918153191e-07
4.183599592574291471e-07
3.439784095188000961e-07
3.831953114999872179e-07
4.328623908149209360e-07
4.317992957892940189e-07
3.368647558017117650e-07
4.113091005523602032e-07
4.090625689488750367e-07
4.487860401611840888e-07
5.193366873340449555e-07
4.309780917636709512e-07
3.945018631468851750e-07
3.696408642474790760e-07
3.437784621524299892e-07
3.721999011059311803e-07
4.717419637694834691e-07
3.683706261259990131e-07
3.676596846996074615e-07
3.622470272647505964e-07
4.465776797375901666e-07
4.421706755171648680e-07
4.450456044902382843e-07
3.330689772137241461e-07
3.681663215151301700e-07
4.038742731464917194e-07
4.131523932591172937e-07
4.285533780537875260e-07
3.527577890986843314e-07
4.102964098918848884e-07
4.457126636291784661e-07
5.106496484126644234e-07
4.328162933270839233e-07
3.834876431678405591e-07
3.423711129472214055e-07
3.585650941307442522e-07
3.980235319971669536e-07
4.163801932369059954e-07
3.581520500836173316e-07
3.490758691492114146e-07
3.935599213793568506e-07
4.211996119811193263e-07
4.200403156176068992e-07
3.837959409213348611e-07
3.821896510895974653e-07
4.214793134934031328e-07
4.259730945737988548e-07
5.021881273162305997e-07
3.360258382943629698e-07
3.908659818262951833e-07
4.338745297063337580e-07
3.628576299708607302e-07
4.338537394849214864e-07
4.358077143511961144e-07
4.624013135219076716e-07
3.792376754719365130e-07
3.760573221534554441e-07
4.873365096435111105e-07
3.977236262370243445e-07
3.676346481856456832e-07
4.049915508381500464e-07
4.514808580691266821e-07
4.347489667817001908e-07
4.246087830791406384e-07
4.038630251323538539e-07
3.560999636815354584e-07
4.352864004594660269e-07
4.406316491121303227e-07
4.212935616812352834e-07
4.029568018341787913e-07
3.840266465189609812e-07
3.521106183612562825e-07
3.992412894523135135e-07
3.904605279936429383e-07
4.132113216071223063e-07
4.610614453607733299e-07
3.495750541047069729e-07
3.882934190429392825e-07
4.500745650646091806e-07
4.393779591298262905e-07
3.914256140258797450e-07
3.916969954321557318e-07
3.624919664431177128e-07
4.437606727052380440e-07
4.581367663342592317e-07
3.798052613699642705e-07
3.672750411149847240e-07
3.680235218978739261e-07
4.342573462539079527e-07
4.085467989203718331e-07
4.321857405083052255e-07
3.903841361176032726e-07
3.751959537503297980e-07
4.098532345132338453e-07
3.854404473548204300e-07
4.439852506904715812e-07
4.357688931216557406e-07
4.026370731600655441e-07
3.830543342722650071e-07
3.771045801873922746e-07
3.116509245212676539e-07
4.232896982925790934e-07
4.210670897457246565e-07
3.951235550414312786e-07
3.637486041441972244e-07
3.237918732016387154e-07
4.856674408420535699e-07
4.008110725084476976e-07
3.970103521374432577e-07
3.648885414165658091e-07
3.851652541925581603e-07
4.221163257396565728e-07
4.624008688407229589e-07
3.453582261987461039e-07
4.010387219635812024e-07
3.396784765507858860e-07
4.093771229312601229e-07
4.055585756018807068e-07
4.118642110373059903e-07
4.036788240552824999e-07
3.443008867736529119e-07
3.560960009917921099e-07
4.420805084153816107e-07
4.228522932404453478e-07
4.011012884971760191e-07
3.827889807809074749e-07
4.472989584926042599e-07
4.674005680681751000e-07
3.965771553762625416e-07
3.717203236655248011e-07
4.282437953982955157e-07
4.446422747755376822e-07
4.301903250560094486e-07
3.764745694721520858e-07
4.139117494318271608e-07
3.943348433474986580e-07
3.399760579225178713e-07
4.083227039513667112e-07
4.048428778938954931e-07
4.973969231349970958e-07
3.272305698782772915e-07
3.856213546415680821e-07
3.746428731465140592e-07
4.343526897722139796e-07
3.998035491817093490e-07
3.202789318194752001e-07
4.081131163607451320e-07
3.999002643939361564e-07
4.640617230166106777e-07
4.601339067142361931e-07
3.925091224708479371e-07
3.584877818651836722e-07
4.689028244191073464e-07
4.330553228049515686e-07
4.517701298317146934e-07
3.998431050397552262e-07
4.025101940673807146e-07
4.257047740703980333e-07
4.503423651239095885e-07
3.863104139381286265e-07
3.882215591795521471e-07
4.433322894809036226e-07
3.771490172453027995e-07
4.482445054756473073e-07
4.396883724691109989e-07
4.586289749326662397e-07
3.557286609248258091e-07
4.106714235284018480e-07
3.566908410407067423e-07
4.335184617932672754e-07
4.524322746590069051e-07
3.890096485837819440e-07
3.631950271086964917e-07
3.785280919663686124e-07
3.953984543806966392e-07
3.744184048949389283e-07
4.685040049587279648e-07
4.282783986411534696e-07
3.857766738970782535e-07
4.018851133677599092e-07
3.788502320592322485e-07
4.281915786359863553e-07
4.696530572531458533e-07
3.919602760707769804e-07
3.198957359001114591e-07
3.794991001136934154e-07
4.302991874847150250e-07
4.002470895077212125e-07
4.339245671195164618e-07
3.723334581304998218e-07
3.501807821028605651e-07
3.701492577761259338e-07
4.050329367700203716e-07
4.126718789703400715e-07
3.817301613370813333e-07
3.776971141995808284e-07
4.075403055962606936e-07
3.993024158757618772e-07
3.822132163164487020e-07
4.184457802385524131e-07
4.490818772175848454e-07
3.867552431739169400e-07
3.521241974339647147e-07
3.639553284998824538e-07
4.319967720496621708e-07
4.059306435053977581e-07
3.661008076052067797e-07
3.604404407995631280e-07
4.336509913143891595e-07
4.343700518800512619e-07
4.399592643740426098e-07
3.644869986515106042e-07
3.639284536089609473e-07
4.192460598042447038e-07
4.324916742328477834e-07
4.299519604001863521e-07
3.352760176179364484e-07
4.066695870130130320e-07
4.281867919578475985e-07
3.869359661080492967e-07
3.765079790210255304e-07
3.594014793123919123e-07
4.190619267635690671e-07
3.895587642197305294e-07
3.889249354790111864e-07
3.676386333949898262e-07
4.028679946524417748e-07
4.010815097512857823e-07
4.389528768882722287e-07
4.022807231016885836e-07
3.922011612143578943e-07
3.257462372961229005e-07
4.454989440948034146e-07
4.360235062029260873e-07
3.656589396947018762e-07
4.025562969390959359e-07
3.938916371735324317e-07
4.240027008705792310e-07
4.518003728684596864e-07
3.978439361717426583e-07
4.024571760743970131e-07
4.875601740379037207e-07
3.658169423225759815e-07
3.575490337179443932e-07
4.036621034057702944e-07
4.663429194432903846e-07
4.040400394414276134e-07
3.560837827377745421e-07
3.912645976436116030e-07
3.992579138866561852e-07
4.033056637952496610e-07
3.894374955484699707e-07
4.152744774211632307e-07
3.552587993398510098e-07
3.796888477367585553e-07
4.165950130116115247e-07
4.109163425134419331e-07
3.656913483377380894e-07
3.356134168084476609e-07
3.909399005771650076e-07
4.849773612556863728e-07
3.999096347260750358e-07
4.254639067294292853e-07
4.002720841752778110e-07
4.004427398301537915e-07
3.747205820093535234e-07
4.030105511700358230e-07
4.476759158672020200e-07
3.444804855279488968e-07
3.919785691213271900e-07
4.227911032249284546e-07
4.286818508315333414e-07
4.738923351699123378e-07
3.600860047763921998e-07
3.806382333579837000e-07
3.994782828421772144e-07
4.329626472219252267e-07
4.719036445750554000e-07
3.516327145624481719e-07
3.935984382420437169e-07
3.843967070050693269e-07
4.828063771450125766e-07
3.311955688812013211e-07
4.294954351317915886e-07
4.288895084309700853e-07
4.456254553117161494e-07
3.669341542251014920e-07
3.737988301487226434e-07
4.033834802501943425e-07
4.485489901995798274e-07
4.157866928558748170e-07
3.317302783527656338e-07
4.022709706022846165e-07
3.858526912056920499e-07
4.171927773226780026e-07
4.274484529437757323e-07
4.137043838329560236e-07
3.892109984878980678e-07
3.879201238252020147e-07
4.277575800059001367e-07
4.610842539752308206e-07
4.309509860994616338e-07
3.962364495258371962e-07
3.991484061079914719e-07
3.904923388103841697e-07
3.990968111241287009e-07
4.470275964580861792e-07
4.337898352276333868e-07
3.628131820448380128e-07
3.741014193146102254e-07
4.699222098754211849e-07
4.545926197591160829e-07
3.882776845128832634e-07
3.942811332769259223e-07
3.486568324368613678e-07
4.679583427280568834e-07
4.296639369267104064e-07
4.025431634307497536e-07
3.611467146479903353e-07
3.794513919747234715e-07
4.557136260684905747e-07
3.872929640442470698e-07
4.284367100238203867e-07
3.804950288121375878e-07
3.494738054722038783e-07
3.581296623141751969e-07
3.818180108306771063e-07
3.721351392277439105e-07
4.407308497374871415e-07
4.306186881594621904e-07
4.051492716480327215e-07
3.854876227808249834e-07
3.598129585473583820e-07
4.096986549093381600e-07
4.432088559182474394e-07
3.868163500061221027e-07
4.124116508062570739e-07
4.065458547561940563e-07
3.882015233419534620e-07
3.007328731903873966e-07
4.373476679644696610e-07
4.073613924189962127e-07
3.502477122097101788e-07
3.774386037234077854e-07
3.863318483496698906e-07
4.101489880260144316e-07
3.896579767699594340e-07
3.831578757699459796e-07
5.008432830208521788e-07
3.629396358043506846e-07
3.521702777593659986e-07
4.148872875670385669e-07
4.010800592508225405e-07
4.024090195262302330e-07
3.735631506350660321e-07
3.719641790225756206e-07
4.100298409875272597e-07
4.187473485378730974e-07
4.392734256566837050e-07
3.625854645412079723e-07
3.586323510927661295e-07
4.026146729525361257e-07
4.440536843824461544e-07
4.170394962137029242e-07
3.738396882783708112e-07
3.695219907452599354e-07
4.089123236023331056e-07
4.008289619770334063e-07
3.808752998075380246e-07
3.733039211690558352e-07
4.151644826039465873e-07
3.767591768698780302e-07
3.563901580277013864e-07
3.636242985077387031e-07
4.359892334009094807e-07
4.010323200075268772e-07
3.936210539626910693e-07
3.259696246054172350e-07
4.181072448290297233e-07
4.103836763080844051e-07
5.022273706154531932e-07
3.455009210653794780e-07
4.020878511116141758e-07
3.770882294974755574e-07
4.333141072828676346e-07
4.279864821877613763e-07
3.863761943426352106e-07
4.001046927222679218e-07
3.615299236780022492e-07
3.181851029171817140e-07
3.842701922333857880e-07
4.467001834319859810e-07
4.076612801989445043e-07
3.642333907358053866e-07
3.706702594355854851e-07
3.981724636303534082e-07
4.046668401942614032e-07
4.427499632269160921e-07
4.692886628040869003e-07
3.828097546871572046e-07
4.215912787082828978e-07
4.277939085671620742e-07
4.244387210136679091e-07
4.205265232947171278e-07
3.942265159462052732e-07
3.598026084996777223e-07
4.470792030421427193e-07
4.439433411702574735e-07
4.043782472282826508e-07
3.476938451446348826e-07
3.909455442562008635e-07
4.105933464456188857e-07
4.079802409760272786e-07
4.768900274953186850e-07
4.530433528185844147e-07
3.783706297170460780e-07
3.678494922158645585e-07
3.767197538478531978e-07
4.273785632591903163e-07
4.785502141651174155e-07
4.235895465912287233e-07
4.108614526836639961e-07
4.317499729856084796e-07
4.254448263199925433e-07
4.329058975419810415e-07
3.805848702364654148e-07
3.389486018807201971e-07
3.547872157998401607e-07
4.364473533053164674e-07
4.107544265663605964e-07
3.725208660444323520e-07
4.355544200100747143e-07
3.773985743672678677e-07
4.017257075515965665e-07
4.182118746910504065e-07
4.282173362376494170e-07
3.846148006054646522e-07
3.460721025024527739e-07
3.559777794849801278e-07
4.266560390837140809e-07
4.186564263820825041e-07
4.166174301555251776e-07
3.408267205948291274e-07
3.810955877904459822e-07
4.247871052595660082e-07
4.061214458574231170e-07
4.504104980011793621e-07
3.735461987387771922e-07
3.484629749677499387e-07
4.034654731921670946e-07
4.744373769852873219e-07
4.244127932162977976e-07
3.733804624127905027e-07
4.125301559987817935e-07
4.251220608857826855e-07
3.857454153336040462e-07
3.672735058044213019e-07
3.491348600470396613e-07
4.454886869911637018e-07
4.172707033282768163e-07
3.754220914919393427e-07
3.588369330565599840e-07
4.338668301480507666e-07
4.310593489638827973e-07
3.865315606344652135e-07
3.626045613070571253e-07
4.391392335816407138e-07
4.320828080546806986e-07
3.697463447803740597e-07
4.116081203395134906e-07
3.950232996509143820e-07
4.492748561002279644e-07
4.798126783682469184e-07
4.328897108941229108e-07
4.270021339613015104e-07
4.881971636212674553e-07
3.584894129585427838e-07
3.940481033457967130e-07
4.596741948277266374e-07
4.161830184349687306e-07
3.697450762030925249e-07
3.880358172347916493e-07
3.903624978451017267e-07
4.241000139685660154e-07
4.178368663104652112e-07
3.797772216668396654e-07
3.710288400903902030e-07
4.526170915898787422e-07
4.861721571941305360e-07
4.064379919917965392e-07
3.962388101754099133e-07
3.862174661269776434e-07
3.823002711228225889e-07
4.036632476649249157e-07
4.138347537054914954e-07
4.379783068774934210e-07
4.546588990626125159e-07
3.470820246709286483e-07
3.888766642550416146e-07
4.039595436648755560e-07
4.866662602433743125e-07
4.453428812389670639e-07
4.039300304968415690e-07
4.020303145827359384e-07
3.420552475834702257e-07
4.303029560785152536e-07
3.617736431260895589e-07
3.476565199210389071e-07
4.255709877489672830e-07
4.583916528858619180e-07
4.061171388244521942e-07
3.678482286588934625e-07
3.639061861076561036e-07
4.379964124145082110e-07
4.043579333543496378e-07
4.177097872872562102e-07
3.691365622388699661e-07
4.898148732709414991e-07
3.999160919203532359e-07
4.003178857412174405e-07
3.825065095902603001e-07
4.280705198723859381e-07
4.709054380033766383e-07
4.443920741798279835e-07
3.659219771269591829e-07
4.009446110658771269e-07
4.159408758477847438e-07
4.135084070031162277e-07
3.951892893119074374e-07
3.536606451434851732e-07
3.550745423224500651e-07
4.049084039694595106e-07
3.582122249084432035e-07
3.423240600410441672e-07
3.957934405481858108e-07
4.262250716060310430e-07
4.200387152883407539e-07
4.207470770547024898e-07
4.354639882681304735e-07
4.082245186063163641e-07
3.531235184554523467e-07
3.744988627607132221e-07
4.391712749170773279e-07
4.023124375812147979e-07
4.065355549906040838e-07
3.698804938194647933e-07
3.034293125158132106e-07
4.587644361253522051e-07
4.694404766739878018e-07
3.490103316377943781e-07
3.756283688713184855e-07
4.228416544026264286e-07
4.396394162633726498e-07
4.265867940923780757e-07
3.582596418220734816e-07
3.891756701621526631e-07
3.855363068696076363e-07
4.198293354060486866e-07
4.430877443887110970e-07
4.219026327042309261e-07
4.022256568013597537e-07
4.015265095062975976e-07
3.812751556664077614e-07
3.838165270027065414e-07
3.988752718421294540e-07
4.385349605228262588e-07
4.137270779386415433e-07
4.470128786682221627e-07
3.906742568718851292e-07
3.897965417698482964e-07
4.182223660370070832e-07
4.578771525243548592e-07
3.499206376540553703e-07
4.019071451962867004e-07
3.998877151468909571e-07
4.250149270233898596e-07
4.436296683691533393e-07
3.828546743148725650e-07
3.783292162742239406e-07
3.208776663796775447e-07
5.056011766294315649e-07
4.061358748829540503e-07
3.784989263479764636e-07
4.541467553290684435e-07
3.963318131947803761e-07
3.698404361301048712e-07
3.986820415410442134e-07
3.683600192656868265e-07
4.127509315346315021e-07
4.505063890658460707e-07
4.645254181001461279e-07
3.772828733445604498e-07
3.901315562342464253e-07
4.380874179228121952e-07
4.772711222695369268e-07
3.553671995333143790e-07
3.818647571728749284e-07
4.337898960970759730e-07
4.089841715347086488e-07
3.537335692723042656e-07
3.970705742813773693e-07
3.820183842982831718e-07
4.161200784144063844e-07
3.406157656573908255e-07
3.704412962382405267e-07
4.261542010328463827e-07
4.119106816247045558e-07
3.538253941438397537e-07
3.597117291060111049e-07
4.153757678254095743e-07
3.885829143518953763e-07
4.282468619478887188e-07
5.152546282100390951e-07
3.908030165063970732e-07
3.615836852671852266e-07
4.148318503858817976e-07
4.285031332451167120e-07
3.441711669134666266e-07
3.959621042539328169e-07
4.009818472671279445e-07
4.667184769383420040e-07
4.552133804223695281e-07
4.107325275741343180e-07
4.191437618117510778e-07
3.384381950208224211e-07
3.962563405376789793e-07
3.539444873592606362e-07
3.879817895631801780e-07
4.672899727967886487e-07
4.262664113245877590e-07
3.781305171024773625e-07
4.039910134528386119e-07
5.012237339616365841e-07
4.633499370237069828e-07
3.748583918028619753e-07
4.828040327247922991e-07
4.605729992694530131e-07
4.269391714029975179e-07
3.754073712317469872e-07
3.732095276159244243e-07
4.042598348151805660e-07
4.872349785657763003e-07
3.855488346354050082e-07
3.196882502315683561e-07
3.780618770160695563e-07
3.625000252421244820e-07
3.786062259342576385e-07
3.693682954831431865e-07
4.509677878603371749e-07
4.376122700950553490e-07
4.128406936445556592e-07
4.294830967491990662e-07
3.713678219538754132e-07
4.954819269447652356e-07
4.391831712061355867e-07
3.797077902546533422e-07
3.816086205056568161e-07
3.833002734005234818e-07
4.595635112450493295e-07
4.273922916866264699e-07
3.984844729189409903e-07
3.978743280745346957e-07
3.658846449956196283e-07
3.635051808893952778e-07
3.931414279651750118e-07
4.175876047886238974e-07
3.530201173144625383e-07
4.130636502290283119e-07
3.931068226402749746e-07
3.797036664415513959e-07
3.852086151271211148e-07
3.959119280066383647e-07
4.882635575115840690e-07
4.079750909108412702e-07
3.599511373444629273e-07
3.660836476949426239e-07
4.736466758260111430e-07
4.103912138972497889e-07
3.924452559441151420e-07
4.094472670116462689e-07
3.644709773293149528e-07
3.779108232086965252e-07
4.062628570550460511e-07
4.308187159830192560e-07
4.207294105829739861e-07
4.670298164049949746e-07
3.799354932738976413e-07
4.052143470728154051e-07
3.554338907743846548e-07
3.674144153575492370e-07
4.459930559126719157e-07
4.166873965533683563e-07
4.239032510080928884e-07
3.525577398264964009e-07
4.527548438635657263e-07
4.415140786509423422e-07
3.763157972865685286e-07
3.638193531183990266e-07
3.827861563666654559e-07
4.616332910108554802e-07
3.992813196278782925e-07
3.653438580499170082e-07
4.035590535997048335e-07
3.956277008573980078e-07
4.450897236867239928e-07
4.841157435332711776e-07
3.748739425044691333e-07
3.914293942266656235e-07
3.359664741812267534e-07
3.268785790160367224e-07
3.886692843910081389e-07
4.034268343670253681e-07
3.946155161304025843e-07
4.941656057820929719e-07
3.930572726228315361e-07
3.302459835010947613e-07
4.317582903736075326e-07
4.602308963861466044e-07
4.344196065298348796e-07
3.686918934199575978e-07
4.071412586610747406e-07
4.090070765972607870e-07
4.283997008255725949e-07
4.642855501139513834e-07
3.907769804924198107e-07
3.520354456151571105e-07
4.592284907486903493e-07
4.296526497971478020e-07
4.307657130515651939e-07
3.815377264327854198e-07
3.940495223710185077e-07
3.715689218902176397e-07
3.877901784239784945e-07
3.910426410543960169e-07
4.186043458361094399e-07
4.537416459140126303e-07
4.299751120909560851e-07
3.546630246544864618e-07
3.860060661115951318e-07
4.417383285650424509e-07
4.511895842290824746e-07
4.276034494764026781e-07
3.943453412955070524e-07
4.002772877618115731e-07
3.981827102927729343e-07
4.590139435837547669e-07
4.014462949477159302e-07
3.864423986486757526e-07
3.450467824162891742e-07
4.130250167452381285e-07
4.200901785485531567e-07
3.608344976951482831e-07
4.501125836691302977e-07
3.808728517652972465e-07
3.876859886342615045e-07
3.308536579356508104e-07
4.931435145862648241e-07
4.361085253528366582e-07
4.193827208723087354e-07
3.588033801239167799e-07
3.872312375879145518e-07
4.300516011459419772e-07
4.184876016221813977e-07
4.403414278680344667e-07
3.749255421968361215e-07
3.672256050971811277e-07
4.173606147762621569e-07
4.252187218138123262e-07
3.609209362652093898e-07
3.735858034633433484e-07
3.927639418868986920e-07
4.087809064271600281e-07
4.008200633646559709e-07
4.258427242702160982e-07
4.065909557786523082e-07
4.375332951077396949e-07
3.672891821314705771e-07
3.835784431806249727e-07
3.466072561902911432e-07
4.649444169358111167e-07
4.040521344366540409e-07
4.217991221253078008e-07
3.863368178332361024e-07
4.032700613744104732e-07
4.054691726331581384e-07
4.568932283032595734e-07
3.620582408463439081e-07
3.862519819902539835e-07
4.006573989774242199e-07
4.055650241853451025e-07
4.446249948727828323e-07
3.870375465675200640e-07
4.033955688109641031e-07
3.952241289672951156e-07
4.338614403190547897e-07
4.220777611014115052e-07
4.223378625286112746e-07
3.963530680412039549e-07
3.854950249428263447e-07
3.690550890991141543e-07
3.707623335812014624e-07
4.025342750570972087e-07
4.184668238079240373e-07
4.664235333048134037e-07
3.813685690651585688e-07
3.663363143836613563e-07
4.123235567553306830e-07
4.331130088895875097e-07
3.586265726208535858e-07
3.757385686894221866e-07
3.764472933136638575e-07
4.592936302549407881e-07
3.872008546834104816e-07
3.835542574687500981e-07
4.284063611756119436e-07
5.019741305378965080e-07
3.658836843942447763e-07
4.294813501807202284e-07
3.428326437065336985e-07
3.934426528172013398e-07
3.808004260348046156e-07
4.195314686488154619e-07
4.381682502521790892e-07
4.096761923568801305e-07
4.177025678240738371e-07
3.974490450860945782e-07
4.538405939372095835e-07
4.591090856861687405e-07
4.063634369418077455e-07
3.997871940839831520e-07
3.677104784067592919e-07
3.396028007649292920e-07
4.141019638011322411e-07
5.083452690850212099e-07
4.019457296680132099e-07
3.317643828951990140e-07
3.704109365962083334e-07
4.053258198134066040e-07
4.158547522832448935e-07
4.462337966275102756e-07
3.662563324800215989e-07
3.472135590896454042e-07
4.565103532349935280e-07
4.135551866802169678e-07
3.532257573335724880e-07
4.102770548977355974e-07
3.980910908707667276e-07
3.571411536592165011e-07
3.636602894935402156e-07
5.001592415750673434e-07
3.925890961684237665e-07
3.472167447037080931e-07
3.573883979773830142e-07
4.189069087733693414e-07
4.150754412517399532e-07
4.883698763358597323e-07
4.434755305261204159e-07
4.570803728594719306e-07
4.132284208339907982e-07
3.322703419099760876e-07
4.114674526705407548e-07
4.258685721944059687e-07
4.325959796329003393e-07
4.271822318136154171e-07
3.854963936764546954e-07
3.281563328147957505e-07
3.487629008094585579e-07
4.222167115053850257e-07
4.241478974836270048e-07
3.718266356956459624e-07
3.700545741916181000e-07
3.859896497118337053e-07
4.289976023890424179e-07
3.972922837928844627e-07
3.964123744104227966e-07
3.738090959948821077e-07
4.300842928203040836e-07
4.111092650389670764e-07
4.752801201317710793e-07
4.521725379096394253e-07
4.239219418549488939e-07
4.228347070660693739e-07
3.662863986955406708e-07
3.473492491328111387e-07
4.271685223808651006e-07
4.175319839827750600e-07
4.279113278508363049e-07
3.879665701005456673e-07
3.859441651464885723e-07
4.503894201377652092e-07
4.081552006394268943e-07
3.642203880751203805e-07
3.688455482893940683e-07
4.251538236039071379e-07
3.778113871872714358e-07
4.524231245534762364e-07
3.702787485114917133e-07
4.916226846304905620e-07
4.492811974414458431e-07
3.957479388053929841e-07
4.079434386228065603e-07
3.195859411502091815e-07
4.202093535227571940e-07
4.118480053566425223e-07
4.676503567797631288e-07
3.419358244001704942e-07
3.732253517428478795e-07
3.664690257328244068e-07
4.387633285494054698e-07
4.725352348195714419e-07
3.864688363470037809e-07
3.814506655417375979e-07
3.558269929412463818e-07
5.057613797588830457e-07
4.336527017998153332e-07
3.986059097591142395e-07
3.991259456806400041e-07
3.840859583454436954e-07
4.736681633556655734e-07
4.048463022009488337e-07
3.952026024179671446e-07
4.245972971596601707e-07
4.701744638942440465e-07
4.730027605075450735e-07
3.885186073747552388e-07
4.163514666459363837e-07
4.367051653490046610e-07
4.315644665832696754e-07
4.268397763411265423e-07
3.880977798137772471e-07
3.963601289734794795e-07
4.071877675103011747e-07
4.080050089633183507e-07
3.800116930579422679e-07
5.031087595254578497e-07
4.092247565507399769e-07
4.340306002803859931e-07
3.797470091888633583e-07
3.993670705103204840e-07
4.126974426787832144e-07
4.314051319197556387e-07
4.250330260878257824e-07
4.249503037554622709e-07
3.844959962365328548e-07
3.848275802646360636e-07
4.264370472582246451e-07
4.261215064956942856e-07
4.048901948490051942e-07
3.424322192084314412e-07
3.641759324133149506e-07
4.434176687697765484e-07
3.992488750019533378e-07
4.005464974492412035e-07
3.805605892331550106e-07
3.702083627643209393e-07
4.244288935052252991e-07
4.036495588476648630e-07
5.059978827627208208e-07
3.687078991544186321e-07
4.107069663190756258e-07
4.666359520794311317e-07
4.273958303288106626e-07
4.101312858326727045e-07
4.384021373385848285e-07
4.310603234515411447e-07
4.039861036428064794e-07
3.974985135928008372e-07
3.897016787806049188e-07
4.171686068394380743e-07
4.197004302330491553e-07
3.563056272497772160e-07
3.644079946801579750e-07
3.974713377503751632e-07
4.190641083847537257e-07
4.449883470415030813e-07
4.491918095542828611e-07
3.983435370241336872e-07
3.932243085718120706e-07
4.146593129381298330e-07
5.129083272086263567e-07
4.270353732749821939e-07
3.808837915163646195e-07
3.969662000755428651e-07
4.139760281194001958e-07
4.585131488381681968e-07
3.698869624953812137e-07
4.479815642747553337e-07
4.319053995249780969e-07
4.154041931102076062e-07
3.933446666770574019e-07
3.403774872994535407e-07
3.988504277993936589e-07
4.490471205659805822e-07
4.095786646500077002e-07
3.686808066523547084e-07
3.809543526099065411e-07
4.059869822476058443e-07
3.910959255630623355e-07
4.341085437864005517e-07
4.985809655101319071e-07
3.969288429256574864e-07
3.914504214587877923e-07
4.938929014452481882e-07
4.844904688985174325e-07
4.019135585985266820e-07
4.032548758595074298e-07
3.777323215069943071e-07
3.872356207237957005e-07
3.428936930546782246e-07
4.146065881295471670e-07
4.700022197998473383e-07
4.292355690738080336e-07
3.740699133134040592e-07
3.883479978802511377e-07
3.896190488562085955e-07
4.393626706309586365e-07
4.748129752047276450e-07
3.762535962605788525e-07
3.755457303052501534e-07
4.179841057505625149e-07
3.751422398567343119e-07
3.992723457124287555e-07
3.774609978052861972e-07
4.192720824396194205e-07
4.753094255141225469e-07
3.786065224314296240e-07
4.043736910823652282e-07
3.180403449038722311e-07
4.520960327705567619e-07
4.135866441581001177e-07
4.376660046497685933e-07
4.652282573499470244e-07
4.966252178885111264e-07
3.943581642782986066e-07
4.041452827853047999e-07
3.249501559774016819e-07
4.164960319046052532e-07
5.067248441011466091e-07
4.214277912174103451e-07
3.698887027730115208e-07
3.908291642568271108e-07
4.420591832989900607e-07
3.851638570633199525e-07
4.318203668709853605e-07
3.795925384122219458e-07
3.622476324921115748e-07
4.125158160627828831e-07
3.876830948783421320e-07
3.751395097225764129e-07
3.749013776200078093e-07
4.367343745871452976e-07
4.167564440586123496e-07
3.218720754379528988e-07
4.150245314942391637e-07
4.349946976087204901e-07
3.917651815788858835e-07
3.789760952249942305e-07
3.382574612690928522e-07
4.200051096940301099e-07
3.952155824066629822e-07
4.029397655114418567e-07
3.456972026716509044e-07
3.735015791127833499e-07
4.044212380372229772e-07
4.287280880535678468e-07
4.797629123828208595e-07
3.626986813107088557e-07
3.406125065605004042e-07
3.867114956866677694e-07
4.046319596992217308e-07
4.362284789957667651e-07
3.017487027413007513e-07
3.967746375272824147e-07
3.846918709984358443e-07
3.389382952646139385e-07
3.479451282211212837e-07
4.069970244298308222e-07
4.347889178373205298e-07
3.331955111324120161e-07
3.473088232392965185e-07
4.300845378960805398e-07
4.077866270284912973e-07
4.293586507342777753e-07
4.140531060875422540e-07
3.683800147565991223e-07
4.732945271218756884e-07
4.550049072025208103e-07
3.658750200048728006e-07
3.722377839049060578e-07
3.745993455406895445e-07
4.245572483300349075e-07
4.517132878210275255e-07
3.820204723389465804e-07
3.804085829000901325e-07
3.688359080548370108e-07
3.327840867635823529e-07
3.621608342789859345e-07
4.341325637814904544e-07
4.249726022430440227e-07
4.202497485365121579e-07
3.365566850676864388e-07
3.766599482744629833e-07
4.108797624816246485e-07
4.042242241022954534e-07
4.220111436954414943e-07
4.324776273273037879e-07
4.002260845476228546e-07
3.838680173932836596e-07
4.370870409955753296e-07
4.462958522163403218e-07
4.017659947069477306e-07
4.064104023822406905e-07
3.779293017400716935e-07
4.124210615863618604e-07
4.721695608575815424e-07
3.950044856692091204e-07
3.580144921182639083e-07
3.705084162234915738e-07
3.572774301177566661e-07
3.955545617657098894e-07
3.947551414947879686e-07
4.174229712344160165e-07
5.310923301773738951e-07
3.767918648941236510e-07
3.823900766969624087e-07
3.341568013941901401e-07
4.691687198284880314e-07
4.279680110688986373e-07
4.097082891324718447e-07
3.754933170084834564e-07
3.927553696566895700e-07
4.085529420869491169e-07
4.119133816585829624e-07
3.835172942578330308e-07
3.758748168404006694e-07
3.620158069018354908e-07
4.230904730012779947e-07
4.253017576905025267e-07
3.369441405840997139e-07
3.163454185562692995e-07
4.540671613827241747e-07
3.603824365436576125e-07
4.134262644091398534e-07
3.653037605346205176e-07
4.289741791464567888e-07
4.518851243399390438e-07
3.911188235192320864e-07
3.701943040831760980e-07
4.955644749230783496e-07
4.033558595420085944e-07
3.853712334320122026e-07
3.641387850783027069e-07
3.950542779426569160e-07
3.882223264135884386e-07
4.802354488576012937e-07
3.640749473627607614e-07
3.230744247682682546e-07
3.798454548451038066e-07
4.001437648871017123e-07
3.545669901996991525e-07
4.472568156761231224e-07
4.065818856377252699e-07
3.377749135806620701e-07
3.560997288064254318e-07
3.368352175657566564e-07
3.446315997864860393e-07
3.964532210268322212e-07
4.136165736943561883e-07
3.998891292904307956e-07
5.001574162025976782e-07
3.783494638049753335e-07
3.746615917287208100e-07
4.231385585688543831e-07
4.467326429579619495e-07
4.524089332259357220e-07
3.658301968958611777e-07
3.924159802203759947e-07
3.829465233020932531e-07
4.461520645879213113e-07
4.491227335468211792e-07
4.315661242570278741e-07
4.350117023112563472e-07
3.600902629626455739e-07
3.725282600228906973e-07
3.798358513163339596e-07
4.402028720101729452e-07
4.262591202041440896e-07
3.462496629771757595e-07
3.778173938203145606e-07
4.086833729241718476e-07
3.890539591581732594e-07
3.938843752762050750e-07
4.092590543187512130e-07
4.811512793063168901e-07
4.758483299580691093e-07
3.874996842351089375e-07
3.295786519567385310e-07
4.681303835265593122e-07
4.320997552025334882e-07
4.016488166671184837e-07
3.735908163155836122e-07
3.687995016735496512e-07
3.593960418866403013e-07
3.957186830703459667e-07
3.707425433672005450e-07
4.087556019913944064e-07
4.353433339461278078e-07
4.430966815571456302e-07
3.935519511182278630e-07
4.010663995188880335e-07
4.263245305944525829e-07
4.198525800173205857e-07
4.049985019368913396e-07
4.001818078576866805e-07
3.765858105995554968e-07
4.062729057053583759e-07
5.004414150694324530e-07
4.002509705488811339e-07
3.726693161704049980e-07
3.641216359986852058e-07
4.120348152698782633e-07
3.800884111592402524e-07
4.359429872829042999e-07
4.243548879897303156e-07
4.309410156597381292e-07
3.669116190850208175e-07
4.528194715716864526e-07
4.604954475174767023e-07
3.658451871694083577e-07
4.029580221011389909e-07
4.352314970994506588e-07
4.059313908414838713e-07
4.374694627022029854e-07
4.075348412868337134e-07
3.645361040394121876e-07
3.377445859082861493e-07
4.278093518199866481e-07
4.073080522638231155e-07
3.372722234569355423e-07
3.661245186425339182e-07
4.023836984069982209e-07
4.006968213195588400e-07
4.441159249427060268e-07
4.261628906810545124e-07
4.025989096236176096e-07
5.014844385728021856e-07
3.957047398828654203e-07
3.506479567949646443e-07
3.542589116208637327e-07
4.595022789033053264e-07
4.036378633561386128e-07
4.142552223738171172e-07
4.052352042176928284e-07
3.660955873960670032e-07
4.204124377715270438e-07
4.181992616088289045e-07
4.275375019899878257e-07
3.763145541788557335e-07
3.273318927839586797e-07
3.981716343054064867e-07
4.661125796712798785e-07
4.086687235885350544e-07
3.590382313220902135e-07
3.907900523809267545e-07
3.888740380130940681e-07
4.116259563938137102e-07
4.303202334364113883e-07
4.533898968135229527e-07
4.316684139776260655e-07
3.462333954271986095e-07
3.340477438523197252e-07
4.070466081423093828e-07
4.288762375978692271e-07
4.115932502867195727e-07
4.511325413380557690e-07
3.942808946257893919e-07
3.730225246015190032e-07
4.206969743711408101e-07
4.382773110635829691e-07
3.967953912177873804e-07
4.009950275159909420e-07
3.407137474368191508e-07
3.625323607405511010e-07
4.131640863537249034e-07
4.187340959963625495e-07
3.410566658074849628e-07
3.846245306420056913e-07
4.184255875164430304e-07
3.835657084461078825e-07
3.666686807713062065e-07
4.118126082386790256e-07
4.814453361640863577e-07
3.784471745932328354e-07
3.448011542675649176e-07
3.777815314620415242e-07
4.588345954498171432e-07
4.194002038804584608e-07
4.157913709261704806e-07
3.464646717874694814e-07
3.766632377984392250e-07
4.399732690584358384e-07
4.365484394953229276e-07
4.476252045356767767e-07
3.710072147961299102e-07
3.749656990749371545e-07
3.741759554636055608e-07
4.474978264166589003e-07
4.187210924855955421e-07
3.455918086232008979e-07
3.850609632036657710e-07
4.033861783572235131e-07
4.043567985348414654e-07
3.629849711848624177e-07
3.575643136666610484e-07
4.301495919091725241e-07
4.202134281308586722e-07
3.504177380585502367e-07
3.191353657048187682e-07
3.983255519355458275e-07
3.981467919389803402e-07
4.150967865200709165e-07
4.230026557888301489e-07
4.192803596055179781e-07
3.276167107264177269e-07
4.030626561238309861e-07
4.422688254739613902e-07
4.764665498413662499e-07
3.647103464676010172e-07
3.979070625486461933e-07
4.842562548739681584e-07
4.494655466448267046e-07
3.845941793633704079e-07
4.009341598976368956e-07
3.532375765958196512e-07
3.609595241858627899e-07
3.519911379065932989e-07
3.608969607828934348e-07
4.683909431441352624e-07
4.077924064495538099e-07
3.963104798622688170e-07
4.005459187059560489e-07
4.121816966638644947e-07
4.508767965027522195e-07
4.754084599893324857e-07
3.759137357536255736e-07
4.428219922535197839e-07
4.282405628448152585e-07
3.733089072259719837e-07
4.022563382840671705e-07
3.742525693533063968e-07
4.005847551896796825e-07
4.530051094518154711e-07
3.957711943359724353e-07
3.551497224807364588e-07
3.311395581538136366e-07
3.760341889727280949e-07
3.845992507097904970e-07
4.879399940890955230e-07
4.219568034834763986e-07
4.182245101727292322e-07
3.912035361162609080e-07
4.335137053437209559e-07
4.155166752513535463e-07
3.865603952236560243e-07
4.747196044385532652e-07
3.809485741998782774e-07
3.596020356424416026e-07
3.558051968477463062e-07
4.496635652768741917e-07
4.150164078673336364e-07
4.122043575382469021e-07
3.858537234456676389e-07
3.552413155547862539e-07
4.127495034526217802e-07
4.189662174169484088e-07
3.597536338325568617e-07
4.595862133434454716e-07
4.158165508938683694e-07
3.901933672771094888e-07
4.392029239340760422e-07
4.221057758098989028e-07
3.756480354533842560e-07
3.720654367936221037e-07
3.901134840592205495e-07
3.777839478814942275e-07
4.288577946746717299e-07
3.608889896336237204e-07
3.584488035275987531e-07
4.144216553063079679e-07
4.213659846812262586e-07
4.148549152988390215e-07
4.431568006295624706e-07
3.904919734916913050e-07
3.297696341518102377e-07
4.200764381447178386e-07
3.552480288795873365e-07
4.667969997408410526e-07
4.043540703845529958e-07
4.000099078460523213e-07
3.939825524344128951e-07
3.709729869492382437e-07
4.491456768251826801e-07
4.267636120124953418e-07
4.664089446741037990e-07
3.534511429070759814e-07
3.825803267632070132e-07
4.006548327511397478e-07
4.884747802921892637e-07
4.086986813560644144e-07
3.688969472173542302e-07
3.856193792199839908e-07
4.020958425007637463e-07
4.161595469806322609e-07
4.590905770184510167e-07
4.613643018341328286e-07
3.751792013188185049e-07
3.951471159915261850e-07
3.383315067328788957e-07
3.755538163874264876e-07
4.206163478739576901e-07
3.995451254504768959e-07
4.144448896789328506e-07
4.297096950367679597e-07
3.840517525746850182e-07
3.665150398094858090e-07
4.067601488883025943e-07
4.619741805731027792e-07
4.270470749911533031e-07
3.886497874868608773e-07
3.816274698190763475e-07
3.903084811647787203e-07
4.465860950078703125e-07
4.459142301671793617e-07
4.107248321421207130e-07
3.606035274517379395e-07
4.542814405894792368e-07
4.449419787350835021e-07
4.399736220531945143e-07
3.560012125763292251e-07
4.262507796701706832e-07
3.620711454599970014e-07
3.876918903275212500e-07
4.124074445827003987e-07
4.211836714190610199e-07
4.636117316403328598e-07
4.730172292605084140e-07
3.821914406763915349e-07
3.809069444201070265e-07
4.766611602480215244e-07
4.545292080533843243e-07
4.315319569603999974e-07
4.090367998240633169e-07
3.671326143371143339e-07
3.199579617673261704e-07
4.411649163065435594e-07
4.296425467065915482e-07
4.044202580610013546e-07
3.569230691881178762e-07
3.422376177295058660e-07
4.239670464072946102e-07
3.345864101806850788e-07
5.094718510825763021e-07
3.696568058910240732e-07
3.710720333729042595e-07
3.757322595645430445e-07
4.245407628087288732e-07
4.592168435765983971e-07
4.204048843850709328e-07
3.777689086332549966e-07
3.920031605596511765e-07
3.981971967368820283e-07
4.084001980776107780e-07
3.803728020877989988e-07
3.543485314021651138e-07
4.200819465224743851e-07
4.546387323569258199e-07
3.479254652730242685e-07
3.356527152314101620e-07
4.128757170992740116e-07
3.936156194646895705e-07
4.194463494529762313e-07
4.601455259526081601e-07
4.097537666400956274e-07
4.503812962486070583e-07
3.697045335756645691e-07
4.410501008476836679e-07
3.839454652966514329e-07
3.919739353516334616e-07
3.676715106457915056e-07
4.215017285851023324e-07
3.893541802675563715e-07
3.871492550309390628e-07
4.482405633079364190e-07
4.167961066204559578e-07
3.615882837168402932e-07
4.118170125612533001e-07
3.853527343854708879e-07
4.484146673174250331e-07
4.714435364866283762e-07
4.562082470347417186e-07
4.375402841851477011e-07
4.130077861154109715e-07
3.817080976037002606e-07
3.740797198854149334e-07
4.043156681487155521e-07
4.048628143741494651e-07
4.578084918359788761e-07
3.605916511116509416e-07
4.137418245169641628e-07
4.520532039102403986e-07
3.419758941980321510e-07
3.692265310084583593e-07
3.718876930291229243e-07
4.196384911660369829e-07
4.426993643211151495e-07
3.978600550736152941e-07
4.154951754373656232e-07
3.476199206336350263e-07
4.599382633895041568e-07
4.418621640034400943e-07
3.817298237048959060e-07
4.271412807611115493e-07
4.196238964586439814e-07
3.671754396729925664e-07
4.102656264634489907e-07
3.697148549339341588e-07
4.553199772279294187e-07
4.662198070165289379e-07
3.951539905512338048e-07
4.035149253271286933e-07
3.627123984345070042e-07
4.399396877974758390e-07
3.967787655373958216e-07
3.630726445767736822e-07
3.898062234676524802e-07
4.441709116387581951e-07
4.549339286503891856e-07
4.152695266633761534e-07
4.447898337628058745e-07
4.030458964192823557e-07
4.177978214399042112e-07
4.552390486243562238e-07
4.813074840545012682e-07
4.117563555503392645e-07
3.896836168975295780e-07
3.935223869659621093e-07
3.809987431951849023e-07
4.125228049357990334e-07
4.874121635642273400e-07
3.998570121911603499e-07
3.303040395539193400e-07
3.696393978375333168e-07
4.195632196787069700e-07
4.100451866826250729e-07
4.041308899572665580e-07
3.785764773567701429e-07
3.510102910004907642e-07
4.308896926207661050e-07
4.292727190483893462e-07
4.376062010039857093e-07
4.685243839554875555e-07
4.004555296582641985e-07
3.637114409933429614e-07
3.839079520375214786e-07
4.941224867155951376e-07
3.981642006665985731e-07
4.283173853838929640e-07
3.705204141279744276e-07
3.521181430847661798e-07
3.547494528288179745e-07
4.267359623700439569e-07
3.938575043101100971e-07
3.662039791044520975e-07
3.589127119333375740e-07
4.030857024643181745e-07
3.985899793792647206e-07
4.188293802156071809e-07
4.595691481346343632e-07
3.825037823594445706e-07
3.945924460071450609e-07
3.902296930789134199e-07
4.407738040933906537e-07
