3.812958003157844881e-07
4.269478997879284144e-07
3.058319592240912933e-07
5.115011804040014035e-07
3.482160959330706364e-07
3.652544234792182821e-07
3.427115240119708510e-07
4.645823048068916737e-07
5.864354773521545366e-07
3.811405390340170351e-07
3.543040044053286732e-07
3.442524762431051368e-07
5.675056638851133993e-07
4.338197613058535216e-07
3.936102461129678655e-07
3.502684483831305853e-07
2.744848305990190049e-07
2.938006232798604605e-07
4.453079352493918399e-07
4.187509583680658805e-07
3.136258915442384750e-07
2.870639323881570306e-07
3.853689266016458986e-07
3.871310730102457908e-07
5.018497228854453170e-07
5.411247032200877780e-07
4.456136844982234570e-07
5.576933162456722428e-07
3.584793257927349634e-07
2.808099367026909799e-07
3.144180787410122107e-07
4.651382095290220600e-07
3.797909357452251374e-07
3.704558684426248384e-07
3.520825557553873348e-07
3.024126169275863425e-07
4.063702488088367425e-07
3.691634824492094014e-07
7.041562373196080123e-07
2.498750850902332781e-07
3.711580348346026444e-07
3.654933250656486172e-07
4.856027016077454098e-07
4.366098017795853642e-07
3.018993753881952852e-07
3.916699555753774190e-07
4.118424683727406798e-07
4.281324714239552629e-07
3.955510004142070979e-07
4.113494094162497922e-07
2.970314968863995783e-07
3.222544707589983572e-07
3.743002761723372757e-07
4.760852673223911756e-07
4.943201393509671189e-07
3.525355734719582752e-07
3.534984787248449706e-07
4.022213617274138145e-07
4.987346489011920146e-07
2.915184238386469003e-07
3.539586497721808018e-07
3.610691228752514078e-07
4.526129024615193145e-07
3.854141218452397007e-07
3.864481349431928691e-07
3.074117142069627018e-07
4.957790000804402130e-07
4.039339406305020403e-07
3.494959939033590197e-07
4.470103302679557062e-07
3.380384837819780419e-07
4.003221110731447446e-07
3.584392593298896711e-07
3.763563059167978166e-07
5.100781558310327625e-07
3.710513970120334952e-07
3.342787894970532278e-07
4.766249146369503802e-07
3.339494503608796703e-07
3.968104082493653502e-07
5.036062671722956126e-07
3.967876075386186125e-07
3.342663887072042337e-07
3.526511059614443968e-07
5.120673455896316613e-07
4.858930478776524013e-07
3.842021062787690007e-07
4.147635702202015367e-07
5.056888191875043761e-07
4.496856158175385458e-07
3.305852959433496228e-07
5.125835329103284924e-07
5.902700229743515064e-07
3.805777045064867058e-07
3.942691669617091264e-07
4.130572879699740353e-07
3.199890370050334894e-07
3.579782869150522965e-07
5.270078210762782707e-07
3.835411564518145373e-07
2.923335897136271841e-07
4.045878630320071803e-07
4.589041490158987841e-07
2.710724475723736605e-07
2.952568676492558648e-07
4.269808274896494823e-07
3.796444609849719011e-07
4.939079530900195841e-07
5.070828773562050076e-07
4.038541292970301578e-07
4.091724193830126194e-07
3.284874133075740591e-07
3.118455861970296101e-07
5.792291276517685485e-07
3.676186154569582452e-07
3.251109603611575035e-07
3.046923269214602807e-07
3.354455293540247097e-07
4.640667908372069960e-07
4.653412640282367325e-07
3.504137301204484593e-07
3.138817510979837137e-07
3.172314122020312571e-07
4.644198424667378466e-07
3.711471456843233225e-07
4.764818500628203869e-07
3.167814439256349595e-07
3.613302875055290647e-07
4.027948797978549414e-07
5.371723596780565639e-07
4.898374357391225484e-07
3.654920621456501621e-07
4.015028769621338645e-07
2.944532178772701336e-07
3.159589573760394895e-07
4.475165768288026213e-07
3.994709530689740309e-07
5.171611762132396819e-07
3.438069534477537566e-07
2.865941797763427996e-07
3.597561099811485514e-07
4.958172307798681175e-07
3.556731375911774922e-07
3.295384133655969283e-07
3.838969185772606630e-07
3.644644444999567995e-07
4.160744748648196560e-07
4.571451031180181706e-07
5.895589297262207695e-07
3.705066222931552730e-07
3.371094350945746640e-07
4.588839717058191568e-07
6.579662472415007926e-07
3.531742380922548578e-07
4.205043612276276411e-07
4.144420423126417069e-07
6.363861462043387496e-07
3.212680483457599912e-07
3.994260578146973729e-07
6.543578805189835754e-07
4.597598899837537561e-07
2.973051320233616220e-07
3.683526072393976830e-07
5.061402148569390902e-07
4.357128003227054919e-07
3.857197654249073383e-07
3.784255202614590952e-07
2.982332864711189308e-07
4.757455727107384504e-07
4.565676760130624707e-07
3.970437102007495863e-07
3.078046325965510219e-07
4.435359819579555571e-07
3.541018320134884200e-07
3.714258936376963933e-07
4.087379334675987272e-07
5.462651492283551719e-07
7.854305958920750365e-07
3.207166707829510070e-07
3.517631237606362955e-07
4.797091841611249400e-07
5.667029598906243853e-07
4.361774992271757310e-07
3.597987682845766635e-07
3.863756690970322385e-07
3.224729016164940213e-07
4.157865277724399909e-07
5.675111240708350147e-07
3.587101711316678824e-07
3.422644002747167352e-07
2.543964808392492351e-07
4.132325694858086564e-07
4.289792060686637718e-07
4.079323516918483378e-07
3.129777551230523903e-07
3.662019574473947976e-07
3.478500781511845811e-07
3.031214170249798310e-07
4.075078210427839628e-07
5.954560560594313254e-07
3.728843661609465798e-07
3.446532770332152669e-07
5.377374485224278495e-07
4.510210021627302822e-07
3.660780755045118931e-07
3.573235542743242203e-07
3.126830462483580569e-07
3.132435484252785905e-07
4.040384448843164562e-07
4.278747676620616642e-07
2.850377322130193580e-07
3.706920961920740108e-07
3.972552796538685384e-07
4.356444773214186589e-07
4.412673849894611866e-07
3.705397178294105993e-07
3.054845706204590064e-07
3.348253793522017064e-07
3.478567552633427822e-07
2.735071304728130867e-07
3.179733970163140882e-07
3.646732944757742046e-07
3.887853094081568078e-07
3.924521526154072563e-07
4.886020765000020477e-07
2.907223611710700432e-07
3.030163286539767119e-07
3.369132547975935025e-07
4.729371077653018773e-07
4.545051234080507657e-07
2.493941178499849007e-07
3.746009330128460774e-07
3.223233407156964485e-07
4.306335367549881013e-07
4.146543883944298980e-07
4.181762638800186863e-07
3.506397682345903017e-07
4.094571856736712113e-07
3.548902851847563071e-07
3.322901828760528698e-07
3.497169518925227872e-07
4.913848255333174369e-07
3.848930541910681484e-07
5.572049277424307497e-07
3.083653477668076082e-07
3.241670110759757655e-07
4.483782979214847729e-07
4.608367355361762536e-07
5.125392724213925536e-07
3.793318221214828296e-07
7.130580017151896306e-07
4.756834639400493382e-07
3.534655968929473347e-07
4.461454155666636643e-07
4.986678431326145638e-07
3.533444604422674456e-07
3.477036167119515850e-07
3.867173222825464061e-07
2.712728871868388554e-07
3.378134749387201686e-07
3.306020276409770984e-07
4.084295540714570050e-07
6.153652129675783151e-07
3.818176489608159469e-07
3.573293483089956618e-07
4.251155384429594248e-07
3.711351997820702070e-07
4.160720445947011928e-07
6.386715344919157541e-07
3.647849122353652490e-07
3.308517396465872951e-07
3.105321040247796554e-07
4.467272519131053399e-07
4.242444532108660985e-07
4.269658101056737250e-07
2.375333564445978874e-07
3.417657551572407901e-07
6.406138602767350242e-07
4.016559757574807815e-07
3.541893258957565162e-07
2.707486682110124223e-07
3.115095243878198933e-07
3.553101307095700002e-07
3.303177548099037489e-07
8.451980611888659325e-07
5.469069090915320503e-07
3.833657357213184461e-07
3.584986388658817299e-07
3.583264829948426352e-07
3.305294215933985660e-07
3.884267402761615642e-07
4.063161097749493534e-07
3.446620901570503128e-07
3.071909255425046514e-07
2.993631256019336495e-07
5.203993063046678498e-07
4.046132406826759664e-07
3.450898294346038075e-07
3.303755870442577400e-07
3.951736126456522777e-07
3.274640635326619796e-07
4.919911305841973762e-07
2.971149619764797927e-07
3.295340456127525501e-07
3.879794493404865690e-07
3.049317842594722159e-07
3.312075117453404843e-07
3.833444434914142776e-07
4.975149118909145345e-07
4.215932420468586167e-07
2.764759946285145123e-07
2.650883005082402832e-07
3.797230733619458522e-07
3.694443788499226571e-07
3.359421830643003955e-07
3.720319794143911319e-07
4.819674668800466256e-07
3.687791344032762303e-07
4.480692401299559876e-07
3.681687164954713881e-07
3.661224886975060336e-07
4.681499513048934277e-07
5.836613168314484766e-07
2.900396283476331169e-07
4.384848401148063433e-07
4.339127608728229353e-07
2.892543734568626854e-07
3.680816152601241686e-07
3.853722078325700462e-07
4.640432185670188284e-07
2.931358831037143513e-07
3.996170755243516746e-07
4.915102926641147388e-07
4.850164271244498863e-07
3.320408843022231865e-07
2.693176858497399045e-07
5.361140542180547517e-07
4.012386799268815627e-07
3.666124047303408285e-07
2.850505372507455923e-07
3.877182506662206207e-07
4.237414072485801121e-07
4.673280938519458516e-07
4.365154794418353663e-07
5.222030103320437618e-07
3.362795583756006427e-07
2.804941176315657098e-07
3.782309546981072827e-07
4.734268550984035215e-07
4.621880363944282578e-07
3.218723266000233994e-07
3.989093302704842699e-07
3.077372926684341430e-07
3.321524025524850197e-07
3.977600905732097395e-07
4.369208668521017932e-07
3.392755286998066387e-07
3.387403394402677545e-07
4.821821655233693884e-07
4.063138515652939436e-07
4.815818930566995778e-07
3.071721872939287535e-07
3.320450563747683753e-07
4.244491441976564989e-07
4.316310335131492316e-07
4.708045093537597156e-07
5.740442762909170891e-07
3.733104768623957213e-07
4.283976898769218605e-07
2.760842492567323270e-07
3.240578577404570514e-07
5.080638567145324531e-07
4.285352783363823745e-07
5.152047868575608832e-07
3.517850019170672461e-07
3.278625631008672828e-07
3.860005467644191877e-07
4.955443994686895596e-07
4.063034114800120002e-07
2.840299939772247276e-07
3.754758060873405891e-07
3.654072058663696111e-07
4.042993438822818391e-07
4.461749665839346595e-07
4.134230478798094106e-07
3.836784732872987773e-07
5.093948900403675133e-07
4.514596494528665272e-07
3.450896432795266467e-07
4.417292907035243811e-07
3.730749461471684143e-07
2.815915452622199220e-07
3.773460949179961960e-07
4.345392556614815089e-07
6.066794701797899561e-07
3.778390626908314816e-07
3.732812414052300050e-07
3.984021693065908815e-07
4.125371705258152546e-07
3.754018111945045907e-07
3.571896089798423582e-07
3.452417311417578118e-07
6.964618336331618491e-07
4.266580028678193362e-07
4.272701830430876818e-07
2.892565613456577375e-07
3.569775830082841193e-07
4.416781013576290780e-07
3.507355879197726515e-07
3.819375409549713756e-07
3.595478078647491171e-07
3.788426192440648086e-07
4.758592799325433643e-07
4.410513187063108228e-07
3.442813533984805034e-07
3.757719975901682742e-07
4.721346164006736317e-07
4.408723311940063205e-07
3.201756359152718742e-07
4.025764838521708866e-07
2.956963721364175173e-07
3.287174588105007191e-07
4.220424995643043594e-07
5.053401565807266696e-07
2.856854976453071107e-07
3.924318034773915839e-07
3.708681346694668819e-07
5.060710679157975012e-07
6.583858523808884248e-07
4.648182783816091508e-07
3.900021000607762742e-07
3.243283445990277036e-07
2.846645946227604319e-07
3.543830197447066229e-07
4.906300067291315877e-07
3.221873539537951853e-07
3.110772156306327177e-07
3.421975053078303374e-07
4.314236195802916115e-07
4.416707936184282062e-07
4.648509059535384837e-07
2.693067172522088476e-07
3.252490973971151820e-07
3.478337981203922056e-07
3.960179276508055553e-07
4.577137719898735739e-07
3.039396061794518781e-07
4.121852890074191062e-07
4.747779689841547248e-07
5.650698839677782509e-07
3.986809912260597152e-07
3.450262297961608818e-07
2.797099235293640333e-07
2.997745814539935510e-07
3.844950233627288699e-07
4.713268487036880002e-07
3.010152325387423825e-07
2.903296951642093394e-07
3.495915889624147023e-07
4.378658662879763543e-07
3.866532779322041884e-07
3.519295545415205235e-07
3.160324823052486599e-07
4.024904708860999701e-07
4.226605324023274928e-07
7.460801050260157483e-07
2.671454375125057266e-07
3.803357765821472223e-07
4.788354541381937877e-07
3.185284772069032177e-07
4.191984253094957796e-07
4.339291434098030466e-07
5.222690768025653196e-07
3.547868204548678841e-07
3.409509601822046558e-07
5.821048933552453724e-07
4.058405654585018704e-07
3.031325145840979352e-07
3.700369544044875198e-07
4.252805709308657140e-07
4.283034763321252185e-07
4.118220954492853009e-07
3.965622017826372035e-07
3.265427140025492078e-07
4.078577580108265839e-07
4.242605460655266117e-07
4.018507058065278630e-07
3.614674333938004659e-07
3.623630584177247789e-07
2.968486388742736299e-07
4.210097028257322526e-07
3.445015524092891916e-07
4.667522735320428948e-07
5.033727621720831083e-07
3.070246944519465916e-07
3.424802053260255053e-07
4.825655992967137183e-07
4.855220989292760973e-07
3.819886806998100687e-07
3.826083786051044576e-07
3.131948881856466036e-07
4.192339128494826515e-07
4.775313757904467789e-07
3.681928840972714601e-07
3.549279718342675926e-07
3.341855707926470536e-07
4.184627692592460692e-07
4.128608749255536424e-07
4.018682373859971973e-07
3.516796807127425310e-07
3.308506714405906727e-07
4.316327579616718718e-07
3.729283940926157363e-07
4.336511325541323411e-07
5.155561976212606704e-07
3.817622243927557503e-07
3.269760715385836978e-07
3.440298520105585668e-07
2.438250403675177366e-07
4.483515762744001489e-07
4.311652567387889778e-07
3.751704131160877776e-07
3.261829288891502379e-07
2.604370746596085857e-07
6.209674342117520863e-07
3.913964747199603152e-07
3.691765155972598571e-07
2.987073530254902779e-07
3.601987860336126492e-07
4.294089983725253515e-07
4.613538798163581529e-07
3.233127824841811666e-07
3.600100241890698638e-07
2.723016873407977786e-07
3.701249146000341359e-07
3.783394644676846886e-07
4.087611714386491687e-07
4.014338362306367555e-07
2.713656726696272938e-07
3.216652735681875832e-07
4.014616605689006621e-07
3.917019078090978646e-07
3.562461595695906607e-07
3.360467607851987424e-07
5.301321974442043255e-07
5.353208906477587628e-07
4.268413534783214777e-07
3.129379846166560670e-07
4.495519392009754989e-07
5.233181152476237243e-07
4.366272372246029047e-07
3.536475031115010234e-07
4.500418756855838062e-07
3.595197823058393336e-07
2.949322149891082110e-07
4.232410654129332953e-07
3.544878060660814097e-07
5.611983027317340853e-07
2.814663872630606020e-07
3.386826407464577974e-07
3.338124085988503839e-07
4.376400298525305014e-07
4.031996521129385744e-07
2.655384223952274532e-07
3.626188619226163422e-07
3.886264749643358146e-07
4.780241997260871510e-07
5.049727201396251971e-07
3.388203176183591425e-07
3.030484451697782527e-07
5.067560108531140597e-07
4.404540514365621385e-07
4.823253450991921707e-07
3.668915480148817623e-07
3.807066349028818973e-07
4.026776185352258703e-07
5.200786785730504570e-07
3.278812939509472408e-07
3.652046699480531775e-07
5.744222994032709630e-07
3.362713849464924797e-07
5.444218645789103183e-07
4.474541722272560740e-07
4.625419053601657013e-07
3.345812032000520217e-07
3.743686282696413807e-07
2.902974635892449357e-07
4.365516066900481263e-07
4.002575014169068104e-07
3.767936075496360095e-07
3.530194518081071653e-07
3.471947306816384680e-07
3.646213068305273105e-07
3.494371592954393235e-07
4.781601520074690409e-07
4.292310674967148296e-07
3.460211487353314363e-07
3.621012959998916156e-07
3.515690890533103958e-07
5.037805138924290263e-07
4.688636587948441891e-07
3.933770152395294998e-07
2.439055215490859548e-07
3.423005538021523595e-07
4.301883106212972110e-07
3.519716899902872160e-07
4.307572824436571844e-07
3.133095424606669390e-07
3.005071912994244629e-07
3.311138706196255264e-07
4.028430047745666489e-07
3.892665928327180010e-07
3.170176314166363940e-07
3.268387957656498663e-07
4.047582307883991736e-07
3.423200048247361007e-07
3.399523157386200921e-07
4.962383509822995549e-07
4.514328648563104721e-07
3.379169821351878962e-07
2.966027687317884283e-07
3.125164649423141810e-07
4.312847925257405392e-07
3.817175607069969036e-07
3.056731912473327652e-07
3.151778937844848851e-07
4.188442920613795696e-07
4.075759565227627901e-07
4.526070214271747239e-07
3.143168656090155589e-07
3.124748785287882211e-07
3.966313607934778950e-07
4.282381081727187473e-07
4.037667879116334105e-07
2.689468360209438890e-07
3.645538167909490867e-07
4.517798503195281690e-07
3.379846949133239629e-07
3.260925740296077160e-07
3.081741419260375359e-07
4.246098323999893538e-07
3.627986279410034064e-07
3.427256114009880041e-07
3.239165297934169397e-07
3.695558185859051888e-07
3.697188616630357410e-07
4.413487621307345332e-07
4.312916423074063288e-07
4.162623429576079851e-07
2.767153648912483551e-07
4.427130167329097700e-07
4.708930692226857746e-07
3.016169238932703372e-07
3.849502566021528551e-07
3.605746872865737063e-07
4.691497097090819243e-07
4.863282011087581041e-07
3.576158158962346640e-07
4.513520789090988057e-07
5.689515180260720679e-07
3.102043913721276780e-07
3.193012518075869328e-07
3.562241316037136800e-07
6.079470680137942420e-07
3.893698439704151658e-07
3.310246529158190067e-07
3.922714455275667474e-07
3.647852661821631761e-07
4.041184719463236388e-07
4.023904671681172915e-07
3.949577379525684689e-07
2.937689603249474105e-07
3.319576854884261792e-07
4.422516409830573855e-07
4.042781053311958372e-07
3.160742875408343856e-07
2.722066630368241141e-07
3.297885166884711395e-07
5.134384110382375324e-07
3.387543818279897370e-07
4.053003345212981723e-07
3.839734775990933571e-07
3.743028700402611617e-07
3.216830062044920751e-07
3.878203438403362664e-07
4.036724710632820212e-07
3.036478118850821929e-07
3.850718135029192003e-07
4.362368906984467869e-07
4.202821530789486887e-07
6.695607612425958237e-07
3.134938118574840539e-07
3.335882775105319645e-07
3.775813171301926530e-07
4.233550239107433763e-07
5.414573394384410499e-07
2.974957585631167428e-07
3.602401116262236149e-07
3.674849944576033719e-07
5.458316201579018289e-07
2.746085450179922616e-07
4.047793202425695075e-07
4.664142002984598354e-07
5.010313461927573219e-07
2.989752934749744327e-07
3.356688033999937199e-07
3.885691438441539942e-07
4.966520795586613890e-07
4.190446957455438517e-07
2.602287756664239747e-07
3.755623110220629068e-07
3.464476824651604689e-07
4.415515625763008173e-07
4.382370016988369750e-07
4.411975611462961956e-07
3.418296280182820000e-07
3.457355257103618424e-07
5.119850133288630655e-07
4.913021857094601295e-07
4.466996740784804398e-07
3.648743432406367553e-07
3.692365744287872447e-07
3.524505993409358023e-07
3.494191967516879110e-07
4.372963822237728000e-07
4.428651900665005201e-07
3.288726595459461030e-07
3.760791985557214479e-07
5.143197990228017311e-07
4.673855449908051837e-07
3.428529957220377127e-07
3.666545745021588107e-07
2.960811627365347677e-07
4.927929181849306962e-07
4.329733882030171743e-07
4.173394923570800933e-07
3.286732709410327936e-07
3.485872472438547430e-07
4.501153401899924481e-07
4.040248274005211446e-07
3.890839941819373003e-07
3.238055599045536540e-07
3.116000256212350821e-07
3.098476502272814230e-07
3.563675039375140677e-07
3.653519590586506110e-07
4.439811532571597151e-07
5.773847773151026257e-07
3.578351672338038820e-07
3.577045515317301985e-07
3.014067729864455578e-07
4.396127738096234767e-07
4.433988627056853974e-07
3.844251027743098506e-07
4.240707060386763499e-07
4.002904418914342602e-07
3.624982648729892919e-07
2.343481530311299176e-07
4.424509875620525519e-07
3.697674837663229729e-07
2.820770179883811740e-07
3.556968721251081139e-07
3.950881279807571700e-07
4.240466037347857304e-07
3.828174677683859441e-07
3.539866291078699729e-07
7.594808196905413620e-07
3.097577652458857051e-07
2.851745790428947467e-07
4.304423783735658608e-07
4.269469211873710956e-07
3.700372322906673642e-07
3.568362921105147249e-07
3.333528665946920625e-07
3.977737592644288877e-07
4.237153166954769824e-07
4.106934562256213307e-07
3.021012789151328236e-07
3.205216835423737031e-07
3.711898663532960336e-07
4.496103429452435956e-07
4.338736419231773770e-07
3.293599117130347973e-07
3.298669248577167200e-07
3.546270688499762791e-07
4.037583400177485933e-07
3.372665409920714021e-07
3.172206147873416701e-07
3.902346077041116525e-07
3.379811592148635474e-07
3.010932973681831467e-07
3.203054697193312582e-07
4.302027889714271235e-07
3.482388028727911088e-07
3.911898524114763669e-07
2.526220825464940938e-07
3.664649010682887535e-07
4.101711597942487078e-07
5.314245423697593046e-07
2.816075256575849365e-07
3.877554983383289939e-07
3.304677941913444901e-07
4.634845292146037211e-07
5.342087313622354593e-07
3.354000757825669171e-07
3.971786154611764242e-07
2.890268613678749686e-07
2.618460094006776667e-07
3.275151980104835234e-07
5.079646734384887482e-07
4.161269451785646999e-07
3.438965113718161222e-07
3.401135473107721485e-07
3.486324100200551193e-07
3.990332140440315312e-07
5.398830713219275875e-07
4.816514185828389609e-07
3.340381006565604187e-07
3.957662876250382980e-07
4.374921202736003202e-07
4.193615794968053391e-07
3.908736579367788242e-07
3.399909274053284959e-07
3.041390083496640122e-07
4.322259350166433746e-07
4.295879502849668170e-07
4.568528769907493664e-07
2.974285867319446647e-07
3.663298014664727352e-07
3.615680964181197120e-07
3.874540141278330950e-07
4.918961088440464887e-07
5.329523206763861588e-07
3.603488379123425067e-07
3.242215520594762639e-07
3.352461676753614513e-07
4.557339387138128327e-07
5.269596436099957835e-07
4.611878451921242054e-07
3.853229545400905285e-07
4.461273166176025756e-07
4.761808953632691745e-07
4.362863681700971378e-07
3.865710692799594371e-07
2.820235401310292838e-07
2.904136296368355803e-07
4.202542595086743195e-07
3.968761208704388481e-07
3.398514846739196877e-07
4.006171021254989618e-07
3.934522601928994835e-07
3.584106841022707953e-07
3.644500461171874508e-07
4.632812276515676082e-07
3.866560082663701244e-07
2.977957404469782656e-07
3.039884262552627147e-07
4.298047547611334673e-07
4.170766104216472948e-07
4.718665431727218856e-07
2.712315214881020337e-07
3.376512747302752508e-07
4.146481788499057443e-07
3.581390678504871011e-07
4.949582274610348521e-07
3.446310834345810474e-07
2.984365419211162654e-07
4.054434717022624178e-07
4.897366069786801447e-07
4.033578710730861184e-07
3.182854245083742431e-07
3.817496267074959229e-07
4.270145199132563038e-07
3.320643877286529484e-07
2.928037243233015545e-07
3.013958121408931715e-07
4.789465440124892303e-07
4.001720878353870544e-07
3.058125429935834840e-07
3.215173237674233514e-07
4.424848891864859259e-07
3.936899461303781066e-07
3.371793295366144372e-07
3.062540522604667215e-07
4.169001588877870623e-07
4.260679196047978542e-07
3.220008147709657221e-07
3.730328518986550176e-07
3.775734841626575344e-07
4.277415651788877501e-07
5.538001731113953028e-07
4.410332076304633110e-07
3.715097094940947256e-07
6.081578430894818558e-07
3.150799059945931401e-07
3.812710055821478692e-07
4.429079452541062812e-07
4.061536942330816827e-07
3.018415469944896355e-07
3.567901963983584604e-07
3.410444095489911114e-07
4.240818767082471800e-07
3.728894948169489476e-07
3.936712970911520185e-07
3.246581626695249110e-07
4.587191028882749210e-07
6.475891518395265227e-07
4.103123354320424684e-07
3.427048042825297199e-07
3.567002083015143722e-07
3.489545062975781310e-07
4.013503916834730750e-07
3.854460870523169839e-07
4.807661920825654764e-07
4.791408400350558523e-07
2.837416181581733092e-07
3.872435493640491244e-07
3.578027348141929562e-07
6.726828135289431166e-07
4.699049118905250909e-07
3.730938841518154836e-07
4.073872831466212323e-07
2.737961276537402499e-07
4.239101343640795349e-07
3.224004724380781810e-07
3.091150730522089658e-07
3.832212557658672454e-07
4.654625025726700922e-07
3.430117951293035486e-07
3.145390504995661136e-07
3.384292526986301611e-07
4.460646324746454795e-07
3.835839128075277018e-07
4.506349796411491633e-07
3.220807136492552293e-07
5.205050692935708199e-07
3.389628218930469286e-07
3.625142097646985952e-07
3.286675923657705229e-07
4.462464527225346248e-07
5.183888409688036206e-07
4.783852384452075795e-07
3.138193375306302128e-07
3.908834511829561405e-07
4.213237777163971797e-07
3.710554672719949944e-07
3.508566441919713970e-07
2.959008548197682507e-07
3.017287707324158114e-07
4.046363133697562138e-07
3.045402637323356339e-07
2.927311087717911666e-07
3.368560826880473399e-07
3.751271046813438015e-07
4.977711758870949227e-07
4.322039055680089088e-07
4.396518547687857888e-07
3.952541944704301502e-07
3.187048669850687031e-07
3.292329513798657441e-07
4.789203887210288895e-07
4.006019810977598974e-07
3.824344868875923105e-07
3.334473502585575818e-07
2.352794492227646751e-07
5.100042730382864481e-07
5.381222598802470605e-07
2.780787950917166570e-07
3.452989884322035211e-07
3.907467440314601497e-07
5.384205622199925091e-07
4.234812993663584568e-07
2.847306780587325303e-07
3.542028781746147762e-07
3.370763969002089353e-07
4.050281020525553420e-07
4.723793849152662563e-07
3.715465973009043308e-07
4.208527921841917909e-07
3.814344985302315666e-07
3.250095827365617877e-07
3.493622490078810114e-07
3.725894148278457667e-07
4.081619991468701880e-07
4.115581990995998438e-07
4.233314737296925360e-07
3.543455198947365633e-07
3.570432264080015586e-07
4.277877442382185038e-07
4.876102023603327408e-07
3.112283464201794786e-07
3.920158556825320927e-07
3.822684728528641442e-07
4.356089325149590914e-07
4.398181430421563705e-07
3.602765773631917581e-07
3.472156415466122498e-07
2.613352807731655469e-07
6.567826398459692059e-07
3.816146599716460522e-07
3.364683961815931696e-07
4.724099998838516986e-07
3.977885121545201104e-07
3.246250382614402817e-07
3.369883987997472941e-07
3.534578395616176114e-07
4.408176699883473324e-07
4.933911115030275156e-07
5.623079426515840219e-07
3.304112876242108342e-07
3.689352913203169816e-07
3.917964817269723212e-07
5.505341221583094693e-07
3.136383756457957360e-07
3.725357682417411653e-07
4.156824071136465927e-07
3.930603720498788321e-07
2.837845844787480737e-07
3.602520600735420158e-07
3.324235243465502755e-07
4.152905493519392131e-07
2.657157055128957712e-07
3.264035303175002465e-07
4.674825681080170288e-07
3.739796057311528720e-07
2.897402298119092795e-07
3.431518455033245215e-07
3.886860298946769258e-07
3.627056559279982439e-07
4.165893558830249021e-07
7.220001726352276159e-07
3.776421119089039064e-07
3.283132678704446721e-07
3.905241735818967876e-07
4.623574540493537988e-07
2.783399156322569957e-07
4.010849035797096536e-07
3.626847402650942120e-07
5.834244653612914378e-07
4.972811877382543635e-07
3.786540228978475100e-07
4.301096575297230807e-07
2.656305501546533007e-07
3.475712353300937305e-07
3.218188681328663580e-07
3.479418431532174532e-07
5.064238730981922133e-07
4.900731457542904300e-07
3.769591564652994087e-07
4.189177438300358683e-07
7.437843290910565586e-07
4.937523120039992197e-07
3.165858702985065387e-07
5.046806039252879460e-07
5.694987023255937084e-07
4.367026826229667137e-07
3.429112699008810971e-07
3.364237427538201603e-07
4.271007424462463359e-07
5.451239531879746565e-07
3.417555900854078688e-07
2.733091948396941394e-07
3.336037371925640198e-07
3.028860219256450691e-07
3.771378338634428093e-07
3.286174087754666651e-07
4.788338096200656053e-07
5.742622036338785413e-07
3.641589958055954142e-07
4.295667707569742707e-07
3.154764404460152768e-07
6.029781119774952847e-07
4.794024589705074156e-07
3.392731124286773984e-07
3.352532295055674977e-07
3.685478823438098208e-07
5.155096459384108859e-07
4.291529296818867072e-07
3.536864594989234284e-07
3.794373190174128043e-07
3.579895254956889372e-07
3.172101845715068925e-07
3.542989463591089132e-07
4.710944491691566722e-07
2.803978407500363416e-07
3.888348301221787515e-07
3.607317447401089094e-07
3.236887221180770595e-07
3.268056796197376862e-07
3.791411505382651204e-07
5.102229743873454276e-07
3.925698198740768623e-07
2.957690176399685321e-07
3.169581973194213902e-07
5.587142154150300986e-07
3.345058487535412843e-07
4.584584353791000556e-07
3.767765369163531150e-07
3.130145377153155805e-07
3.371068708201929156e-07
3.778237983448604026e-07
4.143174930272265293e-07
4.225578269394620776e-07
4.738285497441608810e-07
3.526679150216875916e-07
4.234308191220544104e-07
3.150843757898206640e-07
3.413162227253117139e-07
4.598308255079141851e-07
4.116717517927082563e-07
4.021611136222987580e-07
2.997703712188331451e-07
4.441704430824840206e-07
4.716604403226494452e-07
3.424102528240504233e-07
2.944841470950987008e-07
3.368386688875403685e-07
4.590338261450332796e-07
3.906930735156721660e-07
3.201513385171783076e-07
3.350594520253629801e-07
4.105786079170807097e-07
4.737784522149953263e-07
6.170978118670993569e-07
3.433147958442910999e-07
3.711531399167033026e-07
3.006286187651133491e-07
2.542664341449894300e-07
3.695893336691040204e-07
3.931273318885801582e-07
3.672694589645301533e-07
6.103119815556829980e-07
3.459789859156201721e-07
2.742157596587903016e-07
4.302187299241510542e-07
4.456681688228422336e-07
4.674257490902242378e-07
3.104989274066629596e-07
4.227736504444034313e-07
3.760518640640176063e-07
4.162760148676805525e-07
5.125552165477381324e-07
3.395486582792818989e-07
3.109954234484474978e-07
4.883659743348132564e-07
4.378400263180107348e-07
4.025036908356542269e-07
3.247078131676370929e-07
3.358101780807298611e-07
3.361116903100831972e-07
3.372613789487498645e-07
3.596239582901999443e-07
3.943857488068185834e-07
4.544830449696541034e-07
4.446092440897521598e-07
3.080403570253752233e-07
3.495105727753846219e-07
4.391029616042179318e-07
4.486028763238845248e-07
4.094667330999174696e-07
3.725991444568650141e-07
3.601075179316905080e-07
3.772005503464403394e-07
4.898977201053464941e-07
3.746146636870990630e-07
3.123260396499872719e-07
2.865244820357326210e-07
3.699880842270343480e-07
4.039133868857601629e-07
3.439934523918550972e-07
4.204299705163138138e-07
3.449361694171242238e-07
4.134351704391045572e-07
2.969895470755437045e-07
5.304665242966842500e-07
4.960208383097518885e-07
4.273975151405249506e-07
3.242584811535063669e-07
3.490823491247943674e-07
4.662190282835769127e-07
4.482863518462209049e-07
4.371702212805445093e-07
3.451108121095281152e-07
3.137982252257349000e-07
3.826945054595231868e-07
3.844311809305391736e-07
3.442309281538880300e-07
3.149994570505316470e-07
3.683139290601649676e-07
4.071589536266302245e-07
3.641229439646739015e-07
4.563242438697131396e-07
4.072543033794821844e-07
3.859795732448887184e-07
3.198973685346758173e-07
3.357097625717542440e-07
3.246311265788950038e-07
4.890602812351905828e-07
3.661826108088474899e-07
4.579547986487798389e-07
3.265877715319475723e-07
3.612810957672190094e-07
4.188352552187322329e-07
5.302758888587113285e-07
3.124907057110963129e-07
3.654151464190040317e-07
3.989154567219214251e-07
4.035627078184796465e-07
4.833254504377843065e-07
3.906845357242863735e-07
3.547442399281181773e-07
3.645595183006642727e-07
4.945487267367519332e-07
4.375433305763837871e-07
4.130784653412755376e-07
4.041050474652008869e-07
3.342643701386363178e-07
3.265747051557146853e-07
3.266425757711468310e-07
3.845368544060536691e-07
4.600559310762220215e-07
5.169902642444914319e-07
3.318524179076259552e-07
3.424598076236718930e-07
4.058184377440517519e-07
4.857591020098569770e-07
3.074502472128423988e-07
3.390114835495954179e-07
3.810811203153349160e-07
5.791497553779554772e-07
3.869760256232812749e-07
3.815534918502322798e-07
4.143864488431589622e-07
6.618610641914128962e-07
3.736624329947640230e-07
4.372527557599735932e-07
2.694765431269611413e-07
3.524162415288650298e-07
3.316255102406812658e-07
4.010658069913670014e-07
5.473656035987703384e-07
3.816718691479737501e-07
4.149881922293701082e-07
3.775338808909451063e-07
4.511955050285658322e-07
5.119744825861949784e-07
3.463283318489100639e-07
3.513376613364512345e-07
3.458517790368026663e-07
2.783183185010392648e-07
3.977001242773151930e-07
6.736311364855834174e-07
3.741045519061177169e-07
2.821498595071696990e-07
3.085417005618594082e-07
3.876484458582236597e-07
4.205233051580794107e-07
4.860753275351965616e-07
3.602476426075502989e-07
2.795622719189435853e-07
5.307488215034969469e-07
3.781899585775201728e-07
3.255094376003801595e-07
3.441990534442162426e-07
3.704139353225237558e-07
3.350138871051729031e-07
3.106354041388184149e-07
6.449188770630117702e-07
4.372204179326033100e-07
3.020034465676559489e-07
3.080825360748665730e-07
3.918803696455314334e-07
4.268326560729090135e-07
5.955110231076607682e-07
4.554894473778145099e-07
5.310264971021850583e-07
3.918030934540980136e-07
2.833985329626375178e-07
4.094141039236944241e-07
4.415628439278259485e-07
4.613395392104690484e-07
4.225016452263450074e-07
3.719681428791916101e-07
2.744412634936871612e-07
2.950812936822250034e-07
3.920666234841006326e-07
4.277216552781223047e-07
3.360438879233938691e-07
3.079708008767007670e-07
3.273109664846238070e-07
4.482183684598803213e-07
3.617584288671176270e-07
3.398760474487669532e-07
3.304606457094299762e-07
3.980639902264148452e-07
3.615470929180717387e-07
5.134150778996392883e-07
4.739279605815408668e-07
3.742101076900552211e-07
4.413497630114268503e-07
3.108292167586758167e-07
2.864360827106432697e-07
4.320676544355927716e-07
3.624887412725471422e-07
4.640328666500986610e-07
3.611096305554102669e-07
3.648316080078219008e-07
4.696779163987851945e-07
4.296716993722537528e-07
3.136155953580544659e-07
3.532120589867670976e-07
3.904610402129052561e-07
3.557186043485515465e-07
4.598495735286064927e-07
3.408856560093440395e-07
6.151287181752381315e-07
4.811179467523942968e-07
3.289206876839338553e-07
4.258879084795951821e-07
2.550591120324070740e-07
4.193339336292538512e-07
3.935228573801772191e-07
4.966585666337359572e-07
2.855712464965254749e-07
3.424961251797101913e-07
3.512363527001525793e-07
4.321055784585424732e-07
4.738347420684192961e-07
3.795956659071475991e-07
3.318238257306766345e-07
3.342491162407275459e-07
6.716365975804789196e-07
4.390626989409344460e-07
3.959878419293677700e-07
3.384830539965737632e-07
3.359967210118912388e-07
5.217671154478094412e-07
3.760320541223626964e-07
3.668658379157159260e-07
4.148798853365641209e-07
4.470627673289452049e-07
6.227544339765619417e-07
3.546792866968313485e-07
3.644316624086693446e-07
4.096796577946873430e-07
5.381943092748274540e-07
4.648830150119233612e-07
3.472876662257754000e-07
3.923364089672224469e-07
3.799654650375470059e-07
3.530106453393120479e-07
3.321226831244673925e-07
7.031910555930147025e-07
4.148213712940712063e-07
4.447188384763967352e-07
3.421430253815032489e-07
3.785819907297269424e-07
3.702102403393630635e-07
4.975970128097075629e-07
4.273731582091948658e-07
4.301632348074053186e-07
3.527595703363870306e-07
3.743296664106286525e-07
4.277717262089781548e-07
3.887589402761537194e-07
3.855236384147005436e-07
2.911417628322372248e-07
3.445036081903071868e-07
4.299479176296197825e-07
4.065054225157310133e-07
4.612244724627324773e-07
3.426895570454731635e-07
3.098330614187664207e-07
3.953150665910206976e-07
3.965156883700930815e-07
6.473002749461918856e-07
3.688015841116642962e-07
3.931265880107390921e-07
4.975101414654882744e-07
4.591458693231957727e-07
4.027692428861998063e-07
4.276710439226448147e-07
3.871731398085138031e-07
3.458189481187391476e-07
3.472999530260688497e-07
3.339467788507694292e-07
4.252239400584137120e-07
4.161164286162338956e-07
2.972156296384594321e-07
3.156792331528545090e-07
3.519659350714380365e-07
4.270614030580187603e-07
4.249404027103870192e-07
4.981056026087868643e-07
3.420758263468424188e-07
3.438427022288294396e-07
3.640151223874018872e-07
5.958289490509160585e-07
5.092193225675622931e-07
3.293484828003961803e-07
3.517485068095851873e-07
3.999699940193571171e-07
5.141437502505636428e-07
3.093916671238703150e-07
4.149971053223914111e-07
4.221177895851895966e-07
4.240702616191391617e-07
3.343797294878626848e-07
2.801156527993691328e-07
3.986269519425463619e-07
4.515660089885518613e-07
4.373740387725324704e-07
3.005809284666117500e-07
3.552336250647074998e-07
3.497362215269637175e-07
3.559802076868746855e-07
4.448419595777923720e-07
6.204744833797461582e-07
3.842617911251544777e-07
3.679735048391812008e-07
5.736755708597711679e-07
5.299312173373042447e-07
3.545604324390244808e-07
3.370616374216171985e-07
3.608672141765930089e-07
4.021488103829616568e-07
2.736810369208195744e-07
4.416944676106333418e-07
5.758499946257760196e-07
4.517262154944606878e-07
3.411027559826287262e-07
3.556823473075854131e-07
3.460038550435005509e-07
4.414770403130559817e-07
5.033355120042618245e-07
3.894954478508639597e-07
3.410230411480915734e-07
4.586522005613899131e-07
3.227541208992577344e-07
3.935455701317527432e-07
3.652619523874436333e-07
4.071289506835170182e-07
5.569098349975691335e-07
3.677265825613239302e-07
3.895665206730594633e-07
2.584448469507740284e-07
4.803591146317163351e-07
4.474179230616939642e-07
4.288408816558746446e-07
5.293496017066353243e-07
5.927261353090043920e-07
3.484330917562543020e-07
3.937741589597680630e-07
2.452986295816715630e-07
3.895973735424838865e-07
6.840828158755628855e-07
4.007698940064050984e-07
3.223439012009769129e-07
3.598520348767047259e-07
4.448429673125158973e-07
3.542327291541837291e-07
3.834040541484600410e-07
3.519832209021784317e-07
3.024099803121983446e-07
3.676333385774047336e-07
4.272541136287933815e-07
3.145036475928185720e-07
3.391957862292292244e-07
4.401125564450733521e-07
4.046471225081480380e-07
2.483239733572984044e-07
4.116545931743349930e-07
4.011279717268941791e-07
4.025667572591751142e-07
3.432642471494173714e-07
3.003702506414821278e-07
4.696283497940544745e-07
3.887310218059541376e-07
4.154644755095613855e-07
2.769370524799882564e-07
2.987178321617777752e-07
3.720432334840924747e-07
4.371752222878277049e-07
4.697926068905105697e-07
2.992714365004494854e-07
2.825577658102735198e-07
3.174949745963017287e-07
4.223173323818048083e-07
4.927896852332675033e-07
2.343824969749335855e-07
3.860784516587931289e-07
3.297906322499948459e-07
2.994515360613332434e-07
2.894364433505391762e-07
3.829224364572884574e-07
4.591893986925360015e-07
2.848913454276151740e-07
2.870004613707003103e-07
4.567391624997126226e-07
3.671554967868081441e-07
4.133620635476560436e-07
3.624428795096339125e-07
3.095461408800367816e-07
6.117795215748729489e-07
5.370852287787985154e-07
3.488147124563082999e-07
3.302075391630875217e-07
3.669964748161280618e-07
3.858553745595214205e-07
4.474740361407848685e-07
3.932361365835286788e-07
3.420986955577377946e-07
3.433106301405087674e-07
2.927844521794037040e-07
3.081745238153764493e-07
4.305549013109519802e-07
3.843239165621564513e-07
3.973696870058110631e-07
2.631387443607794522e-07
3.612944707488681186e-07
3.985724445217489754e-07
3.839552063382754508e-07
4.389199432326122613e-07
5.332794628247204867e-07
3.983388446015351060e-07
3.488698941575900687e-07
4.745597019937162993e-07
4.913818573846337536e-07
3.704863520076082412e-07
4.153069736401199068e-07
3.249326093446602736e-07
3.927972481534772809e-07
5.166853260968319483e-07
4.033492421412933792e-07
3.038212761554807854e-07
3.490903977927629858e-07
3.203804719657400376e-07
3.591527773975364363e-07
3.562961242331584211e-07
3.926604785358711692e-07
7.045102885846111677e-07
3.589762740708590036e-07
3.584120454606048151e-07
2.913071642275980327e-07
5.673920627165373203e-07
4.422039745863138688e-07
4.122382221818297568e-07
3.128901890021412351e-07
3.496967469271280813e-07
3.807067338097512486e-07
3.933708870843425343e-07
3.538024727355417844e-07
3.346150805107279996e-07
3.287232762249305191e-07
4.116033493283343542e-07
4.137884291487741576e-07
2.796264021576053503e-07
2.544252554715975863e-07
4.690758336659697426e-07
3.106184644729417972e-07
3.814221639871527321e-07
3.287617284419426782e-07
4.742786664755148874e-07
5.137369955248620581e-07
3.444615688188462044e-07
3.429869418429133996e-07
5.433059252223915184e-07
3.799837805736369094e-07
3.674937318721428141e-07
3.009823762750314678e-07
3.597196405454743011e-07
3.653377858911549727e-07
6.091170635152121091e-07
3.631675978189419537e-07
2.515059846135088196e-07
3.458387776896093750e-07
3.811708471676083583e-07
2.871088943743349278e-07
4.085058907453359117e-07
3.860199119319912053e-07
2.647754831425299085e-07
3.011628211668420325e-07
2.688260874288998966e-07
2.951538738991391448e-07
3.680294417201853474e-07
3.815973293249720001e-07
4.024978141529594023e-07
6.440768644988214486e-07
3.914010100716033299e-07
3.352480400970768297e-07
3.970707109424832663e-07
4.945915881439585172e-07
4.927672340659840880e-07
3.088325990855611783e-07
3.408402217855177959e-07
3.138418163664361208e-07
4.800062399149235218e-07
4.263815386192847973e-07
4.617802983709826619e-07
4.316660286768275441e-07
3.092466702208018326e-07
3.260300698229177611e-07
3.338638568363123273e-07
5.006185619607535923e-07
4.289984888577193377e-07
3.019487945762595361e-07
3.701147668688794100e-07
3.725541596373305485e-07
4.063840327727841879e-07
3.484798089889448995e-07
3.996803799351199149e-07
5.146430581908393123e-07
5.177282271423045445e-07
3.643334443778883771e-07
2.764141499491917255e-07
5.030389231618571377e-07
4.452814845626110469e-07
4.465866784758875121e-07
3.365484400180666156e-07
3.733724190622498288e-07
2.985277285787791257e-07
3.899496576389070997e-07
3.083718448398861266e-07
3.669786557784670191e-07
4.692320923435622731e-07
4.428551072808391951e-07
3.637659014004536073e-07
4.312955837952970969e-07
4.140944678391759511e-07
4.420265503343626828e-07
3.504506356484460119e-07
3.580296691845873795e-07
3.200114447935589783e-07
3.969315244973037015e-07
6.223804855983057500e-07
3.871642698171026756e-07
3.188032289341198250e-07
2.926232388806326554e-07
4.059125708877893322e-07
3.191131263535549542e-07
4.510159732930304937e-07
4.075986126828066173e-07
4.070215472005419866e-07
3.085271680923330179e-07
5.717716761802288471e-07
4.601638640775367608e-07
3.089683209113602163e-07
3.408131606415268399e-07
5.294468270700792681e-07
4.050593649711331980e-07
4.639354998220784981e-07
3.424142744903979829e-07
3.208435294683967224e-07
2.675883823038501831e-07
4.682727585963688421e-07
4.114253915836904920e-07
2.592640968437199786e-07
3.144846072856798382e-07
3.411766965686631601e-07
3.536705970657142039e-07
4.385259729634163295e-07
4.301656901700668806e-07
4.385256045420257912e-07
6.149458088322599230e-07
3.827891715946258762e-07
3.130444996649847790e-07
2.962457575441914410e-07
5.553235200931220439e-07
3.998297531424490296e-07
3.551188850352970787e-07
3.538603287946476575e-07
3.255490890851863989e-07
4.426431524633481953e-07
4.010615957197863456e-07
4.517775048152504029e-07
3.374336349897015901e-07
2.619456178259720774e-07
3.586394322404417816e-07
4.780614911955882615e-07
3.707879025189900700e-07
3.290404293691279667e-07
3.678071069747004464e-07
3.963533043317134479e-07
4.344928791844226137e-07
4.368295113938343755e-07
5.777218349388493037e-07
4.141774274516515770e-07
2.929203401327118195e-07
2.639548160683509310e-07
3.744313245918327037e-07
4.380947110266443381e-07
3.878184639138528065e-07
5.052175112632418962e-07
3.487870358923294962e-07
3.018360746724292357e-07
3.780846094901427600e-07
3.910127315561728039e-07
3.787491595149075633e-07
3.525322395471481485e-07
2.767493930443983519e-07
3.114406838773358992e-07
4.420106536794130796e-07
4.341490228612766061e-07
2.907937055958579446e-07
3.562444240370206600e-07
3.893993038442735180e-07
4.085373302416463569e-07
3.209924714796716689e-07
4.514877296165243612e-07
5.691906899437580628e-07
3.516695679832937505e-07
2.987034860102059404e-07
3.252748939050843652e-07
4.786641639604070231e-07
3.967211617707900271e-07
3.712969115770903373e-07
3.145367683398442148e-07
3.222970323437009835e-07
4.107154844153997713e-07
4.415530088432478607e-07
4.423624770909841341e-07
3.173760286804760859e-07
3.305934085094531265e-07
3.285411547861559016e-07
5.654118064774571913e-07
4.142193477821606787e-07
2.962270592334437346e-07
3.747012025973078941e-07
3.784885230103516810e-07
4.123261207914487867e-07
3.442051517523176926e-07
2.971436658228274781e-07
3.893686814514679041e-07
4.873343768473479928e-07
3.046422861903664604e-07
2.435241988896112100e-07
3.533177038454546294e-07
4.243571827930038567e-07
4.122934254403040094e-07
4.093753659668880020e-07
3.617112565150443436e-07
2.749261200461744078e-07
3.951121010205411780e-07
5.206858018240878842e-07
5.256217053331396019e-07
3.064848233565858369e-07
4.126546886333007975e-07
5.761470468582740924e-07
4.473962728402410389e-07
3.610046175933752026e-07
3.996802450052145779e-07
3.044054385633808095e-07
3.127017743722238812e-07
3.071408338792964722e-07
3.258596153013723248e-07
5.290658365135563885e-07
4.105989534818953057e-07
3.540533527694474362e-07
3.944221718205666563e-07
4.249657109348411756e-07
5.202756020089057359e-07
5.505732155836608655e-07
3.284510461281146752e-07
4.379772572440802837e-07
3.954729550478640377e-07
3.475969435844147137e-07
3.791845195163500861e-07
3.033399048627636040e-07
3.535066152443155330e-07
4.540467093151358477e-07
3.643517586809228261e-07
2.935671030801679898e-07
2.704457706222344774e-07
3.224080953465444305e-07
3.656857822806516480e-07
5.172328285774106818e-07
3.844887730748651326e-07
3.966435041741454629e-07
3.577464854160079949e-07
4.709346791207363161e-07
4.279437430558089672e-07
3.858803506934096628e-07
5.453950707332466805e-07
3.665872413142004128e-07
3.187785342745198070e-07
2.962651061022005341e-07
5.455351191470110673e-07
3.968136393373539889e-07
3.678201260358866696e-07
3.305546336979701070e-07
3.211034032326375389e-07
4.204681882930944669e-07
4.002890149889278170e-07
3.000869503297240750e-07
4.538691255504754125e-07
4.123831939396631265e-07
3.451847684272908085e-07
4.836674005062404981e-07
4.721382687671777068e-07
3.992846484143121755e-07
3.223980993790353470e-07
3.694950568078559055e-07
3.488139780490318675e-07
4.077467492097715154e-07
3.084566827507482026e-07
2.913054910422423085e-07
3.936121822689157185e-07
4.604690841828720368e-07
3.839979731076812900e-07
4.819011991915703735e-07
3.309765169194923056e-07
2.571237994452787408e-07
3.671204823003183597e-07
2.906342009363455748e-07
4.674430256042254706e-07
3.566044659459582436e-07
3.702700742363887340e-07
3.653325250920902200e-07
3.214697708471522123e-07
4.023210202234750976e-07
3.953536614782718023e-07
5.320473863566437487e-07
2.912786422724999180e-07
3.396299400016558686e-07
3.741333691408550884e-07
5.139855356359301169e-07
3.816723531942816853e-07
3.389774049036256420e-07
3.631115935488156573e-07
3.783539739387114614e-07
4.331476936345488362e-07
4.971233617488831202e-07
5.691306370305666094e-07
3.209558805285958013e-07
3.565862531666001630e-07
2.728147383120376740e-07
3.063322093950993489e-07
3.952579835216238489e-07
3.845398466391982182e-07
3.755261224697182990e-07
4.283909011949557229e-07
3.495181487036978476e-07
3.055469619422266594e-07
3.713816984920837373e-07
4.472922431831827472e-07
4.593738445244073996e-07
3.141000884171861614e-07
3.420492306343307270e-07
3.606939753240700963e-07
5.042557282189711509e-07
4.254867232893539768e-07
3.709146890004672907e-07
3.238595596002600406e-07
4.395782808734935456e-07
4.952619461745288829e-07
4.399256622345438825e-07
3.124127518135279797e-07
4.126168784664878867e-07
3.134809152794618540e-07
3.992269379105740388e-07
3.921150877894731531e-07
3.954063715556742958e-07
5.141213179109086681e-07
5.349946527697360446e-07
4.035826279687029486e-07
3.489493131436457307e-07
5.188145301946598110e-07
4.897215086243131890e-07
4.151359279934357554e-07
4.034270986339804058e-07
3.207212093402853958e-07
2.566668897357782656e-07
4.226267405061808538e-07
4.126914988249797093e-07
3.818170555034525855e-07
2.896245341705810053e-07
3.086395831115453046e-07
3.818861056714977497e-07
2.833283629650353014e-07
5.671435988331652282e-07
3.229609023369192838e-07
4.066148237292318252e-07
3.581944577367491264e-07
4.231720986639040904e-07
5.377500012268749804e-07
4.081209271665454763e-07
3.501982774981092084e-07
3.541579793742056207e-07
4.413732955831674959e-07
3.784186667652253948e-07
3.442412899346184119e-07
3.034279174731138780e-07
4.495425627240581266e-07
4.987730471220582424e-07
2.891222394735454753e-07
2.854732058042667373e-07
3.782683523291437841e-07
3.553465733702209208e-07
4.286265439961074113e-07
4.692452553551873740e-07
4.052877733284050693e-07
5.740386142700245996e-07
3.136896636222869891e-07
4.623392637791467732e-07
3.512812082146710185e-07
3.308754298435322636e-07
3.422491970119632646e-07
3.834868021306379919e-07
3.598304083857470208e-07
3.936813033817335333e-07
4.777436434097755031e-07
4.731233330386777588e-07
3.182210334914874680e-07
4.454481770911334524e-07
3.458641539603349116e-07
4.322404232741062248e-07
5.266872248411933980e-07
4.832720386342397355e-07
4.562237620029132968e-07
4.391553432686592276e-07
3.475871058536257600e-07
3.019435729211069343e-07
3.607859136627846341e-07
4.497359788545794525e-07
5.057811690966928066e-07
3.243864632723155231e-07
3.865618160771419491e-07
4.351108441591467714e-07
2.980851745235651015e-07
3.472019711932331912e-07
3.301621188886743508e-07
4.065424482066665354e-07
5.380234564707340467e-07
3.912647053215202521e-07
3.922303202506041820e-07
2.796788784788021884e-07
5.351186129522572406e-07
4.344597522718371598e-07
3.461696272775234687e-07
4.348795319806488806e-07
3.832724054247203780e-07
3.631359380226225991e-07
3.918329868211986154e-07
3.491887840500552018e-07
4.515968181809997627e-07
6.462302859205288432e-07
3.521858768320578826e-07
4.092258765523076625e-07
3.140569379465995005e-07
4.404579529536524225e-07
4.043261215540328481e-07
3.385692281532161360e-07
3.634748752943571978e-07
6.418054260964705202e-07
4.587767301013203665e-07
4.138663091113217196e-07
5.201369858098526670e-07
3.514054337279699180e-07
3.866192707488712016e-07
4.819819276955396033e-07
5.239091072534387966e-07
4.220213121678876057e-07
3.637870589788656571e-07
3.587203863862607843e-07
3.435190082786942707e-07
3.805466319191592960e-07
5.081066325248873387e-07
3.735632795318070958e-07
2.714331103110053996e-07
3.112520046571272619e-07
4.053099902122353127e-07
3.895685110458654168e-07
4.196188575359306408e-07
3.243961207929065629e-07
3.014517426595249019e-07
4.393550868713312521e-07
4.134990817292679896e-07
4.467537849554562503e-07
5.392315559926373495e-07
4.163637918223307052e-07
3.104512255914159010e-07
3.183704340325559205e-07
5.971018658736926297e-07
3.414378731247851377e-07
4.312772595015614981e-07
3.234383486953352021e-07
3.138648200375997336e-07
3.069289751689715292e-07
4.574374840871296510e-07
3.860865648200177461e-07
3.123369598073422371e-07
2.957894925471500252e-07
3.541986334366082145e-07
3.899249592194103087e-07
3.639696835697786398e-07
5.296469322293320225e-07
3.380370509880582361e-07
3.443227795526358182e-07
3.887264108760101176e-07
4.245745384300078629e-07
