5.265441881494664633e-03
3.402332252402540808e-03
3.534482578336093240e-03
4.130439349277929134e-03
4.153253163001364122e-03
2.461024744244699313e-03
4.770690157533448265e-03
3.736984144279214496e-03
6.049294858246428118e-03
3.052435199528676611e-03
3.881149991474820184e-03
4.361101845306786413e-03
3.659414402403472679e-03
3.804768233027931625e-03
3.860995726185728182e-03
3.616411973796092305e-03
3.989747677593415490e-03
3.090149292725686073e-03
4.762823289896802106e-03
3.182047116531355226e-03
3.253332642941629028e-03
3.572352210070264562e-03
4.499671383395653992e-03
4.250349930214926408e-03
3.997091079137714102e-03
3.711987088715978499e-03
4.837017368237836804e-03
6.132916438149204827e-03
3.460126889067390455e-03
2.714639931145124575e-03
4.230559451293554665e-03
4.635816785857408730e-03
4.464814304794363468e-03
4.419292753357791960e-03
2.324913881266757985e-03
3.211490781408048081e-03
3.622959415194764235e-03
5.527724068154934306e-03
5.036421747058112547e-03
4.377429520966968739e-03
3.674134966759332217e-03
3.219742304820552310e-03
5.532993889492858648e-03
4.272176668261918817e-03
3.074952912277488515e-03
4.392377499289388740e-03
4.219285619903556141e-03
3.836017134273814449e-03
2.298312216106023539e-03
4.269178958926265859e-03
2.936243256824554518e-03
3.982527649106756655e-03
3.817356312243389612e-03
4.603742323538126922e-03
3.568386552801716509e-03
3.790494549812070593e-03
3.392185593259271822e-03
5.106632021491907050e-03
3.767414618465698539e-03
3.288730699903005469e-03
3.172450584826702526e-03
3.830110821272833446e-03
4.006128499341869362e-03
5.742272440151734159e-03
3.398644502945575956e-03
2.497117107789212972e-03
2.743319955506989209e-03
3.781261023266602791e-03
3.621754847457629278e-03
4.346302926524417756e-03
4.382161477538362888e-03
3.562366621205055681e-03
2.961468992727882624e-03
5.968864804553293719e-03
4.730450758717798417e-03
5.428300298669395257e-03
3.129972822889869923e-03
4.175664757555317026e-03
2.601157558072551921e-03
2.636526643547353575e-03
4.179050404307854683e-03
5.171119192354079776e-03
4.347614501398084155e-03
3.905088653425041641e-03
3.467500498621140133e-03
3.488271511261571960e-03
3.801931210522922593e-03
4.731602865672848192e-03
4.940358637964771885e-03
3.119235024654994342e-03
3.645416308457720585e-03
4.119582148171557594e-03
3.968532804166252995e-03
3.166487816682364911e-03
4.501013259522448559e-03
2.787997915187452255e-03
4.221624729245318855e-03
3.490856573815447929e-03
6.187673441436277594e-03
3.835763034338295508e-03
2.967755189693272681e-03
5.198192366998610238e-03
4.388251379491111409e-03
2.566134498995876166e-03
4.170385674876904772e-03
2.280726577240098016e-03
4.208282139420537436e-03
6.086162642431428363e-03
3.692532964778507624e-03
3.205082367022086490e-03
3.661757639606645284e-03
3.248559545968137275e-03
4.649044052232602538e-03
3.221439151590824081e-03
4.521262462357367520e-03
3.104322855546662232e-03
3.191616655655110050e-03
4.319101074682935720e-03
3.734230496234443569e-03
5.370365413187540814e-03
3.434893948149562830e-03
3.319689180741006596e-03
4.229077648677258099e-03
4.288150294196699241e-03
3.427901453033348807e-03
4.816983358767655717e-03
2.515839533480745006e-03
4.460820201212966317e-03
5.657857788008429853e-03
3.984420356913747491e-03
3.717924849296198528e-03
3.815299060002768240e-03
5.664792817871921321e-03
3.150260626674460367e-03
3.276808991076885034e-03
4.670041926289386115e-03
1.957417788079491346e-03
3.407872485037922311e-03
3.135015498180594110e-03
4.266897692365880304e-03
4.564498168495015849e-03
3.585420872139005299e-03
3.827694671971733874e-03
2.955454619792676537e-03
5.538711833528937693e-03
4.283186519126775012e-03
3.803677436908345540e-03
4.539082559611872306e-03
4.176562155150328332e-03
3.752214848603455978e-03
2.911326814647234758e-03
4.284153128556103876e-03
4.532568972221871426e-03
3.520313730683219833e-03
3.793861149218722383e-03
5.199899407128374430e-03
4.601541077464103499e-03
2.629333580910716422e-03
3.282428866900950759e-03
4.665283355388717690e-03
4.926034235273167410e-03
4.143688692633396356e-03
3.461465430777365543e-03
6.273012248022882299e-03
3.356113690080938117e-03
4.369556576666225323e-03
2.439840917375044396e-03
3.057636274468902328e-03
4.088662576560542217e-03
3.947908556688759299e-03
4.530036060512349777e-03
3.439770014183428284e-03
3.028084100210197242e-03
2.153778439688882381e-03
4.111642817753816473e-03
3.906511382848941449e-03
5.193621059561895174e-03
3.938638854384586031e-03
3.599968685291095837e-03
4.470497646434219013e-03
2.520068765519773313e-03
5.553695088174009746e-03
4.916365373603365924e-03
5.891329359082151003e-03
4.893193635462164334e-03
3.903364666873712814e-03
3.515392132641726591e-03
5.601045519537785865e-03
3.195793812574464036e-03
4.076829242053925210e-03
3.666668730580344582e-03
2.771721493055009141e-03
3.693278660680601733e-03
4.516646066608399381e-03
1.934667790196232607e-03
4.038265839487098843e-03
2.389732541965117630e-03
3.755803909796154479e-03
4.928537549560235188e-03
5.171622120532982751e-03
3.383912759184870989e-03
2.801199828055097023e-03
4.545413070741284242e-03
5.121979320217489272e-03
3.286919686969446298e-03
3.388535325475361751e-03
3.155507157825106820e-03
4.252281127850933082e-03
3.453654191777108529e-03
4.276547019673260751e-03
3.257224709104948775e-03
4.372399476992998822e-03
2.992328263312105888e-03
5.193483298940458799e-03
3.667307344266250782e-03
4.395660910316724797e-03
2.760723223339045691e-03
3.759449137020691879e-03
4.668981562737615186e-03
3.951413012575627146e-03
3.654907969881820030e-03
3.397166795475599094e-03
5.895489529778926742e-03
3.402223315891893599e-03
2.648269856772538736e-03
3.465221454131746631e-03
3.983459386939777920e-03
3.628900964827797091e-03
4.921774063841781975e-03
3.285012937070337907e-03
4.442838699434272821e-03
3.156317250915372311e-03
4.107307228172016149e-03
4.582710757269649153e-03
4.203799496659089106e-03
3.245272403012095484e-03
3.870198743199446470e-03
3.790541679364802397e-03
4.462606838898224362e-03
3.106854210040517136e-03
3.056318508665355205e-03
3.416498920716407647e-03
4.174394177997739486e-03
2.881535776743346031e-03
3.939016966778509724e-03
3.040991771516280383e-03
4.025328818431653938e-03
3.296563519856534306e-03
4.200985005685413040e-03
4.079573475261862384e-03
4.549816929202693885e-03
3.071782037898060456e-03
3.898520046548640747e-03
4.390237350072797098e-03
3.575527000833866615e-03
4.057503089183879530e-03
3.890032076206904367e-03
2.993219347499906976e-03
2.856852001335073981e-03
5.118665374878901900e-03
3.235312650201773669e-03
4.091760465011722546e-03
3.638875130332965956e-03
3.231477054612291646e-03
3.038449243134638648e-03
3.182140056498508097e-03
4.111102469792622498e-03
3.791050485060886224e-03
5.349506035298498031e-03
3.300150500240053766e-03
3.551721666478561447e-03
3.382949168463110327e-03
4.292627669399776309e-03
2.345632373979821342e-03
3.766524266419059384e-03
3.445297541195777805e-03
5.065371688678467488e-03
5.010074908903272735e-03
3.244086359658978139e-03
3.264124600517172639e-03
4.207308266402642015e-03
4.281045873053642217e-03
3.244867672514906848e-03
5.122434056572789350e-03
3.666701218515256745e-03
5.019211359145178859e-03
4.714084407138926201e-03
2.915126967255498008e-03
3.132773965437081996e-03
3.966000227603454220e-03
3.533333547053854086e-03
4.452998000610854795e-03
3.615926297984098543e-03
3.140582777825577654e-03
2.812115759366237439e-03
3.265034945176336061e-03
4.160386778925507720e-03
4.449334207001825504e-03
2.229135989085773931e-03
3.935017092731523704e-03
3.092762209186090093e-03
3.136914699275203042e-03
3.468899869869069685e-03
3.807624856591011134e-03
3.920086396581290954e-03
2.676967319018236889e-03
2.732636325059300316e-03
4.834236196396546163e-03
3.886321430383051553e-03
4.039463819928936460e-03
3.825972630443053631e-03
3.570023281581550904e-03
3.655619926566386693e-03
3.118462811557312902e-03
2.870757954334076864e-03
3.958111797442051029e-03
3.545191556086590024e-03
4.908153473108971439e-03
3.918315504605509626e-03
3.057221670570238383e-03
2.626536100234880787e-03
4.842010285898945034e-03
6.282490985016870970e-03
5.011261116791290542e-03
5.386935533227703125e-03
3.537226762997847714e-03
3.303925177597853181e-03
5.125364454778373255e-03
3.948457496533355066e-03
4.718055936960396934e-03
3.160420051630465250e-03
3.367192451381718216e-03
5.479319342833603376e-03
4.835429926517412734e-03
2.961449718335430747e-03
3.171153202446194697e-03
4.054938782456811268e-03
4.096697901864838724e-03
3.821350041879542636e-03
3.068755813197092397e-03
3.327940735979778575e-03
4.334284231260569602e-03
5.951418901346509568e-03
4.034739920289190200e-03
3.846822813723262992e-03
4.227869047257646132e-03
3.464067884309332285e-03
4.302898852388633948e-03
3.070037958549364301e-03
4.002636977425979951e-03
1.824327680110565458e-03
3.133949806545282407e-03
3.008244990207955757e-03
5.586713519826993178e-03
3.074551027465101827e-03
5.202582558469357431e-03
1.984425639860691072e-03
4.887920837297216395e-03
7.539006232767341865e-03
3.911440699465240471e-03
5.354897500899403508e-03
3.072731649406820406e-03
3.364567950626228075e-03
3.522443302854387937e-03
4.381299136044263486e-03
4.135249816245026126e-03
2.853817148851994778e-03
3.621051916233146342e-03
4.629301454453973313e-03
1.995064718964407492e-03
3.835364802745042274e-03
4.002855432578476119e-03
3.697615884073118548e-03
4.629695642818022414e-03
3.732139559665063194e-03
4.108189801795760800e-03
3.582112154931294500e-03
3.763465287307989158e-03
3.861264819990199975e-03
4.119523333985755653e-03
4.337866522042956724e-03
3.600135559649488611e-03
3.267410663592708233e-03
6.544973641227665520e-03
3.248183876967204557e-03
3.596329122826227593e-03
5.245681611344010439e-03
4.688559335381842219e-03
3.973848236732419568e-03
3.375436843320123257e-03
4.155457732240571550e-03
2.449213158280843725e-03
3.312433617140126373e-03
3.911398615449523768e-03
4.813301837309868006e-03
3.712424382164529382e-03
3.559158689251018873e-03
4.574869357072265490e-03
3.276871479950795897e-03
5.152329522513072503e-03
2.866428324948483344e-03
2.563412633356078676e-03
4.876442023654834965e-03
3.586971555965750430e-03
3.287829290217907791e-03
3.623881553738216108e-03
3.825360118621698273e-03
3.056309090772702831e-03
2.968849223690606803e-03
4.546645302597612966e-03
4.291699016869100249e-03
4.107138368327282497e-03
3.443231691476922318e-03
4.055940081919948322e-03
3.459216514481939456e-03
3.622733920473611337e-03
5.388071127146047516e-03
3.556797768874402511e-03
3.642902979364951062e-03
3.241441545587929723e-03
4.676227338234623283e-03
3.571849387752645735e-03
2.753646346955377407e-03
4.729589999719298853e-03
3.320958202489773369e-03
4.028733120817343596e-03
4.125769810818939384e-03
3.514958870256154784e-03
7.508037618961576828e-03
4.757910512653383897e-03
4.385717856317479513e-03
2.822185968747445168e-03
2.836189158903619240e-03
3.670712194726073394e-03
3.640585697592473805e-03
4.467617717338947907e-03
3.756090207127561319e-03
3.392365513178115938e-03
2.819944877302227836e-03
3.334441048300455703e-03
4.605270170261571185e-03
3.292400836351094297e-03
4.196093282856175680e-03
3.230889128584031253e-03
4.022036047157043562e-03
2.959734942638497963e-03
3.442050018381434279e-03
4.586456496966940730e-03
3.192279197992640635e-03
4.759148711219129101e-03
3.065229209300022236e-03
3.244328787843100102e-03
3.876591635243576035e-03
3.720407587089316626e-03
5.844925314707089328e-03
3.857708802830289285e-03
3.655118138343711656e-03
2.302228816972340820e-03
2.456272111640753729e-03
2.787100474025634104e-03
3.438437574153611290e-03
2.842573258795678612e-03
3.526847209152015206e-03
3.422797538598849106e-03
3.505220993966680961e-03
4.734877027623741151e-03
3.712891708163564529e-03
3.818594197864216572e-03
4.584789611616805517e-03
3.157549545829621464e-03
3.983251069906974459e-03
3.480771603362941332e-03
3.430975251018744156e-03
4.039470679589914591e-03
3.961318888290774401e-03
4.079682884078378487e-03
5.402489862745065395e-03
2.691938001064382146e-03
3.943760103626827752e-03
4.303600660137472771e-03
4.727284259362964265e-03
4.488705373344532325e-03
3.978405258562752768e-03
3.021813864926949870e-03
2.579512121698913918e-03
4.370781201935968613e-03
5.238699159589089646e-03
5.475533996139956422e-03
3.594612634915244145e-03
2.396498990033032930e-03
3.130203916978397533e-03
4.367105226318238054e-03
4.874408160465380779e-03
5.744487651203729339e-03
5.591771007168402745e-03
3.246993429520096675e-03
4.064988038352761353e-03
4.564781645914768246e-03
4.066314150656818310e-03
3.858961779219387527e-03
3.324068120797237999e-03
4.065011676641647545e-03
3.215893823606085292e-03
4.075199753144578656e-03
3.396369202523036313e-03
4.713116933178293153e-03
4.514303384815030427e-03
4.121278472687657166e-03
3.365717022539827484e-03
3.716029186796214381e-03
3.858678367595655672e-03
3.911751290919068119e-03
4.543797701018790353e-03
2.708608085259172921e-03
4.350547282842085438e-03
4.867355240605913957e-03
3.353331269888462033e-03
3.784166896478428216e-03
4.226289977006022353e-03
3.477833544214443962e-03
3.674475114849020448e-03
4.273226005154982972e-03
4.701094459627830000e-03
2.550984081460868497e-03
3.725061024267351147e-03
3.334293405585425380e-03
4.662633666059535012e-03
3.136745972028764581e-03
3.844307291599939006e-03
4.052123722184068980e-03
4.733523311230523889e-03
3.150411521316759389e-03
5.353890164633746777e-03
2.981962305676505269e-03
4.343249503095989762e-03
4.222116938621237742e-03
4.037879626319971008e-03
3.769610548901141181e-03
3.884974640397103208e-03
3.287272160636469775e-03
4.655313092081908403e-03
3.040337282582346572e-03
3.024123625069956821e-03
3.348926576620739771e-03
5.597925895785157112e-03
5.248123784860426154e-03
4.389873621497572889e-03
3.989608282406778041e-03
3.193674916277270282e-03
3.771104354532938113e-03
4.249592031473140886e-03
4.701532570104092860e-03
5.230077132080536255e-03
3.106197371844960416e-03
2.783598016734744642e-03
4.189931367081962087e-03
3.581234653893683971e-03
4.806191902085799744e-03
4.774340368417282106e-03
3.464134857815897531e-03
3.168124613088766847e-03
5.156848712465532218e-03
4.087486767352005272e-03
3.072461826203817456e-03
4.281211292510481159e-03
5.157442245166863302e-03
3.897608206858273021e-03
3.399713440674734504e-03
2.122171992551793746e-03
3.929081493733940951e-03
2.844399194472000195e-03
5.147644253723036335e-03
3.550129112651384707e-03
4.669565712337966912e-03
4.007740519843534625e-03
5.011455792020017876e-03
3.821050011179286977e-03
3.198714893858131680e-03
4.069610329155067333e-03
4.429014461923543901e-03
3.914442279237611948e-03
4.278429154021134648e-03
4.401609648859497285e-03
5.060079953578208029e-03
3.555432801766331575e-03
3.520312775860735301e-03
3.108974945479842447e-03
4.396050811775568945e-03
2.906451618866711349e-03
4.963075103621049193e-03
2.344407701029763494e-03
3.497020809076171934e-03
3.017459731267074351e-03
3.454853469678559851e-03
4.482516623028569465e-03
4.712113561294422812e-03
5.167616863867965753e-03
3.470442420181080265e-03
2.881582836395428764e-03
3.168421447902217310e-03
4.069952933497021814e-03
4.898429861352193715e-03
3.561277600410521927e-03
3.178680374313792335e-03
5.465538168654307354e-03
3.145024283725197586e-03
2.794547385678499210e-03
2.501664131463481391e-03
3.778387762676218859e-03
2.947426386188686017e-03
4.219218204991445967e-03
3.226401853452452208e-03
3.393991174362068902e-03
3.361735063742304214e-03
3.449449986546714812e-03
2.846718242583441433e-03
4.243378885659185654e-03
3.268099524818203223e-03
2.959832624532893631e-03
3.449079412901905235e-03
2.996667370151977379e-03
3.400925872153687333e-03
4.091498822473943822e-03
4.888983144508963347e-03
3.544220898707171885e-03
4.054767147858182215e-03
3.787631404324010541e-03
3.682590685235560910e-03
4.566046418787115917e-03
3.538517825683124441e-03
2.635866768873756927e-03
2.938609930592411736e-03
4.161663680553489772e-03
5.952930514950557396e-03
3.026419967863860049e-03
3.151086361199992650e-03
3.863087419659193104e-03
3.671743293122245542e-03
5.017813218699887501e-03
3.574011225791185430e-03
4.438449673709398725e-03
4.678403989658367658e-03
3.478649623345935957e-03
3.660881442523233713e-03
4.675041114764299198e-03
3.856676272464481820e-03
3.792939981080970316e-03
3.834531988237986199e-03
4.357072502367834860e-03
4.285454223092607928e-03
3.086015221142655949e-03
5.078414085447564667e-03
3.048899895431987986e-03
4.036722662528711980e-03
4.630471611076900605e-03
3.662424149468933819e-03
4.013582386275716188e-03
2.991015754373618774e-03
4.447999957303055626e-03
6.172444404734013686e-03
3.982610000826752004e-03
2.707900002600207006e-03
2.460807980591330976e-03
3.512449182887167603e-03
3.977833278464627288e-03
3.524451365308020872e-03
4.958986445660965893e-03
3.922915640783499087e-03
3.944413467131313578e-03
2.982338653668150600e-03
3.522209330775815262e-03
3.720379374777333954e-03
4.516762807994922392e-03
3.312821484955159879e-03
3.510504966342976787e-03
2.732979258547557893e-03
3.369270708051217214e-03
3.967609995799845773e-03
3.372413325498039433e-03
3.212406009613756955e-03
3.861679514428688689e-03
3.399302409437522394e-03
2.921709389049424819e-03
3.291945827333545970e-03
4.836846711820328923e-03
3.860222786605597457e-03
4.153880710490442073e-03
3.472690738194952279e-03
3.525080293264151992e-03
3.703224107396161160e-03
5.451247394179521699e-03
3.427134742598644118e-03
3.683911901293036081e-03
4.138540642053012766e-03
2.062986406666173118e-03
4.412962421679165852e-03
3.335771325900253794e-03
5.119183206441705117e-03
3.724567306653153199e-03
3.785820352297013247e-03
4.300912950033156795e-03
4.005314579499878909e-03
2.431329056448109076e-03
4.421569018626570098e-03
3.266045933372735844e-03
5.426538372769592819e-03
3.509391457092549300e-03
3.866277707831900293e-03
4.173281696282740705e-03
2.607675976698914724e-03
3.913459955316975040e-03
4.154433872546069162e-03
3.899805500138144119e-03
4.521638268568313988e-03
3.894062901534928959e-03
2.955086100836466778e-03
3.188810482799432199e-03
3.280212098427969999e-03
4.854566597462214514e-03
6.016823372480127607e-03
4.790378084537071438e-03
3.382893262364986605e-03
3.761768331119830742e-03
2.947590016734513013e-03
4.048871729372195347e-03
4.546758906776578006e-03
3.407531624062757301e-03
5.715641004305213775e-03
3.667144252068414972e-03
4.403146648675703573e-03
4.428912890997149451e-03
4.644387465800044190e-03
4.509762300473519822e-03
5.738404512709202251e-03
3.832928333903958939e-03
3.030360948077532451e-03
4.706710916927482093e-03
3.878574383986208365e-03
3.393065615426483876e-03
4.082840699666745454e-03
3.579553528462061079e-03
3.970628147173099580e-03
3.187434612801796994e-03
3.487334248905814282e-03
2.899919981689854775e-03
4.255996889544593105e-03
3.863041603028671053e-03
5.745434218228380463e-03
3.499456817085554779e-03
4.037658113660065259e-03
3.304252560037885568e-03
4.061643827441012607e-03
3.458920140505957006e-03
4.634164656490890807e-03
4.311067896722514843e-03
3.918935275102868564e-03
3.426400365028668769e-03
2.812254925043673748e-03
3.184954779538309595e-03
2.935689255918267921e-03
4.090317353575722084e-03
4.067135737816647556e-03
2.488923250349833836e-03
3.206952691808444625e-03
3.429970859641137855e-03
2.775073148395371808e-03
3.068142829210161304e-03
4.315366143453848793e-03
2.557235594733803588e-03
5.061034279689996702e-03
4.141518819449048830e-03
3.244166432271923268e-03
4.045736448270306589e-03
3.697900731041043731e-03
6.301824238594008407e-03
3.823599903846547528e-03
3.414350303751149257e-03
2.531131785460628229e-03
3.578438383459154378e-03
4.183756176968794933e-03
4.136279396799240685e-03
3.894352767130862970e-03
3.247813255191947870e-03
3.379829161777255214e-03
3.957333956135134986e-03
4.291366896571158045e-03
4.539959287491244014e-03
2.477579886365132052e-03
4.385805028779330914e-03
3.990981400567004261e-03
2.911315383680087958e-03
3.401672805318372867e-03
4.088361373096481219e-03
2.195627633120285707e-03
3.919881444801468287e-03
4.786846962529780689e-03
2.982369441009295827e-03
2.467985180781392257e-03
4.042718639350567113e-03
3.748865434593425146e-03
5.219389271557791504e-03
3.577993668230828542e-03
4.857963961592963974e-03
4.759800621734922021e-03
3.061952910802580655e-03
3.354179333553222470e-03
3.344959511271569999e-03
2.413992836453097111e-03
3.267607413078730139e-03
4.624353137503843698e-03
5.231867087728462803e-03
2.496243802273361879e-03
3.588956339522187625e-03
3.127501344822009033e-03
3.163069327693946321e-03
3.825305741708227587e-03
4.729289591734342317e-03
2.492916061893681555e-03
5.105234914297347194e-03
3.353854894633198983e-03
4.326559969955089124e-03
4.738501679694164664e-03
3.649180338936849639e-03
4.540054141521119441e-03
2.890269288265803153e-03
3.350421686783387233e-03
4.499443299626873331e-03
3.472788894332412470e-03
3.774387105659178596e-03
4.250725327977036491e-03
4.216502098782270135e-03
3.708206182161823301e-03
3.469725798784680654e-03
4.002028796599698887e-03
2.776331223487330142e-03
3.142182100603039228e-03
4.373494099948463908e-03
6.622019646526844036e-03
4.707594822310200676e-03
3.704799950363608495e-03
5.269104717756480268e-03
3.901935016885843890e-03
3.586361268635158105e-03
3.176866583710244180e-03
3.416606459718085631e-03
2.233169581688906804e-03
4.484871383168548623e-03
3.872385443086808453e-03
3.198924594136861362e-03
2.940270408794075450e-03
2.679357954533493746e-03
3.915741752647339778e-03
2.358960194949440495e-03
4.287187351486472335e-03
4.446285922043458419e-03
3.232690793546796719e-03
3.709448957048497048e-03
3.477296037772166417e-03
4.711155713872710801e-03
3.811711181742415567e-03
3.852605951375312563e-03
2.885279211940227229e-03
3.884151866288541519e-03
2.789167344177417851e-03
3.796085606633041801e-03
3.656534495918581287e-03
3.177341130280859210e-03
4.214898083792653280e-03
4.053905192167385312e-03
4.188335289963783514e-03
3.148059577323036092e-03
3.183466274555188293e-03
5.355727137407437222e-03
3.435572398609489184e-03
4.422235070694305499e-03
2.256364688690937030e-03
4.182025411294605817e-03
4.885254847859673427e-03
2.465854904503128608e-03
3.543172221453251385e-03
3.317838972455557957e-03
4.004867229839088362e-03
4.342723741998161420e-03
4.746962845968475363e-03
3.187583688402886688e-03
5.406478753919740157e-03
3.021480207121386881e-03
3.444113159384910600e-03
4.508691777092929502e-03
3.334758148927911836e-03
4.480415272169926098e-03
3.166135276877570827e-03
2.886689223991112559e-03
5.288210377996222650e-03
4.402550062859058103e-03
3.267366283640078285e-03
3.585978312772694545e-03
4.006606958103157805e-03
3.704996574827194421e-03
3.900706327480580292e-03
3.593260150420130375e-03
3.743387205654285631e-03
2.531359729181046660e-03
3.448842219444339142e-03
4.525940526177571130e-03
3.702299651132254493e-03
4.992555849524640821e-03
4.950709698920768669e-03
3.740387045548624299e-03
6.298144365615671730e-03
3.350426327136049685e-03
3.483458221951487611e-03
3.637403024440120491e-03
4.828040233273309112e-03
4.503263116908079976e-03
3.545000761971178836e-03
3.141866137763368958e-03
3.479453395500525098e-03
4.722693563854009520e-03
3.015845437162217955e-03
5.671704618886853726e-03
3.717626807028087503e-03
2.778680797275755350e-03
3.542258512738163077e-03
5.132892455447674376e-03
4.040442710380640588e-03
3.566796138347750906e-03
2.585769579460549337e-03
4.698483191912096284e-03
3.770944181534188321e-03
4.039891581202600251e-03
5.086824088722073298e-03
4.066897715025007826e-03
3.596168565302684285e-03
4.274716416902317809e-03
3.183857958829337115e-03
3.931358288412412257e-03
3.619188176227574379e-03
2.797193973097250683e-03
3.487977117587968186e-03
4.138359101948966938e-03
3.178669797504570915e-03
5.427169111113180205e-03
3.938943299019577633e-03
2.697314271356728889e-03
3.955756014725656834e-03
3.944353071580421546e-03
2.989469613527155102e-03
2.868499325858203750e-03
4.262943467560328936e-03
3.661678680235500548e-03
4.463057187741202234e-03
3.817865722385515269e-03
3.416041613924209516e-03
2.844780509700280558e-03
4.934152792410610028e-03
3.306501870123333946e-03
3.365590144445338838e-03
2.954976476839188577e-03
3.173706946882020805e-03
4.644189751964110727e-03
2.619307044737896085e-03
4.888490550327767407e-03
3.489133008144123561e-03
4.235437930176768825e-03
3.848193471256007060e-03
4.867273022534067579e-03
3.379935283340031703e-03
3.504459178160131746e-03
3.249949917180449885e-03
4.227263697284173311e-03
3.979865025842029870e-03
3.646292923087140776e-03
4.137984904155006874e-03
2.565455045949149339e-03
3.263694078972230374e-03
3.854591509043124153e-03
5.939777281720014755e-03
4.042910708897385491e-03
4.472688069225791603e-03
3.270749911259732048e-03
3.638027603929138310e-03
4.998567746153182410e-03
3.132524921458123158e-03
4.539947970662429680e-03
4.526409598109242156e-03
2.047149004590060380e-03
3.502104848107515881e-03
3.649441742094142009e-03
3.334292577662338955e-03
2.474846888947015121e-03
4.144277358213419894e-03
4.849297012217121221e-03
3.053450849323474919e-03
2.547164889321968696e-03
4.043983496330337199e-03
3.279255317675022156e-03
3.099852235594271685e-03
4.417750208089543662e-03
4.207978309155868679e-03
3.911454043673314937e-03
3.509937233639968349e-03
3.555601854489039669e-03
3.613355071535174438e-03
4.036190505322981639e-03
3.214290924559477011e-03
3.783046162986315828e-03
5.141347982553385113e-03
4.696987349613780324e-03
3.668524467234685667e-03
3.165511782830508075e-03
2.739446741568646315e-03
2.712713835051326974e-03
2.557764526045410922e-03
6.140807070349161255e-03
4.908842191315559815e-03
3.764030135584173903e-03
3.255745321319204744e-03
2.741316516337925259e-03
3.060359359032293822e-03
4.292005926362842984e-03
3.150290105677808553e-03
2.604995167046412433e-03
4.564187519242823149e-03
3.792272755932493428e-03
2.873565371026278945e-03
3.230408853930848492e-03
3.706876130794287735e-03
4.181400236459464036e-03
3.318098838829861702e-03
4.610908144249841606e-03
4.287691232331092457e-03
4.471501625415252694e-03
4.090241987827844365e-03
3.888539339866603928e-03
3.063545102604395016e-03
4.606176189002848982e-03
3.433902495207067588e-03
3.327608155961887630e-03
7.456789757880970780e-03
2.914439566587609300e-03
4.866223325755804525e-03
4.421671462888211550e-03
3.669792597592777626e-03
3.398673556905258512e-03
3.769763446842518476e-03
4.307046078930153350e-03
4.701720999556477897e-03
4.849843994102068408e-03
3.256241272125199974e-03
4.845711320243644045e-03
5.433096874230151918e-03
4.785374795639848501e-03
3.621586682132466387e-03
3.830278384696666778e-03
6.348840698767447242e-03
4.063215238601374998e-03
3.929812215266404937e-03
3.253529490465160035e-03
3.855013828508656228e-03
4.758733161442234814e-03
4.128574020399422909e-03
2.726373968032147314e-03
2.821534573550081668e-03
3.595729196473372927e-03
4.355002555444088472e-03
3.408808308901700810e-03
4.750232176639926709e-03
4.426730868884770805e-03
3.027421710986476916e-03
3.959508464500048272e-03
3.402961773328981067e-03
4.567048977249708007e-03
3.787793820525926086e-03
3.187901856765953685e-03
3.745575165787841474e-03
4.416612983584581285e-03
4.555738847915795017e-03
3.496085932466373985e-03
3.425912749508008750e-03
4.619952848651152910e-03
3.867514476217827173e-03
3.443516735368405256e-03
3.122571533125129313e-03
3.432705122603065158e-03
4.385900499179302796e-03
4.201026865736996047e-03
5.502298969942216039e-03
3.049856607248620406e-03
3.393090606389968268e-03
2.416183600771994351e-03
2.997019857397689377e-03
3.287396994030706860e-03
3.783174688026916515e-03
6.002879825586096042e-03
3.428141091427065138e-03
3.482038538573814686e-03
3.556876010217158331e-03
4.273812898540820839e-03
4.331741788562237273e-03
3.490615652322098111e-03
5.005600785463138781e-03
3.339079200492736134e-03
2.120618820288713586e-03
4.554111813997702152e-03
4.044823268705374265e-03
3.937983587616804976e-03
4.041906304034666858e-03
4.980202407907845935e-03
4.081123051058926920e-03
3.322383431998200166e-03
3.458675842919598734e-03
4.594431033681656805e-03
4.017029667759894340e-03
3.018819596980568988e-03
2.623864180685201233e-03
2.585262716758387948e-03
5.738802543700149451e-03
3.823410053665726987e-03
3.338046139586759147e-03
2.113427910238908306e-03
4.341620134761612487e-03
3.482682540690837988e-03
4.709928121955994293e-03
4.016869713761099872e-03
4.450427203826276892e-03
3.748947529711792095e-03
3.965138779433953140e-03
4.112166435040636760e-03
3.327443134996174636e-03
2.450971180820234359e-03
3.789384532971254611e-03
3.571706296658670732e-03
2.995634863364166241e-03
4.453706194913176729e-03
4.064324463477097214e-03
3.652710912323179227e-03
3.019612369721485709e-03
3.369782994297441676e-03
3.828614705623508557e-03
3.460574000403233551e-03
4.819131095761622526e-03
4.027632751680262045e-03
2.179219562233832876e-03
3.721820842466691277e-03
3.765549522000295399e-03
5.869695536834290857e-03
2.748438231899913518e-03
3.624369359625143582e-03
4.372871278816298571e-03
3.475664490661122680e-03
2.551190802672809350e-03
3.300416174225840379e-03
3.786978493457629231e-03
5.934162945528486874e-03
4.209188542245060477e-03
3.424139176421559742e-03
3.695587477749302970e-03
3.157279475831819074e-03
4.073221624877765984e-03
2.984504372311398961e-03
3.842266217412628696e-03
2.383424953852724543e-03
3.645466318912625892e-03
3.319504754581166246e-03
2.927014814788920279e-03
3.484452158446552181e-03
4.044962687439241852e-03
3.720024133336639633e-03
4.718108845267764140e-03
2.871370057074306044e-03
3.723099214516684477e-03
3.451267232545202329e-03
3.392303696727063354e-03
4.103550306984928009e-03
4.499766085229703165e-03
4.590387370173414083e-03
3.806639473474091647e-03
5.841937510889877450e-03
3.449268607695638294e-03
3.671144410502367224e-03
5.259633006342165178e-03
4.299963943228763720e-03
3.737232008068381520e-03
4.606423883010729754e-03
3.599107281082918053e-03
2.643810763560531119e-03
4.838344997781433496e-03
4.268178365658111505e-03
5.113323686784217517e-03
3.069142005501470771e-03
3.050997252528390297e-03
4.336195055256585919e-03
3.695248348788297225e-03
3.065302180997462028e-03
3.348862157168159756e-03
3.657408065434882786e-03
4.525660949364909529e-03
2.815493592980881487e-03
3.925972909555250356e-03
4.343259088618268461e-03
2.930061542457586959e-03
3.720828171428507483e-03
3.702256369901956844e-03
3.136821150198862169e-03
2.661416452267458509e-03
4.033864223950648677e-03
4.386031334278533110e-03
6.139701160184729209e-03
4.031274617767920641e-03
3.225421596662321564e-03
2.704152060301946627e-03
4.093021845983719348e-03
4.403514622681180789e-03
4.028364587977029468e-03
5.200725046088125296e-03
2.515561011410896459e-03
3.592854093155545270e-03
3.995185025163850226e-03
3.431394593576718530e-03
3.942726242791834076e-03
4.905937646736448221e-03
3.314931430251936637e-03
3.899114775164159389e-03
4.403296582880927672e-03
4.005380376817065623e-03
2.841959977661193126e-03
3.618765250649035731e-03
4.315392070103706186e-03
3.232662127818415870e-03
3.012394101609105514e-03
3.357286844210084775e-03
4.302381786185893384e-03
5.053126862079201226e-03
4.674465273519133601e-03
2.304135052914704860e-03
3.494956731320629072e-03
6.094865639499065339e-03
3.918778926924136770e-03
3.722763434249553010e-03
4.766570375566569519e-03
3.475413891352474582e-03
3.112032721404893541e-03
3.473345133265597420e-03
4.181663459013836015e-03
2.958191109817192004e-03
3.274959783580633568e-03
3.640342020653311497e-03
5.447544752242057184e-03
3.338087013275583756e-03
3.797337247631659557e-03
4.760732816108513392e-03
3.165461516679749388e-03
3.486804961512895810e-03
4.192715509341125336e-03
5.650071077112895496e-03
4.239358804683592691e-03
2.435588944369706382e-03
4.605931260791521799e-03
4.266184519805447072e-03
6.083827082955300600e-03
2.570778812420515969e-03
4.929619606232257638e-03
3.970659885199418621e-03
3.217199130390260668e-03
3.644498170817297728e-03
4.646957199242836810e-03
5.189648063010876729e-03
4.243683320720162931e-03
2.924121783085630640e-03
3.595816591252598907e-03
4.079692817363999614e-03
5.590237096298811444e-03
4.179004528730688624e-03
5.447876297792830259e-03
3.488178782231672864e-03
3.041701721881023661e-03
5.039633996334053415e-03
4.318435072320500959e-03
4.414330868361803634e-03
4.343581498374896911e-03
4.020445396955337619e-03
3.511857613737021447e-03
2.977310803756643646e-03
3.381703187140111793e-03
3.158841804973109343e-03
4.862614159423692475e-03
3.704746135289790736e-03
3.773155514502893673e-03
4.014166762621281664e-03
3.891963953216042577e-03
3.523161708213940965e-03
3.033251070523693919e-03
2.247598017797442730e-03
4.753661769283173792e-03
4.188276549939898633e-03
3.038310107888189931e-03
4.248007826981468373e-03
2.885487370063988082e-03
3.841052119071942592e-03
3.359182948227820535e-03
4.211237332021552232e-03
5.594217087526413487e-03
3.532884798242062318e-03
3.632974506188690108e-03
2.690045101628461138e-03
4.293962647927024659e-03
3.531429222602850641e-03
2.379541336574730534e-03
4.609430007584796804e-03
3.958790494663052932e-03
3.030376770115397224e-03
3.077687939525547596e-03
3.722553303535127995e-03
3.757606714463834156e-03
5.471353639119783119e-03
3.032655818149679067e-03
2.929973262061138627e-03
3.625722443226355850e-03
3.134103478160918908e-03
3.318179358378271163e-03
2.111544996263529494e-03
3.522778547539802841e-03
3.741736275981011762e-03
4.944806238891888417e-03
3.848112115854039356e-03
4.440995585588245961e-03
4.535467317214343826e-03
4.082497412143863344e-03
3.046252707955088377e-03
4.714914115864899009e-03
4.421308496090681217e-03
2.760188107452213151e-03
3.700009335934613224e-03
3.773900833395217591e-03
4.959105668215888114e-03
3.317628293138243263e-03
2.912211283041835682e-03
3.120052769600280967e-03
3.525490508627710743e-03
4.762854741186810237e-03
5.053622414658606732e-03
3.857109839561656799e-03
4.971710993769566482e-03
3.202497411999162547e-03
4.481133822396696741e-03
4.885091909612278988e-03
4.142605482671418184e-03
4.141598264130267812e-03
5.725384127009602517e-03
2.968777587358092419e-03
4.552295003492971143e-03
4.350414961071623690e-03
4.786933558586323190e-03
4.520753667080262307e-03
2.799212811886790577e-03
3.805687633315525762e-03
2.489702682163283647e-03
3.529420028623727647e-03
3.567416864784298328e-03
4.023965731359776567e-03
5.188043791107362600e-03
3.714361385028336696e-03
4.550937716068063910e-03
4.490569628110269336e-03
3.644437925135793430e-03
2.948843567392942129e-03
4.757399053492512332e-03
3.974968026806711963e-03
4.505366865243830808e-03
3.664144165743074902e-03
4.594664779130766888e-03
2.976038929692152550e-03
5.298734614936321738e-03
2.796177246317526656e-03
5.557417092195805070e-03
3.917989257822149241e-03
2.795154955783317290e-03
5.179259020662910912e-03
4.098154094350225235e-03
3.355723361803442800e-03
3.861172043861969567e-03
4.783782764790849018e-03
4.054711312720917643e-03
3.730465427041491661e-03
2.408681063918156982e-03
3.319548830371991943e-03
4.109121344273310682e-03
3.636750647270711213e-03
5.039654904486693190e-03
3.607969923697103114e-03
4.735313021360481635e-03
4.011283983453417697e-03
4.005563009602213301e-03
5.668733388477022704e-03
3.462044237348811237e-03
3.328556119223743167e-03
5.384873398762943762e-03
3.188061868117508715e-03
3.882205297792923684e-03
2.606753680424208144e-03
5.088021504015409133e-03
3.826817834360031305e-03
3.684252646926918125e-03
2.555746864477636843e-03
5.092081771382039011e-03
3.782516150500795076e-03
4.398561706405565604e-03
2.735823983040603855e-03
3.759213970770673447e-03
4.193129722877025033e-03
3.122824954552141929e-03
3.585836886138232035e-03
3.552793167861232997e-03
3.265039111011060115e-03
3.491951491997007887e-03
2.761427087306652685e-03
4.698335378691944654e-03
2.893514763795113770e-03
4.853529732126323631e-03
5.726795435878653286e-03
4.412233297774861840e-03
3.400856544600226305e-03
2.898917086516923820e-03
3.377874517378827175e-03
3.495318195505587710e-03
2.003311801915407583e-03
5.145329271651941962e-03
4.785927341797757348e-03
3.200110928220325189e-03
3.112960957002115694e-03
3.701035783337003424e-03
3.270546207244438668e-03
5.105846916384238279e-03
4.317614000757521650e-03
5.122610077379777596e-03
2.804079743277928475e-03
3.585889562382749834e-03
2.647782986104820196e-03
4.142649997976156559e-03
4.368121768955222396e-03
3.099741574326774114e-03
3.854901500889853019e-03
3.919916668691671331e-03
3.185245987184033480e-03
2.866520076357994152e-03
4.101660053035533458e-03
5.082238878480505560e-03
4.085787652524904348e-03
5.429216812727292313e-03
4.275726412457179181e-03
4.112097591863137815e-03
3.177673172693417942e-03
2.751631593988218463e-03
3.219741194021983732e-03
3.110741433241327562e-03
3.902276705065062853e-03
3.501886957784600823e-03
4.758693651851484720e-03
2.832865635360279962e-03
2.364342339603091054e-03
3.797469891541431324e-03
3.537990607780071902e-03
3.200483201341487813e-03
2.914951118835059675e-03
4.603979253180631205e-03
4.410476570537349116e-03
3.745118176884271090e-03
5.278663692072280839e-03
3.257438390131778098e-03
2.749212428849711395e-03
3.687962778428362925e-03
3.903565341207359575e-03
3.259360004742339542e-03
3.936347474150817330e-03
4.057886288456771622e-03
3.603184532267166267e-03
3.793968785711442082e-03
6.371933591003981628e-03
2.128398935676262260e-03
3.359268181179929022e-03
2.863655152442409063e-03
4.478934588626447451e-03
6.471548536619500282e-03
4.422878522466874331e-03
2.987137188549987207e-03
2.326422852711606051e-03
2.781950950687913857e-03
4.319171700780966364e-03
3.065822326253001343e-03
5.255130990504169354e-03
4.146829617836650210e-03
3.515875931197144904e-03
4.837388247203420685e-03
3.179579572583861487e-03
4.439612174320642889e-03
4.154053651838632115e-03
3.848824628761775973e-03
2.968817894488782853e-03
4.624362969507554884e-03
3.664188822602309700e-03
3.225716394240551663e-03
2.834920213031758788e-03
4.531114609425876232e-03
4.138268814327096708e-03
4.351697269242045182e-03
3.117269088670357284e-03
3.969641638966985540e-03
4.568809799583816757e-03
2.944062389998704232e-03
6.100062358930975932e-03
2.770490619312689692e-03
2.418208978528282958e-03
3.422433247128080919e-03
3.913727074220255467e-03
3.688126628044105775e-03
3.714497505804902934e-03
3.530813930815830930e-03
3.735826541167926694e-03
3.631489966534521587e-03
4.979349840865397378e-03
4.487656178644958659e-03
3.799965189084808341e-03
3.255197568657529090e-03
4.562885852099486488e-03
3.437938094733173321e-03
4.763049104845554216e-03
3.288059523139911025e-03
3.732818987693992726e-03
3.371348045657395539e-03
4.241401177878601284e-03
3.777438462907651163e-03
5.225168494158624263e-03
3.532235059607618643e-03
3.565672806734387391e-03
4.185208072811138352e-03
4.053654910971654299e-03
4.873308635830793205e-03
3.407631651268501743e-03
4.613540080955213195e-03
2.994359905654979219e-03
3.317646190628640093e-03
3.435937799330570936e-03
3.571811108411316639e-03
5.523862439144130825e-03
4.527673112177703178e-03
3.904303002014333605e-03
4.084215295135387898e-03
5.251468667754644569e-03
3.260900317318968147e-03
5.243002867969271188e-03
4.357200233251034248e-03
3.454381237045315526e-03
4.195361929937474130e-03
2.799548580777075097e-03
3.926751519710642603e-03
2.509379413166489686e-03
4.470613267256361156e-03
4.893904601203443935e-03
3.910933400766779255e-03
3.688012677768769988e-03
3.066880459988302349e-03
4.445130454863086694e-03
4.221048284977297650e-03
4.131295078540586467e-03
5.242672780694515415e-03
3.779474689325454471e-03
2.981914364192911945e-03
3.714276293497378607e-03
2.534574528761978154e-03
3.072243558815945016e-03
4.906806100665080973e-03
4.408755563378963585e-03
4.217115108848761180e-03
3.711850069180883723e-03
3.384228721953139608e-03
3.265700319364045479e-03
4.893185086686607094e-03
6.233016585624888070e-03
3.792944514912811090e-03
2.370167457006695788e-03
3.031730265622473077e-03
4.153568264696223117e-03
2.319676752431585470e-03
3.471569946913151926e-03
2.667930591776290512e-03
4.438411321202518321e-03
4.720937512246390841e-03
3.938786906938533498e-03
3.330965980385668448e-03
5.593853425160005485e-03
4.081096253860140577e-03
3.707301622680209997e-03
4.183284384445253197e-03
3.636789738924068281e-03
2.621792196330990921e-03
4.378315762362756068e-03
4.523120500018837364e-03
3.799970505702983566e-03
3.168767869322990181e-03
2.859911391910506355e-03
3.522877459496685706e-03
4.402532291172191192e-03
5.965135437201940331e-03
4.077442078524806147e-03
3.608356131300288847e-03
2.719129259746405191e-03
3.760682685877940381e-03
3.930016976199439578e-03
3.653058240875564546e-03
2.983018911309844035e-03
4.954107454603266618e-03
3.950150106991997222e-03
3.281885969283437812e-03
3.318729842083179091e-03
5.024589958437966457e-03
3.286017909117165247e-03
4.338098745702906843e-03
4.209525730787645227e-03
4.694849121042815598e-03
3.905107582511029973e-03
3.633164272110360644e-03
3.716676888094971182e-03
3.353038643619814154e-03
4.909896554587972299e-03
3.897454569545463158e-03
3.012461275952225178e-03
6.406127139405171610e-03
2.873969993741145451e-03
4.669821067523759368e-03
5.109035487205296558e-03
3.725976569874603437e-03
3.787852818661523960e-03
4.035002635316570392e-03
4.688799597878175358e-03
3.344160913826759157e-03
4.146007494693825131e-03
2.432984574676460079e-03
3.933149746647924411e-03
2.742889130341993366e-03
5.251934749608444530e-03
2.932336225068081590e-03
3.733030189872997995e-03
4.163500549954775830e-03
5.709252869198591304e-03
3.360354717377601191e-03
3.194437384035545609e-03
3.572671949581891337e-03
4.093737139620145377e-03
4.170364473169015443e-03
4.191276114984904266e-03
2.770191749192370875e-03
3.418128834619154049e-03
3.685668399924618178e-03
3.241972614284293220e-03
4.302692764973970775e-03
3.454515977171944939e-03
2.618435505465545408e-03
3.396254765736689361e-03
2.946177492491623782e-03
4.707852016414543553e-03
3.995163124555990881e-03
3.807960574623295551e-03
4.379656871052168762e-03
4.068835565247010469e-03
3.857725851032395813e-03
3.315270816109949521e-03
3.897649660603373211e-03
5.123003400766265765e-03
4.280678417418423178e-03
3.380638200803520559e-03
2.593628918428663582e-03
4.860864120061330999e-03
4.186958578167497558e-03
4.349119716792242997e-03
3.620152285141609722e-03
5.414576898256210670e-03
3.066709747517217758e-03
3.574004339586374195e-03
2.256353602729400682e-03
2.754205731069187847e-03
3.886179812013312949e-03
4.245369353140960623e-03
5.169544932535783711e-03
4.045358206255798665e-03
3.924604262366763671e-03
2.867609972700495800e-03
4.892944012366905009e-03
3.029657925217468014e-03
3.104026799232155898e-03
4.905323217735836801e-03
3.915565981154655109e-03
3.369355487039515581e-03
3.857505092522861122e-03
3.218320024825052812e-03
3.218813962141301149e-03
2.992618884344214452e-03
4.337188773833815236e-03
3.608621190855777153e-03
3.944881239713174566e-03
2.874851765314069812e-03
4.148426268586627962e-03
4.352494774842526233e-03
3.539438744922103388e-03
4.747334056174363527e-03
5.167293934214879821e-03
4.047787957303601580e-03
3.325703285114694173e-03
4.009743268358911122e-03
5.038834429874387670e-03
3.254548617979619203e-03
3.681116192862229127e-03
4.021215571160208398e-03
2.581895252203894771e-03
2.662181071051738721e-03
4.669756624634234694e-03
2.887744473208169946e-03
4.938121032656847889e-03
2.845852709842487584e-03
3.692386460426828800e-03
4.153416062212906754e-03
4.266503913040078921e-03
4.284240746590202778e-03
3.344098555111831277e-03
3.581899521869216178e-03
3.598898819375436105e-03
3.530721415855476476e-03
4.680515799111072996e-03
2.758354275543424203e-03
3.907377793478602340e-03
3.693152696381756840e-03
3.977131625325196207e-03
2.369653272389578985e-03
4.353599333642008649e-03
2.710410287282329338e-03
4.175363838138057733e-03
3.382799001925301634e-03
4.362695077015238572e-03
4.673183739542551354e-03
4.340094358284083895e-03
4.122151069734908066e-03
2.690871302338809865e-03
3.995071815847149599e-03
5.458542930826192421e-03
5.132444101084474887e-03
3.406869600702043966e-03
3.327312800104960822e-03
4.012077199634709983e-03
2.895975497492896122e-03
4.879460512067105259e-03
4.313726360406377851e-03
2.883314457222742409e-03
3.870068991890559650e-03
4.371490853069051608e-03
3.355652887334917116e-03
4.549058557063851566e-03
3.284098076553629807e-03
6.280688251557600688e-03
3.544579627584615311e-03
4.301340189836752072e-03
5.326158208717940608e-03
2.623003054587173810e-03
3.945512674530075002e-03
2.989416621951333699e-03
3.642001399403034696e-03
2.519595287561808908e-03
4.214800026439946036e-03
2.156197676292342328e-03
4.400713048109594107e-03
3.786181106345017436e-03
3.998504971579600574e-03
2.656226039874959918e-03
3.032382060361123784e-03
3.466553351655730399e-03
2.980824020153845146e-03
5.346285757451994455e-03
4.259288506180114280e-03
4.226249466225944634e-03
3.875406671110569103e-03
3.384181888534509419e-03
3.899535538278801287e-03
5.863921345564473107e-03
4.119884344861983461e-03
3.372784426194900317e-03
2.915922416626751806e-03
2.811983327297303513e-03
4.270652479900736986e-03
2.887839363418984260e-03
4.219207277654330943e-03
3.466641715598644050e-03
4.339619976721624008e-03
3.366786780343157363e-03
4.010817720373306000e-03
3.350122874445856085e-03
3.282644744438474767e-03
3.994928176412834882e-03
4.305167545723618573e-03
4.713012133575402406e-03
3.646283083105107160e-03
3.519268715854651040e-03
3.993801451127536317e-03
4.543234962978332653e-03
2.936493305557266644e-03
5.498296104193694210e-03
2.699377686794055421e-03
4.132536493506305288e-03
5.246699355755665879e-03
3.508306087864119724e-03
3.280381797803635837e-03
4.374177378353851647e-03
2.925165215044617933e-03
3.505691660131171963e-03
3.829425440378541809e-03
4.070110387573233103e-03
3.407798166106441613e-03
3.451354161339338384e-03
4.956045526251633485e-03
3.135248587656111040e-03
3.458216875612509216e-03
4.683414381937322374e-03
2.478604965862890672e-03
4.295202506119032669e-03
2.517701772084950888e-03
4.334480661625963148e-03
3.934727841881880891e-03
3.326370719377229595e-03
3.606724023643194995e-03
4.445115142971377276e-03
4.415862858348100495e-03
2.697725014187513787e-03
3.952511374235519008e-03
5.089206012392898104e-03
5.193541009913100158e-03
3.416668697508670055e-03
3.184079994550706796e-03
3.861038359161429560e-03
2.640317227091416082e-03
3.625394686555336986e-03
3.150276342890704576e-03
4.313073401325855094e-03
3.918731911766911054e-03
3.508473939340809797e-03
4.009058937321578232e-03
2.222766336585383848e-03
4.460889072461016354e-03
5.002712653037678057e-03
4.597335787833918032e-03
4.515879201072819406e-03
3.648806895048133363e-03
3.918043625194633436e-03
2.979955651849478318e-03
5.315981500782160536e-03
3.733060017808009692e-03
6.472075929616688192e-03
3.816937020249832040e-03
3.634160087826265352e-03
4.114589006297831274e-03
4.334815200098409739e-03
2.646203937872973044e-03
3.935769532760967707e-03
4.007898938081872788e-03
5.027775043956041884e-03
4.237613523618541204e-03
3.763887849586378294e-03
2.941640056164491600e-03
3.207324236024291803e-03
3.121332963399838737e-03
5.790567125324824239e-03
4.893024008035574968e-03
3.713448873400086465e-03
2.774954481685471507e-03
3.400795379389376979e-03
3.640994570298457592e-03
4.830682007146980261e-03
2.103117658452678933e-03
3.507988287396178548e-03
2.697682593498587807e-03
3.016794568094883361e-03
3.208060067095458955e-03
4.896405735609218879e-03
2.741768073772182703e-03
4.739881880008868335e-03
4.320392980929956342e-03
5.351885695311777574e-03
4.024860189658545709e-03
6.523186719703716156e-03
2.945415596964632513e-03
4.265387885507049455e-03
4.975949337899472635e-03
4.200296704962769648e-03
2.884071255219933499e-03
4.607005126969196396e-03
3.164923803670760191e-03
3.895642612709698891e-03
2.819354999720224617e-03
2.948267514784506330e-03
3.842772081644297601e-03
4.741207914857500406e-03
5.037912480187856784e-03
4.117216559758263110e-03
2.567409314018667503e-03
4.344097634725674686e-03
3.405442103929559681e-03
4.288082205081327272e-03
3.417342299334245187e-03
4.009568541941267716e-03
3.280162802978926501e-03
2.968619478608678763e-03
4.410140587060571923e-03
4.071973594811489558e-03
3.588645988195689890e-03
3.630694479506880231e-03
3.274736352883486201e-03
4.846880657597017229e-03
4.453983858212345708e-03
4.177400745318644859e-03
4.026503009090311690e-03
2.988494422250962887e-03
4.755272859998810504e-03
3.029617531914661262e-03
3.063081723272647553e-03
2.164376246549918909e-03
4.258932308016087458e-03
3.965404926438173203e-03
3.887664329002770650e-03
3.395156821989555717e-03
3.635346380866673940e-03
5.529451406353052233e-03
4.268023722524440580e-03
3.978801176171256962e-03
2.455592624288110721e-03
4.327610961949907714e-03
4.592780393126087539e-03
2.912374158641044004e-03
5.166133851811866538e-03
3.079165707009965357e-03
5.202315479585722588e-03
3.069290849497614306e-03
3.100775629040705000e-03
4.081086566293015347e-03
3.535167423139979302e-03
4.235387405249420138e-03
3.864247953534263608e-03
3.799729171351040949e-03
2.850406113405742035e-03
4.606920696411415973e-03
2.572204363967827909e-03
5.333363105547099525e-03
3.834421490314854006e-03
5.686366280288777421e-03
3.481555489432931576e-03
4.062710617946121983e-03
3.058328832916058955e-03
7.495024104088683289e-03
3.508751422592837951e-03
2.355665729279890225e-03
3.344186356072274390e-03
3.899954045264781254e-03
4.709024575514930873e-03
3.504806181409934451e-03
3.772251940337117970e-03
3.588771435349797159e-03
2.835493619220349169e-03
3.829717612503627522e-03
3.958584507858686763e-03
3.166299383111377715e-03
3.945248699794736205e-03
5.884119597326669185e-03
3.212075961029551077e-03
3.131659354057409004e-03
3.017842612455469767e-03
3.593914202676658145e-03
4.448140453321380167e-03
4.318144559624511117e-03
3.615366340650952824e-03
4.764747365162536226e-03
3.040990409743367200e-03
3.497892993657391453e-03
3.729584038691545825e-03
4.621929077919272044e-03
3.160863778712236054e-03
3.565061079797831115e-03
5.028033810773296051e-03
2.397998154744842951e-03
4.264596517319547281e-03
3.329259676286279793e-03
4.864268632499586277e-03
3.192699369389492316e-03
3.412941063098962752e-03
3.927793775586986731e-03
3.075438353950981588e-03
2.762385683682208951e-03
2.920152529968788550e-03
4.053965564169544067e-03
4.328965708255594520e-03
4.148510124596117496e-03
3.991992728884992056e-03
4.031170418649310250e-03
2.548219747965539336e-03
3.463253862731559708e-03
