4.166415645239675106e-06
6.292284441066836488e-06
3.199118829948567643e-06
8.270341588900816915e-06
3.611406170252920220e-06
4.840402740837838880e-06
5.160962791302575870e-06
6.996628441379700519e-06
1.616823223781126910e-05
5.196338769929691547e-06
5.112765613986470747e-06
4.208706169746938083e-06
1.058745481338628021e-05
8.397489180311275072e-06
4.838523560452287901e-06
3.538617144507881194e-06
2.156155942094159414e-06
2.190504110577456573e-06
8.822440307959822381e-06
6.877891511566905655e-06
2.255891366877088315e-06
1.959447623124718712e-06
4.669978715236414674e-06
5.635310037375494738e-06
9.800049919687511769e-06
1.159396446927084985e-05
9.092609547261471442e-06
1.353574797026789620e-05
4.522004490483116308e-06
1.824045577195242445e-06
2.559120978013103027e-06
8.353043245475591600e-06
6.150426164853185006e-06
4.445967937463287557e-06
2.567047354115798918e-06
2.484686898594544940e-06
6.304923545170352456e-06
4.123857638820198399e-06
1.698970952092987611e-05
1.526249316761894336e-06
4.535151842774727475e-06
5.071191142762097661e-06
9.872443469446826552e-06
9.332785799549373368e-06
2.359721842722190318e-06
6.874506931513449182e-06
6.007302279286883674e-06
7.325822892584690589e-06
5.284497023739027643e-06
7.090199756485680079e-06
2.123186027075036620e-06
2.704963465125713526e-06
4.629895487505249820e-06
9.452876921821717866e-06
9.860750724168250466e-06
3.942708359383800689e-06
4.471836273122520648e-06
5.924672971057099864e-06
8.152944560512898962e-06
2.358818337159324883e-06
4.226650618980131394e-06
3.373704689601382332e-06
7.297279819410685783e-06
5.706794151393563483e-06
3.895279203788858563e-06
1.979701683021467775e-06
8.681235950520984726e-06
5.464438821091200718e-06
3.080666482651760262e-06
7.616016794432474851e-06
5.104594379068168630e-06
5.099681654934568091e-06
4.893737576194333267e-06
5.828336781468108602e-06
1.162147117569643025e-05
4.114912501596735253e-06
2.606565514037827862e-06
1.017842790207326457e-05
2.581551354152046563e-06
5.132220399320487362e-06
1.103113031378053355e-05
5.803436653124172562e-06
4.078264939951110811e-06
3.908628237934865166e-06
1.040638878124941210e-05
1.001833482545593993e-05
5.368638847888206090e-06
6.316696961790063527e-06
1.298190749043909089e-05
8.031891569603496085e-06
2.334063897871174688e-06
1.168521973578491882e-05
1.232684683135532738e-05
4.523765822553165560e-06
7.529118529965267975e-06
4.427101645639072246e-06
2.765427927224497194e-06
3.292618109333857164e-06
1.260219369372415992e-05
5.552771875539973502e-06
2.043370491432807572e-06
6.176684993234296689e-06
9.360833380306687526e-06
1.781496154565681460e-06
2.050104487416403877e-06
6.107783229948915165e-06
4.529521167562731231e-06
1.080055425354527952e-05
1.024475753575422901e-05
5.896301384874723859e-06
5.957034019319915603e-06
2.901800349382920090e-06
2.165420395589570957e-06
1.173232913470592859e-05
3.976298276902478497e-06
2.477996721071843744e-06
2.103582898269143526e-06
3.613325663240958653e-06
9.476586267623949333e-06
1.140889776279833478e-05
3.413236143554228607e-06
2.139657810367916047e-06
2.245611853771634152e-06
9.704363650186751135e-06
3.186481662314687646e-06
9.317374262190206285e-06
2.181645162576480596e-06
5.386722353851311002e-06
5.466246441086064134e-06
1.127027740073436706e-05
1.057585144734748890e-05
3.495881984285443047e-06
7.011764913384007075e-06
1.823531322786580526e-06
2.319257725541053131e-06
8.826059391336908886e-06
4.286141566396022354e-06
9.000474539490837508e-06
3.550902650586180089e-06
1.798942055737485995e-06
4.752889213736012758e-06
9.114605055089667083e-06
3.679545295011894218e-06
2.285121093919827499e-06
5.594481252569808104e-06
5.293020061479642367e-06
6.397118190068109327e-06
7.563706911775726619e-06
1.229212613476285709e-05
5.426393415383556616e-06
2.932693664440688996e-06
8.687862052783364294e-06
1.690503923943989520e-05
4.735602044380928746e-06
6.153570202350591969e-06
8.622102983286920045e-06
1.659451070660788058e-05
3.097444050530534959e-06
5.602746732903575212e-06
1.532980282453253579e-05
7.061386726846473249e-06
2.198623032407766866e-06
5.274621782465402145e-06
1.064334739567427751e-05
6.101836074489606176e-06
6.697376655529003572e-06
4.383259548860611135e-06
2.738579159527355747e-06
9.743528985319797688e-06
7.562269569040364975e-06
6.397923323300706208e-06
1.947396184384178472e-06
7.065527928581872705e-06
3.169341051518196364e-06
5.192913745600462572e-06
5.973435954575762215e-06
1.215152101569866257e-05
1.649308589116502263e-05
3.147410816590295977e-06
2.859093802901241403e-06
8.106872351101506328e-06
1.522397061573221687e-05
8.785969063205329615e-06
4.394505525915458440e-06
6.130456944177896920e-06
3.405879866708312977e-06
7.142701877742333065e-06
1.379401337794065731e-05
3.648220768098460400e-06
3.489664324027621311e-06
1.422955348153195852e-06
6.153117042533171024e-06
8.141081492835404096e-06
6.413256408944130368e-06
2.417457437081096009e-06
4.264814597614404379e-06
2.740960538974009003e-06
2.123372394116636321e-06
5.895329572158663067e-06
1.341187097106313034e-05
4.483523136483286086e-06
3.833755799671284516e-06
1.254574254589517795e-05
7.277863536881818993e-06
3.820114369285600868e-06
4.258118025231261592e-06
2.471258516224342848e-06
3.290191384121169275e-06
5.627784910232648011e-06
7.019476851243766208e-06
1.701487449103878885e-06
5.393829374771519925e-06
5.292871567729248417e-06
8.324884787647055765e-06
1.000505455124716096e-05
4.933835159840958288e-06
2.862559076908665302e-06
3.017959739321368442e-06
3.314985222482680870e-06
1.820339508658525257e-06
2.273067152780729065e-06
5.329639593337842185e-06
5.121998511537082037e-06
5.660065902270051471e-06
6.979468171009890484e-06
1.955598138611130655e-06
2.540490457505465717e-06
2.423536708764996037e-06
1.056218332457921927e-05
7.961215330997982293e-06
1.593238467021989123e-06
5.210378493664083075e-06
2.109528816416324539e-06
8.050943191270434692e-06
7.583872804517773831e-06
6.425099932801244754e-06
3.641018991209739249e-06
7.190317027231805431e-06
4.138257158922552354e-06
2.776782285223252306e-06
3.036938637949833909e-06
1.065843871925096638e-05
4.840488564556711651e-06
1.060095351663596775e-05
2.649336548020857978e-06
2.561218655816306561e-06
9.013237074070915261e-06
7.818972098249959656e-06
1.194744191426905954e-05
4.918262165304723347e-06
1.646594382445167430e-05
8.232223453338347296e-06
3.951611892558988316e-06
1.002513459921839283e-05
8.594100570146490713e-06
3.788465756729829103e-06
3.520575316470731406e-06
5.795130331280614202e-06
1.827391034013950155e-06
4.392424127858459881e-06
3.352729860972335379e-06
6.532576647031693036e-06
1.265720641402596357e-05
4.583223027277605947e-06
3.835929560381034870e-06
7.867443552738930221e-06
4.570835104727411355e-06
5.384015688984698440e-06
1.600605216015172228e-05
4.656293208447978498e-06
2.743531792132707397e-06
2.046872506181964960e-06
8.401876166175834001e-06
4.896471218276828190e-06
5.942828548235762189e-06
1.301498043277674072e-06
3.113317335353688986e-06
1.492443973586048852e-05
5.866644395518239404e-06
4.522874333790787731e-06
1.742138446837526838e-06
3.064087990372358514e-06
3.840231004789983915e-06
3.179119555626305560e-06
1.809173530515915452e-05
1.321057958451803756e-05
5.943650770377466133e-06
3.442061972287615284e-06
3.631715731389690521e-06
3.521697169472726008e-06
5.784741011747043750e-06
4.748493078740438113e-06
3.507232298081482152e-06
2.596683492799927642e-06
1.910593168429224379e-06
1.024345984777737633e-05
7.078548014961727953e-06
3.423605964925420936e-06
2.776380398546744572e-06
6.051196279649442531e-06
2.426355096100648612e-06
6.860332681125867037e-06
2.561476915423820311e-06
2.596499614746752418e-06
3.813477783042263110e-06
2.532561416439252985e-06
2.608616156459578532e-06
4.254641278967251398e-06
1.064557546301421471e-05
7.075974339986285881e-06
1.654760883200742682e-06
1.717667711732894579e-06
4.912490651671555723e-06
3.610390648115978868e-06
2.735919606102753676e-06
6.175235704605997546e-06
8.590069018674812709e-06
4.636585957630248828e-06
8.429413494484752888e-06
3.423884244198441999e-06
3.733043202680810245e-06
9.645360546024119093e-06
1.513309265039117784e-05
2.213954942285102108e-06
7.453623837876093011e-06
7.459044438254813470e-06
2.213902617041237967e-06
3.795760128491614889e-06
4.923128196969843970e-06
1.032854424795692316e-05
2.234893168679811889e-06
5.457133048503333495e-06
1.058459833086290204e-05
1.220527984823722895e-05
2.791152814717654798e-06
1.782098809230450637e-06
1.010122300299980991e-05
6.445234098476976488e-06
3.304637245206952161e-06
1.761181234797340146e-06
4.392611698038141857e-06
8.066708115165625533e-06
8.568528396521939462e-06
7.511360624108804859e-06
1.016117783768253934e-05
2.731263392214987745e-06
1.777946757310371981e-06
5.674399795429644373e-06
7.922792980768380146e-06
8.523119078878359337e-06
2.333690138822990981e-06
6.034699933563213887e-06
2.272294228212861985e-06
2.471387070685321297e-06
5.137862258179105609e-06
9.147963601006865955e-06
3.365498928362893620e-06
2.952998834609868108e-06
1.365235723017024346e-05
6.320619811015543125e-06
9.230561802124128770e-06
2.646920712675874882e-06
2.574896203369826019e-06
7.710438272619285938e-06
7.217653829895747149e-06
1.032236287536578838e-05
1.335012308887106008e-05
4.947003143882567984e-06
9.061809310031731016e-06
1.531151325031371121e-06
2.764104169020630881e-06
1.094990491492840043e-05
6.079891313559902490e-06
1.113817438477337303e-05
4.191110055513079343e-06
2.987935612113180354e-06
6.215923404182521039e-06
1.083232174833196083e-05
6.478897875051521567e-06
2.658962028081180252e-06
5.414610949927072073e-06
4.302668326131453574e-06
6.565147902333115566e-06
9.327971267871965731e-06
5.251997768141883334e-06
5.002653758939299981e-06
1.267741192627863595e-05
8.588069589270636871e-06
3.201751987601113019e-06
8.296538500043330395e-06
3.507356215125267877e-06
1.858086620897708181e-06
6.014564907967384310e-06
6.859661883437182137e-06
1.465861206835800512e-05
4.581065455697812644e-06
5.732652949259422132e-06
5.740266870281995278e-06
5.946740011559932551e-06
4.380010566447498510e-06
2.921113147335685738e-06
3.808037047038105504e-06
1.770284788419300895e-05
7.139312693402270105e-06
7.203959194023977779e-06
1.721685814978901540e-06
4.049435541343369158e-06
6.308963979375620105e-06
3.405342790399447855e-06
4.347803859883179897e-06
4.417290673433344157e-06
3.861746248809161961e-06
8.887659487777620023e-06
8.715358097795057691e-06
3.673533835207035269e-06
3.521065684951565790e-06
9.790701982667237405e-06
7.411904774498543988e-06
2.854436285502164283e-06
4.767457615643119691e-06
2.185634940236651679e-06
2.675876173348651828e-06
5.237284985713235498e-06
1.159747300868008005e-05
2.161477712716254887e-06
5.352802701218396618e-06
4.047898770977517752e-06
9.352837508563737436e-06
1.695626201019583552e-05
9.909569464154323622e-06
7.725680162229342035e-06
2.760767106181102634e-06
2.115471304860309337e-06
4.767729095003879712e-06
7.842018044183542158e-06
2.971667769443853034e-06
2.389129847737044112e-06
4.161825290114968370e-06
6.253064943421264102e-06
5.885568756358184591e-06
9.881118481903615334e-06
1.726325910640147546e-06
3.000561745407885486e-06
2.582914783198786587e-06
5.587642023884438086e-06
8.743324631124047857e-06
2.461209639562120036e-06
6.910701351919196018e-06
8.620313290685388573e-06
1.158480692129552687e-05
4.123892562806639997e-06
3.308273775372129525e-06
1.851391312362203363e-06
1.982246988411820680e-06
6.653916736405115192e-06
9.879186188244265329e-06
2.120978604460128198e-06
2.017519738533400766e-06
2.803975217061525038e-06
6.867114902082809251e-06
5.049385413248211798e-06
3.726669203645581009e-06
1.891494678278816969e-06
5.478389653787894359e-06
6.363286788769784873e-06
1.897910307019845942e-05
1.669875077034262698e-06
5.773350909045872949e-06
1.010457604338912124e-05
2.640881740138012405e-06
5.442053019581234746e-06
5.932881061080665696e-06
9.755347612720060942e-06
4.329684173886559210e-06
3.822722091345450141e-06
1.397897232697986222e-05
8.015481636151910744e-06
1.984450752688706277e-06
4.117192674090542365e-06
5.108717523662019812e-06
8.354336916384500733e-06
6.155317431136725923e-06
7.103762871793700534e-06
3.664594384944735645e-06
4.671466061851615077e-06
7.980041542530796547e-06
6.188316745124674541e-06
3.265101332403997495e-06
4.740187696557610468e-06
1.964876534596576134e-06
8.044592632662818930e-06
3.358180338871982224e-06
1.000156466109154193e-05
1.165523418043277933e-05
2.834485810431226287e-06
3.245934480045486782e-06
9.440685618966879864e-06
1.085405430679492774e-05
5.887369438679030787e-06
4.814272420988834858e-06
2.481311728607915596e-06
5.857208296610887820e-06
8.550642662316819005e-06
5.295705372982897427e-06
4.788500879294822830e-06
3.695831398749934189e-06
5.909455488070199783e-06
6.577745324964854615e-06
4.978439192824065149e-06
3.290506107993933350e-06
2.500925297339377119e-06
8.236000106206561443e-06
4.999030611772422993e-06
6.037705741650790012e-06
1.152305651353315807e-05
5.681537374206260135e-06
3.046168420187747769e-06
3.860917582058697897e-06
1.307211054536076805e-06
7.965479835062339956e-06
8.212816988048048537e-06
5.932440237820992086e-06
4.109496341772431752e-06
1.541651262518934963e-06
1.356067313968089305e-05
6.575482079221001781e-06
5.327815178352140233e-06
2.051156533622280088e-06
4.512251465526418691e-06
7.728872677218072561e-06
8.398178570846335302e-06
3.837922476625573569e-06
3.085420313025412286e-06
1.657693301102328753e-06
4.175449217244997499e-06
4.262606813093198722e-06
6.739777958317177544e-06
6.835821176168753104e-06
1.563120847334167030e-06
3.048250978764129964e-06
5.092119743730233099e-06
4.597647689115668616e-06
3.541147765041887699e-06
3.585510218797180638e-06
1.419448581612825393e-05
1.264535845847608922e-05
9.889604366980714331e-06
2.269683719892371626e-06
8.658700381085409088e-06
1.025265159394547952e-05
8.582665638910081928e-06
4.194213394547477731e-06
1.064641573159695731e-05
4.188155499944510790e-06
2.233156641185552108e-06
7.758496156466366549e-06
3.463231905912474446e-06
1.267481203186393495e-05
2.019748194096108200e-06
2.890234708747145732e-06
3.347708246067646799e-06
7.772706495658167133e-06
6.323880046624267901e-06
1.675250862005142469e-06
3.270340810231396134e-06
5.688040603928686514e-06
8.515220956569363278e-06
1.021493112221133583e-05
3.014530576636358125e-06
2.570530449600455321e-06
8.358844643616134061e-06
7.954329706871922365e-06
9.480407403869097908e-06
4.570711474170262130e-06
5.643060315691489275e-06
5.261568353617998228e-06
1.095485291923906820e-05
2.600448443769591887e-06
4.891237663600178538e-06
1.381281872286088200e-05
3.899863561519919817e-06
1.356516887072335014e-05
8.139942316450944631e-06
8.559946070675065381e-06
3.929742938061343343e-06
4.261811825262437509e-06
1.771545385516514225e-06
7.656711064847999628e-06
3.903384512466095456e-06
6.050492500140386639e-06
4.986191128663242691e-06
4.198953881423778040e-06
4.329003617380396849e-06
5.078063854696055348e-06
8.547291839241838953e-06
7.168639389511767051e-06
4.118860060955055089e-06
3.582832772384596268e-06
4.398628863816160184e-06
1.008909689412138115e-05
8.275718872344841595e-06
7.442404476390586191e-06
1.271549963467036708e-06
3.581066088720205137e-06
7.340578484859797685e-06
3.214655400106961101e-06
6.502997378782880209e-06
2.234138087840635852e-06
2.140155357444439471e-06
3.048286820623768343e-06
6.990124056329894998e-06
4.973595622751926938e-06
2.193628160490576633e-06
2.951067141707844814e-06
6.256589950140090482e-06
2.783216638377463601e-06
2.878196276937127046e-06
1.024613932322981408e-05
6.636973092172124247e-06
2.684462239408942227e-06
2.200308158409892030e-06
2.306099838195337952e-06
7.208635886465324168e-06
6.411559873341472197e-06
2.103305071156282786e-06
2.529969374004709921e-06
6.789256291471864585e-06
4.906588573331293760e-06
8.313400716538276255e-06
2.621445009722957561e-06
2.563971041189792787e-06
5.380297400280462629e-06
7.041083897386818503e-06
6.228562265722271539e-06
1.732857065360778187e-06
3.928062786060703494e-06
7.615518646751741166e-06
2.918718391062016377e-06
2.646900522150343695e-06
2.834830881857322757e-06
8.232459699468559972e-06
4.920700566202273054e-06
2.846030121102485736e-06
3.013449540183563422e-06
4.513344793736871035e-06
4.194839876764070591e-06
7.503589700128820949e-06
8.474447079374002227e-06
7.385643820477005114e-06
2.032756549264513223e-06
6.293572321667371379e-06
9.403270524030490270e-06
1.981772772718234534e-06
5.611972665519813172e-06
3.455509410833452290e-06
9.858564459251938805e-06
9.788654659531996764e-06
3.954650323195140210e-06
9.625835762921560140e-06
1.361009432156240995e-05
2.177365788093269434e-06
3.295114424951645570e-06
3.496177865636492897e-06
1.347951737695295675e-05
5.958467400120723486e-06
4.040012691626587379e-06
7.520841027416510576e-06
3.590226812454302109e-06
7.552388034260636592e-06
6.706771941921684993e-06
5.502994718197358022e-06
1.862689529579427708e-06
3.032031592779905352e-06
9.017038556667180660e-06
5.846916775787052270e-06
2.828369030489971280e-06
1.685841984803843012e-06
2.528798841862874333e-06
8.796801989204033838e-06
2.693034273445534682e-06
5.954655548717343768e-06
5.602628091328441141e-06
4.900077996817017605e-06
2.288241625984180366e-06
5.771227811822088770e-06
4.227647159543789698e-06
3.025110644504572148e-06
6.789570919246014195e-06
7.289922809384118765e-06
6.759330482346089250e-06
1.655465101202529478e-05
2.819446065591454921e-06
2.495244345425702752e-06
4.902045101377285258e-06
5.518073457031343937e-06
1.171796508891536888e-05
2.255736099379506374e-06
3.980888208644417450e-06
5.087471104845189163e-06
1.165881494495119352e-05
1.839432400769921316e-06
5.189511761959696616e-06
6.939935120056742483e-06
1.052285001879673384e-05
1.943842108954700779e-06
3.407538831052083553e-06
5.108203627665589374e-06
9.950654671801883417e-06
7.571072302705987487e-06
1.461888067210747249e-06
3.852297036232188030e-06
3.356835815371002754e-06
9.508143694197346784e-06
7.668261936811494739e-06
8.287825515437614486e-06
2.766977515566596648e-06
3.268427848880400673e-06
1.047213462896791208e-05
9.869574561617015077e-06
9.474661972279861181e-06
5.344107537526380075e-06
3.993832565332927210e-06
3.338978977343475248e-06
2.898978371638754854e-06
6.532632318737634046e-06
9.114409353821657404e-06
3.155462895371297190e-06
7.450370085167164143e-06
9.043512550160359324e-06
9.150862905976865663e-06
3.122107002817259660e-06
5.297115661371431172e-06
2.244739677179804887e-06
9.461800462108180471e-06
7.997562248425797265e-06
6.416714448915788106e-06
3.615380330099268607e-06
4.438567778682644981e-06
6.385117977928167226e-06
7.171211992221444412e-06
4.088833829304601868e-06
2.450651940620703031e-06
3.006711342636177865e-06
2.416613942904348534e-06
4.880028060168327900e-06
5.380931003253513078e-06
7.509691057202550489e-06
1.608324369246439948e-05
3.197575321959262103e-06
4.652499515572484123e-06
2.072243033888404971e-06
9.311189532485756066e-06
6.975873380024414019e-06
7.381115181188801372e-06
7.552638897353219807e-06
6.557465453451419689e-06
4.581582321892886259e-06
1.329520637186646613e-06
6.529230813767968310e-06
3.766702502596485945e-06
1.735121113082087395e-06
4.098266292112749739e-06
5.890154229174539437e-06
7.630792513320829091e-06
6.212094083125384616e-06
4.428786671132904011e-06
1.444414532418510211e-05
2.732181502134964000e-06
1.809954785672376895e-06
8.581958985804132354e-06
8.473566956116340454e-06
4.645421685655103137e-06
4.077542122819305791e-06
3.070563403830376677e-06
6.368654594213750396e-06
8.164548041690606738e-06
5.516964200964642220e-06
2.069855550912144143e-06
2.872389118901911720e-06
3.472830678366922524e-06
8.678854147228027871e-06
8.410002010484109226e-06
2.835886762593863559e-06
3.466532430584548746e-06
3.242098541266545971e-06
6.548438278660313004e-06
3.428473161585364802e-06
2.296274871284691104e-06
5.069339111570283567e-06
3.371476151531097942e-06
2.077141585830060057e-06
3.032744812893251005e-06
6.962440683805642593e-06
3.316610587449520077e-06
5.748852404579999732e-06
1.353896863216104386e-06
3.400882812192253854e-06
6.079350422272747701e-06
9.623604496396123288e-06
1.869281664885670165e-06
5.981460140816660111e-06
2.887051556404772363e-06
1.014331015846599236e-05
1.338851079718311656e-05
3.019418420041370102e-06
5.474161305470924656e-06
1.635821720509651133e-06
1.812454670402415513e-06
2.371681685342276316e-06
1.175178298665195341e-05
7.812620188866634482e-06
4.081703358237219127e-06
4.458472523868244478e-06
2.951756235674506322e-06
6.071655445430098642e-06
1.172996656090476519e-05
9.594975371210673351e-06
2.849679902194532286e-06
6.230171663392892308e-06
8.043309154700030054e-06
7.280418000819852366e-06
5.809705646847602136e-06
3.142827520035812648e-06
2.141468208895587029e-06
5.776302593745256490e-06
6.608574879808069180e-06
1.107766288352407705e-05
2.253639342760467978e-06
4.643415828855677459e-06
3.299754832373849210e-06
5.216816841151996005e-06
8.635243379821615870e-06
1.072684256347604762e-05
6.018666935029756784e-06
2.972686115072916052e-06
3.427443260139995288e-06
8.925695949476775750e-06
1.256853221629871379e-05
8.924437471968033858e-06
5.653589098299828078e-06
9.463678676804653200e-06
9.637905590168146025e-06
6.930658783359208537e-06
6.404239022726456872e-06
2.059310122898511376e-06
1.993194178421307502e-06
6.252130165332410329e-06
6.064646597949644924e-06
3.424816554293446867e-06
4.191422153846398105e-06
7.037164494205851341e-06
3.377708952447912020e-06
3.031475432221665913e-06
8.878798997568659041e-06
7.245736886345524336e-06
2.238761248463499491e-06
2.866435983002212421e-06
8.041474467289192956e-06
6.592956055346938515e-06
9.616436742074499548e-06
1.637545931263871998e-06
3.023145954346002744e-06
6.953780501034523917e-06
3.419725731514448329e-06
9.181313463421315782e-06
3.853684598719204960e-06
2.226061665342892828e-06
6.756070869241826731e-06
9.584821023410941250e-06
5.105524122826307444e-06
2.473593248110648747e-06
4.685008680124625835e-06
7.113905739098323103e-06
2.955355313934162680e-06
1.895777189525488302e-06
2.378506564922492000e-06
9.428749760823383063e-06
6.862225862692227647e-06
1.986764219971863676e-06
2.642942430794943493e-06
7.516103938710534873e-06
5.180520643120814235e-06
3.303391146222516260e-06
2.095660120054655937e-06
5.234234119292645223e-06
8.330501531427583772e-06
3.268751240781989806e-06
3.798702386049785336e-06
5.719377400274453925e-06
5.844774007991079134e-06
1.088162179197731518e-05
6.315567111995516931e-06
3.013146934174279782e-06
1.493812762638839533e-05
2.802216566286361715e-06
4.891704837134812677e-06
6.949295976373696872e-06
6.417666971378396005e-06
2.064317049659476759e-06
3.331684662645217034e-06
3.302038008823427959e-06
6.188018166861418025e-06
3.783250902706896682e-06
7.417718318456275365e-06
3.013991094658042059e-06
7.771248489174931203e-06
1.632734305294970969e-05
7.435381999022554394e-06
2.882587703531620865e-06
4.583792105474245812e-06
3.722165048219877862e-06
6.095375584036975171e-06
4.722300505553388765e-06
1.195222222196350392e-05
8.926036621112842079e-06
1.876156271892793914e-06
6.010989938395989863e-06
3.873830007867876078e-06
1.682305618067601169e-05
8.190964084226681009e-06
4.592887547277854266e-06
6.682838489326194039e-06
1.677489707757778191e-06
6.642026037323319679e-06
3.005026831388145279e-06
2.900549389673336477e-06
4.125838626552817420e-06
7.133273071546387283e-06
2.750908206395552222e-06
2.407040833128907182e-06
3.933819357068756364e-06
8.655502996034383434e-06
5.829884349565365431e-06
9.685093666662120072e-06
2.435457153383349027e-06
9.534420728665704740e-06
2.588243463264986061e-06
3.790848517322072322e-06
2.913831308846030080e-06
7.131474170923975235e-06
1.045012353134635096e-05
8.496129457610257044e-06
2.853332024397933515e-06
6.463073115435424903e-06
6.614688163396389298e-06
3.936808568149208982e-06
3.048702852372260709e-06
2.099073131172665116e-06
2.032907244818534595e-06
8.180890791445684219e-06
2.232179683082999576e-06
2.268689584870482519e-06
2.499457534863973464e-06
3.279614875199606463e-06
9.308140566720894346e-06
7.834997325357686646e-06
7.961429906505916240e-06
5.551827415152615820e-06
3.088683351782694469e-06
2.748601204298473614e-06
1.073721987544467332e-05
5.780848771862407212e-06
4.584864969008678078e-06
2.910648281184470903e-06
1.307029615404483118e-06
1.025160444828354202e-05
1.187757549456313698e-05
1.601124204147018804e-06
3.973245897439108099e-06
4.419994962607746320e-06
1.357446382437499617e-05
6.601338591745277742e-06
1.703791490461470052e-06
4.407296287875549062e-06
2.912988496054240268e-06
5.804621210794512612e-06
9.034695090456425245e-06
3.877163270137354731e-06
8.221982491330676076e-06
6.002802572243466867e-06
2.521209345291420430e-06
4.133446275794421546e-06
4.452401340175721348e-06
4.754559179315901380e-06
6.778068736016437990e-06
5.998160132206041850e-06
3.958537352502822744e-06
3.766208712576906821e-06
7.363105398257665050e-06
9.533295492148384092e-06
2.890430465495047316e-06
5.868684453247413731e-06
4.286180797217363314e-06
6.295634034115764757e-06
6.372674376933483035e-06
5.390397571719459479e-06
3.588542850338176461e-06
1.610710140768435523e-06
1.382012641067115240e-05
5.963804692595765759e-06
3.198432381220125429e-06
7.719564973893064589e-06
5.573366466773654465e-06
3.101788984008265722e-06
2.779516873239130883e-06
4.124262390558399477e-06
8.688778723388255061e-06
9.957461945017360234e-06
1.239616243847835117e-05
2.619560066092670977e-06
4.698990510237003964e-06
3.515424038474441364e-06
1.037518534446196286e-05
2.676780142140552522e-06
5.665004906800312919e-06
6.425105424919090771e-06
5.604297055858450820e-06
1.735729021529380863e-06
3.524997649203858352e-06
3.208945394849443622e-06
6.283826317386429501e-06
1.472073717164679414e-06
2.904147029019198099e-06
1.067790272967878417e-05
4.070112106221807308e-06
2.066005791743983912e-06
4.315607607423584221e-06
4.644458914767785389e-06
4.801388647209583372e-06
6.039092025474089100e-06
1.645068704470296271e-05
4.976026667691891818e-06
3.638019656695890808e-06
4.808681792418584445e-06
9.892388965357767268e-06
1.783879428744125961e-06
7.408576568971713883e-06
4.026864029745503553e-06
1.191092184765512399e-05
1.288051633046037714e-05
4.051947923867204613e-06
8.359997758814594255e-06
1.534941582129398232e-06
2.896855613052070485e-06
3.234022794773198535e-06
3.228916457799237416e-06
1.115782230918534231e-05
1.277911501096279206e-05
7.565291490799670737e-06
8.092527602931012863e-06
1.788664258804629193e-05
1.110427557166282037e-05
2.441746080841665437e-06
9.935041193386862383e-06
1.355420959403792213e-05
9.337273778611816886e-06
3.815865944157218937e-06
3.112974633951507559e-06
8.372368206211106608e-06
1.034001580314767420e-05
3.341877223034437180e-06
1.940773912409207477e-06
2.913740550542416686e-06
2.169277584709089956e-06
6.939586324936719718e-06
3.593675034197020566e-06
8.460200245170814202e-06
1.515223906202896682e-05
3.625311177293289006e-06
6.813787902797297121e-06
2.410925306637973115e-06
1.146376349754339649e-05
1.100475156760839013e-05
3.847600015433362349e-06
2.987363181566425049e-06
5.543133194796857519e-06
1.071796451345223263e-05
7.777040710199205960e-06
3.354959310126537039e-06
5.234204877426065634e-06
4.422901958808100079e-06
2.720755956760165232e-06
3.846656713993189273e-06
1.052158477168256722e-05
1.651672107391112526e-06
4.982726411290863432e-06
4.158634066171087098e-06
2.906818729447575942e-06
2.258952598601845380e-06
5.238556632259936131e-06
7.667195045969873654e-06
4.722468125015205501e-06
2.066865084976261838e-06
2.415548773210440886e-06
1.483988192937944703e-05
2.452325044837717714e-06
1.047849418781743498e-05
5.109612931894674914e-06
2.432522982448022134e-06
3.854658309015612493e-06
4.381146332756126203e-06
5.624761030600902332e-06
6.591777157634291490e-06
6.906259942099769481e-06
4.982067607127266738e-06
7.920270624078488994e-06
3.062459467028676658e-06
3.401700970181923088e-06
1.060679419656593357e-05
7.503140319332633687e-06
5.501688247049369759e-06
2.289153916175731541e-06
6.942182248601812017e-06
8.474460855205455373e-06
4.005215051504780670e-06
1.750085604550686888e-06
3.013471425515652090e-06
7.945135927483208528e-06
5.409992512640072119e-06
2.788628571860333755e-06
2.629753717862047808e-06
7.282197845630065502e-06
7.922916073254160870e-06
1.442719206413400371e-05
3.257651648435954411e-06
5.148394559829699239e-06
2.762691825255070552e-06
1.451852436008883115e-06
5.305841654772454020e-06
6.052463984622265000e-06
3.899324212690031405e-06
1.321038710944744887e-05
2.910658905176098405e-06
1.762395914032330672e-06
6.001163950223742185e-06
7.594495611620999821e-06
8.982869536908835468e-06
2.232868274643753664e-06
7.673026702223332665e-06
4.075005826033452413e-06
5.776202794645830049e-06
1.209688879621787527e-05
2.729263951838814247e-06
2.478548452313638584e-06
1.063641251287344343e-05
7.525089660238396084e-06
5.076880592607484777e-06
2.533778826014364247e-06
2.774293371293442754e-06
3.419872549540907953e-06
3.083583198564376612e-06
3.946439622092639965e-06
5.815767512797561318e-06
7.918072137252432427e-06
9.687493437681582651e-06
2.501173264162820780e-06
3.636034717774960230e-06
7.408143936493026100e-06
6.413740701860724645e-06
6.839658943751979505e-06
4.436538809730307005e-06
3.620423840862054834e-06
4.404474351045976690e-06
8.257941375685668101e-06
4.042622140244063549e-06
1.951858487812164174e-06
2.017692184127686185e-06
3.412106278680276747e-06
5.630260138917131849e-06
5.398072902404299196e-06
4.636749869159537345e-06
3.793323598892079018e-06
7.481533121669886638e-06
2.682996232595272594e-06
1.009334763952640653e-05
1.108865829165196446e-05
7.345749367169788459e-06
3.268961419984009057e-06
4.441792422473334097e-06
8.146463827809449272e-06
8.389814402522112019e-06
6.927372273809592031e-06
3.973617838534117875e-06
2.476161070144516661e-06
4.832435264981776101e-06
3.761821894367447697e-06
3.809888319799030553e-06
2.216067093642225258e-06
4.479323331720305460e-06
7.967561934578174464e-06
3.461517703870197361e-06
7.915882740321526461e-06
6.749829834192908112e-06
3.668105706282813107e-06
3.365662493059648504e-06
2.900262079598254476e-06
3.910279034654318164e-06
1.008061683861879312e-05
3.886900482854813639e-06
8.971685635428218027e-06
2.470990363690532618e-06
4.265541224596895335e-06
8.182397007033114379e-06
1.178570411962793590e-05
2.330480003629365761e-06
4.642509731645671890e-06
6.464110634438597797e-06
7.807877868047686262e-06
1.027568525081763603e-05
6.330264646022166911e-06
3.171552091483477310e-06
4.836570422305946665e-06
9.907505051902499432e-06
7.573666349212458541e-06
7.030799788969198985e-06
7.799997142024533330e-06
2.447223322726922563e-06
2.770695146000436615e-06
2.643518793207222441e-06
4.843018798169069311e-06
9.992238176827939356e-06
1.100208632470525321e-05
3.261445520013166889e-06
3.861193259472881326e-06
6.557290540673298737e-06
9.891909905446914845e-06
2.474957555649323069e-06
3.746844470533538028e-06
6.519717775504980099e-06
1.180122438429663107e-05
5.526345467935679820e-06
5.706557971406385900e-06
6.545946948589350200e-06
1.542817072649515158e-05
6.414431565991231828e-06
6.529075160951668180e-06
1.556842926952887643e-06
4.079196710022614061e-06
2.896932282399626922e-06
5.684988811902440716e-06
1.418063225511450279e-05
5.191565173529425410e-06
5.684739008076977523e-06
4.806956941299504358e-06
7.914365885638451723e-06
9.743304479378543474e-06
2.713501836427809907e-06
2.867644740714668336e-06
4.944141200340119488e-06
1.658570288069013803e-06
6.144603585285047960e-06
1.642187281174412099e-05
4.388889114534535100e-06
2.153587772500353500e-06
2.205954912448721270e-06
6.441612053976413707e-06
8.045811915740050388e-06
7.531408173009666667e-06
6.173545843587661947e-06
1.716832311136218165e-06
1.257265080497983392e-05
3.345254217590614282e-06
3.197802666282952882e-06
2.325632166273760436e-06
4.032681304685621815e-06
4.083168841248251889e-06
2.357523184821051177e-06
1.573774422075546191e-05
1.120182130885586057e-05
2.623792758997034399e-06
2.563261655917462903e-06
4.427728131243902773e-06
7.579254056668723829e-06
1.331140870550068018e-05
8.795883897404898968e-06
1.060834666560476195e-05
5.126364059293263896e-06
2.114347094556756633e-06
6.875475466036149049e-06
8.538339354791062158e-06
9.434344860939182642e-06
5.823346710053646871e-06
5.482253996292729077e-06
1.937244238835919897e-06
2.095917048805575054e-06
4.190424039884269573e-06
8.359003731518966938e-06
3.431343693564863054e-06
2.282378540257169398e-06
2.704001302929813190e-06
8.143171940315544849e-06
4.110821267062530358e-06
2.794350683219955207e-06
2.872276595205145369e-06
5.446706333506092742e-06
3.743821721965948715e-06
9.434825660860048647e-06
9.062034622189562831e-06
4.165766531558906883e-06
8.359189095986191444e-06
2.410561536355899177e-06
1.954320190570897924e-06
8.328471120342442104e-06
3.573336523594822304e-06
9.380802633195626237e-06
3.651577311917087520e-06
4.321573278587591094e-06
8.247698159914076057e-06
7.433295133572575290e-06
2.539506482256471416e-06
4.643917363679858401e-06
3.546403913502645179e-06
5.094767298899069224e-06
7.761932802020742508e-06
4.049466819792807551e-06
1.558506707219373344e-05
7.779841955037049511e-06
2.353642641159929769e-06
7.234170928468255606e-06
1.453449958870380446e-06
6.525352560906541344e-06
4.696433586561070507e-06
1.088214716065787984e-05
2.063738902269149500e-06
3.831302507287176301e-06
5.079092353897015408e-06
6.429245177546364286e-06
8.178457652619629839e-06
6.502470163192334369e-06
3.347176843822890677e-06
4.565699806048647331e-06
1.621058705804374387e-05
6.346128293115070417e-06
6.292693905496562192e-06
2.609399354609615481e-06
2.838949726770582512e-06
9.691730622666615998e-06
4.234611716055321220e-06
4.264915543079854642e-06
6.731681052359195911e-06
7.103543184554285440e-06
1.439121677137206718e-05
4.091133513387462952e-06
3.355751368595790589e-06
6.218301566196571994e-06
1.430721279116958820e-05
1.066623459635661037e-05
3.487690333766832117e-06
7.311082030651234091e-06
5.154549842060353333e-06
2.626333402619178536e-06
3.284009640978103727e-06
1.650797746256062564e-05
7.097661025307413882e-06
7.999258240190944028e-06
3.355169572067678597e-06
5.386451410462006221e-06
3.809241957708570947e-06
1.187924490816978815e-05
7.542734471121848241e-06
7.856046785461647810e-06
4.776396107435018421e-06
5.449481004915920654e-06
7.899481658360833162e-06
4.605055229443233152e-06
5.042361667092677436e-06
2.200448198393610985e-06
4.456481301900375966e-06
7.292146317223858328e-06
6.510300641725927828e-06
1.012368289904693162e-05
3.394718902552435776e-06
1.990869863890896037e-06
5.886604210141121958e-06
6.195610552959212058e-06
1.502070942813029223e-05
5.529024218281047539e-06
5.738027772426755847e-06
1.084839260559347230e-05
9.142596039204981193e-06
5.528427140527660089e-06
6.045858251343160433e-06
3.694190347326633225e-06
2.614494230568873415e-06
3.382364973973575753e-06
2.446477904149952460e-06
6.903402245742987060e-06
7.677638601691625834e-06
2.073526279054232834e-06
2.955052838958335306e-06
3.367080627345912212e-06
9.133441450678211543e-06
5.321498591858114967e-06
1.006974761961943219e-05
2.695499141073452603e-06
3.169014511900980348e-06
3.290569429250472570e-06
1.441492427509133462e-05
9.959762717882359394e-06
2.835726009821029059e-06
3.152664866233956149e-06
6.326787301252402821e-06
1.137318565756777780e-05
2.140491160958677605e-06
4.468544754445059913e-06
7.376928704301554303e-06
8.651812655515281233e-06
2.438326866212705071e-06
1.838123707268026581e-06
8.043928857484047290e-06
7.635302987788191595e-06
9.004160639284286449e-06
1.901072917127437598e-06
4.575270195443724601e-06
2.923172884462076083e-06
3.537975165492259402e-06
8.021459274605828937e-06
1.572250507731015500e-05
5.202406515082898658e-06
5.486052566986556179e-06
1.219554992469371977e-05
9.843230827763836696e-06
2.924305421952949518e-06
2.346094067660616714e-06
4.674666374336969716e-06
6.717090056902513561e-06
1.553805879640711492e-06
9.575011406201692832e-06
1.503889845288184602e-05
7.592943018403781193e-06
3.800492099835661216e-06
4.445842518003623746e-06
3.270564484929546654e-06
7.875302835402730309e-06
9.383047299181683000e-06
8.989450069262039069e-06
3.417500928289336159e-06
8.876748346390614223e-06
2.957408614101413943e-06
6.092753908466492823e-06
5.721987671984865830e-06
5.540997839135399350e-06
1.254447789065019263e-05
5.381224968632621144e-06
5.246550776025338185e-06
1.569901923487612816e-06
8.724455255360809001e-06
1.019773797988796287e-05
6.798175630002314399e-06
1.281119620384236933e-05
1.204581066003350022e-05
3.470145352166594237e-06
5.888686789882153775e-06
1.324506480030145038e-06
5.876481743453721595e-06
1.363944517277179882e-05
5.938847368516688072e-06
2.623883720913974605e-06
5.259030122158253457e-06
7.381733318660824543e-06
4.196638531274864615e-06
3.842242904990249304e-06
4.327534968684128469e-06
2.158240540640525926e-06
4.046937490290774976e-06
8.572754143786964434e-06
2.111533624711164653e-06
3.170487081194413976e-06
8.455053861759905418e-06
5.044092063901105225e-06
1.322123595713889480e-06
6.612331076397593728e-06
4.876882372919509170e-06
7.015121889200004030e-06
3.038280400996870363e-06
2.901952625710696968e-06
9.056627930578288157e-06
5.364017866957330216e-06
8.804158186522216209e-06
1.585911400001612103e-06
1.899479763662890049e-06
3.672440058797718716e-06
8.171060467540100665e-06
7.508234463789414943e-06
2.233163398148136386e-06
1.892028199378043471e-06
2.138775632143469040e-06
7.017404606419362535e-06
9.789253120615690258e-06
1.299384833559739000e-06
5.903503156898930983e-06
2.634940667036007575e-06
2.698631183073771509e-06
2.091078083429995841e-06
4.692529732625831385e-06
9.964578749667085195e-06
2.201989860374500697e-06
2.053255454450752266e-06
7.796707995201873070e-06
3.372437994345026659e-06
6.760474835778430255e-06
3.434854531293180815e-06
2.225069589020400997e-06
1.392389673474436410e-05
1.250551505179412687e-05
5.196496425614190558e-06
3.063709222551803200e-06
5.334513565030042878e-06
5.849629658204617412e-06
7.045419878619012340e-06
7.958519971760961520e-06
3.304846618451078943e-06
3.599494130863829716e-06
2.540259681253645940e-06
2.452572132919137635e-06
6.243971740938248482e-06
4.044295910698134889e-06
5.337714869522554309e-06
1.546602259247646157e-06
4.659728554146076409e-06
6.237138432949060224e-06
5.804766557915175493e-06
7.506478716579153187e-06
1.156776901106576697e-05
5.751733553551876249e-06
4.150301064173687853e-06
1.036435317665288347e-05
8.407317254753325769e-06
4.251375339299500768e-06
7.106901799449562683e-06
2.932029649362782439e-06
4.942790529477026276e-06
1.112208795727316138e-05
6.379882493537830791e-06
2.233919220261507616e-06
4.190099815025689434e-06
3.101250818511988174e-06
3.785853876969561359e-06
4.185649181405351636e-06
5.260023768586103035e-06
1.369863335304037953e-05
5.316115850764185840e-06
4.286697433100366075e-06
2.506293800397609546e-06
1.502919338453699577e-05
7.569987558149952275e-06
7.708146271162138807e-06
2.431960757385861220e-06
3.404328064912912533e-06
4.147937549505974569e-06
6.487963602798713390e-06
3.555788452364385469e-06
3.083218097112873786e-06
3.767965312267638402e-06
5.806376989875673957e-06
6.075809190547774521e-06
1.910389535629157230e-06
1.661128888802117585e-06
8.891745760812243512e-06
2.594431028340199767e-06
4.885003500516065218e-06
2.989348269376956751e-06
9.762209560578367069e-06
1.109980831558323957e-05
3.056232456370623984e-06
3.592516167730676246e-06
9.366047067419866969e-06
5.141923507030853696e-06
4.087167023055472966e-06
1.900356877925515637e-06
4.388798568531313392e-06
4.246425631276729927e-06
1.411956886819426492e-05
6.558868796381008013e-06
1.379088647396057848e-06
3.933565174473222062e-06
5.267882502494655644e-06
1.808436294653614101e-06
4.405448052929104960e-06
5.788626781488342866e-06
1.436827819839024845e-06
2.186344100698013619e-06
1.536977993024806592e-06
2.251200214932030027e-06
4.426888324556513688e-06
4.039317562326763697e-06
6.956884175948903191e-06
1.553253721560797647e-05
7.762499859421621897e-06
3.231552502810355546e-06
5.331608781995127658e-06
1.026079959677297420e-05
9.826335254190742111e-06
2.242286807331811824e-06
3.542265089533038092e-06
2.024799377348836374e-06
9.201475368639605931e-06
6.763044669644122418e-06
9.035200378928326731e-06
6.705197568574511373e-06
2.572669195315693109e-06
2.994953717385006383e-06
3.232931306341286361e-06
1.313121794399179440e-05
7.867260033880046281e-06
2.960344052773584158e-06
4.857559496712354192e-06
4.114428217799995641e-06
8.303581237599224160e-06
3.399116157591515555e-06
6.001850202127655136e-06
9.969541872289083308e-06
9.933947778251186957e-06
4.326289042497689708e-06
1.803542027984058588e-06
1.082821022169710436e-05
8.055877810176865562e-06
9.993193604193626202e-06
3.072062882203097768e-06
7.395074658146227440e-06
2.197963929607675711e-06
5.285454630216585058e-06
2.403750355293018109e-06
4.131829421490288800e-06
9.582904669658049809e-06
6.243645559477373811e-06
4.042405070797127045e-06
1.021832585361002269e-05
5.878986296936365496e-06
9.362895029558674381e-06
3.070844059625187972e-06
3.303703475388428374e-06
2.320060181098882949e-06
7.328625220179982667e-06
1.381907422238040445e-05
5.669569441287435021e-06
2.894886346606808299e-06
1.702134692841651783e-06
6.335167788135269857e-06
2.415004794493396254e-06
9.646609893519280632e-06
5.497317576764602337e-06
4.580371205571299857e-06
2.249271511320353683e-06
1.424776671206046940e-05
7.132843203882285443e-06
2.274775278781786544e-06
2.982776445586245956e-06
1.240821116574214465e-05
5.663435116953888450e-06
1.001139117601947302e-05
2.768002798335117782e-06
2.706246807028749663e-06
1.585399639559271248e-06
1.052224271853045013e-05
6.664802463093409369e-06
1.368445834097735668e-06
2.310814432517830430e-06
2.941279749914690366e-06
3.608657612936822505e-06
7.180553798677193338e-06
6.367559609398146296e-06
9.857967209819209876e-06
1.480450060204947408e-05
6.572148727047502010e-06
2.860137677248839782e-06
2.502509783727611665e-06
1.112524042922922387e-05
6.792951635987312626e-06
3.008462838334557426e-06
3.133064181312866969e-06
2.768347214880724307e-06
9.060470465065173065e-06
5.318250398209408813e-06
8.593580749631522908e-06
3.675085049448376098e-06
1.632883325041660083e-06
3.479485965859788957e-06
7.495699880076007298e-06
4.010210737054762838e-06
3.116705320551941893e-06
4.409339331503165441e-06
7.537309711809378094e-06
9.531114394321652731e-06
8.958207764966565230e-06
1.425519789312940058e-05
5.581100508824691140e-06
2.209400224742248556e-06
1.431514801200091612e-06
4.388600508733768912e-06
9.111249441899528867e-06
4.812785312691644733e-06
9.814640285307170078e-06
3.519330494537477763e-06
1.901236802048619469e-06
4.084671143405498466e-06
3.560749938629838610e-06
6.447857515567999827e-06
2.961645981446498575e-06
1.716047586636230794e-06
2.498533436074532590e-06
8.909583685455427809e-06
7.750258373676634295e-06
2.278977748519400047e-06
4.391850040187625708e-06
5.063105784017763636e-06
7.576479399900111978e-06
2.833144263781796351e-06
9.925021608553072155e-06
1.319634208775262273e-05
3.511568924684058202e-06
2.427591936924644277e-06
2.541428004628070562e-06
7.087779900076556179e-06
4.540180560419232983e-06
3.132695860858759170e-06
3.503047313371864998e-06
2.893901959050115504e-06
5.340952169126861618e-06
7.721535878052953553e-06
7.369478972901021002e-06
2.571888157991698996e-06
3.066808554209267873e-06
2.893989989676109906e-06
1.248374993392137807e-05
6.728327552543612634e-06
2.564856938010749764e-06
5.550560512175764172e-06
4.373233458116983657e-06
7.697501893873474329e-06
4.751243252208306701e-06
2.222245750364948194e-06
4.143105614821796889e-06
1.118127803032348201e-05
2.434388708030768102e-06
1.252134436525210853e-06
3.265733134994070714e-06
8.480595237933097574e-06
6.375797550128957183e-06
6.626918379857599571e-06
2.954603866498199681e-06
1.950073114400322870e-06
5.521578203563735599e-06
1.268831640671334461e-05
1.153151234693834833e-05
2.179101866387056593e-06
7.683639649107733006e-06
1.356902633780545480e-05
6.213522698326077888e-06
4.149739987971390671e-06
6.615862316069459812e-06
2.370889650912248103e-06
2.732306818421595864e-06
2.615644082004191991e-06
3.382618713030335672e-06
1.016380890203163106e-05
7.047691511727134271e-06
3.305849362978624479e-06
5.558787718171822071e-06
7.865434828326320110e-06
1.234203382894739285e-05
9.589450188208977836e-06
2.713069613775185607e-06
6.104705596079923218e-06
4.898363852065518138e-06
3.910336928959483117e-06
4.380812533869847873e-06
2.029191825817638658e-06
4.298746925085390124e-06
7.924101829146498413e-06
4.448998796446452817e-06
1.855221221551265606e-06
1.893852251027605327e-06
2.711225067843425816e-06
4.662959187813888067e-06
1.244861470185630582e-05
4.088112274285577298e-06
5.019852283509355445e-06
3.851107489052344753e-06
9.114070825311559106e-06
7.440957434706911631e-06
7.671507343784171462e-06
1.221765968037677486e-05
5.210188917308328495e-06
2.930284709702067110e-06
2.288952818657446827e-06
1.217207902761335789e-05
5.073202186867191558e-06
3.713568449343635455e-06
2.497436957655526131e-06
2.876523066959445161e-06
7.166686651385599356e-06
5.661289586204235347e-06
2.037866557199459028e-06
6.648202771485736265e-06
5.954009853618267281e-06
3.203933063920198082e-06
1.190736442634289422e-05
9.729404446229997190e-06
6.891289975690049940e-06
2.443967998469020331e-06
5.045403865893717962e-06
4.021292976322935415e-06
6.529843762139487552e-06
2.470420608149240320e-06
1.767663350666793299e-06
6.036266850888744180e-06
9.683840558629343246e-06
4.725666658821776427e-06
1.034440561265271431e-05
2.543553376819849066e-06
1.392220466060427865e-06
3.424277734136650019e-06
1.942608867346919200e-06
7.754415199245939832e-06
3.193335102595781852e-06
5.532703689722739887e-06
4.834447210459588833e-06
2.661143511574505386e-06
3.688732942345053061e-06
4.516117486925069202e-06
1.177762032075043024e-05
1.855480370478674843e-06
3.320444174032335430e-06
4.166835328332498443e-06
8.978391217077411285e-06
4.944192277221406649e-06
4.141709670428382057e-06
3.848546469199701978e-06
4.385963771000110956e-06
8.493326119900230901e-06
1.063134695379643261e-05
1.465463414439819064e-05
2.503446184914208022e-06
3.713159094249521011e-06
1.744470803881430589e-06
1.949429789334193761e-06
4.966588952798270706e-06
5.027805079288820299e-06
4.793591368507941271e-06
7.959886317877590544e-06
3.903390380398512078e-06
2.096628032283656520e-06
4.001607545657769039e-06
6.021383918131006313e-06
1.012818299475121892e-05
1.970854258883779285e-06
2.819127977462693851e-06
4.140756728529783498e-06
1.101301123344312511e-05
5.924566069295697977e-06
3.882706483212294427e-06
3.295775879684870311e-06
7.366596824005409399e-06
9.940242125329290361e-06
7.284823179323723734e-06
2.964151688535290530e-06
6.209678975154206255e-06
2.394018549811969724e-06
7.518896229816144939e-06
4.550300446015394405e-06
5.799378599708782652e-06
1.181783695093855587e-05
1.064578224883609413e-05
6.996581008462540755e-06
4.192313401257167977e-06
9.061081092568143083e-06
1.172270556666211176e-05
5.800713327028480595e-06
6.170557311293019712e-06
2.538457985840421303e-06
1.553843718104846410e-06
6.308485533237952486e-06
6.579961836645564198e-06
4.152850967427426577e-06
1.815556620157061727e-06
2.922750712202155985e-06
3.719767264687507199e-06
2.154257793050874873e-06
1.183665062532850695e-05
3.104778292308612574e-06
1.001519509936517915e-05
4.748535634832068231e-06
7.769618156060538623e-06
1.181301457818787992e-05
7.414993513253349908e-06
4.131015140200701275e-06
4.061856078561499137e-06
9.767043975397248924e-06
4.732675917723466309e-06
3.706505184101824122e-06
2.274743221594536645e-06
7.781182615136512351e-06
9.194478688256177068e-06
1.973844639709963420e-06
2.140032495410995292e-06
4.271118377471503142e-06
4.478068381585862117e-06
7.466152416379039573e-06
8.421516176033996500e-06
5.672175520817222272e-06
1.387862740593850550e-05
2.351468555058847427e-06
8.343843113758810719e-06
4.095980442192235222e-06
2.458566998806848845e-06
3.792143314673372425e-06
4.071869060225283583e-06
3.951783382331652441e-06
7.716072123389895518e-06
8.880320049584829357e-06
1.002596504773142583e-05
2.771248602420981040e-06
9.093558963226108628e-06
3.407897370580510224e-06
6.472396470584389386e-06
1.144514534802960346e-05
7.623211016018330918e-06
8.102705809653095169e-06
8.063735051258972452e-06
3.583800572612600333e-06
2.109870288404243634e-06
4.388089268338127081e-06
9.680920070586928708e-06
1.063993047113154133e-05
3.983891859483988162e-06
5.519884040676022074e-06
7.293959215961566974e-06
2.426535825889749895e-06
4.639174058864371824e-06
3.112746886913299197e-06
5.959622060250385963e-06
1.304274807213510554e-05
5.349095535080967625e-06
4.647537061119461766e-06
1.674184568729910870e-06
1.310278640265078023e-05
5.962902111616965928e-06
3.207260344508473790e-06
7.951845290972167247e-06
4.055811245484275221e-06
5.693078560610477728e-06
5.302229795380498645e-06
4.536378531315689641e-06
6.605749495734461205e-06
1.584307649446257618e-05
3.489672650462446019e-06
7.843888297395361719e-06
2.566734637129929449e-06
8.649470400075731663e-06
6.728534560269048201e-06
4.310508119577528215e-06
3.989233167519555182e-06
1.827579091044550784e-05
7.929162039537144543e-06
5.755948990051429581e-06
1.042004065560875915e-05
2.871619570015406480e-06
5.051468239833464671e-06
9.788535054775442424e-06
1.045754493569490952e-05
6.350941945047934917e-06
4.783834623269359618e-06
3.966141273269874150e-06
3.159552229548619460e-06
4.326816263931016302e-06
1.022351798558207506e-05
4.906444953245925912e-06
1.754849084040686890e-06
2.383460231854972584e-06
6.197072352905430792e-06
4.867622585582336707e-06
7.824405630545487828e-06
2.674076670957442651e-06
2.284107162379006386e-06
8.223836091670898892e-06
4.625589691195658894e-06
7.118202654066650038e-06
1.055974372242725600e-05
8.078223502882054294e-06
2.471789279412305105e-06
2.076775164759373374e-06
1.368832200110019506e-05
2.677541269376321787e-06
8.132400029626361650e-06
2.597954378316819378e-06
2.598082291323165920e-06
2.583803937404289173e-06
8.377094593335508894e-06
6.650879810888352440e-06
2.712493306580852354e-06
1.881942430367418437e-06
2.823587676115781073e-06
6.650955422226077974e-06
3.389900384492857612e-06
1.075111557297764164e-05
2.943796527416372476e-06
2.732032134654515221e-06
5.577376991599760553e-06
5.823215825263991917e-06
