1.197360977435952578e-06
1.273606931289855116e-06
9.485267710429443823e-07
1.490687836994482432e-06
1.089351246617744798e-06
1.115243283069954039e-06
1.046324819025083159e-06
1.381905724960823847e-06
1.509401707062904956e-06
1.172527693582900732e-06
1.085160846933364725e-06
1.079643993504553205e-06
1.552804918651576740e-06
1.258078417028274835e-06
1.220551633565336684e-06
1.109600170020897485e-06
9.034110183367870245e-07
9.564018613872581054e-07
1.305697689251251181e-06
1.225593771966543075e-06
1.011294231652650209e-06
9.386430595988782592e-07
1.191013471840143354e-06
1.179781057937975609e-06
1.394011784692910101e-06
1.488569969326607475e-06
1.287293914055633010e-06
1.518087634756033819e-06
1.118455118718491671e-06
9.264391611404824294e-07
1.020722874750462926e-06
1.342551048954189131e-06
1.170875899789982538e-06
1.156304560112399229e-06
1.120794138459302181e-06
9.656035798471033338e-07
1.222707955029706413e-06
1.152810266681285510e-06
1.733874188238725224e-06
8.424369128103419549e-07
1.132678547524232475e-06
1.121515586010272580e-06
1.391068262365833924e-06
1.254424291727011694e-06
9.856820864212595204e-07
1.168921358111173409e-06
1.251353515233474505e-06
1.254975048472250264e-06
1.211495671235901464e-06
1.217820068316834967e-06
9.691991970045025314e-07
1.042531591958580734e-06
1.163592627150866103e-06
1.345286106635156398e-06
1.397227353161681813e-06
1.099124925869056316e-06
1.086158925421766978e-06
1.214716913428204205e-06
1.455426312947128755e-06
9.539565546219824809e-07
1.126044747631527971e-06
1.148913005488531524e-06
1.340847008215681685e-06
1.183596352638399930e-06
1.194929030816196549e-06
1.003238929406232828e-06
1.429063242802392055e-06
1.253153462298838180e-06
1.116858545765143628e-06
1.354704937413285523e-06
1.050000873910668411e-06
1.225659050638525067e-06
1.104134608505846926e-06
1.164504271600474534e-06
1.442602045790629520e-06
1.162159524923407571e-06
1.084750099297300846e-06
1.305175182535975117e-06
1.083758401419473461e-06
1.243217923702471020e-06
1.401836019267707909e-06
1.213829736850332358e-06
1.035047863305537831e-06
1.103477263324543535e-06
1.427157649257700957e-06
1.349484051160404762e-06
1.182399496628060714e-06
1.229464331067227456e-06
1.365187623975133092e-06
1.324666532180700644e-06
1.087846310724285431e-06
1.409783529670553320e-06
1.614841542463928741e-06
1.200533868488406840e-06
1.151427486477041194e-06
1.251930569930832313e-06
1.027945392181951415e-06
1.147498439368423731e-06
1.466146753915458502e-06
1.152750438068887704e-06
9.528037530836678670e-07
1.242830483207724372e-06
1.316894124158893335e-06
9.199490401556624085e-07
9.808560374964198388e-07
1.272101247449381299e-06
1.186151986841917154e-06
1.390993221448800594e-06
1.455795495689934557e-06
1.238179276893887483e-06
1.239548025660861023e-06
1.045967657292474031e-06
1.034399990879738333e-06
1.598520273129286008e-06
1.162525117280859439e-06
1.063199468072599426e-06
1.014923074732235702e-06
1.062169124991184601e-06
1.314356828800788502e-06
1.304596453104222024e-06
1.103699930481868442e-06
1.028941141355134720e-06
1.047104623057425062e-06
1.289770245610362283e-06
1.182014775766591490e-06
1.394622879845315844e-06
1.052481994233856895e-06
1.139045481533534768e-06
1.242284717236018414e-06
1.509202441875967753e-06
1.386280293329622819e-06
1.176521228267072040e-06
1.211725216814871287e-06
9.678668430314816537e-07
1.027435655418803538e-06
1.302579895429971551e-06
1.258864863817984637e-06
1.462368406895284523e-06
1.078833131676669378e-06
9.488706366365484661e-07
1.094596018247536937e-06
1.431855785473749784e-06
1.145498942213571159e-06
1.067854106542447458e-06
1.169282837657477423e-06
1.104911233233146862e-06
1.269642800670607550e-06
1.335425590635565909e-06
1.548618968901428842e-06
1.118631106042400928e-06
1.100261298576566728e-06
1.345714843847392767e-06
1.575819751296668613e-06
1.098532350950297677e-06
1.248970892170706255e-06
1.215379217556873275e-06
1.590042414137664173e-06
1.031934475902572511e-06
1.223440653067945160e-06
1.635180449350229432e-06
1.361075851771434985e-06
9.845613953761443572e-07
1.119542340078669346e-06
1.426741932983500434e-06
1.313612281794162829e-06
1.176224885262894693e-06
1.168907695705841031e-06
9.600428533785058166e-07
1.386376905560384028e-06
1.342634707995983348e-06
1.217376022246439824e-06
1.000077591946440193e-06
1.323432059473754465e-06
1.126767610811915368e-06
1.136898290979404517e-06
1.236674283969283248e-06
1.522693821003761649e-06
1.852663226762277848e-06
1.031072988973916385e-06
1.126219193996763352e-06
1.381340822037810992e-06
1.498146212896083595e-06
1.281245202312056018e-06
1.119483594333930699e-06
1.160830053513506345e-06
1.002988684941022900e-06
1.225372194410868668e-06
1.476046116081862060e-06
1.137257754226765926e-06
1.081499397397107653e-06
8.622935191630986102e-07
1.249764565200348258e-06
1.253816081607890517e-06
1.223457736523291467e-06
1.003622451485721548e-06
1.136910733788522392e-06
1.118297728904633906e-06
9.945330589158931536e-07
1.265435872015339226e-06
1.586417113877797287e-06
1.182136161289651883e-06
1.072646370123439144e-06
1.467750943494947798e-06
1.314651135710445256e-06
1.154542712878842904e-06
1.124180031875155982e-06
1.018720775800831282e-06
9.979603597412331349e-07
1.228452834460064862e-06
1.271267090484982961e-06
9.551771685100634990e-07
1.125762361317656021e-06
1.214065117881896122e-06
1.253898850445496379e-06
1.269864333099753599e-06
1.155584596616974376e-06
9.684182620985023952e-07
1.062966319716513782e-06
1.088018469526896186e-06
9.157228136311768016e-07
1.020883872091552175e-06
1.097970849430234861e-06
1.200273712987524061e-06
1.199163431769382582e-06
1.461482798268887611e-06
9.583454708231923386e-07
1.000923722074058096e-06
1.100243112066067905e-06
1.331826016639561580e-06
1.318205433027769816e-06
8.311171781790684038e-07
1.145415160340197033e-06
1.061677648717172797e-06
1.264346525831698061e-06
1.248993287608279692e-06
1.249966343193590317e-06
1.100374322842640559e-06
1.206348532267117420e-06
1.091379591155799450e-06
1.069512701005234561e-06
1.106500238375529018e-06
1.375467069562457700e-06
1.172143570131056159e-06
1.551290020653486008e-06
1.008393075627710630e-06
1.032583012232560803e-06
1.279479801230438793e-06
1.357623510650661994e-06
1.410457623959202131e-06
1.194463906968661688e-06
1.732667322003329041e-06
1.378173648816273909e-06
1.096681605982712692e-06
1.252749183631646755e-06
1.423899317081739734e-06
1.132297227034980284e-06
1.118376109827292216e-06
1.156871961275399980e-06
9.036060966428264351e-07
1.067722824696154312e-06
1.024044083022095481e-06
1.219401876967645307e-06
1.620503513407142185e-06
1.223119287946559495e-06
1.108659646640861544e-06
1.205931513883052211e-06
1.159816139797468274e-06
1.280973976797554721e-06
1.645307020529752825e-06
1.132662123722983812e-06
1.076275659668618668e-06
1.026333969038612107e-06
1.297595833266619817e-06
1.330818778181770057e-06
1.281672751763723116e-06
8.070699046949596785e-07
1.103448518436149886e-06
1.627092671447011309e-06
1.213570506231976347e-06
1.091846693588646970e-06
9.032121910471461247e-07
9.871276234667314384e-07
1.124891405706330687e-06
1.060832882542946137e-06
1.912484208089029305e-06
1.467117087913371660e-06
1.165759443436787649e-06
1.124948775339686074e-06
1.139905297047582851e-06
1.036630877287506107e-06
1.184224146576331332e-06
1.291439502291481582e-06
1.096122930345669419e-06
9.956515812861612564e-07
9.880095582374297431e-07
1.432602458797281276e-06
1.198980175970464553e-06
1.100653788654684446e-06
1.054129600630364469e-06
1.194481452802836686e-06
1.073837388924161955e-06
1.477435365427097406e-06
9.510034578570526316e-07
1.062058731258715703e-06
1.201549014563800779e-06
9.674036759949216545e-07
1.074525650730838791e-06
1.191597301048705671e-06
1.343744888001752654e-06
1.231074081570037562e-06
9.407587190796159354e-07
8.839383229638083113e-07
1.178209622021680409e-06
1.174792616373240264e-06
1.076219281238943042e-06
1.133395667025670263e-06
1.362249610121673557e-06
1.163058128269557514e-06
1.317934120580041187e-06
1.148642466192058149e-06
1.159552873020447716e-06
1.334643821723270563e-06
1.552451465277180496e-06
9.495842009090969032e-07
1.287544921839603579e-06
1.274693581233509362e-06
9.386859118902847129e-07
1.147300958196678606e-06
1.197671300074606723e-06
1.339450900051826798e-06
9.534742536448228329e-07
1.182136820508870953e-06
1.404590201196191036e-06
1.317095002582678765e-06
1.058322736327811904e-06
9.048514582969404237e-07
1.532043953479943260e-06
1.223239036243413483e-06
1.160309050460979193e-06
9.391792273045459033e-07
1.198156114980111421e-06
1.258794987792218529e-06
1.408782349645674360e-06
1.316650045516630996e-06
1.466052083631350792e-06
1.102586946658514238e-06
9.223142299462019696e-07
1.160017232580300100e-06
1.377724105783026948e-06
1.344245119607172975e-06
1.054187756258832997e-06
1.208877505807799875e-06
9.923591224609442836e-07
1.053848531888934339e-06
1.226546020664031793e-06
1.256578490619084809e-06
1.055130357417135957e-06
1.075976770288855136e-06
1.333059326269349321e-06
1.198911756373637612e-06
1.426501371942506920e-06
1.008943438810124556e-06
1.065098935132640519e-06
1.238552160899489469e-06
1.293330193528766577e-06
1.352489114174997720e-06
1.452250192004428082e-06
1.166729451165341876e-06
1.237396500699221263e-06
9.397397260412265575e-07
1.047764208948946388e-06
1.375834043938123672e-06
1.285841757281803837e-06
1.412741747276472157e-06
1.093470667489602402e-06
1.023785486445369627e-06
1.164277881968793440e-06
1.371452373713556060e-06
1.232644176256800285e-06
9.218067905447518456e-07
1.129796994858766756e-06
1.141355621950947209e-06
1.200904139838224962e-06
1.321797439900298738e-06
1.266382660924479554e-06
1.176509400086758923e-06
1.427282249259984440e-06
1.337620916563139661e-06
1.110642088043339078e-06
1.271337152441191609e-06
1.177079970529153234e-06
9.345328274121283033e-07
1.151790262599795217e-06
1.311942735396804445e-06
1.550490899457449395e-06
1.173772405393808537e-06
1.140445617987527027e-06
1.247458434184254136e-06
1.275098219540903885e-06
1.144979728942626537e-06
1.127653313317356951e-06
1.070081252982303367e-06
1.640073057137970410e-06
1.270628990426269204e-06
1.229826665656812132e-06
9.817799522203765641e-07
1.113619560857700514e-06
1.333158186905794527e-06
1.099599712969213678e-06
1.180634409945972706e-06
1.133586597397683046e-06
1.207481695625745660e-06
1.344009621253997895e-06
1.239608469079359230e-06
1.106421058689196249e-06
1.211622707927703378e-06
1.351950091350445739e-06
1.288273808955751192e-06
1.042388080198895964e-06
1.224442624927635875e-06
9.589000502827656570e-07
1.068298712446024035e-06
1.261855751878150863e-06
1.380260807720990807e-06
9.356619332947590742e-07
1.205887522945242200e-06
1.167644018111220358e-06
1.426320627245368055e-06
1.708377276598641138e-06
1.310914593594226556e-06
1.170703772829780361e-06
1.039243531433117146e-06
9.401163006827936313e-07
1.096049344400240458e-06
1.427701937580403961e-06
1.034267479858203482e-06
1.010025667902006766e-06
1.053800299744163230e-06
1.309761961213402450e-06
1.305120772105953840e-06
1.340017595060833763e-06
8.943177065787953149e-07
1.039405520254929245e-06
1.124087471280184669e-06
1.209199981285210220e-06
1.321286577012739659e-06
9.801961954482780166e-07
1.215298533049770500e-06
1.372303084105223240e-06
1.583029915433404436e-06
1.240596055493962524e-06
1.098638889001725078e-06
9.320030941057078403e-07
9.894393569118627755e-07
1.171962835935066068e-06
1.311585504559670035e-06
9.847678237593869945e-07
9.519389262611216308e-07
1.110688722367773630e-06
1.274957783122002742e-06
1.210317141257681934e-06
1.109052775665083920e-06
1.028436928892225427e-06
1.235476931624247328e-06
1.272085266914363792e-06
1.730199663527759247e-06
9.053829891883866537e-07
1.152111989434760968e-06
1.346273782178779967e-06
1.022703596714440409e-06
1.269202210317058864e-06
1.281473721879927681e-06
1.459139944357681669e-06
1.092451314635255778e-06
1.068980429743030538e-06
1.566549439311746703e-06
1.188369594244815553e-06
1.011178352108721956e-06
1.154994472067157448e-06
1.297017493873480136e-06
1.280233151860395440e-06
1.248862303713779382e-06
1.193018501334889445e-06
1.027648979440988456e-06
1.265736386393541748e-06
1.296702709197403137e-06
1.236189155101556986e-06
1.139329359129799676e-06
1.117185319061105672e-06
9.744221075266619847e-07
1.209507569985811307e-06
1.098277096753493894e-06
1.313971722907482677e-06
1.420203368553081717e-06
9.866427326458514089e-07
1.089618930463908479e-06
1.386840608562531234e-06
1.370631228149883585e-06
1.148623387625975270e-06
1.151210612066802358e-06
1.003754672997973297e-06
1.302576865951865415e-06
1.386761423370693314e-06
1.131097929608527384e-06
1.071074681391290637e-06
1.054709208535164083e-06
1.281742774998863066e-06
1.217445660281952088e-06
1.251554950763330491e-06
1.102762279528494261e-06
1.057502482818904614e-06
1.234579559500080281e-06
1.129847609839682797e-06
1.314365033150777547e-06
1.406357237871086338e-06
1.186810436341450169e-06
1.073605506514472612e-06
1.074212748423648079e-06
8.272636248551580856e-07
1.292417375862552002e-06
1.274256781774912803e-06
1.148268394468760946e-06
1.035527366337691955e-06
8.687467374757579346e-07
1.612174176209237808e-06
1.180842464505574983e-06
1.151483402877129130e-06
9.920798872282679552e-07
1.107419550684488127e-06
1.256214224985975434e-06
1.374630793907997653e-06
9.984919799868313627e-07
1.121538236816925561e-06
9.115046725126313109e-07
1.161203441560085168e-06
1.172874622489169657e-06
1.224897080714420952e-06
1.197765947187212730e-06
9.148014199474363929e-07
1.016054758381630797e-06
1.251569181355659523e-06
1.224220718020797885e-06
1.129226605327922639e-06
1.084753938867909517e-06
1.418954950446486677e-06
1.483022065592275851e-06
1.221644119979260652e-06
1.014024833523134674e-06
1.304062851435946217e-06
1.426588343385441061e-06
1.292752123589122430e-06
1.082742841352683663e-06
1.277563534773856839e-06
1.137015586417479540e-06
9.515319443299525348e-07
1.242929984063564868e-06
1.145448099780421392e-06
1.557062861527163392e-06
9.114243432297235635e-07
1.075693556372655164e-06
1.068369209424856076e-06
1.304307258429313372e-06
1.203967729562002729e-06
8.717966204294694004e-07
1.148052889044388296e-06
1.174489884224761973e-06
1.411132013751028864e-06
1.424572451456241592e-06
1.102302905150138145e-06
9.975013386561216354e-07
1.448156666951263840e-06
1.293134359899146407e-06
1.374970892865542565e-06
1.147628556885962227e-06
1.181100214013082149e-06
1.252554991382177430e-06
1.427834288054543613e-06
1.071704495987214089e-06
1.130338259913438404e-06
1.459188917964160313e-06
1.071969909861655142e-06
1.443662649876010764e-06
1.317262210444964619e-06
1.360541509353757646e-06
1.041560213448504047e-06
1.174991291110684799e-06
9.638986187598892033e-07
1.296813831057329205e-06
1.272584114254550843e-06
1.142228620096742282e-06
1.063466066922092987e-06
1.084838892507881825e-06
1.135501903719038849e-06
1.086504898960804164e-06
1.407590709416064434e-06
1.279360378770797478e-06
1.090175526411040428e-06
1.136449344082115495e-06
1.084842838435410235e-06
1.373400960251433198e-06
1.395537846661162456e-06
1.180054183906089635e-06
8.351437995915893196e-07
1.088036109542781056e-06
1.281279945002223576e-06
1.131178001502361897e-06
1.287039067315937009e-06
1.032472025531931946e-06
9.749243244127548268e-07
1.046454827064730460e-06
1.214299687422858531e-06
1.200252330187758881e-06
1.040898866813908850e-06
1.055080681516131881e-06
1.215916994715825320e-06
1.111835778690015769e-06
1.073655769046254297e-06
1.339353791799191282e-06
1.349495562797715462e-06
1.083708906902107251e-06
9.707383632045955278e-07
1.010157346510859277e-06
1.284447077127367208e-06
1.184577965089661468e-06
1.008733604325566118e-06
1.006705067586442300e-06
1.274306882035203747e-06
1.254068119125168241e-06
1.323368169024815471e-06
1.008828778917454607e-06
1.019217035169479204e-06
1.218635936180402335e-06
1.283248556697456044e-06
1.239824054994185846e-06
9.071531647646871665e-07
1.161735574246154032e-06
1.301490141943681178e-06
1.088983953867660311e-06
1.049729398691579959e-06
1.002777181175007040e-06
1.246955236035678848e-06
1.130851934759529540e-06
1.085973268637027512e-06
1.031137816763700919e-06
1.150915378922257679e-06
1.164006584639058355e-06
1.302426563516511926e-06
1.246327271250281683e-06
1.200145229017108809e-06
9.034727211063446161e-07
1.315605098950752574e-06
1.351221332930428807e-06
9.970790480972768301e-07
1.175939956570299163e-06
1.127958005134247588e-06
1.322630575414102444e-06
1.392495095492887734e-06
1.135930309683278335e-06
1.262154455189469435e-06
1.567028911836768963e-06
1.004351062837509972e-06
1.014803048385569874e-06
1.135572404451968134e-06
1.539882230186689223e-06
1.188615373360438257e-06
1.026188289648298894e-06
1.166571796080669247e-06
1.133410696922865126e-06
1.211216438079698242e-06
1.188969373798940892e-06
1.215535275548675124e-06
9.604992560096123474e-07
1.055209914308218603e-06
1.268367484019415689e-06
1.214746274734348904e-06
1.020655651206596189e-06
9.088334910351801672e-07
1.080116830136208300e-06
1.473329647470880665e-06
1.112876638727910181e-06
1.238178126355830619e-06
1.173857901127765563e-06
1.154558075330996536e-06
1.027359655610398387e-06
1.179633135325780014e-06
1.276473369510310497e-06
9.695925682814363715e-07
1.157473452577706728e-06
1.273504788315146833e-06
1.266845581225502355e-06
1.628863381437995044e-06
1.016275925972991544e-06
1.059123403866938678e-06
1.161550675777762734e-06
1.291378892754647611e-06
1.480271642124643314e-06
9.779731029121353085e-07
1.130822150745630108e-06
1.126354362537419712e-06
1.518482377595658208e-06
9.062837137261257789e-07
1.246192020862668844e-06
1.316245032988307324e-06
1.397495214462146645e-06
9.960893269036379469e-07
1.057008962846986261e-06
1.179649902099290122e-06
1.400368414659163954e-06
1.244899031950077591e-06
8.858621259366109151e-07
1.155700467468888328e-06
1.100998632281596566e-06
1.279473419304369242e-06
1.296253075595999819e-06
1.277604870389870991e-06
1.097804289699141515e-06
1.093384204804866659e-06
1.379334949742448846e-06
1.407385382981170337e-06
1.305246888238738200e-06
1.138725016225610090e-06
1.146376112447754431e-06
1.105881774667197930e-06
1.127285265311551219e-06
1.324053179699771656e-06
1.316525753049614263e-06
1.039896978573337369e-06
1.120047976433854131e-06
1.451636274825769963e-06
1.364868688021288873e-06
1.095502527098674988e-06
1.138772224698926530e-06
9.623334538719388865e-07
1.439359050895491319e-06
1.285702704214544863e-06
1.218426109349149316e-06
1.032492340432063904e-06
1.091536355666385283e-06
1.345818223519779680e-06
1.181372049989099396e-06
1.224063425252772684e-06
1.056579200199188386e-06
9.981449946226176825e-07
1.008255907440979308e-06
1.107455829166823088e-06
1.108584145869656819e-06
1.322496851788094650e-06
1.440951342460329948e-06
1.141262013373700070e-06
1.109823111351101539e-06
9.914970263691333215e-07
1.262626899223796109e-06
1.316959189944663796e-06
1.152220528618283110e-06
1.248712826212524534e-06
1.205736358033756717e-06
1.125331894424936227e-06
8.033587801735846688e-07
1.311727109812489305e-06
1.175324525428870273e-06
9.424827751295515327e-07
1.087057386385357363e-06
1.161685071263215471e-06
1.241817443421864734e-06
1.150206030231301271e-06
1.113163288542186649e-06
1.771327561270172819e-06
1.011964476954522806e-06
9.584525448033832483e-07
1.273744022242742491e-06
1.227332642845668080e-06
1.163532041307305918e-06
1.088234227018208858e-06
1.042886081301326480e-06
1.213653557330708666e-06
1.256075086862746014e-06
1.272716605611731533e-06
9.931528488695556895e-07
1.015802855521823710e-06
1.145802713079836559e-06
1.332594458068374162e-06
1.266854950974756782e-06
1.045643872486329792e-06
1.055612494295845853e-06
1.140274072662068778e-06
1.203354521904295207e-06
1.072699340340256793e-06
1.030561113303064788e-06
1.208909934119297195e-06
1.068111870109991312e-06
9.802219664485634596e-07
1.026112476641415226e-06
1.286145098108245058e-06
1.125968396211702989e-06
1.171780733818985820e-06
8.564757046996187584e-07
1.173679101862369094e-06
1.235090285355673852e-06
1.532609148791793154e-06
9.439523223085532820e-07
1.181975461885582157e-06
1.069225603047578778e-06
1.338936332543390991e-06
1.397273620881112014e-06
1.085656844810344120e-06
1.188185950510283326e-06
9.650678354486402981e-07
8.750585361300076313e-07
1.064786126867514862e-06
1.406420586811587078e-06
1.220858516441239055e-06
1.059121250724949829e-06
1.066885105283186379e-06
1.117256406945200598e-06
1.199446941634250255e-06
1.445506259900181843e-06
1.436293899422182305e-06
1.073892182532291826e-06
1.211430032868979200e-06
1.285470213773029651e-06
1.263073603956336290e-06
1.214751716624991915e-06
1.100347214587144004e-06
9.929622415055605037e-07
1.303942321666829457e-06
1.315136711592562005e-06
1.256211069022321817e-06
9.566896280839665345e-07
1.127084832596716933e-06
1.146324237762653088e-06
1.178414026293664915e-06
1.447092170242446300e-06
1.443325255710797479e-06
1.106191969289605518e-06
1.041669139304302181e-06
1.058663085551096099e-06
1.312959938015777166e-06
1.496419193183128774e-06
1.310234962505241548e-06
1.180723800604482013e-06
1.308131003870729899e-06
1.323680650974901922e-06
1.290155420543444284e-06
1.140506111521341329e-06
9.269375412060205292e-07
9.678572184437763427e-07
1.274270862688932969e-06
1.208239923836018776e-06
1.072734224746763061e-06
1.239798137143769750e-06
1.151495533900509846e-06
1.131057326226852635e-06
1.177424124491387737e-06
1.331217327715459849e-06
1.144547472511833267e-06
9.655237648446632946e-07
9.889421591833192214e-07
1.276252584133697705e-06
1.244018015672283159e-06
1.310035217295120160e-06
9.156517549864376100e-07
1.076149779140994991e-06
1.246170063723643499e-06
1.141114428708755031e-06
1.396312544363503611e-06
1.068581431844444527e-06
9.747653808527804454e-07
1.194154782782443738e-06
1.435580522228928159e-06
1.232478611063947467e-06
1.039544685257605329e-06
1.193279922905303398e-06
1.260192750985851887e-06
1.078612064952681320e-06
9.848442441741517334e-07
9.757377304779771967e-07
1.360823976593587245e-06
1.226390860570886556e-06
1.012255928210529654e-06
1.011869061623593176e-06
1.300122367458804695e-06
1.236685917346815526e-06
1.088006216819782519e-06
9.914422419763382099e-07
1.290590062675306683e-06
1.283946713721827125e-06
1.031883492567997068e-06
1.168162807011529989e-06
1.155643939014174923e-06
1.301443753839944070e-06
1.520457458242666616e-06
1.286425897871619883e-06
1.193781099598753035e-06
1.603265079787744054e-06
1.009341287605377168e-06
1.164437613666643715e-06
1.352532379479241292e-06
1.225336625233932843e-06
1.000992455978936813e-06
1.114147608580698431e-06
1.096061318370355255e-06
1.264522138450199040e-06
1.190442018161215171e-06
1.155171799181377549e-06
1.048163474136129245e-06
1.358868452291194827e-06
1.612778813398116657e-06
1.225881040480411707e-06
1.095430419491302873e-06
1.115783305651387899e-06
1.092139938808699331e-06
1.205610442290291237e-06
1.195736559656681560e-06
1.358773415253863011e-06
1.388776940707141793e-06
9.433351709312633106e-07
1.158081460408592236e-06
1.142527990425974102e-06
1.655854963720017708e-06
1.364372757515029678e-06
1.155286928443537359e-06
1.196924241268844531e-06
9.143654577048866696e-07
1.256860427209843208e-06
1.030954108876297436e-06
9.774365419347095878e-07
1.215621698536269894e-06
1.374220294205761496e-06
1.122877336942530014e-06
1.018255786883768317e-06
1.043536497036958149e-06
1.319526086853804976e-06
1.179131318302452133e-06
1.283585222448344121e-06
1.019971208473264765e-06
1.499847886719863531e-06
1.097353429846392816e-06
1.137245827578426517e-06
1.056133765983025272e-06
1.307386490971724332e-06
1.449449609121007878e-06
1.352255124790372592e-06
1.011799921370956410e-06
1.175919047723307263e-06
1.247017970536180167e-06
1.175527182793286523e-06
1.115424045961470725e-06
9.668499541443189002e-07
9.824241416902396495e-07
1.218691650991908476e-06
9.926392212649698059e-07
9.513085362916815622e-07
1.102083326053581055e-06
1.195073062054281164e-06
1.347123211770439367e-06
1.266158643099675295e-06
1.316315499932902608e-06
1.195516331321125946e-06
1.005523828199461207e-06
1.052772453907056906e-06
1.358605563699414758e-06
1.196306275713302417e-06
1.176717590680336397e-06
1.051342230795098266e-06
8.004143503027173551e-07
1.412512132201746723e-06
1.490012196266137234e-06
9.333741088894277125e-07
1.080007874998393511e-06
1.208895556251396790e-06
1.422365106218742426e-06
1.265408037354650392e-06
9.629282559109606714e-07
1.117808797345330203e-06
1.080887522594883677e-06
1.235283286343211175e-06
1.359439321221317084e-06
1.196866705341567050e-06
1.227328397278215252e-06
1.173754065201559762e-06
1.050478877783759874e-06
1.092478475563462489e-06
1.146567175543396834e-06
1.254837393132897191e-06
1.235252567679673684e-06
1.304880102665104056e-06
1.113197393738019127e-06
1.110788927202057785e-06
1.254120425772349698e-06
1.406807315400679390e-06
9.877306472508784358e-07
1.183695727423232985e-06
1.166991252180844749e-06
1.288716745585838175e-06
1.325582602070939914e-06
1.114055598982048230e-06
1.093142536167119066e-06
8.697501536565688427e-07
1.681539318806293649e-06
1.191525646756946558e-06
1.076828413920140839e-06
1.382515596900296424e-06
1.192594149760102038e-06
1.040307584495451382e-06
1.104836551810788746e-06
1.073507425320384401e-06
1.261747846086902669e-06
1.397318955730318784e-06
1.509096622351197762e-06
1.065184276502323267e-06
1.140441727541338735e-06
1.236195567758072920e-06
1.517079121375864323e-06
1.000902780285390118e-06
1.132092642049978673e-06
1.277770225542388186e-06
1.200124301676472818e-06
9.548404699397619847e-07
1.129947566627018828e-06
1.071216811560848366e-06
1.237049928354653575e-06
9.044944904535684648e-07
1.036823574107061295e-06
1.312276300643941890e-06
1.173039240318734339e-06
9.652182357573243891e-07
1.050572117552673454e-06
1.193076514465814117e-06
1.135235396909513507e-06
1.262291557880227049e-06
1.766869676788719898e-06
1.141822655059018436e-06
1.038937830910051485e-06
1.208046212109530298e-06
1.324529317207805478e-06
9.284351691440896939e-07
1.188494018447105534e-06
1.147975387661288821e-06
1.538129840358805669e-06
1.404466858841799885e-06
1.176347555466525518e-06
1.250087768304452013e-06
8.946014859386130548e-07
1.102134181205711066e-06
1.009419316905897293e-06
1.102785121264256466e-06
1.443941501637381218e-06
1.326961085234843204e-06
1.118367717567601283e-06
1.220391337762847207e-06
1.751165942813551826e-06
1.422751937374795976e-06
1.041278543489409787e-06
1.465855146367153359e-06
1.494635874625830886e-06
1.275884734870497700e-06
1.088311511100994873e-06
1.053196468602652328e-06
1.238820450227051803e-06
1.512329542382400988e-06
1.088847351758780993e-06
8.855749102379549326e-07
1.067440882034465775e-06
9.936950948351663353e-07
1.133428290040815708e-06
1.053304365123182513e-06
1.380047939359406523e-06
1.457366387937560602e-06
1.154054616555696603e-06
1.265308150991550008e-06
1.021713410995280273e-06
1.620379289381071358e-06
1.352884211165813903e-06
1.090076510008754797e-06
1.064256078115654344e-06
1.126146657740765734e-06
1.436483764223782404e-06
1.278993408233718169e-06
1.121801753906161253e-06
1.165904229682874064e-06
1.071048879531434780e-06
1.021937681330797822e-06
1.123621957609102720e-06
1.311290933940890002e-06
9.427193840054059785e-07
1.204311024086806290e-06
1.128307298104523087e-06
1.058673553912811846e-06
1.057607163294590103e-06
1.158584112445852285e-06
1.491923265522253483e-06
1.193941330072638915e-06
9.866641450555734841e-07
1.017031123173840270e-06
1.513151215136773090e-06
1.118940837256462311e-06
1.250804842364023148e-06
1.179123074834927490e-06
1.008130663151053805e-06
1.061882979327604958e-06
1.164710312640571815e-06
1.253078607385248714e-06
1.258365860481028874e-06
1.405058220623079089e-06
1.097047258581837466e-06
1.230845481565265378e-06
1.004886125436132678e-06
1.060830705132020640e-06
1.344798840151912023e-06
1.240273177177401110e-06
1.238561920385631255e-06
9.739267775412815238e-07
1.333294020437181359e-06
1.348660657294970974e-06
1.077272393832147570e-06
9.694066049201668431e-07
1.081299631398512656e-06
1.375206444235009141e-06
1.183157304195540390e-06
1.029498307589573842e-06
1.113214354323849884e-06
1.196723140958042114e-06
1.369972115385439987e-06
1.600088604227074176e-06
1.082890715045210943e-06
1.140768778032889844e-06
9.546787746701148920e-07
8.712729402991053496e-07
1.133078372816141341e-06
1.184501888997664117e-06
1.154459858442123025e-06
1.600326584720721098e-06
1.109853187461593644e-06
9.048221167371727455e-07
1.280776756628036863e-06
1.360150394320548568e-06
1.341750241407797694e-06
1.015729594277754240e-06
1.226996669069462792e-06
1.164851754335364234e-06
1.267131246870743264e-06
1.435918586394016608e-06
1.091115971019672170e-06
9.937915614703772000e-07
1.402980759090574008e-06
1.302829991240320076e-06
1.235280188197278395e-06
1.057231858452758342e-06
1.088753903339800001e-06
1.055317447201572195e-06
1.084510979125507908e-06
1.122257828492844374e-06
1.221889556993158964e-06
1.352540906849462573e-06
1.301386699288178263e-06
9.993890953667204299e-07
1.109274674311915165e-06
1.311399931121999762e-06
1.337371958092670724e-06
1.242681402375445936e-06
1.147141429937462220e-06
1.134987008508044882e-06
1.160174016981541252e-06
1.419911309686026593e-06
1.149436547310858837e-06
1.039404463346151601e-06
9.433668470611886612e-07
1.171218227344238268e-06
1.233159478634759792e-06
1.050852788690574334e-06
1.304073978814403313e-06
1.090060888185063729e-06
1.192839451980074189e-06
9.392458687480940887e-07
1.520617231185936048e-06
1.376338042966990381e-06
1.262669379397751201e-06
1.014000867674284412e-06
1.109541457683260886e-06
1.330106366853324063e-06
1.283498081171270273e-06
1.296843044050517563e-06
1.083615955461122886e-06
1.024635920231275112e-06
1.191566702615939353e-06
1.208530613526617890e-06
1.050731576199521932e-06
1.026737119023019946e-06
1.129903333971446305e-06
1.219158418677906777e-06
1.147733639765199810e-06
1.313302352116420281e-06
1.213055860719263164e-06
1.236244279236167313e-06
1.040367527916236459e-06
1.071405763245228604e-06
9.983727189296264668e-07
1.416503688490869936e-06
1.161881257546759482e-06
1.309394395818107840e-06
1.065106347046061040e-06
1.149147899083366827e-06
1.231697946095369727e-06
1.452187050124557546e-06
1.006861361955459694e-06
1.116356491731125861e-06
1.196315605010606176e-06
1.223246675257062013e-06
1.367447429217313314e-06
1.166313778192554477e-06
1.125134111988503332e-06
1.147956735250618552e-06
1.366463884267641476e-06
1.289532405785542613e-06
1.247389215738264877e-06
1.197634226774657411e-06
1.073109287975584662e-06
1.036924651809159279e-06
1.043361182400701052e-06
1.173784980544379213e-06
1.305847561424955904e-06
1.453068498046318493e-06
1.072046546647328769e-06
1.059254678753421924e-06
1.225152777407640797e-06
1.370177960681219805e-06
1.003227808177434192e-06
1.074776002680109272e-06
1.129677087765613556e-06
1.517939235773511364e-06
1.145935336824516242e-06
1.136251677702277950e-06
1.259827640018733710e-06
1.675641469104363429e-06
1.102084716506628022e-06
1.302965293829603602e-06
9.172462400757366077e-07
1.109015859841682797e-06
1.076336533028166425e-06
1.231760778212874444e-06
1.428697115208363956e-06
1.198647197487406104e-06
1.226158990719141883e-06
1.154079075648174282e-06
1.352741154184352042e-06
1.443519360486817105e-06
1.131626369704076801e-06
1.127452532686472109e-06
1.069110397268781110e-06
9.178347622075797403e-07
1.207712317937933340e-06
1.698820129550952375e-06
1.146466053526411440e-06
9.224252792806642174e-07
1.012719299383774194e-06
1.176206926163441136e-06
1.254672623473695060e-06
1.417382196977471338e-06
1.083150960427237327e-06
9.379237604574771524e-07
1.450294211137403330e-06
1.191656777482649299e-06
1.018400345834261538e-06
1.125508710661280002e-06
1.139840726431030511e-06
1.037795735102253529e-06
1.004519821103414766e-06
1.661438937598906281e-06
1.225957977090945419e-06
9.693598920775828955e-07
9.976420711664583062e-07
1.205823838409020596e-06
1.248626550554733904e-06
1.580792733264955900e-06
1.336784967530927717e-06
1.455567632308058038e-06
1.207750336233967176e-06
9.250345910077983641e-07
1.219865704239572957e-06
1.294753658236135532e-06
1.330297216488173523e-06
1.255875868496616727e-06
1.145135154942086872e-06
9.027019747475307335e-07
9.648927697842828330e-07
1.215354451638874481e-06
1.263231398500523421e-06
1.063775073447912275e-06
1.021848153377210431e-06
1.066032982556335516e-06
1.307308673550739104e-06
1.138227989812482427e-06
1.096633106667010743e-06
1.051392639211383303e-06
1.233339180879328773e-06
1.177357775400270691e-06
1.464853385708322344e-06
1.363437155135516313e-06
1.195563859921742645e-06
1.285572049005528331e-06
1.012532549566219777e-06
9.565646508013937174e-07
1.280136670631550800e-06
1.172224204284243188e-06
1.323288736410541736e-06
1.108506608870383629e-06
1.125470128668650899e-06
1.363685416450656043e-06
1.246019521240779696e-06
1.008964235526726551e-06
1.081508956659125490e-06
1.216471612267796942e-06
1.108431864304577184e-06
1.354597011975462389e-06
1.069369655607949446e-06
1.611373659179152121e-06
1.391576835948994622e-06
1.083523485860372915e-06
1.241936289479866559e-06
8.569260566912419603e-07
1.241174802275068171e-06
1.217201505979899833e-06
1.426178134427413974e-06
9.394315234408864272e-07
1.077365854998559796e-06
1.081936080414955915e-06
1.292816749980758927e-06
1.414252356904175614e-06
1.135806491526898679e-06
1.071707628977971725e-06
1.035629371460548130e-06
1.697221721468905736e-06
1.306071823934852731e-06
1.185469327355115738e-06
1.089680181640892361e-06
1.084803132078121536e-06
1.466618904832860426e-06
1.162532390691668743e-06
1.139733058616599253e-06
1.255006798706816322e-06
1.361228392242054128e-06
1.565283067998155860e-06
1.113572919586081087e-06
1.161833292577966048e-06
1.267686666765646707e-06
1.413940533281713307e-06
1.310233515747255953e-06
1.103921043353561425e-06
1.173358687027309210e-06
1.178746403602461202e-06
1.122414787057114800e-06
1.068357069841588247e-06
1.717142476365278688e-06
1.234730000537673638e-06
1.295851447468166447e-06
1.079052466294085726e-06
1.167478152846862895e-06
1.184571362373810823e-06
1.367109492251654469e-06
1.276612639736521603e-06
1.272231254302041944e-06
1.106579339384692121e-06
1.126191302853629123e-06
1.272732485868414497e-06
1.227996515047710926e-06
1.175568434689410778e-06
9.538829058199912271e-07
1.051915770410663669e-06
1.313894756403212103e-06
1.204930787209777106e-06
1.264457810583794567e-06
1.076175607389304487e-06
9.999870771281935472e-07
1.222800041174032244e-06
1.197537788526701006e-06
1.661093408775449433e-06
1.100125366534452766e-06
1.197510883276652986e-06
1.420879277867733717e-06
1.315183226195656621e-06
1.228049685159928142e-06
1.276886114007334703e-06
1.233203489113223908e-06
1.118403815088848811e-06
1.107195014627997725e-06
1.078741210645884147e-06
1.253224153111000887e-06
1.240566914212663370e-06
9.783142836558489841e-07
1.019651413915498613e-06
1.119335511148954328e-06
1.251473177834777869e-06
1.296907525729320890e-06
1.410113270355366448e-06
1.100334012221260890e-06
1.100583672127657770e-06
1.162099933940654789e-06
1.623054659797650852e-06
1.371325835591768468e-06
1.061620927822454090e-06
1.111529254430106703e-06
1.203382598864415302e-06
1.429142310027826898e-06
1.009130757302117466e-06
1.286126867546053560e-06
1.276575695326719892e-06
1.260384908377995577e-06
1.083533678933441177e-06
9.229794421558396208e-07
1.182430228681917494e-06
1.334940809981129312e-06
1.256478230538876826e-06
9.970384300496509626e-07
1.101212303922640579e-06
1.129854106843227163e-06
1.125004969046580831e-06
1.323261524265561427e-06
1.645621145321832828e-06
1.168445155542679092e-06
1.129225604322252675e-06
1.569136587042710142e-06
1.487203775158942938e-06
1.132051333940684398e-06
1.105789758591660322e-06
1.100747469574235436e-06
1.176577796210689298e-06
9.076231853854459788e-07
1.276045646525909128e-06
1.520502987152096862e-06
1.313681011322276617e-06
1.065133650578657402e-06
1.118685491700964838e-06
1.104646948951568064e-06
1.310217140820507783e-06
1.444302555637741627e-06
1.135894069768492432e-06
1.073124537084460524e-06
1.296756653333580429e-06
1.044161796674365497e-06
1.182763723386866354e-06
1.109194085740805847e-06
1.228984500051333058e-06
1.508237362927081185e-06
1.120569546258074398e-06
1.171050241114218073e-06
8.605027889249377550e-07
1.381680427294798259e-06
1.264258042247840104e-06
1.282496653808723167e-06
1.461339017385969901e-06
1.574026705342062482e-06
1.113607790556786422e-06
1.185880115865653824e-06
8.496443871776079418e-07
1.218817273105049409e-06
1.714364040925068873e-06
1.227872477470092838e-06
1.027760512663525420e-06
1.125727316597774511e-06
1.327136474077086912e-06
1.116802117903390282e-06
1.224550418129917302e-06
1.095333559950005043e-06
9.996739885382244462e-07
1.169840898175907276e-06
1.209434723682566338e-06
1.028344449749077770e-06
1.070331226907194868e-06
1.303487211256389649e-06
1.225689555140042379e-06
8.460466090440445651e-07
1.241502422304991144e-06
1.252173381474894903e-06
1.181262370616915376e-06
1.076931744517244450e-06
9.595929231397127317e-07
1.323977977513292855e-06
1.181244017534457588e-06
1.221963615929513577e-06
9.209295099294010192e-07
1.000448161537691103e-06
1.170895770775680365e-06
1.289611437698061653e-06
1.407324750402675285e-06
9.996022827816006549e-07
9.301780662383495201e-07
1.055495061238468229e-06
1.245863757801272558e-06
1.360231664758326150e-06
8.005632799523134247e-07
1.161343533247552631e-06
1.076869734975585359e-06
9.606813247209194646e-07
9.579571690918392667e-07
1.179665972607244406e-06
1.319084445522455859e-06
9.225105546042553229e-07
9.518762001928118078e-07
1.314760326523277228e-06
1.158182397885666939e-06
1.267153453921393698e-06
1.160478573466493481e-06
1.012721372056812914e-06
1.577048842410309997e-06
1.442380623227903174e-06
1.067086171722917886e-06
1.055087469864192601e-06
1.111060597643461435e-06
1.223254292988836430e-06
1.360758213211739489e-06
1.147914216477832839e-06
1.077881277359689829e-06
1.061190130251028468e-06
9.320381510483193547e-07
1.007879920481796070e-06
1.281121749426337852e-06
1.218798434890574589e-06
1.223433768204876836e-06
8.987051487993793043e-07
1.110753375304006032e-06
1.201151627804410466e-06
1.182515809401739224e-06
1.293787009928974064e-06
1.413684629250813814e-06
1.186193126430211230e-06
1.095214910131656443e-06
1.356228853411755193e-06
1.407406897836697446e-06
1.160391476898730899e-06
1.218887637025258346e-06
1.056992844303825514e-06
1.205424352833942226e-06
1.479968380602585681e-06
1.181765707420456638e-06
9.908385058893021416e-07
1.071049507187643960e-06
1.008182134765787801e-06
1.128914609922089654e-06
1.125203088969221072e-06
1.225990271703487927e-06
1.788388195149298192e-06
1.105561788159238524e-06
1.109449638439155225e-06
9.352448756424451664e-07
1.499070589382404997e-06
1.305510081444037830e-06
1.220024363604795010e-06
1.028982986837319093e-06
1.105581716498230717e-06
1.183660438793428944e-06
1.202624462568283025e-06
1.102623246470905722e-06
1.061945428031525919e-06
1.034028846522547752e-06
1.243202139322346903e-06
1.256304517713718770e-06
9.294316750386344099e-07
8.579732942242268632e-07
1.364685726462063812e-06
1.010449040709629285e-06
1.187727360926550085e-06
1.042498844178306166e-06
1.325434168202541786e-06
1.441647294729150022e-06
1.098806109757435070e-06
1.065203033617300751e-06
1.542738135319039427e-06
1.176416094812511287e-06
1.131472395563866669e-06
9.884181896435063365e-07
1.134642571759302631e-06
1.136622637177500313e-06
1.588882952705822747e-06
1.087412619617094093e-06
8.525231081700777156e-07
1.091512020684802030e-06
1.175173011626485285e-06
9.562826909370165936e-07
1.275074434285591226e-06
1.184666728984563433e-06
8.936895122206119354e-07
9.795101382968711102e-07
9.084816969116133373e-07
9.629904296139117358e-07
1.144343428037158683e-06
1.188361275414444275e-06
1.207785894961550715e-06
1.658926278633493762e-06
1.142288587556512984e-06
1.057325670150387492e-06
1.224437845405090584e-06
1.388991048873875728e-06
1.410312910719496575e-06
1.010330394064256999e-06
1.093087557679159310e-06
1.047040254686366261e-06
1.372994629268463623e-06
1.299020604163416123e-06
1.317965871256560026e-06
1.293934052335004364e-06
1.003835964854107411e-06
1.033340470333853984e-06
1.074291146245991597e-06
1.379663000997541104e-06
1.268730201961846140e-06
9.700770105614577693e-07
1.114213508698409306e-06
1.167579392227210283e-06
1.183544398341407946e-06
1.112964142985785968e-06
1.208357818740486395e-06
1.455493305477789729e-06
1.477902526382198547e-06
1.127579464117912337e-06
8.972790020098480596e-07
1.452685247952210124e-06
1.304274756432632943e-06
1.252511472794814613e-06
1.054220780502811248e-06
1.109675807156223320e-06
9.876239527586555822e-07
1.172068984678224264e-06
1.016390368401457958e-06
1.164830356476614060e-06
1.332650188421971809e-06
1.318823737205466903e-06
1.131580224229497797e-06
1.227656593878893773e-06
1.268142717070969749e-06
1.288276082114823648e-06
1.137606246155492718e-06
1.125681440003159739e-06
1.040665761115968170e-06
1.198788061191921424e-06
1.606084726255018575e-06
1.171069186435893877e-06
1.036093464342419132e-06
9.736838375943950110e-07
1.218321972476172833e-06
1.041158585022701214e-06
1.321997110302713592e-06
1.233423084132862630e-06
1.236201963320481419e-06
1.004366686709031304e-06
1.497236330307332677e-06
1.368045438275424561e-06
1.005775479232203133e-06
1.109470848536850806e-06
1.410334105455225805e-06
1.204915355774959765e-06
1.334423429071936025e-06
1.123201203098356958e-06
1.022217795034500498e-06
9.064783712949163531e-07
1.306496485749526922e-06
1.223548181036108790e-06
8.818194824252554501e-07
1.011631298703625832e-06
1.114853982391275911e-06
1.137546248096137141e-06
1.308499126235912920e-06
1.289424427574859536e-06
1.244298826339704332e-06
1.618344543868767111e-06
1.152603905118548046e-06
9.910186198320531788e-07
9.806841676490066421e-07
1.480170795791029535e-06
1.200654649636404359e-06
1.153184875980469551e-06
1.127137926889968320e-06
1.028646932057662381e-06
1.281967927428572607e-06
1.233309272213795010e-06
1.310841028945157877e-06
1.062844324178355567e-06
8.825478326637585180e-07
1.127287179494960277e-06
1.410813357174258573e-06
1.170487098479029163e-06
1.019692817694254298e-06
1.135501639128269044e-06
1.163269153547566736e-06
1.247294391399226521e-06
1.299350707968026967e-06
1.501097246786418294e-06
1.271112407063507990e-06
9.515796915774823331e-07
8.895914674357554527e-07
1.162155981280817420e-06
1.282781245985258844e-06
1.200620617448464057e-06
1.410815172975750919e-06
1.118398416399312223e-06
1.000857581036545650e-06
1.200535644765015703e-06
1.237392663063359510e-06
1.157613014028886287e-06
1.129135617883526350e-06
9.202118279846835463e-07
1.002614684841835818e-06
1.269039572326593057e-06
1.269918796993527830e-06
9.471780001009155447e-07
1.108969107246081653e-06
1.202533119075106511e-06
1.192709762241838575e-06
1.032424492637472727e-06
1.266423963277964724e-06
1.550776693467067614e-06
1.096684638236089033e-06
9.616030053164492092e-07
1.044596022435923911e-06
1.401980019561389007e-06
1.222382661964083619e-06
1.181778975043390665e-06
9.969715015873097808e-07
1.044706808883073621e-06
1.267013219617865528e-06
1.303047885091892714e-06
1.330705956934874953e-06
1.032243764257741094e-06
1.047027941308239652e-06
1.060828485934873189e-06
1.473432492887605262e-06
1.243152620922486311e-06
9.634685364024289208e-07
1.127249248646991622e-06
1.172598138404288641e-06
1.215142176401730488e-06
1.058098695618236546e-06
9.775225103846174189e-07
1.222732977831852043e-06
1.319994649327964625e-06
9.794299360306656191e-07
8.384294772572473798e-07
1.119934207506970565e-06
1.225589683533691657e-06
1.231428751372402672e-06
1.251213767920928153e-06
1.166295659529011447e-06
9.088531773565111638e-07
1.187725430252301893e-06
1.407344901679606289e-06
1.488482560292903855e-06
1.002124324351218233e-06
1.203490936454384835e-06
1.553493583031134546e-06
1.325687905037431582e-06
1.121968289363560591e-06
1.196725813721809345e-06
9.874881531928780647e-07
1.008349121845766779e-06
9.808913130322102698e-07
1.037008592120989360e-06
1.470057672788877460e-06
1.224104795075597041e-06
1.108298891176029267e-06
1.180615243747066855e-06
1.243333400686143541e-06
1.423734660574943062e-06
1.514104795512266431e-06
1.056014924518108943e-06
1.321459422029394952e-06
1.229729832406630938e-06
1.085623093528649408e-06
1.160409432986261292e-06
1.006970107595840391e-06
1.132256095251441967e-06
1.349182562417833086e-06
1.137627178340940115e-06
9.714160066871221960e-07
9.033624149633608846e-07
1.049338158925783281e-06
1.121563126691696266e-06
1.494342397560216989e-06
1.212418718868385333e-06
1.211457144029110550e-06
1.107394221014643377e-06
1.346391681674832563e-06
1.266369597753481332e-06
1.156307658610169802e-06
1.496409098756225034e-06
1.113102853265631922e-06
1.011450835531989239e-06
9.822803796672179941e-07
1.448935865756821171e-06
1.216777255051938911e-06
1.172988367787966881e-06
1.065175085188102643e-06
1.009899955198509800e-06
1.247523227095918219e-06
1.231343847272603041e-06
9.811285433527249608e-07
1.362455168306309223e-06
1.246172348594858416e-06
1.103539583397620787e-06
1.363618976527666343e-06
1.313557230354318621e-06
1.145217424085239844e-06
1.034203158082679525e-06
1.128615603019872917e-06
1.102381186848585734e-06
1.253473435973400132e-06
9.981193702707273846e-07
9.659311322104978497e-07
1.196564921695222858e-06
1.298281549969054829e-06
1.196740283858333454e-06
1.365880643650811944e-06
1.088030190019499582e-06
8.650437087365870769e-07
1.185977506821129927e-06
9.678961549290675618e-07
1.392526878422003772e-06
1.145583770566886629e-06
1.156292356405049736e-06
1.128544488008881240e-06
1.037218770319170383e-06
1.261154693920545631e-06
1.220823530557108858e-06
1.473355647988536675e-06
9.602930796204001008e-07
1.074256060315503984e-06
1.140104916542832013e-06
1.496266149155122964e-06
1.179162735184046390e-06
1.061661930576129475e-06
1.121492064235777327e-06
1.163999955408576867e-06
1.262233763141577255e-06
1.427928822565688271e-06
1.493748321870127343e-06
1.044010972313037617e-06
1.126049228481198101e-06
9.087494719817323299e-07
1.010147322311263011e-06
1.211941443745954473e-06
1.179761126308384929e-06
1.181353045821999373e-06
1.295026660471767101e-06
1.098286140599215509e-06
1.000385240679293760e-06
1.167755737786323254e-06
1.366255626478526309e-06
1.318254793379976821e-06
1.041967457165846238e-06
1.076428309200369103e-06
1.121183461060608589e-06
1.402259900819398199e-06
1.308464039495962294e-06
1.157599392797456169e-06
1.030550982244269044e-06
1.331001732254699184e-06
1.400052569773529064e-06
1.306879212819994081e-06
9.935387155605755486e-07
1.247972194906867449e-06
1.010579695974218801e-06
1.170205156267191142e-06
1.196680008504812388e-06
1.222103843070712199e-06
1.441579931130126320e-06
1.492268503031761489e-06
1.175008270427255815e-06
1.094849004113667560e-06
1.477218204968185114e-06
1.398376467350999337e-06
1.252311873191619856e-06
1.210557615951079072e-06
1.032494326174932022e-06
8.585696037705230887e-07
1.277964939715616698e-06
1.262996985954157193e-06
1.175415421106352966e-06
9.629252455807197704e-07
9.829824172991542603e-07
1.205430875759654311e-06
9.229694732382328931e-07
1.594875305106840567e-06
1.038877634173415903e-06
1.149710006618223366e-06
1.090166323753561250e-06
1.273128774776177495e-06
1.463429642051426117e-06
1.235726145704101597e-06
1.084760528837603714e-06
1.121344307194721718e-06
1.252850252066342863e-06
1.174188764054028868e-06
1.094048247242600639e-06
9.878015003010613765e-07
1.286541034319385284e-06
1.393888509859452397e-06
9.525292647917571095e-07
9.237522669675790873e-07
1.174345612638118830e-06
1.126729230867315672e-06
1.269770743960647133e-06
1.393878559983920829e-06
1.218619225407076660e-06
1.477998877364902987e-06
1.024795357796689448e-06
1.335302165460442734e-06
1.111039040770475978e-06
1.077731462582620667e-06
1.052853405531974779e-06
1.217079372546123740e-06
1.109045410852516924e-06
1.162767386826810429e-06
1.373765630065213836e-06
1.310251773300664134e-06
1.023014870953397558e-06
1.258522792497366298e-06
1.098161670988208780e-06
1.313120664121813894e-06
1.459715405866152445e-06
1.386226556723536543e-06
1.322816140091527161e-06
1.257661570440075734e-06
1.089123200545677645e-06
1.023872509444468646e-06
1.150297282524448189e-06
1.263334068596407714e-06
1.429759489451928459e-06
1.030497766982167808e-06
1.188318256531835963e-06
1.330585962297006090e-06
9.594480200597285244e-07
1.081117341690836497e-06
1.060327835064574934e-06
1.241909078830584228e-06
1.420120462331899771e-06
1.168386512574860610e-06
1.194851642825695456e-06
9.349117012858340489e-07
1.459888955824483712e-06
1.304360195694445554e-06
1.092059460141109759e-06
1.295989207527299273e-06
1.197044222094023033e-06
1.091291365004950009e-06
1.192481216826651070e-06
1.079581187137940852e-06
1.360721596842884541e-06
1.598445485925072372e-06
1.112276990914047750e-06
1.193677044415982807e-06
1.009526471573523915e-06
1.311402451930949720e-06
1.200043484099375947e-06
1.048528288871122263e-06
1.125418458311050926e-06
1.542930829421387671e-06
1.352215735832449113e-06
1.229805683803203263e-06
1.420927325076441272e-06
1.125100062836877071e-06
1.195396658650800583e-06
1.394219738726030217e-06
1.497021702914780099e-06
1.243718499572942751e-06
1.129478770466721518e-06
1.125165080872699319e-06
1.081213357673231084e-06
1.176313088429151262e-06
1.478668437887743773e-06
1.147072773382635501e-06
9.073460281568887921e-07
1.014924846849599180e-06
1.240265153873606404e-06
1.202396066118478141e-06
1.235121498259088631e-06
1.053172966902435797e-06
9.768278125689100993e-07
1.296292440957133552e-06
1.255260462668038594e-06
1.317875152604476363e-06
1.477877453484132608e-06
1.214205237302251424e-06
1.015216743306032685e-06
1.047797481903911865e-06
1.600660739178008389e-06
1.114289497017528694e-06
1.271102802154989870e-06
1.045254921541317610e-06
9.994497625968518166e-07
9.941918257675772732e-07
1.300764978664171995e-06
1.163112805189191904e-06
1.016747347489881141e-06
9.790719695659217047e-07
1.128388583849231054e-06
1.188920849720866428e-06
1.174377061892218387e-06
1.455555447599996152e-06
1.087318972253251576e-06
1.094308127342862200e-06
1.170246688193576665e-06
1.296036032185803886e-06
