7.569947957868592841e-07
7.666268028860537661e-07
6.007944002088382444e-07
8.790007217875981717e-07
6.847084850648214776e-07
6.795398152516935368e-07
6.439811284961427087e-07
8.369114791133052807e-07
8.179056552305242627e-07
7.240628475322821653e-07
6.784735137397706221e-07
6.775884305927420532e-07
8.704447357480116474e-07
7.435754042909047796e-07
7.646508619042431484e-07
7.072163152988662341e-07
6.051831316270028503e-07
6.233565790879408361e-07
7.803129831661150709e-07
7.299230758993228833e-07
6.610793970105545837e-07
6.269033458003453841e-07
7.494280506568556029e-07
7.243243074507665525e-07
8.078609025461840750e-07
8.324903280868121261e-07
7.638908716409676482e-07
8.616225549172147180e-07
7.011337242237964691e-07
6.154371978453420648e-07
6.688267153076433021e-07
7.909121167676471458e-07
7.265611553002464684e-07
7.239863666329330476e-07
7.346229318421078619e-07
6.252294903733955196e-07
7.399381011385205262e-07
7.159503388835080493e-07
9.242125560215493614e-07
5.650807884696932967e-07
7.113653018255648948e-07
6.877210496204615999e-07
8.125151831536036766e-07
7.329809355424498453e-07
6.464697698565666210e-07
7.049900102361988414e-07
7.680190187877312730e-07
7.425369636503238640e-07
7.547747082555983396e-07
7.241079305723961184e-07
6.312933972255598689e-07
6.697772464856067101e-07
7.223283865712159431e-07
7.815551103896477171e-07
7.975197907661429847e-07
6.905393093051393538e-07
6.674950093251620406e-07
7.487301195448651830e-07
8.562941418536370380e-07
6.242414242140982851e-07
7.197877173578185787e-07
7.352757397924301912e-07
8.117190938809601214e-07
7.382228626322120590e-07
7.445111720459880696e-07
6.723555087553627842e-07
8.244061433474814425e-07
7.786582567135238645e-07
7.212958847788115158e-07
8.193240921536324814e-07
6.563488725052202216e-07
7.579774022556334458e-07
6.891722822146888013e-07
7.312561729038792693e-07
8.355516230577393231e-07
7.351247681840545606e-07
7.048601241445426782e-07
7.503802682384079507e-07
7.154911954297287227e-07
7.714186890786434794e-07
8.005320557556165183e-07
7.413899435077967302e-07
6.449090486309546936e-07
7.037240127454183215e-07
8.183614608064805362e-07
7.695940905073955636e-07
7.324105713469627858e-07
7.463662456014606422e-07
7.715856450217455268e-07
7.878826712119637872e-07
7.180894470339711024e-07
7.890116497872240520e-07
8.914952203687152226e-07
7.603106418526366056e-07
6.837100453399949258e-07
7.803084426611891444e-07
6.574248480472255579e-07
7.331909834718846309e-07
8.311587137522241551e-07
7.086982693036490898e-07
6.252763066705901528e-07
7.689342990827766864e-07
7.698360298305292099e-07
6.197845303518240052e-07
6.537986950115824565e-07
7.694357601476929113e-07
7.499314204081109115e-07
8.221609618636055605e-07
8.544762535354120396e-07
7.503361920883216454e-07
7.588070888329450173e-07
6.728227361584343737e-07
6.892074970283160880e-07
9.077794746391696765e-07
7.414058458040473308e-07
6.955965629321426897e-07
6.741179025772697521e-07
6.779781980080383573e-07
7.752520764818370448e-07
7.569383651123891476e-07
7.049700576927149136e-07
6.828021159786821916e-07
6.955145577421759055e-07
7.309238607771441621e-07
7.628884441405169867e-07
8.364785616985365352e-07
7.043695621692886396e-07
7.160946179335284260e-07
7.690463096464123721e-07
8.758869028343595098e-07
8.098652148392140803e-07
7.561564130592302884e-07
7.329769843154582118e-07
6.543046981382131432e-07
6.704542907136519090e-07
7.834714995045279208e-07
8.014210022179471037e-07
8.419446802589033662e-07
6.769613635299098098e-07
6.365478517274492648e-07
6.667742127151771948e-07
8.428168817561604345e-07
7.365611016736819333e-07
7.058930407769601808e-07
7.185296300951345026e-07
6.799455724902047294e-07
7.789243427159907734e-07
7.880771282834828272e-07
8.517205963990973583e-07
6.805887033052878152e-07
7.227479546665550809e-07
8.138209479510876741e-07
8.380807119386285319e-07
6.847368372675754746e-07
7.538061207923554407e-07
7.248305130411689453e-07
8.495796214363801146e-07
6.557111466730966518e-07
7.470804190949833379e-07
8.648751592936374855e-07
8.280355764869955987e-07
6.510112973631218572e-07
6.960914520780312239e-07
8.265342754081382461e-07
8.013961081388528732e-07
7.313075577490043228e-07
7.198943333208998790e-07
6.178224999294100995e-07
8.198035440420708694e-07
7.939663839426668484e-07
7.537923519311161943e-07
6.689513908490783509e-07
8.078966392612634071e-07
7.252747533091602148e-07
7.038649449211474222e-07
7.519593442805726435e-07
8.812930393410654244e-07
9.488767973903936062e-07
6.632700438583973036e-07
7.333370171195077259e-07
8.102365223182886352e-07
8.273933041087741384e-07
7.723765267895255340e-07
6.961673323367166427e-07
7.033066029463797721e-07
6.292588123886436406e-07
7.337558131873451386e-07
8.137421464231528139e-07
7.220085106748618403e-07
6.946944412811349452e-07
5.826649806602661696e-07
7.525110693562954291e-07
7.485038926060644042e-07
7.339620429590997852e-07
6.535857114022079014e-07
7.183140660128329300e-07
7.343460897377756583e-07
6.505119199456537271e-07
7.882170340484023089e-07
8.838593272877202262e-07
7.417787515508971375e-07
6.730545111313294015e-07
8.255404079984221003e-07
7.953703840139707210e-07
7.207516232461179197e-07
7.168296580256325644e-07
6.607804456183503481e-07
6.320747770113433978e-07
7.489259406455902082e-07
7.646296847167435605e-07
6.368858946610721201e-07
6.960268077501703135e-07
7.394908208430590091e-07
7.439661829840675567e-07
7.452007050855220503e-07
7.274281596434688956e-07
6.223680816215060915e-07
6.808577130718221857e-07
6.947018295110455341e-07
6.054998516663383247e-07
6.691913542716702142e-07
6.790826786025077075e-07
7.526145312438637360e-07
7.419629705222701210e-07
8.721567442751067624e-07
6.382469619260273211e-07
6.588173478609785810e-07
7.199517363689450349e-07
7.681805892339687175e-07
7.773728362237666191e-07
5.580217983150028452e-07
6.933617575950945152e-07
7.042860305356613203e-07
7.525363099203238416e-07
7.569890515161766927e-07
7.377334953848394684e-07
6.936569106271977152e-07
7.179561392879743423e-07
6.761630129589426838e-07
6.890570726934516038e-07
7.104667691569846007e-07
7.860225462681776367e-07
7.235254150799816273e-07
8.841472474319638325e-07
6.522059360249650420e-07
6.619934925947313480e-07
7.447111528083653103e-07
8.183147251850471727e-07
7.904542468553234254e-07
7.529045377632024859e-07
8.908051034260034597e-07
7.956521201613046350e-07
6.867533720311824407e-07
7.297874504229308429e-07
8.275703563348944464e-07
7.270819708961369517e-07
7.237886613233110049e-07
7.055424656717610236e-07
5.982371971111554838e-07
6.757489370897767123e-07
6.469253464435902433e-07
7.349568278284676154e-07
8.877284083118513966e-07
7.752409527457795928e-07
7.009492306241250034e-07
6.984127552819541400e-07
7.299213081684842705e-07
7.923930888733475563e-07
9.109678965883050940e-07
7.111285575540201061e-07
6.978782292788104577e-07
6.879745867404948885e-07
7.611648897781067210e-07
8.302334517185018536e-07
7.766663430915062411e-07
5.494038119766831355e-07
7.092743148480498399e-07
8.768589423841512048e-07
7.487865065250811253e-07
6.788762888859361476e-07
6.009441254033441866e-07
6.249185497803369286e-07
7.160985029994449644e-07
6.729380485310960131e-07
9.405366594019920235e-07
8.119707144817282638e-07
7.202829246399189994e-07
7.189045117384278293e-07
7.236611566444334336e-07
6.502960561552512195e-07
7.246165101306404114e-07
8.185547882306695032e-07
7.020308774285494362e-07
6.426605436154694091e-07
6.684515522505007283e-07
7.983118473491211822e-07
7.232821005240472108e-07
6.983926348803491037e-07
6.786709597041925532e-07
7.340690427362689109e-07
7.011716397718338793e-07
8.971167600564222164e-07
6.075414038496979841e-07
6.906141839532934370e-07
7.493286617080136255e-07
6.107446754632273828e-07
6.934351309327817555e-07
7.561771003302240540e-07
7.484594568756216908e-07
7.300472807249705057e-07
6.357169026297793883e-07
5.833971805743058453e-07
7.360768162308720664e-07
7.474574972677254330e-07
6.947090970013904691e-07
6.926347640774110281e-07
7.921898030837133003e-07
7.384802730218678664e-07
7.808329722471619565e-07
7.387539427055343202e-07
7.418306483971997299e-07
7.702042354383238385e-07
8.767019854433559006e-07
6.162475478143865221e-07
7.805831590981916494e-07
7.618369504998159824e-07
6.162262754314684654e-07
7.188059535498534489e-07
7.510488747356620216e-07
7.863115621366812661e-07
6.302486522439162688e-07
7.179216843238051645e-07
8.111678174197438940e-07
7.428171180664341223e-07
6.827783230064442083e-07
6.022778953815877120e-07
9.047524519616578882e-07
7.566098779284824979e-07
7.328051722745410781e-07
6.275850636682286941e-07
7.450265447286487689e-07
7.639736855730442102e-07
8.596991682763486828e-07
8.029753830546063497e-07
8.427676661390279902e-07
7.174040183145851468e-07
6.165441776894733827e-07
7.160803806392902745e-07
8.114124492970792577e-07
8.053977292241335664e-07
6.821001801167243341e-07
7.461045542700191148e-07
6.529691296142888009e-07
6.868674650304196777e-07
7.671468238289367768e-07
7.307172855824421613e-07
6.603513014128070273e-07
6.938172697870205517e-07
7.538232445457977743e-07
7.201246657357555824e-07
8.561780651502338957e-07
6.554006204626584268e-07
6.880815690047004821e-07
7.320655387254204868e-07
7.839138804765560645e-07
7.851417033409901446e-07
7.807612776789110269e-07
7.279103844187140362e-07
7.156716936650836023e-07
6.441750024306187027e-07
6.834833552582263291e-07
7.760896033297866125e-07
7.835272429754251723e-07
7.986071268137081095e-07
6.899006878255284823e-07
6.468615211132138631e-07
7.081161786597105223e-07
7.845854176908905874e-07
7.529985331647256787e-07
5.954007890056379054e-07
6.985086668464392343e-07
7.127026835093513656e-07
7.183208500320397647e-07
7.809272435873955876e-07
7.705572923381630377e-07
7.260091763080941025e-07
8.139337242177319292e-07
7.970259918799136015e-07
7.154060040767518078e-07
7.449437713304700300e-07
7.506135187979710775e-07
6.193741559919667475e-07
7.058182696678227694e-07
7.947067963870247837e-07
8.245710258684649359e-07
7.446754964278503065e-07
7.031985828121829826e-07
7.851885945364491931e-07
7.764796132755774588e-07
7.193456968370924834e-07
7.203932301546383827e-07
6.626798206800123281e-07
8.428539527789097361e-07
7.633072355746062396e-07
7.228118269331007111e-07
6.618879243939687810e-07
7.007341865108209466e-07
8.058628833774921115e-07
6.917123232000192078e-07
7.489526572285473261e-07
7.065039123735774589e-07
7.702344550231985347e-07
7.767461288630065596e-07
7.169519569305248517e-07
7.066901924544592676e-07
7.779487322105634513e-07
7.874165483875842416e-07
7.794030276136452739e-07
6.733811576281582839e-07
7.517231423798233640e-07
6.203764157814762161e-07
6.937054813228120927e-07
7.752298688876457799e-07
7.743811833162469304e-07
6.106921541155361968e-07
7.413459562940405516e-07
7.383721243993223430e-07
8.050950579228956454e-07
9.286145989810892569e-07
7.714266173359825305e-07
7.127014604299014856e-07
6.679314174294128068e-07
6.237102979307093567e-07
6.745106194232474794e-07
8.452055613681216046e-07
6.694197865103437956e-07
6.645450845728256310e-07
6.545827457679799253e-07
8.057917386873838292e-07
7.908368514246497689e-07
7.990215947566090857e-07
6.041899437596778215e-07
6.649091189944497338e-07
7.307317203309671375e-07
7.448513110607457557e-07
7.704924981310502591e-07
6.380755024356295169e-07
7.374724154711909002e-07
8.055740418924590339e-07
9.184233810380789719e-07
7.807402240174603207e-07
6.933434558266409198e-07
6.210408492423056500e-07
6.498564579536874541e-07
7.189285571775238645e-07
7.515556076617104371e-07
6.491828628145202752e-07
6.315647759530313208e-07
7.078029077415803980e-07
7.559175122460698834e-07
7.615977111394947843e-07
6.945488632654807593e-07
6.883645808557293239e-07
7.612255891090718846e-07
7.705403423493959949e-07
8.903917184493893127e-07
6.112061197450990258e-07
7.046962020309149994e-07
7.789639544514856917e-07
6.556159255979008425e-07
7.811874505482083363e-07
7.810129480986352698e-07
8.295898120634222921e-07
6.831783691664419410e-07
6.772590619064584489e-07
8.775530412932574041e-07
7.155466982054852808e-07
6.689819906319107899e-07
7.303972316831016215e-07
8.102928882384066667e-07
7.876208786151382125e-07
7.651072447235290932e-07
7.297585969799789310e-07
6.446575076815571858e-07
7.861349896205630762e-07
7.976780014951234028e-07
7.620500963694004935e-07
7.251550535324354520e-07
6.925529274114975733e-07
6.370743415369234886e-07
7.161393520646142516e-07
7.069017178679729170e-07
7.424485176204389298e-07
8.265484632130662503e-07
6.320659777196458485e-07
7.012967855608020358e-07
8.091995528420073777e-07
7.899211741770204551e-07
7.024583625359316082e-07
7.022320473086591464e-07
6.556646453495228495e-07
8.019683101598114378e-07
8.234678235255586308e-07
6.874889624842641585e-07
6.589592942413663785e-07
6.639210624889682642e-07
7.838246998530021333e-07
7.345711732938063605e-07
7.816376209740942940e-07
7.024359561979891108e-07
6.760456685140925960e-07
7.339881916760983359e-07
6.926776317234184564e-07
8.024389386497294764e-07
7.807095153291511751e-07
7.274268133040360999e-07
6.989505348718055112e-07
6.799775990462798723e-07
5.635159316267045001e-07
7.600134434193283025e-07
7.629006591237484336e-07
7.151722527293344179e-07
6.604828707924841088e-07
5.851858904360195083e-07
8.729146608411863709e-07
7.239586889658366610e-07
7.170449265051914096e-07
6.630032492464870916e-07
6.940990054637890177e-07
7.577114634547760524e-07
8.316171400771249237e-07
6.233803700241157490e-07
7.217450030890662485e-07
6.174911095408621469e-07
7.400443872757292158e-07
7.310568082916974985e-07
7.434001380325111600e-07
7.254633330333330290e-07
6.249099068382593587e-07
6.430432717975958429e-07
7.976818905922604255e-07
7.654710210932883269e-07
7.239134642302453604e-07
6.968668280360267470e-07
8.029101572162434565e-07
8.378338247441390180e-07
7.123034447430954848e-07
6.728643076380974058e-07
7.732315773225274344e-07
7.978838496707224912e-07
7.757804198280457114e-07
6.767449909079339340e-07
7.441324772241129194e-07
7.152346717763247903e-07
6.132932835197045877e-07
7.348120391557850141e-07
7.373212178325568447e-07
8.955658540061692191e-07
5.907632517889188816e-07
6.948060955937217972e-07
6.788560259910367131e-07
7.847006362087383093e-07
7.217022433722875976e-07
5.783379042269966733e-07
7.366750952946545434e-07
7.196812795771957031e-07
8.377569242490984842e-07
8.282457318122134816e-07
7.141075198327704278e-07
6.507022273301980086e-07
8.406156941161611618e-07
7.777835941945884369e-07
8.109040525502581424e-07
7.215607529104077791e-07
7.300984584789628511e-07
7.681527550324451149e-07
8.067828634324210512e-07
7.011334175320988311e-07
7.001696646292834886e-07
7.892429730174670137e-07
6.842816284538061731e-07
8.032766055999499923e-07
7.903884405393404780e-07
8.238864224388652850e-07
6.415939523160713028e-07
7.417167486796916452e-07
6.474792962230518451e-07
7.815827995130156989e-07
8.185178321715270011e-07
7.002067814889128344e-07
6.565261887945248512e-07
6.823822054172153471e-07
7.148672748084838486e-07
6.779708498608099759e-07
8.421125392657501419e-07
7.719393778855604318e-07
6.952837018243226123e-07
7.240789392615377529e-07
6.837194268464762013e-07
7.670068405243223502e-07
8.455890895089765072e-07
7.082416500209313994e-07
5.797181755468487088e-07
6.873318658670903070e-07
7.767505710654928758e-07
7.239654530211587905e-07
7.810231579503572609e-07
6.758171756309237094e-07
6.318187315248635470e-07
6.663931458454970650e-07
7.313978492174239647e-07
7.450460596847393853e-07
6.913852624940725885e-07
6.844403153494008633e-07
7.346535338696686672e-07
7.228752227796992318e-07
6.891297372857228242e-07
7.457587244454580208e-07
8.098460870288179228e-07
6.994932050628956421e-07
6.380379948097145188e-07
6.578181556933043829e-07
7.790593203987427825e-07
7.354921289066904508e-07
6.642864624695293730e-07
6.503102684114047732e-07
7.822843617146418348e-07
7.815474900091852859e-07
7.919212734859003166e-07
6.589563724898235767e-07
6.593991841314789883e-07
7.555403942550543269e-07
7.773250628803126804e-07
7.748669735542749952e-07
6.110262133817948732e-07
7.367563972100473301e-07
7.659651609656140542e-07
7.002414525449739062e-07
6.800431722839021095e-07
6.517676250233350493e-07
7.519659192758934497e-07
7.043548191918009642e-07
7.022569490367406232e-07
6.638810420020012816e-07
7.267666227291206843e-07
7.252047585302295589e-07
7.884849707475058940e-07
7.246511823972392551e-07
7.050549115701538157e-07
5.896931551076116100e-07
8.009846361691766185e-07
7.829633515092897800e-07
6.624076171652482913e-07
7.260953844138334125e-07
7.080396819340548757e-07
7.622831689238868121e-07
8.136232147153660840e-07
7.240877253705136253e-07
7.226646487198793918e-07
8.763392674252710085e-07
6.600064476347943577e-07
6.469828837565858854e-07
7.293767760783569948e-07
8.314545228871752046e-07
7.304330470905547556e-07
6.411874085138896552e-07
7.051823899825742092e-07
7.187330326166449269e-07
7.312396370909669796e-07
7.017581515336939880e-07
7.508251415915905845e-07
6.409577358627489879e-07
6.853784973601274536e-07
7.488243693850620489e-07
7.388962460902165992e-07
6.629874051067562139e-07
6.076430272774994573e-07
7.108240026370852105e-07
8.706600209555177594e-07
7.241800114120170522e-07
7.662228514144048943e-07
7.226402034586033439e-07
7.219345462522183337e-07
6.747964761184020860e-07
7.261916845157228264e-07
8.089683075230439270e-07
6.239538744204381932e-07
7.063203209248146433e-07
7.596832422402581343e-07
7.740780967397248666e-07
8.424231513743530840e-07
6.535385733061496026e-07
6.845801346489762254e-07
7.209174141102557532e-07
7.834399241878178780e-07
8.431699540708422267e-07
6.382379811512542610e-07
7.112945796188460820e-07
6.926523303815070607e-07
8.687633508732118580e-07
5.993360232022305371e-07
7.742706419160882148e-07
7.651664595595016657e-07
7.999738302132937016e-07
6.651817676168896837e-07
6.740931380300161187e-07
7.249716870400445855e-07
8.075603261734756078e-07
7.490206547148993111e-07
6.040403998928231969e-07
7.226459315381427283e-07
6.964118023029784433e-07
7.534924448031201958e-07
7.703297707546995295e-07
7.437571623077625519e-07
7.016932018302067403e-07
7.009385420712981318e-07
7.663754368899763780e-07
8.269854613049076888e-07
7.765275060926720069e-07
7.180444851244392578e-07
7.192918360540948794e-07
7.027987799240070510e-07
7.228620218150219588e-07
8.051706217203450672e-07
7.865737522815531031e-07
6.534156629560312884e-07
6.734742977084437769e-07
8.425126098335762204e-07
8.151468932303554762e-07
7.008407917956303078e-07
7.127331327029743310e-07
6.306825339632457719e-07
8.426343446921154425e-07
7.771609247284893849e-07
7.205016513742811813e-07
6.529430400948720164e-07
6.853306232552530013e-07
8.187292252354412988e-07
6.962073377966436322e-07
7.738701440476830051e-07
6.890549933940435382e-07
6.330737861441402446e-07
6.494086839540792011e-07
6.930648617256215652e-07
6.714165969281497984e-07
7.960369167219480543e-07
7.663037747257658920e-07
7.331715869729303950e-07
6.971446433094864783e-07
6.513523145503951756e-07
7.398056063127874571e-07
8.000301802731642764e-07
6.991337750462416692e-07
7.419652296585093773e-07
7.326467080429977304e-07
7.007465827047683777e-07
5.477869514415856595e-07
7.871615920284209931e-07
7.376130916468139343e-07
6.336912593284083515e-07
6.772393154830637879e-07
6.929761579156884464e-07
7.381006621789064257e-07
7.014604590689970870e-07
6.972068052588366306e-07
8.872183511034895592e-07
6.598400157842378546e-07
6.395015672452578031e-07
7.493724815755343166e-07
7.213344489707284537e-07
7.283838652315584849e-07
6.722132311761629772e-07
6.699462827835378749e-07
7.402296321352960897e-07
7.554383696895864165e-07
7.948184196190071268e-07
6.569644842881373561e-07
6.486115408510521818e-07
7.235054091073184065e-07
8.017287630464093910e-07
7.508187848802884455e-07
6.758113509322613376e-07
6.699902651632264132e-07
7.418012434012270078e-07
7.217829621546577803e-07
6.897532741753447772e-07
6.760659336376934747e-07
7.495285930188706702e-07
6.794117168543532688e-07
6.431237671454160330e-07
6.609064777111100851e-07
7.845439878255765106e-07
7.278148005978913862e-07
7.074122040502178379e-07
5.908010900369317545e-07
7.569565241377211651e-07
7.405057147757287825e-07
9.005792876422116349e-07
6.296111259615050982e-07
7.252291768604481675e-07
6.838522765828886045e-07
7.828985947512004182e-07
7.649625116023072800e-07
6.999311404933524881e-07
7.180273447267376773e-07
6.547208694234971553e-07
5.794624589184700100e-07
6.942398186278570077e-07
8.050758081715592646e-07
7.331954648207081005e-07
6.567489112115716462e-07
6.711050162258514935e-07
7.201618974013605903e-07
7.307232443652152849e-07
7.929586580951532762e-07
8.511051703869533483e-07
6.926629610672964012e-07
7.598274186848363545e-07
7.711532890269835972e-07
7.668322109665287172e-07
7.619872502268444093e-07
7.148753799456878001e-07
6.506102520834594151e-07
8.065077137323661292e-07
8.040571483163088293e-07
7.231028333726278091e-07
6.268833002733347450e-07
7.052922811866563099e-07
7.400045145304319090e-07
7.324921564204258644e-07
8.599050277401508773e-07
8.102522862640451837e-07
6.850794549515548232e-07
6.664187744449580613e-07
6.805127105736181571e-07
7.676142987800815073e-07
8.660502731323035689e-07
7.595717699111108603e-07
7.417382680312856255e-07
7.785425585151427242e-07
7.608235982889101616e-07
7.766477797503341833e-07
6.841401572530548227e-07
6.165717426986007341e-07
6.455323348800589540e-07
7.849647384395091877e-07
7.420668292872564128e-07
6.713243187498485678e-07
7.834918908263153785e-07
6.804156828618570900e-07
7.249219543451624880e-07
7.592142198424074973e-07
7.698435427987779047e-07
6.921348715883304293e-07
6.254418529874932070e-07
6.461028027127470388e-07
7.683225699681152901e-07
7.518703385197744928e-07
7.463398424093336025e-07
6.194922724664990349e-07
6.878207342155136003e-07
7.650655635551409528e-07
7.336485294595216399e-07
8.075769993272738394e-07
6.727492217485981553e-07
6.303387507667596185e-07
7.232703767165378120e-07
8.567361044430689417e-07
7.629612467271526563e-07
6.780447872803949603e-07
7.457400908796718415e-07
7.637318405924281588e-07
7.000942145717292970e-07
6.702636196169818891e-07
6.319042632471540954e-07
7.969511221206732830e-07
7.560498418902651939e-07
6.821699951598152201e-07
6.457598398178053658e-07
7.819711927111028896e-07
7.819680337044623387e-07
7.016886252466077336e-07
6.532960073986138914e-07
7.924995607745264253e-07
7.821408605497535895e-07
6.711313792981356139e-07
7.427570810885510091e-07
7.118697595245068426e-07
8.084180489564195185e-07
8.558645105810691981e-07
7.753703620295703208e-07
7.707208892639285355e-07
8.736402097224547794e-07
6.490422518400761663e-07
7.106953894904633444e-07
8.334289317636095780e-07
7.493361790415512225e-07
6.735779131250152075e-07
6.973515618012714948e-07
7.078906908513586746e-07
7.648001189254264526e-07
7.587321210803414817e-07
6.850602158514690775e-07
6.717863612861382549e-07
8.172123882236465861e-07
8.669657547472200572e-07
7.316908450571139004e-07
7.154258993938771969e-07
6.991794629705490372e-07
6.882030812605155587e-07
7.292903349355143612e-07
7.465851492583419743e-07
7.914875918482429852e-07
8.186228792653273222e-07
6.288053494132530220e-07
7.002128255150327970e-07
7.316258416051312912e-07
8.709984375047609610e-07
8.031339798873407044e-07
7.269541086900740964e-07
7.220978432562604460e-07
6.195979387670783316e-07
7.716376434102747210e-07
6.548518082648123156e-07
6.250686005484802785e-07
7.706663506291362621e-07
8.240095202314571368e-07
7.378501496156931788e-07
6.652429946928710464e-07
6.546554240432003057e-07
7.885674505654410138e-07
7.310680069912017275e-07
7.501818219173706157e-07
6.645937253446950388e-07
8.825335055059771536e-07
7.236099939444222347e-07
7.231567386971570292e-07
6.926650050250358129e-07
7.709028327405561450e-07
8.416458007948269521e-07
7.941027999670210265e-07
6.644246739400608558e-07
7.215195229160293706e-07
7.489103944038054351e-07
7.474560952603242673e-07
7.123479734073411108e-07
6.409305461361425778e-07
6.406523343673082727e-07
7.333309251124695474e-07
6.489195136403852806e-07
6.192972310206179011e-07
7.187526865538293193e-07
7.694072743777922754e-07
7.508162698329217102e-07
7.553483433905423498e-07
7.891379921420213320e-07
7.350493674673817566e-07
6.380962082057188773e-07
6.755332763698605761e-07
7.889304670787489287e-07
7.238655681430889576e-07
7.305697193142808776e-07
6.662500443874443326e-07
5.503971477151281913e-07
8.192273246515156589e-07
8.452526944759755602e-07
6.315572006993293333e-07
6.803966896601947751e-07
7.604955122111906049e-07
7.884250390378033219e-07
7.686378122226527580e-07
6.500731135373405626e-07
7.052000537282679385e-07
6.990725290856199841e-07
7.562944706648826611e-07
7.990334191397614853e-07
7.661599676164116166e-07
7.254516303639964853e-07
7.272351056214658207e-07
6.898688625570619882e-07
6.924972136380885427e-07
7.173992481085247499e-07
7.890498141423151423e-07
7.468381194501204966e-07
8.071554952457185399e-07
7.084218267053917204e-07
7.018451147861289083e-07
7.504840926223507362e-07
8.259221581955149173e-07
6.322314945587202537e-07
7.235300336006296153e-07
7.187711439957714436e-07
7.635153032511098047e-07
8.022726453063236514e-07
6.940234843922092912e-07
6.836653595009427293e-07
5.809029553811562957e-07
9.042586260780848084e-07
7.369684643933191677e-07
6.842657308412242543e-07
8.148411255499391195e-07
7.124513663731858114e-07
6.686431778724675144e-07
7.228939229725799286e-07
6.610959559464606936e-07
7.413053523236991856e-07
8.074183004452158568e-07
8.325432918283044029e-07
6.835278180349242333e-07
7.030643972785011631e-07
7.875081254269538558e-07
8.561949942955956550e-07
6.414736508518502800e-07
6.905868164460548914e-07
7.818998162972302680e-07
7.374233682765685226e-07
6.434147142992558563e-07
7.141001506113501425e-07
6.935278258946819803e-07
7.480329679049399559e-07
6.193298639434493911e-07
6.694817243873240168e-07
7.638503257110159881e-07
7.429326800636301507e-07
6.439670127635310388e-07
6.479683234795189597e-07
7.478922975530121178e-07
7.029426037002404823e-07
7.703344783223810388e-07
9.200026148646422714e-07
7.023570328508902601e-07
6.532184037737392914e-07
7.486463228360840099e-07
7.739374957965586503e-07
6.250217715897039538e-07
7.120216970513695381e-07
7.248820840210994376e-07
8.360145218628958312e-07
8.187630306369423467e-07
7.411337325590019925e-07
7.538999814316125517e-07
6.127036525096334531e-07
7.146027981028033218e-07
6.394916615115055226e-07
6.996104229455100017e-07
8.414143092995391486e-07
7.622701300193637597e-07
6.803887273036723836e-07
7.290411183376782617e-07
8.959651235382692009e-07
8.333771095062183455e-07
6.790428305691612675e-07
8.709682143094989596e-07
8.253604215296481854e-07
7.671345319119343449e-07
6.803081455259271801e-07
6.706616196576589272e-07
7.287194511421542012e-07
8.726081513235134803e-07
6.990878832903122762e-07
5.776743814491324647e-07
6.844405298302185157e-07
6.568767164806694280e-07
6.842443098162295933e-07
6.680733343485404491e-07
8.084391467294089535e-07
7.812082822623588273e-07
7.486860198447234334e-07
7.712337381058197319e-07
6.701260860636706418e-07
8.906511456832661371e-07
7.874386231006627686e-07
6.888545734132440247e-07
6.878229688325711243e-07
6.944055273327410206e-07
8.260308293621084199e-07
7.704695314001575111e-07
7.172539951946253874e-07
7.193289590683546643e-07
6.565712627809956457e-07
6.565806980508980621e-07
7.116737901942286813e-07
7.537161457516864659e-07
6.395223253829733096e-07
7.468335469941240533e-07
7.078857009313739637e-07
6.901729515336054547e-07
6.952949414860869077e-07
7.152322673505871462e-07
8.789907598553476462e-07
7.320219384088872637e-07
6.551704030539999277e-07
6.623925498189587543e-07
8.466999053955347974e-07
7.490737377494042211e-07
7.046242257588234582e-07
7.427210684781852299e-07
6.593687966403894999e-07
6.826861170599723450e-07
7.303286954310539352e-07
7.737975294945731580e-07
7.594147548011668895e-07
8.407313100953781588e-07
6.877088182709535667e-07
7.277041148230281717e-07
6.443182001413267826e-07
6.613738575022756759e-07
8.050119811981857709e-07
7.530972931953552993e-07
7.665330071861046508e-07
6.381252613395720397e-07
8.147984799038835804e-07
7.916394727604148325e-07
6.803989499063079725e-07
6.569408931950332686e-07
6.923728168163108468e-07
8.311670589176079633e-07
7.184967571884427783e-07
6.605458801978660022e-07
7.358051431595321235e-07
7.100434394384721159e-07
7.982612690759765790e-07
8.687664128514216079e-07
6.784263117267553072e-07
7.057144479062582014e-07
6.066621710277384708e-07
5.938309175170192318e-07
7.025487571584775271e-07
7.259161813374940787e-07
7.152944060404835059e-07
8.828843818763334436e-07
7.091073967202148091e-07
5.979356884234949748e-07
7.756558043708340132e-07
8.325441265626938873e-07
7.815130475348321174e-07
6.672763980907906957e-07
7.303410389954727387e-07
7.369516035757004310e-07
7.715561231128125330e-07
8.371976518885935268e-07
7.048218212206407230e-07
6.363396379353823475e-07
8.288259401968980831e-07
7.760852271252933852e-07
7.766425780070473995e-07
6.912554816543022759e-07
7.126121698485750300e-07
6.705337991877538256e-07
7.013342372406855350e-07
7.056910722254696743e-07
7.574413076174340406e-07
8.192084172246642295e-07
7.755533156926524982e-07
6.422778185060836346e-07
6.977695573019222620e-07
7.965335863334100462e-07
8.098370013687815532e-07
7.705918093331418875e-07
7.116407013849736557e-07
7.220421000487322076e-07
7.168921592460477245e-07
8.241144583352704742e-07
7.213995639962276274e-07
6.996811832797398099e-07
6.248313325835694686e-07
7.447540756653272347e-07
7.556152700308807369e-07
6.511685378576611068e-07
8.106088016639510858e-07
6.892668176241754274e-07
6.964181922150109934e-07
5.970202046639836024e-07
8.879640008600332846e-07
7.824655289301233012e-07
7.555728427432338983e-07
6.465536843449278029e-07
7.027521280278868190e-07
7.726470059781519154e-07
7.509482178881751127e-07
7.888731325191991434e-07
6.768481262479818199e-07
6.654644849485640780e-07
7.554419851557194314e-07
7.674686523666213333e-07
6.470770637450264981e-07
6.748543270688877180e-07
7.070122531429554937e-07
7.360576720814985592e-07
7.256218546502213055e-07
7.656545760227235711e-07
7.316956450951551507e-07
7.936954583437803469e-07
6.676741334855749312e-07
6.931171397191761825e-07
6.227779178968806607e-07
8.377641674780949162e-07
7.340063265440337570e-07
7.584174537045145814e-07
6.993951587112620769e-07
7.321172970966942198e-07
7.308546747256156157e-07
8.229264016324591120e-07
6.551038506669410101e-07
6.962121936431465842e-07
7.216843986876824984e-07
7.345733069129440428e-07
7.954330663090667856e-07
6.967332675579730130e-07
7.265158364921243485e-07
7.187814895478925513e-07
7.788460348452471660e-07
7.580220960959002106e-07
7.627231888467522224e-07
7.143600357000980031e-07
6.941244038492837868e-07
6.647640707259645944e-07
6.708698526595232690e-07
7.240781236888625971e-07
7.523781607426534614e-07
8.370482805764080402e-07
6.917276149234687649e-07
6.584246991565411530e-07
7.448145805007204574e-07
7.754627471955343752e-07
6.518717394662007221e-07
6.820964259179786818e-07
6.764283364584703223e-07
8.193714498946888469e-07
6.945338324470045815e-07
6.902205201480573121e-07
7.754352818180154995e-07
8.987787458279262718e-07
6.584497817983571100e-07
7.759120971315284417e-07
6.229268164154736552e-07
7.107510372644528825e-07
6.924206035703536777e-07
7.590239861105017312e-07
7.838398161842523546e-07
7.418719680222828995e-07
7.478346024955437199e-07
7.142631481624915472e-07
8.195836907199843339e-07
8.282676192634747168e-07
7.377290796380280672e-07
7.221499889227324942e-07
6.630493239876480702e-07
6.129807230753872584e-07
7.472590334235947930e-07
9.107087357833351670e-07
7.219648503586043205e-07
6.028618837077547783e-07
6.705922768546106321e-07
7.297667572334250132e-07
7.521074963322971120e-07
8.059125731560424852e-07
6.602837132572121981e-07
6.300295645588175900e-07
8.182185781546628235e-07
7.448732738576043287e-07
6.372527434975789331e-07
7.438423473584175043e-07
7.147344579646138949e-07
6.463674300942576989e-07
6.570735966824826773e-07
8.966826019237567863e-07
7.088588503987999662e-07
6.281980933596886678e-07
6.475100934417451776e-07
7.537212642513983543e-07
7.440090413533047133e-07
8.746681909292807813e-07
7.983425171769189368e-07
8.211725477451602038e-07
7.452574147345469526e-07
6.006333804218472673e-07
7.383932226446382075e-07
7.690944179282986069e-07
7.785075255675722367e-07
7.651529919724837575e-07
6.975556776797058724e-07
5.939349846372673546e-07
6.296084861954008112e-07
7.607518185319335244e-07
7.637187769557282575e-07
6.724562880013862312e-07
6.717092339312178524e-07
6.980342414098738860e-07
7.717597506745816613e-07
7.188788888363964157e-07
7.169854161819578289e-07
6.744755364233565382e-07
7.779570068706017494e-07
7.468725605300159236e-07
8.535085452709930908e-07
8.095325829318386992e-07
7.689182490149702289e-07
7.587633031490396990e-07
6.639701117101452378e-07
6.324382745004104452e-07
7.695357599614588552e-07
7.567291502024279183e-07
7.720099764664873629e-07
6.962392543958046128e-07
6.958093899606367303e-07
8.086370335806892113e-07
7.367087803410959911e-07
6.572561483716426938e-07
6.653559383545247458e-07
7.642708637372896722e-07
6.852740230758743823e-07
8.133422025979877871e-07
6.693800069138542096e-07
8.798212373649152273e-07
8.051974811813376886e-07
7.168231805242160687e-07
7.326600321644465309e-07
5.792422732494151286e-07
7.543035545641391887e-07
7.449598961552180083e-07
8.455079622670367428e-07
6.188898196160073945e-07
6.742190655825776752e-07
6.620580211777950297e-07
7.884180864137985775e-07
8.497078644649597152e-07
6.946913517936700430e-07
6.904780313775616843e-07
6.432686348450953432e-07
9.064376800927466243e-07
7.804852415593868230e-07
7.169944813084316613e-07
7.210317343770778744e-07
6.945362611062044983e-07
8.519695428870500705e-07
7.281827401025379303e-07
7.164178063328011915e-07
7.659977518255703479e-07
8.513360305001728995e-07
8.421673138980490770e-07
7.012202410004432125e-07
7.533786074022084760e-07
7.935379697250170985e-07
7.739961679038819752e-07
7.681035143330161293e-07
7.030642031358786399e-07
7.155982684869821569e-07
7.350664884290632119e-07
7.322514110485581676e-07
6.896941913933189414e-07
8.986135888359473142e-07
7.344703869767815160e-07
7.792151863805478879e-07
6.839261373281212672e-07
7.206393838921206812e-07
7.493285570550101382e-07
7.791496851840564553e-07
7.672565816310537218e-07
7.672150591409544686e-07
6.963410248674610088e-07
6.922821641370815001e-07
7.677072718545426194e-07
7.698302302178153620e-07
7.282495739290328428e-07
6.217296097451155678e-07
6.554284574265081952e-07
8.036617524893438382e-07
7.166416671631800524e-07
7.173534061984181777e-07
6.882464183576644945e-07
6.657993283973591867e-07
7.685899933702480042e-07
7.313906525985777187e-07
9.060480646822937825e-07
6.635716412356450183e-07
7.408267066700132911e-07
8.409908290845371223e-07
7.673999290577976207e-07
7.407167392489587666e-07
7.865341100813717777e-07
7.800046707789040189e-07
7.313494460613539808e-07
7.194414801316093960e-07
7.030653612516637741e-07
7.504924278458088870e-07
7.563853882754685720e-07
6.470288028293798140e-07
6.600814482855864527e-07
7.171448411821022495e-07
7.546944798123715502e-07
8.002957073983874190e-07
8.109457875408107467e-07
7.193751985071239970e-07
7.118398427564970990e-07
7.500332208195500443e-07
9.217627337595226161e-07
7.662095373460125798e-07
6.877568316243645072e-07
7.149957610964421246e-07
7.435872683416731254e-07
8.241753512630721638e-07
6.686684954726154910e-07
8.109860152803065303e-07
7.822577781005624560e-07
7.531945672139905193e-07
7.130231542516315926e-07
6.160906455382169805e-07
7.172358446791249652e-07
8.075233212448826221e-07
7.390590121619893514e-07
6.685740543235393211e-07
6.896663371538878949e-07
7.338148318755296560e-07
7.053949038722623430e-07
7.873710834073945780e-07
8.958612229548795267e-07
7.147083032839192604e-07
7.081856945319083561e-07
8.853389575181983331e-07
8.651050560566383481e-07
7.259586594032349873e-07
7.304185808150918468e-07
6.807765618845759928e-07
6.949992490312676308e-07
6.207363186252571389e-07
7.455868934171250809e-07
8.444837941730167503e-07
7.718859613212166764e-07
6.738265452645367074e-07
7.015230502456785685e-07
7.064996562874258634e-07
7.899045224665280039e-07
8.525518621217068544e-07
6.745023391247859253e-07
6.768176740746415770e-07
7.499061000897843382e-07
6.794582358493614679e-07
7.195565234925255243e-07
6.805349504121181922e-07
7.536809817283257478e-07
8.559831269749544336e-07
6.825806248024959039e-07
7.251274363871453540e-07
5.770331521082801640e-07
8.107508366098632909e-07
7.424166828139830265e-07
7.866386927065765427e-07
8.337443940121686384e-07
8.845563917913716184e-07
7.148240314982370109e-07
7.284969212027497698e-07
5.915698495067863545e-07
7.555816991153445155e-07
9.044248266631957004e-07
7.626708879840165723e-07
6.682164214711256261e-07
7.087592453963932769e-07
7.978029304684495048e-07
6.981468318987942641e-07
7.815558837212574614e-07
6.873201465128527109e-07
6.580008148933863792e-07
7.482047758024048456e-07
6.938531149669705918e-07
6.784446374494681517e-07
6.763586444884294861e-07
7.875513823326014810e-07
7.486829731831411122e-07
5.841127657927838539e-07
7.494958830804846231e-07
7.851430267613435142e-07
7.052504010308610276e-07
6.820632683578901116e-07
6.132142114274758221e-07
7.552648601049081030e-07
7.113144178000894978e-07
7.239215949789924733e-07
6.249964938657327169e-07
6.770405226395199012e-07
7.306510558824463989e-07
7.705289998334586357e-07
8.653359075100275688e-07
6.593924998391450485e-07
6.166554122943339941e-07
7.028946015537461783e-07
7.274493728800719611e-07
7.775388193124582421e-07
5.483133971570561132e-07
7.123244681967253840e-07
6.990169628026350929e-07
6.148516206372247691e-07
6.318786497412583187e-07
7.337013800253788957e-07
7.808912974849139675e-07
6.025227539915707607e-07
6.300504392126985606e-07
7.734547718945399841e-07
7.342659759009347696e-07
7.776161502552232110e-07
7.487735999765472295e-07
6.665692457174672209e-07
8.473428072660904049e-07
8.129963724155816368e-07
6.625945502942407638e-07
6.735043246552683980e-07
6.728673185213421894e-07
7.739411002540801590e-07
8.177296921090050391e-07
6.860270966566465264e-07
6.870653361831736207e-07
6.620319918973426567e-07
6.012382978362236080e-07
6.562667263026919567e-07
7.785438175794643029e-07
7.694516823780372214e-07
7.579796431654517302e-07
6.138523408011706386e-07
6.798526163009852199e-07
7.395764359170119979e-07
7.293559811432349062e-07
7.603904312903987575e-07
7.740468459169821088e-07
7.188478947237150005e-07
6.952437401881838126e-07
7.882414959137744778e-07
8.042675791193517008e-07
7.270067567667218704e-07
7.299183238087544353e-07
6.876236121064702273e-07
7.434770400298334471e-07
8.500975502178012101e-07
7.068568641624877837e-07
6.473203536848593431e-07
6.692303982065270993e-07
6.433699056384391687e-07
7.152412168414836719e-07
7.148811434894879756e-07
7.574853298371058124e-07
9.525837075447514237e-07
6.820852666188247167e-07
6.882111681884986011e-07
6.039999910543725562e-07
8.389614512619290163e-07
7.708771525775681791e-07
7.384272039995816691e-07
6.813762468608644314e-07
7.077343793783318201e-07
7.352988960332702815e-07
7.428866165926634047e-07
6.916346696113210978e-07
6.800031903483399492e-07
6.532692182115858604e-07
7.620530440430040765e-07
7.652664283612934159e-07
6.135727092726043599e-07
5.760550769919072027e-07
8.146529232555042272e-07
6.533631816320201123e-07
7.469711081777923417e-07
6.605803010270603566e-07
7.669963366404506864e-07
8.125126646349312815e-07
7.072840843576105962e-07
6.671646554172615040e-07
8.889159847769166570e-07
7.274052727091703693e-07
6.933244663037538679e-07
6.571888329833225292e-07
7.156173506805423951e-07
6.996939316189508566e-07
8.652384085835002247e-07
6.568262045981656480e-07
5.861278052544806199e-07
6.859623464189305011e-07
7.237215373570824504e-07
6.436230090304092224e-07
8.056341285777360674e-07
7.355693986936551345e-07
6.113575463944574550e-07
6.438281468653685768e-07
6.113531544730098640e-07
6.242009362146599582e-07
7.185185678281405070e-07
7.465249964996798844e-07
7.201168070172352976e-07
8.922333029528196365e-07
6.808275190721585142e-07
6.749271271938784598e-07
7.652877591472796167e-07
8.028867529295461144e-07
8.131676087520925448e-07
6.619269469898401457e-07
7.115746202834703114e-07
6.959766899787421460e-07
8.002918053581559285e-07
8.108289137666988498e-07
7.739243498015036931e-07
7.838063423590632426e-07
6.543423419516975163e-07
6.712684114668498401e-07
6.872846751177973637e-07
7.906882292638002350e-07
7.693207261061022017e-07
6.286657207881159455e-07
6.788039667652895600e-07
7.377557768435889512e-07
6.997921772656342478e-07
7.127318712472484552e-07
7.371805813903646404e-07
8.592898877217828478e-07
8.540931407839162890e-07
6.990947630428785695e-07
5.939989361931776197e-07
8.452249381051794824e-07
7.778941652168528293e-07
7.202249555531472440e-07
6.725933427785039744e-07
6.657579007283310267e-07
6.555410960219335056e-07
7.109740647360195302e-07
6.727101960563047842e-07
7.402480335703452803e-07
7.792036326347124218e-07
7.939336952216980355e-07
7.112236501347910966e-07
7.191955149432192168e-07
7.741778112562967263e-07
7.583605014710393499e-07
7.328890321781110467e-07
7.211686735509976277e-07
6.807042763177304764e-07
7.364184764867317633e-07
8.904447169394190220e-07
7.218975919816637209e-07
6.759924349966412485e-07
6.582609939366009326e-07
7.438687603962449293e-07
6.873970037444401135e-07
7.876203859060414196e-07
7.629017812337760484e-07
7.726008044899182198e-07
6.636984648321873522e-07
8.117137200899801000e-07
8.305334544348002715e-07
6.617291395937226460e-07
7.303628302906573231e-07
7.784726757302078580e-07
7.280407962696749901e-07
7.865794505065512291e-07
7.393551125644910007e-07
6.586635480923714336e-07
6.141637609446688693e-07
7.679179739235896536e-07
7.325036758204979112e-07
6.120901680486402823e-07
6.594549335446458840e-07
7.296731743543964355e-07
7.272486999341472645e-07
8.001505283541236016e-07
7.690083145116996449e-07
7.264774812253687844e-07
8.995743979835437580e-07
7.130879576454705937e-07
6.338581749369483332e-07
6.456695772828777550e-07
8.199766115526537960e-07
7.264979646020901565e-07
7.512004244867077316e-07
7.319649471099455612e-07
6.608425295293312132e-07
7.562753355101316921e-07
7.543248360029214304e-07
7.688865163627080439e-07
6.806981975987036642e-07
5.955301138781314700e-07
7.186854117591447176e-07
8.410715544529803285e-07
7.384718578380696256e-07
6.451554691387035671e-07
7.060360452624506055e-07
6.987978946776716419e-07
7.393179181625611307e-07
7.776884940367479559e-07
8.110206085140687964e-07
7.819384402210002976e-07
6.254610030345790372e-07
6.034769791667499247e-07
7.350302473598887160e-07
7.713970663659184284e-07
7.429799048079025354e-07
8.090973003639640870e-07
7.144786673403150854e-07
6.743128178903749439e-07
7.605607402010184547e-07
7.903003588914839701e-07
7.191464957270079769e-07
7.253541544001127423e-07
6.173216029780201465e-07
6.554201164395841849e-07
7.432207572074335517e-07
7.520299234446438875e-07
6.180890520936268398e-07
6.965569216429343628e-07
7.548494900994988584e-07
6.898871874904840156e-07
6.633676768278949035e-07
7.379713188903567766e-07
8.668747396689987628e-07
6.829172855875659782e-07
6.221835659571110643e-07
6.817095747237209090e-07
8.252712472079222906e-07
7.568806559415556093e-07
7.496241724296655141e-07
6.266477885865497616e-07
6.837117931226010492e-07
7.962465513739542288e-07
7.836934067889890804e-07
8.054501942452846661e-07
6.723153855028963936e-07
6.754668492223513939e-07
6.765576643270778165e-07
7.988445287281633470e-07
7.556927386989349987e-07
6.269858343805989622e-07
6.920301545273243976e-07
7.273915849308873884e-07
7.274693093540529659e-07
6.542732357697411152e-07
6.479023948786138033e-07
7.767448071252195535e-07
7.491700348423782847e-07
6.331977451504843015e-07
5.809467079996791270e-07
7.183443008418075412e-07
7.155410513484163234e-07
7.460576982486066175e-07
7.634540537571646131e-07
7.583389564603900126e-07
5.949629492774694437e-07
7.258596279124162538e-07
7.937362531800913004e-07
8.570591146802060381e-07
6.597043735738783666e-07
7.168284828590497439e-07
8.690618685587124887e-07
8.084856906994495707e-07
6.950120670833728788e-07
7.219876395856914997e-07
6.390226634892912149e-07
6.536281625755340724e-07
6.347664644355519086e-07
6.532218127041481015e-07
8.401445097255910831e-07
7.339674212390757531e-07
7.132105318019184761e-07
7.194184697792957466e-07
7.397398411988095226e-07
8.048092666222512108e-07
8.508447358257726699e-07
6.800646100350726797e-07
7.972821655481904805e-07
7.720045371813724366e-07
6.732696987117888469e-07
7.234104212744629568e-07
6.789981976126353226e-07
7.281775215233036849e-07
8.141550413056037071e-07
7.136884452653130108e-07
6.417827681620047945e-07
6.034991733546728008e-07
6.820764182152589248e-07
6.933569821014306274e-07
8.819077381079899120e-07
7.637465068099624687e-07
7.539739938051928019e-07
7.037923519558795754e-07
7.787246940169894246e-07
7.497716164065381833e-07
6.980148098491590686e-07
8.512974381609283490e-07
6.851754051666515679e-07
6.495016706094869070e-07
6.472580062284331987e-07
8.005062063184013403e-07
7.476108452239977606e-07
7.483037524910148901e-07
6.954338996682271339e-07
6.406495121166181058e-07
7.428722940808417683e-07
7.553087189445457757e-07
6.507107842971799411e-07
8.280098446805091062e-07
7.475235871602907693e-07
7.057864088988192864e-07
7.923053737616122450e-07
7.549138033199791427e-07
6.719605781836787989e-07
6.708211592955724544e-07
7.018494705888689363e-07
6.855779788136196144e-07
7.740071680594291858e-07
6.540189594227369502e-07
6.484669013194296942e-07
7.455003729406407533e-07
7.565595657434188512e-07
7.500832485490104732e-07
7.955301540434830253e-07
7.087390143149755035e-07
5.972324491595080018e-07
7.614717789828739963e-07
6.450010094417010262e-07
8.428405886612060525e-07
7.343493578196765407e-07
7.262233036125070650e-07
7.112553234398644269e-07
6.714006471006297983e-07
8.096448922627583555e-07
7.694548450941588266e-07
8.385923629801980001e-07
6.401441215805100932e-07
6.900035441489129476e-07
7.184521750499994347e-07
8.798533992367130736e-07
7.360416969843284944e-07
6.669882332694681944e-07
6.916444564968343575e-07
7.249134149322739959e-07
7.486530406610463627e-07
8.288087898769945367e-07
8.253474992245672765e-07
6.782990140328418520e-07
7.123232198604283422e-07
6.128293191334177811e-07
6.786683522693159577e-07
7.572863517226838238e-07
7.207997729126519172e-07
7.526617012899022084e-07
7.786811034949606449e-07
6.944363810877472311e-07
6.617963389600467441e-07
7.374180683525535633e-07
8.318853636452011763e-07
7.687731614008040259e-07
7.032285625341395616e-07
6.864566029813936835e-07
7.027829264996619531e-07
8.042616177719517012e-07
8.061370325208454010e-07
7.399227373693678806e-07
6.529585942823026084e-07
8.190115311422196059e-07
8.029051924497623822e-07
7.910754773469930997e-07
6.450450241449000447e-07
7.670083231771452301e-07
6.549547413233461630e-07
6.966991378509174184e-07
7.407493762635373860e-07
7.626398395106415449e-07
8.361652277936120613e-07
8.488626469186551502e-07
6.894284502146423730e-07
6.896149884951022795e-07
8.565284418614596291e-07
8.180399360023169174e-07
7.739916458412064152e-07
7.349689544553786638e-07
6.637575514610584224e-07
5.805999254109162665e-07
7.941669508885893605e-07
7.776519112604752596e-07
7.273324340336512726e-07
6.459564907492075982e-07
6.204295022356201056e-07
7.668177335682757432e-07
6.046533205313637566e-07
9.170074006106425908e-07
6.705663369024166716e-07
6.663992023121607069e-07
6.750595580456885825e-07
7.636658983480571186e-07
8.274752846872713508e-07
7.590534103654515636e-07
6.811613431017769320e-07
7.076046301282939100e-07
7.159910782885369433e-07
7.370083923723221698e-07
6.907542070671287663e-07
6.400559098199196988e-07
7.533114947877222512e-07
8.107373087428804472e-07
6.300242664095003443e-07
6.084196815337260468e-07
7.440846060888045842e-07
7.145034488301191944e-07
7.547778196874218331e-07
8.287291492299976819e-07
7.377960467258381026e-07
8.041966334530039439e-07
6.699783716595043408e-07
7.944824170229008433e-07
6.947089563932898677e-07
7.096472222696503312e-07
6.609311555117143456e-07
7.636733038573177528e-07
6.991346319594805462e-07
6.980507827616667549e-07
8.041285704156279918e-07
7.477902653319856794e-07
6.571519796901753730e-07
7.377866645973847691e-07
6.960390174639634205e-07
8.089051857051789224e-07
8.428696731987864645e-07
8.155250797664297029e-07
7.831100623920624766e-07
7.394527611368367207e-07
6.884993308772486862e-07
6.837010198212214231e-07
7.337545411043157314e-07
7.271583998488981902e-07
8.216918720407170416e-07
6.544530199520560132e-07
7.491110234805453170e-07
8.152052751015986553e-07
6.186579066002837627e-07
6.669298710010711383e-07
6.727049732301445383e-07
7.585152233293678893e-07
7.938496783372491603e-07
7.140204448849709241e-07
7.451738235877402729e-07
6.287106811091578820e-07
8.244965763457564916e-07
7.990600620000050520e-07
6.887519319278094899e-07
7.727288414437788146e-07
7.557133524138386641e-07
6.603522218238193380e-07
7.395721618719395292e-07
6.678197689894946900e-07
8.231921919029236305e-07
8.336279558113526646e-07
7.151971292599594009e-07
7.230058163816195010e-07
6.547701389471864972e-07
7.934133720958855176e-07
7.139735901255282509e-07
6.556572531777719635e-07
7.040814239272636061e-07
7.929940171820826185e-07
8.196039358010214168e-07
7.458228069652414295e-07
7.984291900278446827e-07
7.292714658029627613e-07
7.522290352919298524e-07
8.226134583294226302e-07
8.676043120546467919e-07
7.392847004317241592e-07
7.057341635459130727e-07
7.115387127268003433e-07
6.859999911387428806e-07
7.438224837757971655e-07
8.819617230227627871e-07
7.194301061818525654e-07
6.010904252295040512e-07
6.693943941244420490e-07
7.580264153259240747e-07
7.419106068267527340e-07
7.280270509623258121e-07
6.860395897257431352e-07
6.345677014838212710e-07
7.755546428059752854e-07
7.700407823065144988e-07
7.881156644785380265e-07
8.380351856735403857e-07
7.192801984079007823e-07
6.596630997286588065e-07
6.959747513263923739e-07
8.875711158756191653e-07
7.203549550007572371e-07
7.709056677732856177e-07
6.703591321563416918e-07
6.359220703906679378e-07
6.413345187371617266e-07
7.632760062828464897e-07
7.140161941919703246e-07
6.640287234837855388e-07
6.502221303810010899e-07
7.265129302413642084e-07
7.195739579607406996e-07
7.610341093005428098e-07
8.238318511516069103e-07
6.931978065179627339e-07
7.108964181959205962e-07
7.028065069578538240e-07
7.954844467228192262e-07
