6.762800822745352345e-08
7.084213551887630974e-08
5.456737472494009122e-08
8.309654923339917230e-08
6.158932603193711373e-08
6.122252163753532346e-08
5.810356892865311811e-08
7.705331633570230811e-08
8.108150990624564904e-08
6.499321206808694993e-08
6.110771154053815579e-08
5.963424155088281007e-08
8.460024473731064337e-08
6.898934641287610630e-08
6.874112456439150576e-08
6.241320710883732894e-08
5.110630969533459112e-08
5.441261160286086126e-08
7.215152650781150933e-08
6.824887586674842102e-08
5.871239695612141105e-08
5.479948556127018858e-08
6.804994551904874334e-08
6.531388522504212695e-08
7.896620968916260007e-08
7.894022083887927057e-08
7.183281629113587771e-08
8.322188109636138717e-08
6.232149994169995961e-08
5.325486348672325213e-08
5.784108572323635452e-08
7.534588356311026042e-08
6.427133168916672169e-08
6.474154643403568896e-08
6.683297773928037354e-08
5.565375182402599050e-08
6.779736812536125311e-08
6.422768762867770083e-08
9.348959782143295729e-08
4.772631308545439840e-08
6.477360722782019039e-08
6.161243963936806372e-08
7.671800090842431947e-08
6.781799197409507519e-08
5.581072666255045640e-08
6.448038283196175787e-08
7.029050719579825896e-08
6.904457864311536191e-08
6.765686773224591642e-08
6.687948152149907179e-08
5.502909990110048079e-08
5.829276363489560876e-08
6.469533754413251230e-08
7.493023231650048261e-08
7.503590962451610672e-08
6.195119299009546704e-08
6.037738723120976566e-08
6.933419767317504475e-08
7.990201732678335744e-08
5.352308812157813011e-08
6.211129043546012712e-08
6.496148810596586504e-08
7.532995381872788727e-08
6.643582231244949312e-08
6.831499411358001574e-08
5.919068651449738389e-08
7.575230456204196890e-08
6.971564766221073240e-08
6.372523339866497167e-08
7.360660744775793031e-08
5.764963525167024683e-08
6.914727550310499500e-08
6.164403023257635676e-08
6.496125718848374443e-08
7.951660913476653620e-08
6.595321500850219321e-08
6.140029331541845777e-08
7.351096223963778041e-08
6.247605169637487237e-08
6.729084620782105633e-08
7.558899117982626917e-08
6.650560678708624204e-08
5.851698172345929508e-08
6.333965464490151677e-08
7.542500503254890233e-08
7.403082760201956571e-08
6.533067428153876957e-08
7.008786675634184656e-08
7.464035766813705760e-08
7.197511217214489172e-08
6.250574802068200653e-08
7.377239026666957524e-08
8.304166208143004328e-08
6.651383841821537471e-08
6.417370174942696187e-08
7.344915537163555132e-08
5.806539103382708102e-08
6.444655764188588437e-08
7.946273461955685223e-08
6.482915825790737948e-08
5.483517639332469645e-08
6.917643676470451142e-08
7.301554504446066745e-08
5.113160123906905998e-08
5.547953373509442432e-08
7.019041974280515242e-08
6.727826915956390617e-08
8.034773250500519212e-08
7.927580285607191149e-08
6.676689054287053916e-08
6.918885931860055385e-08
6.005248031745073813e-08
5.905161887959788559e-08
8.420672364545069489e-08
6.507336910189141130e-08
6.031890451902389347e-08
5.708551389713865786e-08
5.943725906022771321e-08
7.366777008353561458e-08
7.218188587205928725e-08
6.317199970596281388e-08
5.970340993475431632e-08
6.001911873605884050e-08
7.077685191571802961e-08
6.818658083337391779e-08
7.760507802142807155e-08
5.988867623278670695e-08
6.125338101784427600e-08
6.923733825509284778e-08
8.205303974480275030e-08
7.648760311190334138e-08
6.605936579763553095e-08
6.686273580066269713e-08
5.734538708124218171e-08
5.881938188993622929e-08
7.286615715511195478e-08
6.979814361433226086e-08
8.049021405403629167e-08
6.015747759870616444e-08
5.512532765524036952e-08
6.123460043010223117e-08
7.796207380864105353e-08
6.327980092763211320e-08
6.259317094168438386e-08
6.515789371486810934e-08
6.184837710630975863e-08
6.975393467371919592e-08
7.367907882951197735e-08
8.428730704813260178e-08
6.222838193270674201e-08
6.164160853033612728e-08
7.541654698353933490e-08
8.754112422541513696e-08
6.091109499860249734e-08
7.092430168639412853e-08
6.662300008041516437e-08
8.400019210419306567e-08
5.696281003986643044e-08
6.689242371094479604e-08
8.364393471304357463e-08
7.855696769520925897e-08
5.535075320935740908e-08
6.342826656369529392e-08
7.980726418395633842e-08
7.345639457873330839e-08
6.547138980774120576e-08
6.511038146309068446e-08
5.345865589945389895e-08
7.455590842424719158e-08
7.339758658043586538e-08
6.699914048449746740e-08
5.944402700759170298e-08
7.373253264771021183e-08
6.446874521831909716e-08
6.335269872304675385e-08
6.885637679164521670e-08
8.533492525287415118e-08
9.669394307372616845e-08
5.767898155981704545e-08
6.538256974787362790e-08
7.496561747338717761e-08
7.806895534977834269e-08
7.137530568790516564e-08
6.261708189292854091e-08
6.445794604500339968e-08
5.696753109304523620e-08
6.666199685184416422e-08
8.223659618341214760e-08
6.299129447795585600e-08
6.163506752981818259e-08
4.933266542703110931e-08
6.805940289725313689e-08
6.886930534908128361e-08
6.745166155950536525e-08
5.794972012376944308e-08
6.493334302190398414e-08
6.466683758457172548e-08
5.650834195846105626e-08
6.962578318044977940e-08
8.507834500747260078e-08
6.471848622161527863e-08
6.003630474170207094e-08
7.793304701477580043e-08
7.705829498765209824e-08
6.389464230956021027e-08
6.292599961160227052e-08
5.717397342939228259e-08
5.536426627092879941e-08
6.771747279886170880e-08
7.144962642526893296e-08
5.464315356201497060e-08
6.353549042157290046e-08
6.696547256872555127e-08
7.137032283395682310e-08
6.749590313773687776e-08
6.426272367286122722e-08
5.501267752154534092e-08
6.028562851670201106e-08
6.327967386893958816e-08
5.119801410938296690e-08
5.977950001882247106e-08
6.268115351688256262e-08
6.744130611231468925e-08
6.659513417639813650e-08
7.864946988927851596e-08
5.492943836108007602e-08
5.524040094931087079e-08
6.310968117763597267e-08
7.283021240983229812e-08
7.207929167147503568e-08
4.724267457253446741e-08
6.254684533776742845e-08
6.118425282019390239e-08
6.948036638686190534e-08
6.739358845563008887e-08
6.712861492334153119e-08
6.226256362561744568e-08
6.585782726904823759e-08
6.190219388032511998e-08
6.031343851307470261e-08
6.359401156163986697e-08
7.338620091101013031e-08
6.631342392207520136e-08
8.314372252877403261e-08
5.561070194489572743e-08
5.941654885285570662e-08
6.979794497084822265e-08
7.521237928593693257e-08
7.383532903739882211e-08
6.608702378135520912e-08
8.898518769285827580e-08
7.338290816075829026e-08
6.243378285646960078e-08
6.887837214525564448e-08
7.935848201701279216e-08
6.289593285900099441e-08
6.269579229832254987e-08
6.486190408243614278e-08
5.093920750388736708e-08
5.845922899770433998e-08
5.900597767110900346e-08
6.803897270790205065e-08
8.566989715102046457e-08
6.634788945189791456e-08
6.344949823391707648e-08
6.564948918220345217e-08
6.466055264060715531e-08
7.126307886922920673e-08
9.164346351551231917e-08
6.330400149350979641e-08
6.063274091346986485e-08
5.916390906086693430e-08
7.025176684537895416e-08
7.271110623739230834e-08
7.209466745330431399e-08
4.635052308386538004e-08
6.194614664365012376e-08
8.788445374697900362e-08
6.865565587409763054e-08
6.112003930282083312e-08
5.129799249977769993e-08
5.532469933370250049e-08
6.321784337312339021e-08
5.835953535006545092e-08
9.765390408325577297e-08
8.063486546680796399e-08
6.513832867358853455e-08
6.458596357722472838e-08
6.371732547298731555e-08
5.836214547177968303e-08
6.492685657004011404e-08
7.150943286713105454e-08
6.159064994857386337e-08
5.554156402113059539e-08
5.799387863368536944e-08
7.662461747348376766e-08
6.692460023015122998e-08
6.123933632981203560e-08
6.028425414332062886e-08
6.635985090284397971e-08
6.038078695284269609e-08
8.218310189413669881e-08
5.376254061366179990e-08
6.061651859389348951e-08
6.864958260822468851e-08
5.493399988268663901e-08
6.042403102330507152e-08
6.878618535645712739e-08
7.247284006746628523e-08
6.829755617984028631e-08
5.296398294200624966e-08
4.972899465885263309e-08
6.589764041165104081e-08
6.590050449123838864e-08
6.150173066792546519e-08
6.182193547827085230e-08
7.636566549802556747e-08
6.458012064439316416e-08
7.180408092585297411e-08
6.752878685787725861e-08
6.557160997708287631e-08
7.257394782688214416e-08
8.643057559087370162e-08
5.332233930132416057e-08
7.447515164554848093e-08
7.090318473207656266e-08
5.359632935561859840e-08
6.499057343243125945e-08
6.727904615601718023e-08
7.243591149520017944e-08
5.469167523048826935e-08
6.755514249672395368e-08
7.504648293950886504e-08
7.289224896588867805e-08
6.073095998716684550e-08
5.035459179653774174e-08
8.578363171200256187e-08
6.785433982054216936e-08
6.607245924459793749e-08
5.492930185526547393e-08
6.739452267004786350e-08
6.977366452908654286e-08
7.633113501984875838e-08
7.225774509826725585e-08
8.070365271130883552e-08
6.155997049532431414e-08
5.371694444258555352e-08
6.481844389010119514e-08
7.530439859265434023e-08
7.561622040834247155e-08
5.905983390765075142e-08
6.798177067197662721e-08
5.797435737733160331e-08
6.232551343791253176e-08
6.881658311615738295e-08
6.851172201383559072e-08
5.988489978376893071e-08
6.195797396919058240e-08
7.175419446111532396e-08
6.780621956297514664e-08
7.878536939043048218e-08
5.579484642547455063e-08
6.141582392137984012e-08
6.752060185855855909e-08
7.133344563761219759e-08
7.193492445015490959e-08
7.689090870786746613e-08
6.346875740857321372e-08
6.609936002555470353e-08
5.410877161154101413e-08
5.944169240225648093e-08
7.625828033440972286e-08
7.295169318123536662e-08
7.703847117458523569e-08
6.165062212534903682e-08
5.854328256175894160e-08
6.424143411148875163e-08
7.341049441088633777e-08
6.811943390396926956e-08
5.143682197610495782e-08
6.503401955351730496e-08
6.337514604421932550e-08
6.647240755475301417e-08
7.081780928611322538e-08
6.987029501259519567e-08
6.582088167564495851e-08
7.399523453021313466e-08
7.208881255690301096e-08
6.290477173795876392e-08
6.979423699708661257e-08
6.765425495765544992e-08
5.295602124494300040e-08
6.294628331205579938e-08
7.242577938580703850e-08
8.049689217231077567e-08
6.686050163842560224e-08
6.339587944480741952e-08
6.913065464900962859e-08
6.817969539386714189e-08
6.636202949527788072e-08
6.507084000922722233e-08
5.992009837149691927e-08
8.638223358967323293e-08
6.942187778235250723e-08
6.927949663415757370e-08
5.569865041680113250e-08
6.251637030776442612e-08
7.272927852972938082e-08
6.214387976799958680e-08
6.789837862024252092e-08
6.181725264499940755e-08
6.706667141928939405e-08
7.391472309929960288e-08
6.942068223301244538e-08
6.114123692022993514e-08
6.744622170001494891e-08
7.389104616269360633e-08
7.332199881600241708e-08
5.750501966974928279e-08
6.972174629903230201e-08
5.477042381956917376e-08
6.028414817083330384e-08
7.313696867796585069e-08
7.433848644221036149e-08
5.264433165471747269e-08
6.686069420227896605e-08
6.583007840543670715e-08
7.569188106832058453e-08
9.179362232635994158e-08
7.478245335075069516e-08
6.410792389773903211e-08
5.893896331212965650e-08
5.314273988732995175e-08
5.969121969044179617e-08
8.039860796729020636e-08
5.789402966463217900e-08
5.804571945051553850e-08
5.888164302052284677e-08
7.291634953334547673e-08
7.558586934271534117e-08
7.492980028344754435e-08
5.183400605587283568e-08
5.860462476989525843e-08
6.443529131112325270e-08
6.743861961957069996e-08
7.158832774163616172e-08
5.595941566914564717e-08
6.878349897799807913e-08
7.382302727766570239e-08
8.784870619534964718e-08
7.044055494735440326e-08
6.110208643070740724e-08
5.276182782825717225e-08
5.607013518326276319e-08
6.444285032478812837e-08
7.008694550152112396e-08
5.615072925712118621e-08
5.499026559266289145e-08
6.385030430812955295e-08
7.120483343757592126e-08
6.677429776966337458e-08
6.120723322224883077e-08
6.139708924575292052e-08
6.880807426428631689e-08
6.966006487020497311e-08
9.423614642111304192e-08
5.089613205024071734e-08
6.406844755756992808e-08
7.387470245142617853e-08
5.786150748141941818e-08
7.175177112300274574e-08
7.438030308075046555e-08
7.908922478848763759e-08
6.194157224600626266e-08
6.064891629792081281e-08
8.303345192730273384e-08
6.679874145367960966e-08
5.661253772191550709e-08
6.560253256048236782e-08
7.524975306265745523e-08
7.032304004841841494e-08
6.980450947683218266e-08
6.567817125630270603e-08
5.684766150432118178e-08
7.059822591085263493e-08
7.033810976809892886e-08
6.795850607779616583e-08
6.538038049132352156e-08
6.257459170530378286e-08
5.556751655887768839e-08
6.776275310234916158e-08
6.185285189463831005e-08
6.997553046249892150e-08
7.854524187972552748e-08
5.518597127116285042e-08
6.213973162593618826e-08
7.518591514271056447e-08
7.439462252339942337e-08
6.498070443561010856e-08
6.568955648601540051e-08
5.784570794659054946e-08
7.134937053891852340e-08
7.643975843776368412e-08
6.117099052780076374e-08
6.137143753438620207e-08
5.914850944618940962e-08
7.060330341964865744e-08
6.862154359699874794e-08
6.963066865257172871e-08
6.374852790451527854e-08
6.047457749788970331e-08
6.993722710904008894e-08
6.374615127306026016e-08
7.252969180336006653e-08
7.525773575549349069e-08
6.441850247108009610e-08
5.862187725685543983e-08
6.111687537341766487e-08
4.825023979784359203e-08
7.132724528873782461e-08
6.832389227010511096e-08
6.401598273943475878e-08
5.718094558894567426e-08
5.057853444899265330e-08
8.399959789535251581e-08
6.512744968665314720e-08
6.365283720802690971e-08
5.636754472388796132e-08
6.307059744046641355e-08
7.092312685083305436e-08
7.642494784411541249e-08
5.608092711563782893e-08
6.594801424652743100e-08
5.252704325616142603e-08
6.592262572042959648e-08
6.623062391636957030e-08
6.760548878696935020e-08
6.705276880975376045e-08
5.305852693377552670e-08
5.731227868012221307e-08
7.165857504585713307e-08
6.767421453324211067e-08
6.427590624015294093e-08
5.940231326503631338e-08
7.671123552530849589e-08
7.975929347717198459e-08
6.660299702608421411e-08
5.887636151462370456e-08
7.003745237366362712e-08
7.670110548080881945e-08
7.086602710987171351e-08
6.231722786018386598e-08
6.957742778832574423e-08
6.220996612909194543e-08
5.412722305253956162e-08
6.827273676444157087e-08
6.295484623405086761e-08
8.344627482614996493e-08
5.192722952827816623e-08
6.236747216309392765e-08
5.909906870271151697e-08
7.139161255892276720e-08
6.579614879496570944e-08
5.063584584119189852e-08
6.577083844269296382e-08
6.613821489408558952e-08
7.645602204731113801e-08
7.769383672307013343e-08
6.080615508968935594e-08
5.543312902631021536e-08
7.937170076773122261e-08
7.288130111645997201e-08
7.662109798872728168e-08
6.422821720845772412e-08
6.373929272813511737e-08
6.878452212499787295e-08
7.798554927181496337e-08
6.045607143098958226e-08
6.276555446874524487e-08
7.963946689799762163e-08
5.952529152602407211e-08
7.664506141342932238e-08
7.361893011613531412e-08
7.690237720937990105e-08
5.741117181954409632e-08
6.593448173121662141e-08
5.563534156765974400e-08
7.163102119782126066e-08
7.220142924753594921e-08
6.374094748264998223e-08
5.965860647068369374e-08
6.108841542441437562e-08
6.373967897740776576e-08
5.971257815737462330e-08
7.847777727487109325e-08
7.086862210575867044e-08
6.187389195171488091e-08
6.518658377209851932e-08
6.133775677371266828e-08
7.370508520703663812e-08
7.782863910888794061e-08
6.380960444037673703e-08
4.874126359989826090e-08
6.022465653378299224e-08
7.108419106895633793e-08
6.353045299306449680e-08
7.167645501032504924e-08
5.808349549123808158e-08
5.557960392236488243e-08
5.993697528742946497e-08
6.582092476292107327e-08
6.705388454548888932e-08
5.979415809355120569e-08
5.951515759534256072e-08
6.705063124838322098e-08
6.289492739566626352e-08
6.197419082913842064e-08
7.382494182713304507e-08
7.379190105227175461e-08
6.191984733118756837e-08
5.500831006330395842e-08
5.800117413037923563e-08
7.197260613781513793e-08
6.436860822089181260e-08
5.704572014478765310e-08
5.792090292856051843e-08
7.015481104674454338e-08
7.133538503927899911e-08
7.376079011283434459e-08
5.807558605527630846e-08
5.679419829422284576e-08
6.746558000048515321e-08
7.197504603663650669e-08
7.020694708632464243e-08
5.102460053271730470e-08
6.418072417744965911e-08
7.373836498645719600e-08
6.129400841220688512e-08
6.018471425717590597e-08
5.585549951502251143e-08
7.053619626886294824e-08
6.229410122711942839e-08
6.280470019840800087e-08
5.872742882257596724e-08
6.516949325283590138e-08
6.429595673567424833e-08
7.323369348093517342e-08
6.700813170963604948e-08
6.607610220008006284e-08
5.125640545622453764e-08
7.477705020288849613e-08
7.349037200687996333e-08
5.698234209936179889e-08
6.544238338779628455e-08
6.462488294463065771e-08
7.175369418899312478e-08
7.602951190164702392e-08
6.237975142082651216e-08
6.863971856625111456e-08
8.286018902581245508e-08
5.869658458806610917e-08
5.667214043816804370e-08
6.406703059313643947e-08
8.442120886422706642e-08
6.569959174268399189e-08
5.794272198103105002e-08
6.447991374369117666e-08
6.560120403127435407e-08
6.471299624980719890e-08
6.445419709575784487e-08
6.735930778020575657e-08
5.629456375654507114e-08
6.089344952781463374e-08
6.953984137093014529e-08
6.849224846957483158e-08
5.779243963450944588e-08
5.193494240040896108e-08
6.085332852722521009e-08
8.241028351662577855e-08
6.254310538979462622e-08
6.950436311591739001e-08
6.504944285063355622e-08
6.518832864416942969e-08
6.088155133105513925e-08
6.618153515509125351e-08
7.157292212155075989e-08
5.444821213803992742e-08
6.398664915737651115e-08
7.144478297131694563e-08
6.996941638606669493e-08
8.641676799438948305e-08
5.619402674539392538e-08
6.210800117987249513e-08
6.545569471597933701e-08
6.990415069198473422e-08
8.177650682365373909e-08
5.457328363931744245e-08
6.302282106750863884e-08
6.259374089311910435e-08
8.106058766214130952e-08
5.185749385351382867e-08
6.990110854170322534e-08
7.536357426075251731e-08
7.655671266166162911e-08
5.701149857078238949e-08
6.008846702641314926e-08
6.656003771810420648e-08
7.598204718853015500e-08
6.885048162526310748e-08
5.052175209719157235e-08
6.657852903992805008e-08
6.180026438245557439e-08
6.846771434951122773e-08
7.076412975888336895e-08
6.897920119086096754e-08
6.234791229637270748e-08
6.231184474908625166e-08
7.477427238943880201e-08
7.828977321837960456e-08
7.139407284388941645e-08
6.306033928286703232e-08
6.520366333284808290e-08
6.354117025283255280e-08
6.304051042099607197e-08
7.347193904601991029e-08
7.005828363413464242e-08
5.848163259364474407e-08
6.174826445753171161e-08
8.131486000024208492e-08
7.657357477337604528e-08
6.217460019213461831e-08
6.328427013051094186e-08
5.487826395836926526e-08
7.755828641561297189e-08
7.013542361994304173e-08
6.851692675343621713e-08
5.805100677256377268e-08
6.080486817938038103e-08
7.617341784942615330e-08
6.487903042076057032e-08
6.898543260087726896e-08
5.970153584867524638e-08
5.519519641286232301e-08
5.632279059930750780e-08
6.064189943288560983e-08
6.118623684613722171e-08
7.244348427787419192e-08
7.793838127038301350e-08
6.457277426237076425e-08
6.223427817514891951e-08
5.639904664491330589e-08
6.812626141646201715e-08
7.327550495462692477e-08
6.290534187956949378e-08
6.892192310390456413e-08
6.665309346004526037e-08
6.266433034309158580e-08
4.534860390120642879e-08
7.293253683669564433e-08
6.503383007513093960e-08
5.448698663506803338e-08
6.276133913406178475e-08
6.505496546119050194e-08
6.839485507463615075e-08
6.398493332955617621e-08
6.016188710486967355e-08
9.493799245243123726e-08
5.625954706260763963e-08
5.410224533919252294e-08
6.781587518800409755e-08
6.750632964785121553e-08
6.405161054787651241e-08
6.180171408640436976e-08
6.072294318046981801e-08
6.698713040276010130e-08
6.816676989082611237e-08
7.033342193702631056e-08
5.667618172417157814e-08
5.755701636536994048e-08
6.691776753753430074e-08
7.261806946664080792e-08
6.896574574196802443e-08
6.013179282676479739e-08
5.806509701799204384e-08
6.440125186522376665e-08
6.678652104075534488e-08
6.032719773544884497e-08
5.919731481673599962e-08
6.724554014585341332e-08
6.034592113943231143e-08
5.639170730398787147e-08
5.749143779512186350e-08
7.235494136005819403e-08
6.260307682358772963e-08
6.563679050107051905e-08
5.026650210731398838e-08
6.640458533247228507e-08
6.700005602343563717e-08
8.535207859530465564e-08
5.272253273294212043e-08
6.553875624486420563e-08
5.934263536897654843e-08
7.121711875993763110e-08
7.535332679064889336e-08
6.040802187252313731e-08
6.688044398937429916e-08
5.681451152910820549e-08
4.861794018331249450e-08
6.081672176361673395e-08
7.583748245330763570e-08
6.829499206328838394e-08
5.921800876901324261e-08
5.891603681910508101e-08
6.363283721193296624e-08
6.625596001000003953e-08
7.712141579969659317e-08
7.508667989049031958e-08
6.068735830139258119e-08
6.839530602196645906e-08
7.091427030743440228e-08
6.917358740742141025e-08
6.713793489698428095e-08
6.175122144348769982e-08
5.685031624603323080e-08
7.394657337439144116e-08
7.089254156334079559e-08
7.043135699424441292e-08
5.556054212292592441e-08
6.357308337042154299e-08
6.612793531369123790e-08
6.777459249115796918e-08
7.896403710343996139e-08
7.971818590819950813e-08
6.052717876682470462e-08
5.828982555413346220e-08
6.042504111717843529e-08
7.207666406382941471e-08
7.875205415770669544e-08
7.166084710877426027e-08
6.694252891913558238e-08
7.104323094289428324e-08
7.338826089966234543e-08
7.323932211976843543e-08
6.314881644011249549e-08
5.272323317488010958e-08
5.440468207871481249e-08
7.189914237409306705e-08
6.658560870978518680e-08
5.981380428124249271e-08
7.140776060827136907e-08
6.231982238960451137e-08
6.496792493362767192e-08
6.598383009339791176e-08
7.170184612783783840e-08
6.356890302586401589e-08
5.483434290434422517e-08
5.543716711679044364e-08
7.030307392663153610e-08
6.989353285788353204e-08
7.167982037927599523e-08
5.212877878131442548e-08
6.094182864233200578e-08
6.990003663914669207e-08
6.505401066892590464e-08
7.735155165465690467e-08
6.100065872630521714e-08
5.464027899534261367e-08
6.780394572687910208e-08
7.820465510764664823e-08
7.014883655361088990e-08
5.832485086337209335e-08
6.593917850479263619e-08
7.166497159698176787e-08
6.026894262474756984e-08
5.605914752486070646e-08
5.506718191554337498e-08
7.640935178566439995e-08
6.669663128293243323e-08
5.838997065723138512e-08
5.851536224791077540e-08
7.209978161389861980e-08
6.836705055373839455e-08
6.080023350337417077e-08
5.821756823127407463e-08
7.087398633096797834e-08
6.985452357983693607e-08
5.802392616643875165e-08
6.684475877311105478e-08
6.432643019973418178e-08
7.422037078080357779e-08
8.421535017797021409e-08
7.398840295706687108e-08
6.833818130406510246e-08
8.515272247594052622e-08
5.668383904445926867e-08
6.442307455303745718e-08
7.360178574607973624e-08
6.845271327343384444e-08
5.713334127260780556e-08
6.374702496324403066e-08
6.121331693112092723e-08
7.064392537590296469e-08
6.580890586899290179e-08
6.273660361229517350e-08
5.845303606101721506e-08
7.455926070985372769e-08
8.825377318509357456e-08
6.701582304633030920e-08
6.353361200868412629e-08
6.174667524395889832e-08
6.193622728454373406e-08
6.628767978084681644e-08
6.711039838408193946e-08
7.243504822055267735e-08
7.624925611223713193e-08
5.394156968935814708e-08
6.440337682265155233e-08
6.360599400629775481e-08
8.686125132273175215e-08
7.382417763800332783e-08
6.622760517020491701e-08
6.725444200496381475e-08
5.297524384623224727e-08
7.235825224523540690e-08
5.737722271620554160e-08
5.602474628734208912e-08
6.739831995474738573e-08
7.633835678967432390e-08
6.325947988377187772e-08
5.835610620067893728e-08
5.952461616573980565e-08
7.256860403879829023e-08
6.533167065392869170e-08
7.054935793867728319e-08
6.031239469820722443e-08
8.147733637991326578e-08
6.338273787528373743e-08
6.456065299421501985e-08
6.058166961090361029e-08
7.189902398941081283e-08
8.147969969566299040e-08
7.681644989943049003e-08
5.744377802042057150e-08
6.612136043085316454e-08
6.947037368319220053e-08
6.590190137665159813e-08
6.368871881966518519e-08
5.548210907261570951e-08
5.649698659649085363e-08
6.478310439801555269e-08
5.626059775090297682e-08
5.386465781334762429e-08
6.190324010757796763e-08
6.855405010531561884e-08
7.407337427425841345e-08
7.068493580065730091e-08
7.016000280425419169e-08
6.710381257584909853e-08
5.656990930949415626e-08
6.003461549868043129e-08
7.416980983665342248e-08
6.675410600902944146e-08
6.714244822230538900e-08
6.023856812477555878e-08
4.646121266777687639e-08
7.963769087796897469e-08
7.904104678185869289e-08
5.412893758648463754e-08
6.013603544932532718e-08
6.909884755736107606e-08
7.628820914753625671e-08
7.067131652958066160e-08
5.474443630498065514e-08
6.159638495781925289e-08
6.133976221040891557e-08
6.860832113492210576e-08
7.384746414593337596e-08
6.613328074151689884e-08
6.654997454030117631e-08
6.438264791907229690e-08
6.047696849747611749e-08
6.195053826268859578e-08
6.536797907174205944e-08
7.221207593520607848e-08
6.807089070020257763e-08
7.268947716622715181e-08
6.204969191577273532e-08
6.352441081224645415e-08
7.044286451582032786e-08
7.589397660727829636e-08
5.611713535160563182e-08
6.636945669975275431e-08
6.659003700009119295e-08
7.125361014168345130e-08
7.211058194543824904e-08
6.129557119895458007e-08
6.069482326272194115e-08
5.000862292856021248e-08
8.905031423437113874e-08
6.415295154585960939e-08
6.008215604590346003e-08
7.636564308676531609e-08
6.571974701774406071e-08
5.863817205393566394e-08
6.192489100044605082e-08
6.139708622493540736e-08
6.998966550397525562e-08
7.700433016404209008e-08
7.965520881841971872e-08
5.978737748226165854e-08
6.326029623358430426e-08
7.140501719429495054e-08
8.143593943663204347e-08
5.688008602576104272e-08
6.218710780787694737e-08
7.022510092910759496e-08
6.688174398126602745e-08
5.453960013391896842e-08
6.455034739928124014e-08
5.973205616634701357e-08
6.970531043460437383e-08
5.218117490961283170e-08
5.936423886199936215e-08
7.266526367265208765e-08
6.638205253529968478e-08
5.428540498524949638e-08
5.894879246592550799e-08
6.856350074277740951e-08
6.223228301343895051e-08
6.976931818377479251e-08
9.284333681270073736e-08
6.508501877325416989e-08
5.785475842468355916e-08
6.731051954991953309e-08
7.114188120869097946e-08
5.317258398735033931e-08
6.598322865385177999e-08
6.386551095944490677e-08
8.150928830124033723e-08
7.655376017897130011e-08
6.681756264152741089e-08
7.043450438113897434e-08
5.218035362674899767e-08
6.406038489858205808e-08
5.690893416344786062e-08
6.253959799478162894e-08
7.721887570280292455e-08
7.410070606581616914e-08
6.267784844885032084e-08
6.686112646347735669e-08
9.075668180160898323e-08
7.733056189070751624e-08
5.836170161482656489e-08
7.979245313939418013e-08
8.038933560066129500e-08
7.141005106208988597e-08
5.939167094348087730e-08
6.127915802861676302e-08
6.709026016250852921e-08
8.367668885433889289e-08
6.128539389618115264e-08
5.089915893779385313e-08
6.007553518663907317e-08
5.684610162119372146e-08
6.125266007076656876e-08
5.828495283376516218e-08
7.642932098215833830e-08
7.826994832137423501e-08
6.595349268524514755e-08
7.227736705596146883e-08
5.887604735608508300e-08
8.535933375189433285e-08
7.456281594118114370e-08
5.928752632644326428e-08
6.168227008399404632e-08
6.188443871656835423e-08
7.829938937970558715e-08
7.017469296570631219e-08
6.444313898489882337e-08
6.446594665268930319e-08
6.170950123842418836e-08
5.766819451059920923e-08
6.245776322265845539e-08
6.946700784890680401e-08
5.464718902999581590e-08
6.665337313515561891e-08
6.354419564148926782e-08
5.881085238087179470e-08
6.173721050555161421e-08
6.446405714683585706e-08
8.154586800534884634e-08
6.794447333451121572e-08
5.511120411138294839e-08
5.835144282673495358e-08
8.194133834108648385e-08
6.237217572202559859e-08
6.728955991041843844e-08
6.489826592590518606e-08
5.804513050131097361e-08
6.036102115280456210e-08
6.653759378159183285e-08
7.160504231973093457e-08
6.960521220873674621e-08
7.767426606599670112e-08
6.074103755487891207e-08
6.818739532702720901e-08
5.640904677504411388e-08
6.001730827954258403e-08
7.279014025076432599e-08
6.734889713137703360e-08
6.847748244599165888e-08
5.565490463067178144e-08
7.498713731020649637e-08
7.586307608091484078e-08
5.990010388009861554e-08
5.764483666060025939e-08
6.075460662308437493e-08
7.644516989875427279e-08
6.618760618052752022e-08
5.782113313678278275e-08
6.147823369433268094e-08
6.675128259705629653e-08
7.536942140539862084e-08
8.344026007164769951e-08
6.027205090073982041e-08
6.371205147431891053e-08
5.392466976363623906e-08
4.944535505706783340e-08
6.299127789572112601e-08
6.646177856335440536e-08
6.298886562852503153e-08
8.802590050577949764e-08
6.280057766271805696e-08
5.162003089933992303e-08
7.249687354284840073e-08
7.391919263060555715e-08
7.274865639716466454e-08
5.795930028163250528e-08
6.903290360268449476e-08
6.707576458536845772e-08
7.025492292253910304e-08
7.784624872911973467e-08
6.239802786870896305e-08
5.634934082517451400e-08
7.546341906830775778e-08
7.039605995904263152e-08
7.081426179796947220e-08
5.996633421488978679e-08
6.202907929172881549e-08
5.999792180177155339e-08
6.146061268108338279e-08
6.324673359892534508e-08
6.644356615454912521e-08
7.446678046516361165e-08
7.124048656529275312e-08
5.565037556041849380e-08
6.157257127340865348e-08
7.247752577620125272e-08
7.613986931837281156e-08
7.005276296382095891e-08
6.433237007599746571e-08
6.443702513186072372e-08
6.511467330586849687e-08
7.755992262830580903e-08
6.649242636507119455e-08
6.022373552553150917e-08
5.383257498559887475e-08
6.641598867002659300e-08
6.894711363788193231e-08
5.889822189927642077e-08
7.351860401701090072e-08
6.082960923878469625e-08
6.543545166770242529e-08
5.329521525384120350e-08
8.247643161779630988e-08
7.421921082895111507e-08
6.963552191704606868e-08
5.811206900269978185e-08
6.080132935333564343e-08
7.351525937976770500e-08
7.135579164109138170e-08
7.372540519591793336e-08
6.008108390250801070e-08
5.736961007467986909e-08
6.695280031486356699e-08
6.929746617297163008e-08
5.968524330379065894e-08
5.920496905220505571e-08
6.483404154672964475e-08
6.711625526643376571e-08
6.415791108957317095e-08
7.167987025104972177e-08
6.776068933407474809e-08
6.945460841283532497e-08
5.658843758561012527e-08
6.125082422860887915e-08
5.697219437727724069e-08
7.782794210948656741e-08
6.396703704201517166e-08
7.126013682856714711e-08
6.083312286021897916e-08
6.326610017584198610e-08
6.685358694392883591e-08
7.744572548606933976e-08
5.782720990436772341e-08
6.336852800252712109e-08
6.590300242265449706e-08
6.473501551158363245e-08
7.631131155465102161e-08
6.406500054436503154e-08
6.520066167793012875e-08
6.197216007084442491e-08
7.435110973515936364e-08
7.032292941835226693e-08
6.846047113878337735e-08
6.541386619832930659e-08
6.215973146507320608e-08
5.973604071307898719e-08
5.944915949195141490e-08
6.643038969997040025e-08
7.026627202522834299e-08
7.949699987246591561e-08
5.972198145411784925e-08
6.011571246011445907e-08
6.729851537118442256e-08
7.402775481139176014e-08
5.570733801805426145e-08
5.949645563456149709e-08
6.294215180251023589e-08
8.141939524105771481e-08
6.510652342345954251e-08
6.390043971433922818e-08
6.953129983682785632e-08
8.851329208885421309e-08
6.083574335189628808e-08
7.039717317682127488e-08
5.224895530206678771e-08
6.298766996102461469e-08
5.950647986250155634e-08
6.789700458224456211e-08
7.685284918812754112e-08
6.479952963923332882e-08
7.106651568855967176e-08
6.516441407587147409e-08
7.415494478230958478e-08
7.685454943315559026e-08
6.345180015844035211e-08
6.382223455712223865e-08
5.955699040608421660e-08
5.379894574508820742e-08
6.756771988780719397e-08
8.892534572625636358e-08
6.654847609114519297e-08
5.181928614978315962e-08
5.801812087313096111e-08
6.636156520962217115e-08
6.765636064410455518e-08
7.310148726748503103e-08
5.989452177403573140e-08
5.355419371573347969e-08
7.878612830791521955e-08
6.723702586751117959e-08
5.735935099270565702e-08
6.475273118992166240e-08
6.595277409635757716e-08
5.769630162689952256e-08
5.764935457879105548e-08
8.814934006579043198e-08
6.491961117908507251e-08
5.498713188749042385e-08
5.616915072212705985e-08
6.901671589638166944e-08
6.997260540125660373e-08
8.557219383211166005e-08
7.406395956317311282e-08
7.728802355673371376e-08
6.677229341748970323e-08
5.218916471888523771e-08
6.864074401682029768e-08
7.006588474480520552e-08
7.250878770582538088e-08
7.205807594910214110e-08
6.176787602786817918e-08
5.134142418390026860e-08
5.520888211273470234e-08
6.917092465583277584e-08
7.008527022123778813e-08
5.935045762299517007e-08
5.712822793531806306e-08
6.050334349870230368e-08
7.181046462745758381e-08
6.354248674630543383e-08
6.281047107696197528e-08
5.997384860258214646e-08
6.923811475008660285e-08
6.365815097528955265e-08
8.016269376488667225e-08
7.670891065533018081e-08
6.664394232108651220e-08
7.140606234981320953e-08
5.754368398785892172e-08
5.342497799218601838e-08
7.061095667195968951e-08
6.531293360462469660e-08
7.160979582194924591e-08
6.447999598025207971e-08
6.299593748492596545e-08
7.579243567596149902e-08
6.730384126292688567e-08
5.815097204551168912e-08
6.040257558513015662e-08
6.989830642427256292e-08
5.975829857529520284e-08
7.569408323373398984e-08
5.946233316978657335e-08
8.575545204817894396e-08
7.624097820232679015e-08
6.186892173942479732e-08
6.874215574215081393e-08
4.945117047363130881e-08
7.021715476149331551e-08
6.622117686384943419e-08
7.740995345861790730e-08
5.347249679839627896e-08
6.001374845637117071e-08
5.912499770243143716e-08
7.307723797400420442e-08
7.791363594490351954e-08
6.414986109870922346e-08
5.976458485228752198e-08
5.730445477447334612e-08
8.882127036502665008e-08
7.223490351126158624e-08
6.607859492393827328e-08
6.348821919426713165e-08
6.071028288857771259e-08
8.089825330323012428e-08
6.642131736711008281e-08
6.341127612676947194e-08
6.951172583376907539e-08
7.633116276732491262e-08
8.591714645206368215e-08
6.224638490083575576e-08
6.663627870050734272e-08
6.925881689910767844e-08
7.522153396931432619e-08
7.248111197317867025e-08
6.181562746910354795e-08
6.457584824513935514e-08
6.582259090201878075e-08
6.653575907458467252e-08
5.961193702775443854e-08
8.999746186309486231e-08
6.810698501128683398e-08
7.337700899024525302e-08
6.127043663851028240e-08
6.466909652885134598e-08
6.481065114387545641e-08
7.142062354442683724e-08
6.963668418676810001e-08
6.987104920293799986e-08
6.126173448643472697e-08
6.397199427316505841e-08
7.060064038074024017e-08
6.808008723816414096e-08
6.688566803009166029e-08
5.340458840133992200e-08
5.997667164670078057e-08
7.080296277172251660e-08
6.670467183290086271e-08
6.885710361560227314e-08
6.145843731390850822e-08
5.991911208648042746e-08
6.833595578006380216e-08
6.541279330517365750e-08
8.980380740881071378e-08
6.129648768048356023e-08
6.669331325181194754e-08
7.865221409166646524e-08
7.224626528127250262e-08
6.675307220282693485e-08
7.346583877247490910e-08
6.873070488664941284e-08
6.417493498435227701e-08
6.312828184261450059e-08
6.222511442862592818e-08
6.951143674271504247e-08
6.919058550152132993e-08
5.564267571320662823e-08
5.720360892946132459e-08
6.358915493697215361e-08
6.949623497603718103e-08
7.319322852782269708e-08
7.384301418785788471e-08
6.379962176019027610e-08
6.237268903232994614e-08
6.609214723106723730e-08
8.779149845429712322e-08
7.439726435711228598e-08
6.041436822067215914e-08
6.446772562290002262e-08
6.883704860245991125e-08
7.799480498716486870e-08
5.847661929657255483e-08
7.257263794520301120e-08
6.994643308072151742e-08
6.697067178576002211e-08
6.234960030840833967e-08
5.330527074634999208e-08
6.605429772848088829e-08
7.486755779426464771e-08
6.796553297056665192e-08
5.747166394712459576e-08
6.124946171001713538e-08
6.438500499562890841e-08
6.291697467924427527e-08
6.982897911815494131e-08
8.600652552366910132e-08
6.493431178672109867e-08
6.362303694988063888e-08
8.550620626944875516e-08
8.427856483579535102e-08
6.465170031371977406e-08
6.344149010932733276e-08
6.175995828268775506e-08
6.547249633518825328e-08
5.387755780198656599e-08
6.896515084630980344e-08
8.100158372778859763e-08
7.244486014323509075e-08
6.059063600624678146e-08
6.237097525920036534e-08
6.168777255085129030e-08
7.326841170043266698e-08
7.988943891254707671e-08
6.299077692247174578e-08
6.063598194462446869e-08
7.136683073713657506e-08
5.919543660695233249e-08
6.576492801396538671e-08
6.159022360691850828e-08
6.968349862947434391e-08
8.079325469388192175e-08
6.175942074123268783e-08
6.765702564080504775e-08
4.966076976891434731e-08
7.671931500739660084e-08
7.055673132185927651e-08
7.280676075704468408e-08
8.061086697675467659e-08
8.858695214116699638e-08
6.245208784577276762e-08
6.647581880461064613e-08
4.869728487316466188e-08
6.551655379309921961e-08
9.105751725154456753e-08
6.829280462508112407e-08
5.933285705718715487e-08
6.171690543496280920e-08
7.197124034149624854e-08
6.087810311878227635e-08
6.872871516428741813e-08
6.092250001654190007e-08
5.616032199119910073e-08
6.493921484601370729e-08
6.636432632646172054e-08
5.951879761564731917e-08
6.060321611650198968e-08
7.251937112376628195e-08
6.912767357142387166e-08
4.920448817473241345e-08
6.772680137739946140e-08
7.040077968127532471e-08
6.506664368620908947e-08
6.174975622360255861e-08
5.347955101210222039e-08
7.130028137223750608e-08
6.501377235848764576e-08
6.696607223640054484e-08
5.435941470560051775e-08
5.753263380992734076e-08
6.510286696641194542e-08
7.152405343027764226e-08
7.977921360947600026e-08
5.543051049545165772e-08
5.331784605904735357e-08
5.972863689877548491e-08
6.727044590684341845e-08
7.659057967724059604e-08
4.585543539125986984e-08
6.589364580104352198e-08
6.002537539297110922e-08
5.354757895485006573e-08
5.386133722017070988e-08
6.652715632908664085e-08
7.336738519446014792e-08
5.277061580965737647e-08
5.365981529648472171e-08
7.232008642560523969e-08
6.609692610012721786e-08
6.872518137692059209e-08
6.544989553103479604e-08
5.783115143703297077e-08
8.401601830869049212e-08
7.936902465417582241e-08
5.920215589028393460e-08
5.909684654268605540e-08
6.163567081632510862e-08
6.585511715495556282e-08
7.251380383261906378e-08
6.429646908453799370e-08
6.128537068950910642e-08
6.068940519353482099e-08
5.317219261208244171e-08
5.659500401640326898e-08
7.306009867238764949e-08
6.766453929013805938e-08
6.801084623989893106e-08
5.078370112332190970e-08
6.138484946982696598e-08
6.793207843118424680e-08
6.540077981243572454e-08
7.002922517927639622e-08
7.511699421353117105e-08
6.756480679525523357e-08
6.115920503540255044e-08
7.219612240675521288e-08
7.449835618718083878e-08
6.436466929682530375e-08
6.792288366869457196e-08
5.869331306614519201e-08
6.753502938390722932e-08
7.863261209461917408e-08
6.732496541025644525e-08
5.640147615300748512e-08
6.042832395624348322e-08
5.761127699685635415e-08
6.357719917802840022e-08
6.271814124189432057e-08
6.645131629463148914e-08
9.417374223311660658e-08
6.021764074339336545e-08
6.246361054212290804e-08
5.327182432128813901e-08
8.210334065446835121e-08
7.066475971117040148e-08
6.712431863527975444e-08
5.836939992664044831e-08
6.343286129920869265e-08
6.674110471004901409e-08
6.693576866443517305e-08
6.254004244284465011e-08
5.998527952368390037e-08
5.801626392246726231e-08
6.982815907032055887e-08
7.002558421815254900e-08
5.192310372533330898e-08
4.802101542526975753e-08
7.676367228778332135e-08
5.627913951802970545e-08
6.659294418493143430e-08
5.842869898527104992e-08
7.370278108453314164e-08
7.567886616870947062e-08
6.264477649695729819e-08
6.046278287505870669e-08
8.434609680894708737e-08
6.479559508137968958e-08
6.350668111118828954e-08
5.778144890054125294e-08
6.259988526120269765e-08
6.277007038630241335e-08
8.234050156169786749e-08
5.954170566209367275e-08
4.970105239826923341e-08
6.073181294523611786e-08
6.436182961140122509e-08
5.509981128493365106e-08
7.291978088022679517e-08
6.579447297715425943e-08
5.232185813679547489e-08
5.645565016561740115e-08
5.192961237112285151e-08
5.429946240551875436e-08
6.370460481907798126e-08
6.724472627586214319e-08
6.578118752924891167e-08
8.856415518232194062e-08
6.350062077958670999e-08
6.069476315653147930e-08
6.840244260701195526e-08
7.582739765265654663e-08
7.599801916203638976e-08
5.755311003988203802e-08
6.162358238497905753e-08
5.931885980700501041e-08
7.574795119039114779e-08
7.341128267008280011e-08
7.335834318591393908e-08
7.155005790244492657e-08
5.623198378421400082e-08
6.008655287668149934e-08
5.981840389854216504e-08
7.538133667122746698e-08
7.061627246982909439e-08
5.443506278499262516e-08
6.283878642451339404e-08
6.575028555914889948e-08
6.469426757115712136e-08
6.271813148567851921e-08
6.696618753528842238e-08
8.379301768852991855e-08
7.998882208814449044e-08
6.288036805666468050e-08
5.262829670224660942e-08
7.674627177131589934e-08
7.179083034384867348e-08
6.854726314500083005e-08
6.094070059320590579e-08
6.021632395832612332e-08
5.531706403713810548e-08
6.588430157534737050e-08
5.744916400865240826e-08
6.498425266976391577e-08
7.459619211304709177e-08
7.448071669907794943e-08
6.365031764996839214e-08
6.816229965798682476e-08
6.820799413725794606e-08
6.919669418793993096e-08
6.364482385621375702e-08
6.503243807475945574e-08
5.956974786803919110e-08
6.561465012102416993e-08
9.144158742230660936e-08
6.550176625124204041e-08
5.805327022321978751e-08
5.706329073095231554e-08
6.791828242882986199e-08
5.988370031895449715e-08
7.153538259556073129e-08
7.018253555557936024e-08
7.178312294905105868e-08
5.778548435161377875e-08
7.854831650572516811e-08
7.625531008582985165e-08
5.782624582046569249e-08
6.284981923554219622e-08
7.588409252597661895e-08
6.830238100813279093e-08
7.371937128289151683e-08
6.355333361612681961e-08
5.867695678021532476e-08
5.141035078598313444e-08
7.303435858715810954e-08
6.756614527571857566e-08
5.185376198178562110e-08
5.870812498738956091e-08
6.270637930894493522e-08
6.278641218128351620e-08
7.393627961963898587e-08
7.035990681465231287e-08
6.664305225402662344e-08
8.731297814595606738e-08
6.505850180477652842e-08
5.640865801432077536e-08
5.388667834412187979e-08
8.168470770156748180e-08
6.653449154861854131e-08
6.508723030985375071e-08
6.480809749168199420e-08
5.925126202251360943e-08
7.001072224564318248e-08
6.799170630011758701e-08
7.206030231856424257e-08
6.027833059091920628e-08
4.991369618164654825e-08
6.451004825765322353e-08
7.750557748061575222e-08
6.529146787930108967e-08
5.885880474144797582e-08
6.352986619276556519e-08
6.486180956870179602e-08
6.975923136400219210e-08
6.994170229261438352e-08
7.919454833307053732e-08
6.929261155344211848e-08
5.493911368068969160e-08
5.208734858706188649e-08
6.585498969153071090e-08
7.128189722559522102e-08
6.671390036421608635e-08
7.713472662898515416e-08
6.200666864778969571e-08
5.844806882429186972e-08
6.698114552210672060e-08
7.097069177178039432e-08
6.381175086022198706e-08
6.385941851761857549e-08
5.292278196889756574e-08
5.785524336884777503e-08
6.904160518945858595e-08
7.065511147706830401e-08
5.349941746519529102e-08
6.193617470471761019e-08
6.817929259197873221e-08
6.397338082596293838e-08
5.788293865188352073e-08
7.052614472049666587e-08
8.150848987462805452e-08
6.142729836215034655e-08
5.492520126803790339e-08
6.027061387777593849e-08
7.722013051911521373e-08
6.827742593249420711e-08
6.697509820030701376e-08
5.500072954483781688e-08
5.875045810650112554e-08
7.141308616124087411e-08
7.286841819907810924e-08
7.326321517893294205e-08
5.812694135267215267e-08
6.078312619848495544e-08
5.905059062368293767e-08
7.948669336055692534e-08
6.854723894760381745e-08
5.390755797141038819e-08
6.397284903562629312e-08
6.548032625911851512e-08
6.710288951788081085e-08
5.897762393726181778e-08
5.586630304110810315e-08
6.898938660806468411e-08
7.438317447703721088e-08
5.570453344301844924e-08
4.844537806343129583e-08
6.419379253780341197e-08
6.661774034415332909e-08
6.918737241558896873e-08
6.850584247466008547e-08
6.672594006183313265e-08
5.090080480185472187e-08
6.724630353665689388e-08
7.668100169976049391e-08
7.967273050082173107e-08
5.729914475268685278e-08
6.615036718569438578e-08
8.279953968453662024e-08
7.545804344005942108e-08
6.232046337420141163e-08
6.622701877793346897e-08
5.582395804481025046e-08
5.718496948092555992e-08
5.629670105542698902e-08
5.709322164006496109e-08
8.052802648109887836e-08
6.711089032321172790e-08
6.460274290056332848e-08
6.698220511204545177e-08
6.917807264247410230e-08
7.899651360246039880e-08
8.248643308210934629e-08
5.990156531320099331e-08
7.270805680117049022e-08
6.955928208964504203e-08
6.002540423639651238e-08
6.664831696377848966e-08
5.802345567985955913e-08
6.232185839135603043e-08
7.509607482999779452e-08
6.395687147163622028e-08
5.595965818519303662e-08
5.055866909356842758e-08
5.886025118477902935e-08
6.288894890446169984e-08
7.972198203685103360e-08
6.810165382189513542e-08
6.851540894950547064e-08
6.427603167830200481e-08
7.336335633508900089e-08
6.851984897289183777e-08
6.312026141825292410e-08
8.182713027679529644e-08
6.259086626544743150e-08
5.769937629511638378e-08
5.459822851613833873e-08
8.023206848224085283e-08
6.791026537410250284e-08
6.545489853542514318e-08
6.157096648275435640e-08
5.746009096339550981e-08
6.789241988248481770e-08
6.819195886344165556e-08
5.678653257559625033e-08
7.576254881915921356e-08
6.861229840506243308e-08
6.217320313830836255e-08
7.294051851180887494e-08
7.314484922951487207e-08
6.465654396189294866e-08
5.974946013958146312e-08
6.387070215335986223e-08
5.970528063183872214e-08
6.924164535825588208e-08
5.672381946248134325e-08
5.629777795655605830e-08
6.823908634283760522e-08
7.150365137132899448e-08
6.668022629604984517e-08
7.490800160438447944e-08
6.073278844080066121e-08
5.122343811931614019e-08
6.627721312540261595e-08
5.491997271526997348e-08
7.677121985948130743e-08
6.367581919400846199e-08
6.339311331537481464e-08
6.347788083429789540e-08
5.869381872095492291e-08
7.324662555098255453e-08
6.975199852453187015e-08
7.947242284196863723e-08
5.555848852281430847e-08
6.149526611434600136e-08
6.711499858311060508e-08
8.122375917587076030e-08
6.639513393270670285e-08
5.905676958715404725e-08
6.361883674642352135e-08
6.554245925775392870e-08
6.954853702083188620e-08
7.588299969981475805e-08
8.020298803125677611e-08
5.923473266299007975e-08
6.349601641827641687e-08
5.240734931641937754e-08
5.913954332230894913e-08
6.896784807989102634e-08
6.482068845558638677e-08
6.567931397069980971e-08
6.877325044298771969e-08
6.158734544547809405e-08
5.797662679056049652e-08
6.493351965015864750e-08
7.605711762610251321e-08
7.147049377018133600e-08
6.087955832803587373e-08
6.252759110137535270e-08
6.336021991317741252e-08
7.582353025361591204e-08
7.183967829285214879e-08
6.694289803423772673e-08
5.694150861794362550e-08
7.454086850247253385e-08
7.439553168724132589e-08
7.344703877472169297e-08
5.670276625782059633e-08
7.038294843172308366e-08
5.763190027420269423e-08
6.462270597453653652e-08
6.843871414137064899e-08
6.778377486977519370e-08
7.692124702501072601e-08
8.060007701613827571e-08
6.315886833692907412e-08
6.100321819352469165e-08
8.064574459265592090e-08
7.605303257178735080e-08
7.204961104059347667e-08
6.799622970088308243e-08
5.857850966114020843e-08
4.944052811369435481e-08
7.273728179705706204e-08
6.968348136688337480e-08
6.640458474403862896e-08
5.575362356083271670e-08
5.422768187431394800e-08
6.809850113716786327e-08
5.275603928383080973e-08
8.558806514759936495e-08
5.806786636203923048e-08
6.252690610780841244e-08
6.195474514807737605e-08
6.961074902485234686e-08
7.767681555684137056e-08
6.877236227201204951e-08
6.132285836529337469e-08
6.245164399433528319e-08
6.748713913020466260e-08
6.615645265616403723e-08
5.998447003641344406e-08
5.597631578149839418e-08
7.170923960725082772e-08
7.974851104116183863e-08
5.430019808405274705e-08
5.307110240489908515e-08
6.736714196555639377e-08
6.197591013773981570e-08
6.942216022114325193e-08
7.548094078768879338e-08
6.760115722163594930e-08
8.039157331813295787e-08
5.810736052906986922e-08
7.455229489853183499e-08
6.095334899917062108e-08
6.190931819423884672e-08
6.053094753956047130e-08
6.674707336205284684e-08
6.418081256995906391e-08
6.383119611707269246e-08
7.604411790941299647e-08
7.052073856999252049e-08
5.670652281545260692e-08
7.038356918709476992e-08
6.162057525420049010e-08
7.350948860458827845e-08
8.142077662756469200e-08
7.889594760781983169e-08
7.455022025163711029e-08
7.025345174798043331e-08
6.142485097629845437e-08
5.596960328063016820e-08
6.344154437746486076e-08
6.888236127056633831e-08
7.716901526067801174e-08
5.645673675909708607e-08
6.691938064853350965e-08
7.339686836458680627e-08
5.422662736856223663e-08
5.929430113009365435e-08
5.888691844634154671e-08
6.818970508202045592e-08
7.793583080337259025e-08
6.668596546237770779e-08
6.941152317374713361e-08
5.405779506594638296e-08
7.941822218546188866e-08
7.287202024481577421e-08
6.162595566691659989e-08
6.959444836722047181e-08
6.819571665936698714e-08
6.059270317434827228e-08
6.749992673355199782e-08
5.989634037242908264e-08
7.453735788759882316e-08
8.348407152850905405e-08
6.303304910704549445e-08
6.846678031768174133e-08
5.785692072766252713e-08
7.263343212654345796e-08
6.589828290985031627e-08
5.880833004636283034e-08
6.351578214893897906e-08
7.967902850130979664e-08
7.547281750078399845e-08
6.953073480656485330e-08
7.620588977421533327e-08
6.446744904106410933e-08
6.781936834833918094e-08
7.482763727716941006e-08
8.066773562713964357e-08
6.907617143082729525e-08
6.218331720646566410e-08
6.350753597073145112e-08
6.212076118848833339e-08
6.756634365407019731e-08
7.950276689010187812e-08
6.565790266482565832e-08
5.077879463407560440e-08
5.807206629075417060e-08
6.753345448521952082e-08
6.619550649779263460e-08
6.685430675119457980e-08
5.922039251692198247e-08
5.570907131935503106e-08
7.131561081086068605e-08
7.190605419500996633e-08
7.313136769168009293e-08
8.149788987575022352e-08
6.718240698811661052e-08
5.695454697853835629e-08
6.036802455148426182e-08
8.497247824268445691e-08
6.251658076255366795e-08
7.137964436978059784e-08
5.871515357316949951e-08
5.679609859316431457e-08
5.598742011669966508e-08
7.332530264537980039e-08
6.362624751757937598e-08
5.702261615484315212e-08
5.620251900373750569e-08
6.496598786275297219e-08
6.434997885957932180e-08
6.555419862670187293e-08
7.952025318185627105e-08
6.062632615140803374e-08
6.421778254369740226e-08
6.395140298386044311e-08
7.182293186027767901e-08
