6.814236337764514902e-06
7.159561752273656213e-06
5.341347254071296139e-06
8.420952510888043982e-06
6.709188670667609186e-06
6.588633965286675946e-06
6.184752505818130103e-06
8.111228862390878846e-06
7.963553959560760201e-06
6.854444296648368708e-06
6.037907263029603819e-06
6.746527183479320427e-06
8.628617387544624748e-06
7.321390004213324040e-06
6.801784340466681468e-06
6.754769837069874989e-06
5.513531924981708641e-06
5.771621732661458608e-06
7.474072861605083768e-06
6.929641100573553237e-06
5.904645566157269123e-06
5.602498759414750939e-06
7.105846374185254246e-06
7.075334929648678809e-06
7.367347714747467438e-06
8.272542073734488144e-06
7.487690813199101798e-06
7.917279246680284226e-06
6.079652975365053188e-06
5.480151314878160411e-06
6.567720994192325134e-06
7.163030035049068268e-06
7.153944455086661875e-06
7.085558953668505554e-06
6.654202352037390387e-06
5.461867434602833759e-06
6.490601855009437441e-06
6.936013957417212724e-06
8.726238532070971197e-06
5.464366452403912321e-06
6.512108139849592538e-06
6.223690945653549334e-06
7.632055939793357842e-06
7.379071586096265562e-06
5.831020747838938417e-06
6.118568752510320729e-06
6.953208924198392432e-06
7.119835287461047442e-06
7.018666009518417274e-06
6.961479358755754187e-06
5.365421531098296247e-06
6.536191670207232383e-06
6.761193038461317123e-06
7.048417180795650441e-06
7.954316551014035993e-06
6.243471353342642800e-06
5.764926429779148031e-06
6.582247010797045631e-06
8.268686057217611928e-06
5.930307262671643847e-06
6.934808304722023298e-06
7.172183349133649276e-06
7.253448417860788404e-06
6.930983755486647373e-06
7.031374919431502617e-06
5.995333167149805974e-06
8.229149895433754517e-06
7.426997351488811304e-06
6.500601563532244079e-06
8.039227513236468095e-06
6.510574733722325671e-06
6.849428099377127427e-06
5.986914002975373670e-06
7.221792520684762623e-06
8.202264108106026549e-06
6.755105235059308780e-06
6.238738246394579408e-06
6.750984159931731223e-06
6.690761299664392176e-06
7.664351469131959130e-06
7.858463623298884138e-06
7.326977704980424454e-06
5.568282014893948292e-06
6.245814055714772393e-06
8.151141006849228106e-06
7.255253735341774627e-06
7.327433653359949541e-06
6.931287209913489991e-06
7.641887508690239155e-06
7.799769368374221808e-06
6.850388050712774990e-06
7.914769695261618710e-06
8.936437323250834909e-06
7.153115883164267091e-06
6.599653680806109610e-06
7.020722529135310396e-06
6.373491578479906625e-06
6.900459863334258713e-06
8.137355890916222922e-06
6.764385951689093861e-06
5.867679065083497470e-06
7.447780813861130794e-06
7.400301784645471099e-06
6.184516318227989021e-06
6.098521589917174473e-06
7.539019085518282343e-06
7.269165625189273675e-06
7.321074982034041589e-06
8.379144731881934632e-06
7.486906819945140234e-06
6.953656043034626618e-06
6.222995533383296981e-06
6.204406148489219243e-06
9.063569575585233052e-06
7.361496773016448317e-06
6.199677502661287128e-06
6.650380536677317624e-06
6.547978290905819202e-06
7.300210633433527484e-06
7.214320552746396666e-06
6.389054076907616359e-06
6.230064835510650216e-06
6.432918971529947177e-06
7.131658892902601069e-06
6.898117411544732629e-06
7.756803363213412940e-06
6.828411885811723895e-06
7.217481182035083747e-06
7.131055622571226697e-06
8.661714841675288078e-06
7.980733410584818179e-06
7.400868154483936224e-06
7.129333218504606837e-06
5.827196432199156565e-06
6.041451049063003453e-06
7.418275898634871742e-06
7.920721182596528249e-06
7.574384012599619581e-06
6.591298769650367126e-06
5.528071087207463251e-06
6.376306206934879695e-06
8.387354291213214969e-06
7.271394906487328872e-06
6.325836072554227259e-06
7.090908028005034822e-06
5.830626378994353466e-06
7.592706858595738869e-06
7.587284430856591534e-06
8.232570250678310800e-06
6.424777854580942007e-06
7.093176364842772727e-06
7.459179415900707793e-06
7.527943210458760879e-06
6.631634356225360597e-06
7.077915744288151258e-06
7.123927238607391669e-06
8.269817566204870572e-06
6.525611120585387367e-06
7.073490617090172025e-06
8.531508129927914982e-06
7.767599119471002675e-06
5.259540415097584934e-06
6.674999880670254660e-06
7.541283080427967357e-06
7.439597752192325810e-06
7.014173594219661308e-06
6.761127214424457724e-06
6.045531201639021951e-06
8.167219202289803333e-06
7.819969777314183620e-06
7.380737560456557744e-06
5.947555754448696895e-06
7.927200859212450194e-06
6.593495577823703969e-06
6.717973619379801111e-06
7.194620037006092980e-06
8.114261989911450269e-06
9.202192242102002443e-06
6.419182901976451965e-06
6.386492340704765637e-06
8.113413763300834930e-06
8.288301302702522113e-06
7.512583369070308811e-06
6.695051925899920475e-06
6.038895392179521133e-06
5.517164645915664487e-06
7.452617029534567002e-06
7.379182693003867778e-06
7.114938252122882148e-06
6.533207061488063422e-06
5.093029694946420955e-06
7.471784397652230850e-06
7.120592263935359479e-06
7.171851250532154249e-06
5.915212408089010285e-06
6.457528614738938245e-06
6.614397576643857097e-06
5.725066985719170386e-06
7.814928274160370646e-06
8.614678926633902384e-06
7.375907118784074429e-06
6.341027770000316454e-06
8.213291442657815817e-06
7.129743780060050927e-06
7.027310634694267030e-06
6.281478263398907144e-06
5.582759467641853373e-06
5.737536118877270817e-06
7.238089235835704955e-06
7.148604047142940632e-06
6.161093534055851470e-06
6.195236729129365786e-06
6.903789842406143058e-06
6.759967716415450035e-06
7.400617192379970115e-06
6.947373714587493487e-06
5.344161148295005164e-06
6.651956586587302860e-06
6.310335095709293849e-06
4.872405237479956369e-06
6.025622018338323165e-06
6.096701483232363992e-06
7.443630464477341764e-06
7.190162130009584868e-06
8.742913349390239733e-06
5.584481725091458541e-06
6.583210435898788118e-06
6.567231688398110732e-06
7.559131565951225006e-06
7.598759785650266464e-06
4.721402861572523460e-06
6.755848999069889691e-06
6.403480558103457203e-06
7.425176093136769632e-06
7.576107830906991874e-06
7.358248787893926560e-06
6.236566920109461218e-06
7.115818560276576698e-06
5.920171066564417388e-06
6.302022624515335569e-06
6.317234018387390306e-06
7.692765852978393005e-06
6.801685519292615279e-06
8.834438127825290025e-06
6.421213639748642086e-06
5.970984925879837197e-06
7.202325286119221674e-06
7.981674420141967932e-06
7.892189786226095556e-06
7.314462275611613341e-06
8.892293102488510307e-06
7.908372534525567911e-06
6.457716684050853297e-06
6.516574505457909984e-06
7.423007153438185308e-06
6.977023171094997873e-06
7.003245921494175281e-06
6.457207702406959492e-06
5.866110443676788135e-06
6.794981100247992402e-06
5.808421964476183922e-06
7.139407048841499217e-06
8.887428226478665444e-06
7.718177426270754211e-06
6.229618624134576004e-06
6.672394224043177575e-06
7.087090916487215002e-06
7.339972735924527054e-06
8.448256853251173373e-06
6.753491024162834733e-06
6.786553907457541089e-06
6.184285159993725792e-06
7.469512433386323163e-06
8.273530146902767236e-06
7.236499285576041625e-06
4.762528334041095718e-06
6.660575335685753018e-06
8.511009450490425823e-06
6.850956666967876028e-06
6.572713384951927004e-06
5.009951490289794850e-06
6.001459411011702066e-06
6.009896282028511667e-06
6.693848049613946731e-06
9.227837319010708547e-06
7.744605646118279553e-06
6.711591408648352476e-06
6.408424642827583957e-06
7.048457523660250867e-06
5.880415152929036292e-06
7.132496990755706056e-06
7.612412976386246825e-06
6.502790350435544087e-06
6.015946959113766749e-06
5.954862025826457816e-06
7.895201327760711468e-06
7.099839076294457515e-06
6.798061094002507090e-06
6.121512372851474102e-06
6.990341873646520314e-06
6.772392004271767087e-06
8.339027281569609624e-06
5.903020102505410511e-06
6.183184595758308432e-06
7.044503731908804668e-06
5.661183884886508588e-06
6.462853786136769835e-06
6.800625203474356873e-06
7.336032122248758324e-06
7.128190080273046376e-06
6.145272903571869972e-06
5.494361957290477487e-06
6.582838869572842628e-06
7.132244870392254615e-06
6.404517692485014941e-06
6.834573066069977719e-06
7.241247195825675445e-06
7.209869348644932981e-06
7.465420853517258317e-06
6.637975905818558202e-06
7.006495165777042506e-06
7.546370608394009629e-06
8.286098987670870411e-06
5.265398113162071129e-06
6.986210375481559583e-06
6.804496893906577123e-06
5.450530200892485603e-06
6.564467287459954160e-06
6.996941541603852862e-06
7.682695019495603189e-06
5.673773226818090538e-06
6.347329367296040239e-06
8.098978187700711870e-06
6.885573465959615879e-06
6.195109300912851272e-06
4.761922335342133879e-06
8.434241244665571991e-06
7.296905737392190997e-06
6.959996121396454695e-06
5.699001382771849583e-06
7.232226948538188538e-06
7.325924479801957234e-06
8.611984332425589380e-06
7.963193753540685635e-06
7.701033914142293524e-06
7.094404725475504272e-06
5.506749939462792687e-06
6.712891438433160997e-06
7.780799824157867779e-06
7.519118422970671646e-06
6.585007735458275587e-06
6.950005054172679809e-06
5.753578756766809479e-06
6.144479122703795936e-06
7.639798142593284252e-06
7.167272499939200563e-06
5.680357203030769044e-06
6.157060089223161262e-06
7.361016503411045350e-06
6.539579796320230983e-06
8.408495633179674940e-06
6.471319099445935869e-06
6.254405351261991767e-06
7.076899587220146661e-06
7.662775472767731707e-06
7.822954714657246052e-06
7.579599943833244662e-06
7.360620984129190503e-06
7.146648505512572231e-06
5.779813018571392035e-06
6.518254978237767942e-06
7.084081113657827026e-06
7.245931944710396571e-06
7.734676215545536275e-06
6.296976761584959153e-06
5.906504290515248667e-06
6.942471800166053404e-06
7.848361240216344186e-06
6.880859384382379150e-06
4.958537319788084959e-06
6.494830273263240974e-06
6.800704707975864314e-06
6.393657586478260601e-06
7.766514259054661833e-06
7.640022003829808529e-06
6.900107757498591850e-06
6.572984828976117403e-06
7.986432073073304854e-06
6.375172571654406742e-06
7.320882220479095340e-06
6.782072128048723397e-06
6.028933535748347031e-06
6.853418002784166347e-06
7.336329004623334228e-06
8.205130003602774166e-06
6.673112067968301328e-06
6.435718518038412630e-06
7.675009914367563556e-06
7.705844996635540829e-06
6.318210136606148052e-06
6.410445647479550831e-06
5.820228578231253437e-06
8.258934724409347302e-06
7.597427709018300066e-06
6.451028044735599226e-06
6.247460308815248372e-06
6.603880796814813297e-06
8.105851390728364300e-06
6.722046854198517523e-06
6.789699690649494611e-06
7.066668819707623294e-06
7.661517698430231617e-06
7.676731188434607279e-06
6.389399219217307995e-06
6.858936614048044271e-06
7.641901522284016778e-06
7.748407757882554419e-06
7.380346642658943230e-06
6.750757383193550321e-06
7.127470568708632752e-06
5.657592426438470098e-06
6.278688346545218582e-06
6.883938557351017507e-06
7.585020334068018944e-06
4.978352604952456438e-06
6.837962079359087533e-06
6.821961205702783931e-06
7.852043356501361022e-06
9.146219357952653305e-06
6.982989383704928792e-06
7.051921020502914589e-06
6.122936734554293191e-06
5.580082709249472388e-06
6.791687944217867902e-06
7.837203260962387479e-06
6.397013645512059541e-06
6.023719176747152224e-06
6.397620754089896518e-06
7.760064185586968877e-06
7.024566305550326311e-06
7.235666803651452182e-06
5.346698318302559348e-06
6.069201368596033517e-06
6.697015409147037183e-06
7.131965375725639509e-06
7.504045011929687665e-06
5.991430370875903836e-06
6.594143709004735919e-06
8.074237176250333696e-06
9.130149590079708919e-06
7.108149204776255666e-06
6.804411810424781817e-06
5.641422726470589016e-06
6.202758205312487438e-06
7.080969033311199326e-06
7.533224374272204035e-06
5.643524505016710799e-06
5.615659996011507385e-06
6.400932038576172515e-06
7.004537779210176354e-06
7.374604065997678930e-06
6.875459223530088107e-06
6.236030725598819742e-06
7.488680533932486271e-06
7.675492222462322001e-06
8.318472864585052314e-06
5.780451102603515888e-06
6.701412965669006349e-06
7.385741096949461536e-06
6.291893547111473186e-06
7.267749602412475437e-06
7.110742549780932647e-06
8.149611888733813232e-06
6.086219465658148887e-06
6.058464182720231670e-06
8.740302601989914275e-06
6.680428970221300355e-06
6.520306990590211087e-06
6.734925632062257247e-06
7.280590227680805726e-06
7.810553792010062229e-06
7.322143715303624071e-06
7.167943982434025717e-06
6.398276016105142660e-06
7.680486247662762802e-06
7.829439891625018753e-06
7.577135230969622279e-06
6.522887525279870069e-06
6.661319976573677317e-06
5.770508093242628867e-06
6.496325396700907236e-06
6.481796797054950899e-06
7.372379981570836720e-06
7.145494055476831011e-06
5.834481669117675849e-06
6.484416317402155910e-06
7.975546144613656537e-06
7.746305665393703841e-06
6.216669432136878186e-06
6.201639227724546205e-06
5.832171253933843287e-06
7.907268712513260128e-06
7.472891011600763792e-06
6.896136505699718350e-06
6.009737528962053251e-06
6.115209654989806272e-06
7.743245919300582408e-06
6.609578855364295588e-06
7.666952893256842981e-06
6.232626478077112994e-06
6.169824486801695385e-06
6.576056288566146088e-06
6.134883285078769563e-06
7.916208005500654745e-06
7.623636113008133396e-06
7.200831035543141854e-06
7.026547762197173830e-06
6.283227733694353516e-06
4.876992159026789211e-06
6.990297429350844969e-06
7.610903392246347536e-06
6.915816818807585507e-06
6.556044889815403137e-06
5.381938280841196080e-06
8.690708461980398874e-06
7.094030824233725376e-06
7.039442687161524360e-06
6.001125737656401087e-06
6.638504938163727199e-06
6.927983088870016392e-06
8.011152361969088635e-06
5.376366654375018172e-06
6.528415563589485652e-06
5.498337046989240744e-06
6.735747663544662878e-06
7.067101283809323207e-06
7.367996404203604373e-06
6.244857440192395813e-06
5.593400320852514933e-06
6.180374916199860182e-06
7.340257071442185577e-06
7.215455997404355037e-06
6.368722258583172616e-06
6.987538016691607758e-06
7.458448581533661641e-06
8.204346489576523583e-06
6.994134889698169781e-06
6.038540744143082782e-06
7.587951442802514442e-06
7.808416107694843728e-06
7.657088943344857759e-06
6.014410735611653549e-06
7.309891617575151115e-06
7.125474137914476567e-06
5.483155172522701373e-06
7.236437730254852881e-06
7.426114574895443916e-06
8.835071400644259961e-06
5.153311923074204759e-06
6.369222295247087161e-06
6.699329970960155514e-06
7.754710564088783712e-06
7.151155448721768200e-06
5.072169366558482232e-06
6.948370104630801756e-06
6.686770717760916432e-06
8.339227942428569510e-06
8.165242085437249701e-06
6.986296100169607513e-06
6.449910354124308799e-06
7.847917730318793142e-06
7.398752686494386765e-06
7.574070518909300912e-06
6.782655938910542972e-06
7.333947998793132893e-06
7.604910621175259705e-06
7.831072512067451454e-06
6.951473517557010377e-06
6.832718476418934375e-06
6.974652922407394486e-06
6.805492153342897694e-06
7.595816510345668366e-06
7.588414667516004004e-06
7.645740323261296289e-06
5.464806204752512353e-06
7.138574016721768964e-06
5.837431380238915930e-06
7.670635587496029597e-06
7.703561869958246559e-06
6.123435880045585860e-06
6.448299057496924608e-06
6.450507907089103948e-06
7.027385843396771665e-06
6.604547105456187511e-06
8.206750743249468646e-06
7.414666672739114748e-06
6.094698298493643848e-06
6.517042584137357324e-06
6.145625023094723594e-06
7.489038934696962203e-06
7.940450905511640652e-06
7.035643546472816564e-06
5.074927906318482386e-06
6.754562329190583815e-06
7.625468287444889586e-06
7.100779520206218734e-06
7.219586708790423135e-06
6.692656673967079702e-06
5.539096949816295695e-06
6.070395336614590547e-06
7.251884256399390048e-06
7.274677028225531934e-06
6.076125608197643151e-06
6.311221346008921754e-06
7.183625949209251159e-06
6.781316927482751050e-06
6.242069359920394729e-06
6.978219191612455011e-06
7.868669363079598732e-06
6.414702674739470701e-06
5.415126564958310472e-06
5.880886167591158058e-06
7.583836769862117756e-06
7.342589483900611888e-06
5.968272754827491206e-06
5.845639827596342681e-06
7.445201456394634005e-06
7.107152418810161061e-06
7.653157879229662862e-06
6.008600447262529376e-06
6.351314541175672716e-06
6.734003234809349199e-06
7.542284835644246404e-06
6.806372045450391016e-06
6.140735870486414833e-06
7.150242919266059933e-06
6.954849317105799452e-06
6.851001269747958442e-06
6.439739562912608211e-06
6.186328455809189158e-06
6.933393121103424742e-06
6.978726499205205036e-06
6.079841059703982399e-06
5.939195480213384904e-06
6.542514691534049689e-06
7.179566914133403337e-06
7.184129170246922918e-06
7.248660029615629798e-06
6.517876397920961694e-06
5.221749402534512277e-06
7.263324646394167865e-06
7.523003423552075787e-06
5.930459970290825868e-06
6.588494478753563055e-06
6.585523828547680837e-06
7.493082651619796190e-06
8.069446494657442912e-06
7.210720764164474095e-06
7.055046900942308575e-06
8.708100960419293794e-06
6.003325340581810620e-06
5.811067216019174941e-06
6.771874741554107012e-06
7.965281538705811743e-06
7.272778747767654254e-06
5.862454285245711832e-06
6.853300328370927179e-06
6.464379766603494853e-06
7.383318866920482282e-06
6.905167372225515098e-06
7.432145563881367177e-06
5.727531528207564391e-06
6.063379302241816820e-06
7.062097968855522701e-06
7.100683193928707214e-06
6.400847126743404226e-06
5.319196226531796407e-06
7.025241400206071605e-06
8.204016875115301564e-06
7.148700550841838450e-06
6.957333603907881568e-06
7.017162547751034579e-06
6.634022403271699778e-06
6.047011182498232391e-06
6.108659336662162436e-06
7.863310609741695512e-06
6.048076347231803716e-06
6.739180444975400362e-06
7.045553140659714778e-06
7.563948899381797713e-06
8.028996312181222573e-06
5.281473455586566203e-06
6.242122948562374549e-06
7.095176169642567356e-06
7.809347925615588840e-06
7.557046079068757681e-06
6.278043955212557161e-06
6.168477346926300922e-06
6.168969646445840811e-06
8.518353940594201911e-06
5.149564882263755138e-06
7.211811567867720307e-06
6.964885259616345225e-06
7.859771764811043546e-06
5.773588466529703449e-06
5.929953223058625072e-06
6.565830961928665605e-06
7.980974925310991430e-06
7.111046114492363700e-06
5.434853183102671772e-06
6.576236022015298519e-06
6.568013394037921386e-06
7.470961466593698841e-06
7.604484064278205003e-06
7.313968170691608468e-06
6.418857236210157297e-06
6.224744629573218419e-06
7.021377613153970494e-06
7.800053817354799811e-06
7.410380516156083892e-06
7.019599997877650204e-06
6.492856914493739214e-06
6.275979249071708256e-06
6.902125958023630407e-06
7.584440868033585899e-06
7.938152917860847910e-06
5.520711157169055980e-06
6.387793395685415600e-06
7.790738501894424879e-06
7.535192771781365458e-06
6.208792489849787420e-06
6.936951566499807558e-06
5.374728746055814664e-06
8.249732663326150441e-06
7.820721015274697903e-06
6.590644232857877926e-06
6.054854157530145087e-06
6.467377494479115718e-06
7.653647228961637866e-06
6.783465857912282926e-06
7.504260182482209150e-06
5.830504857390892636e-06
5.198615908459265690e-06
6.390388854269459242e-06
6.941652799338174887e-06
6.620874429021177404e-06
7.849068454449059675e-06
7.297647135833516637e-06
6.720510837535608257e-06
6.710604845843614603e-06
5.799108126581764387e-06
7.390663747673033871e-06
7.556428825117985800e-06
6.814797883321664580e-06
7.344136539404765073e-06
7.013226979091378517e-06
6.539202981763615149e-06
4.508529953012064112e-06
7.373961111643307232e-06
7.287598887800592878e-06
5.711907088095911854e-06
6.101349702522264860e-06
6.512366101263072617e-06
6.871383900481172753e-06
6.301630587596133358e-06
7.056241632007384987e-06
8.244983342786583352e-06
6.460037008120403590e-06
6.176638824413126438e-06
7.531674860453311808e-06
6.944632595924954200e-06
7.077223687168989671e-06
5.987618783062476426e-06
5.977771110908703922e-06
7.387373618069043776e-06
7.442140950822107276e-06
7.849912944929644446e-06
5.732343146498200819e-06
6.249705530486243507e-06
6.544518043862800568e-06
7.797923422865725231e-06
7.057492415089721853e-06
6.081919789365274333e-06
6.657467781055823826e-06
6.685764099215927234e-06
7.042120201512847743e-06
6.408102806225712167e-06
6.479587912086212665e-06
7.361964718100900374e-06
6.046704438896383058e-06
5.706225283548527544e-06
6.666059461923525760e-06
7.314666847651581097e-06
7.156376728533954394e-06
6.871834672900457425e-06
5.249558694250150831e-06
7.049678683329331803e-06
7.267774063514651863e-06
8.631659323594755004e-06
6.199031799050734002e-06
7.004083571041266815e-06
6.594719397254972690e-06
7.820857645074679018e-06
7.487904643397605660e-06
6.444112653428369026e-06
6.761913642213313119e-06
5.934682036303819457e-06
5.792376668639976035e-06
6.240488310795299519e-06
8.054176999384868055e-06
6.794310219118875374e-06
5.568577226236867372e-06
6.591552484362783924e-06
6.715458098246133962e-06
7.152941274427129236e-06
7.825300657492982083e-06
8.561779236281787938e-06
6.305402707242364489e-06
6.888457625634266857e-06
7.578104614929414026e-06
7.592545537156129407e-06
7.611456272858833467e-06
6.716407194016940897e-06
5.872898120893165839e-06
7.519580605985986819e-06
8.014167049385932429e-06
6.445442777179735950e-06
5.532049856072075035e-06
6.417215392160462007e-06
6.758430468445531223e-06
6.705796855405366622e-06
8.528458133082494465e-06
7.875790977801340424e-06
6.788295930780527451e-06
6.587661184477861534e-06
5.927972477295359371e-06
7.473594365431089478e-06
8.724236913462953281e-06
6.900593745355123770e-06
7.137600883463623473e-06
7.685248879809964756e-06
6.755686786532164219e-06
7.509007162772549058e-06
5.971175178733275637e-06
6.067869429453110876e-06
6.365586900604484220e-06
7.052515490906624146e-06
7.270111554866913924e-06
6.130284257379643081e-06
7.131330223764120136e-06
6.715177022691518088e-06
6.628110889065637555e-06
7.359888537799067023e-06
7.643961682144326491e-06
5.906281958155392092e-06
5.702870200154046881e-06
6.034421316745486418e-06
7.239687094721961219e-06
6.968954076724183060e-06
7.199000135465406683e-06
5.579058908435003186e-06
6.148706280674617708e-06
7.108825482507976166e-06
6.782081195509184869e-06
7.883247568735781037e-06
6.011757953982454060e-06
5.908428909170826839e-06
6.479970457203992307e-06
8.510643841643502356e-06
7.002683271677894738e-06
6.700607299750810177e-06
7.209309438156438819e-06
6.884115413263453275e-06
6.924540253872929871e-06
6.539208523683681483e-06
5.959573178556476488e-06
7.221941596435896662e-06
7.532285064971650869e-06
6.119464429096488969e-06
5.804373244862685053e-06
7.487338961075088265e-06
7.663084398138881109e-06
6.982567059979155590e-06
5.856569656826953192e-06
7.723991522817074692e-06
7.811833782608641711e-06
6.526677686637829645e-06
6.458998245219770110e-06
6.621422866456967898e-06
7.538339230487522203e-06
7.890482351622987779e-06
6.985305994651542183e-06
7.109524936526658938e-06
8.549886495081509036e-06
5.876390399327763401e-06
6.955525935483022548e-06
8.272908480880103099e-06
7.118909208175802625e-06
6.732827981140304132e-06
6.445881891535915248e-06
6.811126702821511400e-06
7.505488644446545037e-06
7.409469657843736613e-06
6.710643242183630513e-06
6.613517060238197443e-06
8.065793293114049649e-06
8.446844734611589153e-06
6.032595581783250961e-06
6.396563126287772829e-06
6.872864589690713929e-06
6.091012733498630641e-06
7.210344264430473870e-06
6.802228962785566828e-06
7.893545336670517237e-06
7.980426873079120751e-06
5.519753464481228888e-06
6.833231420007546335e-06
7.159600826083517719e-06
8.625699170712594009e-06
7.904253707229362720e-06
6.473251258126368352e-06
6.265191839957571913e-06
5.474343513702056503e-06
6.918118889004260686e-06
6.309194862055178141e-06
5.562619070740588691e-06
7.610432316299175351e-06
7.744125033382025163e-06
7.170813574462846252e-06
6.192981816199189897e-06
5.708027716604211875e-06
7.745427913875958619e-06
7.204569940543145722e-06
7.305827338056734544e-06
6.010326595097316347e-06
8.658704264848999765e-06
6.530645828383866442e-06
6.707170320104332266e-06
6.281323579001555562e-06
7.611540559816445051e-06
7.481441592871455614e-06
7.348293244897225651e-06
6.454572688524120300e-06
6.774932848217536556e-06
7.101667979872293281e-06
7.151264144574937156e-06
6.490133957952635254e-06
5.743388243842745008e-06
5.883188575633289702e-06
7.335856966255491710e-06
5.455991973196068160e-06
5.352737319750976839e-06
7.119181170635540304e-06
7.072220502440316382e-06
7.141399658353106185e-06
7.107442904227462772e-06
7.886495835848201890e-06
6.601338590270060597e-06
5.515928236258935782e-06
6.082855201761111028e-06
7.556995687789701467e-06
6.425949154884166839e-06
6.591146346067570858e-06
5.907941316547844986e-06
4.811388380456175515e-06
7.390926676139938770e-06
8.369739605415686586e-06
5.545856513849301124e-06
6.664284100929142845e-06
6.824175539108752383e-06
7.757069305762852017e-06
7.266441211974847779e-06
5.680781174136991057e-06
6.958552609878502019e-06
6.639797563681870091e-06
7.341067156153586321e-06
7.952571437562575075e-06
7.722776732638128228e-06
7.183527005210820087e-06
7.247867025054951068e-06
6.122995632404256539e-06
6.251298772156185218e-06
6.373738642288016455e-06
7.145339688448091424e-06
7.338071864199453914e-06
7.923254245993284150e-06
6.917562966605036664e-06
6.429282360520423787e-06
7.186219739570737195e-06
8.188960705249944961e-06
5.727798747758796928e-06
6.575614127266335414e-06
6.738941198527291267e-06
7.372865834684724182e-06
7.849891019924413365e-06
6.909303177916609133e-06
6.698724580252433325e-06
4.968601718551148080e-06
8.896019116688999817e-06
7.440804785706322852e-06
6.586267014072147655e-06
7.842278898297609866e-06
6.928890019306411797e-06
6.217492026684494797e-06
6.884173349372192075e-06
5.905033437127105192e-06
6.848218085111206310e-06
7.731210568374806988e-06
8.147469703885308910e-06
6.733701020895265861e-06
6.862838589001438976e-06
7.304786321475509646e-06
8.410933919174831119e-06
5.688037881406580143e-06
6.880114591822803234e-06
6.607240563194756486e-06
6.946522422722827979e-06
6.292016136589081923e-06
6.415145345063056789e-06
6.698969026003352370e-06
6.856027045869435106e-06
5.640046797132305306e-06
6.130585540342750897e-06
6.931971074467766929e-06
6.663797733402961290e-06
5.535610241051713243e-06
5.757409220038956017e-06
6.799351520290676266e-06
7.006403608938602202e-06
6.837948072750865164e-06
9.105278452534923395e-06
6.373006772026469157e-06
5.498263685411806059e-06
6.919173279111202635e-06
7.763225346090383384e-06
5.714188103474277468e-06
6.904923707221004739e-06
7.072262839561477404e-06
8.267624566162306559e-06
8.072427558428955496e-06
6.711792874323531896e-06
6.930345100695912180e-06
5.390793526933951801e-06
6.506673264247726113e-06
5.438840724520286860e-06
6.511557789430488113e-06
8.312707662748878025e-06
7.065958934045601807e-06
5.995719652635864846e-06
7.156868483860160427e-06
8.866582921738076702e-06
8.168362987659495721e-06
5.986503413107177386e-06
8.567813515828585788e-06
8.074235357332528151e-06
7.130213475666153938e-06
6.786673112149265465e-06
5.911059994556444289e-06
7.253780283798909255e-06
7.922863419439518152e-06
6.756894623671349980e-06
5.203185058896061133e-06
6.606057944824764519e-06
6.309663062655338345e-06
6.828934219885067794e-06
6.590620607269193796e-06
7.716048654940374282e-06
7.543261508305717882e-06
6.713679445222573644e-06
6.984374809093773311e-06
6.016817941357264418e-06
8.879228543268910445e-06
7.371156766457234227e-06
6.828659335749091295e-06
6.151161348392932282e-06
6.897786730792098821e-06
8.013707660475040084e-06
7.527147666463146826e-06
6.417671750874002260e-06
7.090657260093817482e-06
5.932913670311266203e-06
6.245665945788170725e-06
7.014451190632055671e-06
7.537409000828430905e-06
5.742349152080953116e-06
7.252461534457440175e-06
6.385035959811867062e-06
6.818704860726062123e-06
6.300602606636949085e-06
7.036825554593087665e-06
8.646773172383289649e-06
6.797815636574487310e-06
6.501806371657019399e-06
5.984701588723156812e-06
7.181539480530991234e-06
7.436990636398264333e-06
6.950621070136941916e-06
7.452510538530572240e-06
5.853868224507180364e-06
6.093397597286872735e-06
6.441979028623249442e-06
7.029559069937913726e-06
7.498385798372567875e-06
8.254952033764857743e-06
6.686109755372681949e-06
6.972491212796639189e-06
6.382663352230563152e-06
6.063318556096054393e-06
7.929876118882642279e-06
7.355784925779969325e-06
7.571068180010168214e-06
5.913242254500835070e-06
7.728222446643592017e-06
7.614327470941145088e-06
6.454936221886033539e-06
5.892586736802380207e-06
6.702903685371426006e-06
7.998075548115876171e-06
6.980524109801331725e-06
5.966422922423882489e-06
7.189750165240420699e-06
6.442434552601501297e-06
7.338470302919843235e-06
8.535765307137134757e-06
6.722551112368238599e-06
6.864531316437504987e-06
5.725110361101733141e-06
5.074958579433553281e-06
6.840757124403309347e-06
6.356182689407272510e-06
7.188881482438831105e-06
8.571623757282483699e-06
6.517396093940107226e-06
5.126132058424388883e-06
6.954222967543548917e-06
8.267861781902182655e-06
7.647959611295937648e-06
6.158564065284554135e-06
6.799656261685142013e-06
6.673691082492761199e-06
7.581941574141912351e-06
8.248080093223638255e-06
6.306724316261122274e-06
5.883511790641991968e-06
8.154199346872349660e-06
7.702017557695386272e-06
7.195211303974889369e-06
6.611127567707613709e-06
6.549887715583451725e-06
5.833144124486905532e-06
6.486545694569248932e-06
6.589942682981715244e-06
7.489383689854415098e-06
8.143201970484934376e-06
7.621130135257846482e-06
5.431258114186192544e-06
6.890071920829878093e-06
7.393118307884104207e-06
7.807428353959394230e-06
7.286602376300967723e-06
6.828341525944498577e-06
6.300734306891246601e-06
6.494347466571591216e-06
8.148773000175220743e-06
6.582574368502319830e-06
6.238907186874605686e-06
5.486302458623203341e-06
6.546304602004227408e-06
6.978608527968445481e-06
5.849253567219317866e-06
7.613642284477800177e-06
6.751861647447356212e-06
6.721578240812303744e-06
5.533180085390254644e-06
8.643689003574578825e-06
7.598261618741943322e-06
7.319376653367601792e-06
5.761786595937628431e-06
6.987989642878081959e-06
7.541248581497055710e-06
7.326073881317649695e-06
6.941293076433067420e-06
6.458525974273174548e-06
6.201078100307851988e-06
6.886366858568595952e-06
7.039099988069869666e-06
5.705934223157571025e-06
6.045055234401544410e-06
6.254914951662095748e-06
7.230449829275896066e-06
6.382069275977022742e-06
7.578208731258527311e-06
7.164687970282187726e-06
7.817371588290570163e-06
6.680336352564538947e-06
6.203292069623517361e-06
5.518284476932255661e-06
8.222615154308936179e-06
7.378807138021535638e-06
7.444607776814254561e-06
6.683969303390748166e-06
7.264532733621264483e-06
7.216671838470484866e-06
8.173469149403649709e-06
6.066020605940806399e-06
6.279370516989238508e-06
6.851735217906965752e-06
7.340142874047221793e-06
7.272714847828064510e-06
6.785489975608027602e-06
6.618026753048213065e-06
7.243784245905424352e-06
7.608705608000569742e-06
7.245017044905464329e-06
7.374666901663168341e-06
6.961539736366765592e-06
6.230986097210917135e-06
6.001263331025447946e-06
6.375097332130216301e-06
6.400346075885096812e-06
7.453612899264332280e-06
8.057385437500508949e-06
6.266097792988099149e-06
5.869723430201416357e-06
7.384983894012026003e-06
7.602711507690145918e-06
6.357804408734497245e-06
6.753313453548578121e-06
6.551210972786660299e-06
7.961979681557251591e-06
6.089923954621224330e-06
6.171892547419063946e-06
7.707889693427719577e-06
8.588389119487900962e-06
6.226936534563759096e-06
7.704988895684885408e-06
5.565520739003578996e-06
6.363641396828245089e-06
6.932395532299453460e-06
7.557483843985896380e-06
7.597332500322913344e-06
7.279356988750717216e-06
6.667563966260704311e-06
6.406720240856800662e-06
8.155655903928249353e-06
8.291110966277195221e-06
7.255900171566302665e-06
6.714908223012080959e-06
5.393877826304077169e-06
5.535173094116168854e-06
7.205842496405365932e-06
9.017065420152373556e-06
6.371431843053145487e-06
5.905048263275368352e-06
6.116859243800129665e-06
6.372072373213964752e-06
7.558404654904319975e-06
8.069589329720833865e-06
6.162555290581114896e-06
5.372360245069179836e-06
7.769822308179153136e-06
6.882356524989806073e-06
5.287810637525228138e-06
6.812422915896816036e-06
6.575148375653236666e-06
6.254920773833264321e-06
5.766653657492034784e-06
8.977232545825115969e-06
7.074939538835771512e-06
5.518616484300740806e-06
6.145071725066062288e-06
6.968017999191541886e-06
6.794973873870741973e-06
8.571832835559217533e-06
7.551616509908809074e-06
8.062325997086791280e-06
6.832438380915422283e-06
5.021175805270226059e-06
6.626013179400494346e-06
7.682647691187309720e-06
7.624436966633075659e-06
6.759585383928568830e-06
6.939826782684151885e-06
5.287121269514818713e-06
5.824609410554550922e-06
7.197357013379336645e-06
7.183280007350762601e-06
6.573159556603251203e-06
6.561177964866068391e-06
6.186926390347149063e-06
7.341303153764238252e-06
7.134301326187941760e-06
6.277774821623532600e-06
6.095375341610666211e-06
6.927737319170427400e-06
7.474354589410331857e-06
8.223849877366652103e-06
7.318363577860641808e-06
7.481414033084276007e-06
7.377916385658641546e-06
6.386831635608123994e-06
6.347066166026175918e-06
7.441153885600279030e-06
7.318262222581094519e-06
7.755068992856542422e-06
6.379978469932287280e-06
6.570589612221022492e-06
7.697251642267564686e-06
7.293409824273714014e-06
5.879068386320447443e-06
6.253453392292849623e-06
6.997000266075569738e-06
6.868095717696391492e-06
7.736698357216129611e-06
6.575386758591865335e-06
8.641280386052728186e-06
7.733556080084088224e-06
6.891092058471436265e-06
6.645936003436029293e-06
5.035437107878879829e-06
6.711866715343317405e-06
7.397372474100791408e-06
8.422768398695635960e-06
5.643076354267190409e-06
6.683673073630196857e-06
6.572646797053836359e-06
7.056147037628131188e-06
8.043550418193459657e-06
6.382674640260345967e-06
6.525508494309960836e-06
6.410532252925295794e-06
9.012718832827996555e-06
7.511188110524591685e-06
6.852690449549071348e-06
6.392609118567909164e-06
6.816239134031689975e-06
8.367121907124106274e-06
6.611816558327603634e-06
6.771702744535040752e-06
7.434396258740509347e-06
8.136597945364872794e-06
7.973294783307506619e-06
6.715683545320221496e-06
6.784495335200948960e-06
7.988124981865176076e-06
7.668931960870341877e-06
7.487340544263761809e-06
6.770146342244098335e-06
7.006213598900673350e-06
7.141024506781017386e-06
6.553731027754143538e-06
6.879016145377423618e-06
8.776891571041853387e-06
6.978252975862550538e-06
6.839865978152544259e-06
6.216829062106366264e-06
7.062513475765764797e-06
7.490653403669373477e-06
7.795906396255860795e-06
7.596764010350406036e-06
7.557190325423860148e-06
6.889536306820669097e-06
6.325661399697878603e-06
7.432617078099522250e-06
7.496093062889975541e-06
6.663501462384503229e-06
6.176289234356312211e-06
5.863240608591375494e-06
8.033377674110649754e-06
6.849301230373737429e-06
6.868905214600279610e-06
6.253726018713880305e-06
5.944814257248168554e-06
7.615285335564779988e-06
7.282523142230908415e-06
8.609102231277945838e-06
5.827399683814912728e-06
7.079163048659470758e-06
8.277952221171660957e-06
7.489805563662836967e-06
7.375110884851909323e-06
7.050605123570128499e-06
7.668823441992042412e-06
6.715245933246344458e-06
6.397325833765179644e-06
6.381814270712801863e-06
6.889201185022307035e-06
7.339878484081955630e-06
6.225095400082051400e-06
6.374342326534040419e-06
6.875578081120105331e-06
7.370185182368388183e-06
7.346301519251007602e-06
8.094892318421193563e-06
6.452550755091509249e-06
6.519371147235914183e-06
6.869300602580682473e-06
9.067872346179223160e-06
7.501732078869399066e-06
6.348335855978024051e-06
6.455215949275643776e-06
6.774777623724939666e-06
8.157827615487653772e-06
6.014174912068311934e-06
8.179973302255601892e-06
7.735787884662312215e-06
7.570990106337587014e-06
6.626793199480641454e-06
5.320474440029131748e-06
6.911080958040353871e-06
7.528526073183580023e-06
7.375206436562699418e-06
6.092921704579191489e-06
6.462768955804369084e-06
6.745792811536443047e-06
6.845365844736386632e-06
7.924020652285099242e-06
8.942210218810729244e-06
6.620260681760544053e-06
6.733793286911582162e-06
8.358430909066006404e-06
7.808263988924179518e-06
6.806432257622773540e-06
7.003217761772220963e-06
5.973700686647358724e-06
6.843979713841245623e-06
5.500412419350229639e-06
7.250404802283100773e-06
8.274045471041327783e-06
7.661004995252531456e-06
5.907704084975631381e-06
6.711543900712564385e-06
6.930887055688441430e-06
7.113989291085724181e-06
7.881016834020674686e-06
5.875453724885734904e-06
6.419407865118421928e-06
7.042377167594513348e-06
6.566933025605452814e-06
6.654764044652603118e-06
6.601303525664854570e-06
7.144946014620423078e-06
8.564871561961952880e-06
6.721446469949815777e-06
6.493801740406281411e-06
5.384004032622437765e-06
7.716735039092799132e-06
7.037263499709375898e-06
7.190718222327862591e-06
8.122139599623045980e-06
8.077029354720588177e-06
7.054253398188330250e-06
7.147830346764196678e-06
5.338493607476545821e-06
7.543977109083636007e-06
8.813157306468005702e-06
7.549062517561547845e-06
5.965402869347722079e-06
7.011183154015256313e-06
7.749455200477595499e-06
6.949632459193060441e-06
7.628327658683352768e-06
6.022279946836811610e-06
6.407863383207609400e-06
6.637026950456355810e-06
6.472868646894473016e-06
6.184454975927598990e-06
6.224164675272991441e-06
7.711336560371284007e-06
6.686482489369850755e-06
5.052028598576315134e-06
7.404347249949920522e-06
7.056022162272919525e-06
6.527589705879229738e-06
6.179043158931435235e-06
6.079179886330266036e-06
7.525934746786783345e-06
6.979995064735508323e-06
7.010060201438706277e-06
5.566919722806075708e-06
6.000695544272802130e-06
6.376183709469897588e-06
7.315733854095402473e-06
8.077611993467320945e-06
6.551458651924560086e-06
5.405286700847309269e-06
6.874750199920901097e-06
7.165635654007187503e-06
7.006744353507405381e-06
4.826352591981437321e-06
6.252305030560088762e-06
6.953772429202157184e-06
4.972744716661294556e-06
6.225691750400533392e-06
6.527882556769632387e-06
7.547654710961494201e-06
5.300074117021188004e-06
5.961142032516981888e-06
7.543519564390277306e-06
6.810334764183236249e-06
7.784909556384470938e-06
6.651935625675003684e-06
5.867315921169716788e-06
8.414286414186763257e-06
7.424657801389952750e-06
6.576933912971154470e-06
5.863769812840149802e-06
6.124062628483603202e-06
7.824097332373053889e-06
8.172125761394866250e-06
6.442226839580760065e-06
6.333324036327285423e-06
5.905302114005242993e-06
5.351243142301053841e-06
6.376913230424568292e-06
7.000934802265036608e-06
7.651940220979076230e-06
6.925039459219119661e-06
5.957508709923432212e-06
6.744340627241583165e-06
6.657825202314990126e-06
7.105023821147440975e-06
7.482490857007753859e-06
7.538664835010179587e-06
6.891726554877058563e-06
6.116109634170078063e-06
7.851579677770257246e-06
7.996952635089376449e-06
7.083228086978659145e-06
6.586112293976816128e-06
6.847415376321164985e-06
7.028518862755695421e-06
8.409278797816120647e-06
6.382375989457137026e-06
5.988675643862551219e-06
6.352822133262925916e-06
5.722250193856535277e-06
6.706993441760153348e-06
6.430461898950218660e-06
7.645113275975800438e-06
9.523923443597901930e-06
6.517156623215436827e-06
6.594072498061281220e-06
5.713018267400379412e-06
7.921246821610717509e-06
7.611747365127107544e-06
6.885781430333338779e-06
5.824993025318684001e-06
6.491557356248242196e-06
6.701698614872520154e-06
7.184706425315199509e-06
6.511439083909470745e-06
5.685334647729840451e-06
5.980982487255347923e-06
7.184318357304245310e-06
7.347559041705077570e-06
6.156633856338493475e-06
5.505972946724680099e-06
7.833872271745655354e-06
5.512432719483564061e-06
6.809062572436887655e-06
6.270239271795947079e-06
6.629755282104825225e-06
8.053031054801614206e-06
6.700339779926187774e-06
6.078489952812897825e-06
8.583880358332641056e-06
6.447323072725490420e-06
6.654410904147912213e-06
5.953608988275411116e-06
6.961873653434403632e-06
5.821181673280019105e-06
8.703039935640526379e-06
6.440262497808071759e-06
5.184089892439432454e-06
6.395547809652650008e-06
7.141928466618841314e-06
5.711685830967340784e-06
7.349434402841125270e-06
7.236072645753034137e-06
5.418079757833268661e-06
5.792853892133861783e-06
5.709106882340739629e-06
6.037088843477136678e-06
7.042923421052020620e-06
6.956079540176398940e-06
7.105022267100028810e-06
8.725760773294972728e-06
6.640936313651742017e-06
6.262569675426614265e-06
7.467022782481806412e-06
7.857134106489593056e-06
8.026871615423575150e-06
5.801455354832967010e-06
6.795718312919309784e-06
6.736255037472781226e-06
7.534043875676831217e-06
7.800749750458067756e-06
7.277899279637458202e-06
7.360868559533631699e-06
6.280831606223602037e-06
6.044866801750131200e-06
6.634010443198596413e-06
7.781912649029516153e-06
7.497288892960799775e-06
6.237735591477368761e-06
6.182482114875308405e-06
6.894712165326641535e-06
6.491608442741565221e-06
6.891102265768352092e-06
7.014458319169879687e-06
7.746566791455236165e-06
8.143241985027251128e-06
6.695455765292786300e-06
5.286679198678772246e-06
8.435973530065818385e-06
7.582263623530152934e-06
6.953346176946500650e-06
5.978811324358127474e-06
6.596053027348589854e-06
6.628245239712163079e-06
6.575613473662629900e-06
6.065760745806009259e-06
7.254390780576836599e-06
7.163423995058910087e-06
7.257830776413341103e-06
6.710083025001590805e-06
6.555073753737028893e-06
7.854367696737818479e-06
7.585625976751995902e-06
6.996726961714666407e-06
6.378487573732315596e-06
6.134609806622536913e-06
7.376949777719669774e-06
8.124789487222208289e-06
6.874282652205599191e-06
6.300736585134329815e-06
5.882833660618027795e-06
7.303061878884159671e-06
6.261762295718759167e-06
7.811781157738141405e-06
6.861099918835812475e-06
6.815682813870554247e-06
5.880503083200232794e-06
7.923494866606198018e-06
7.894790287226282539e-06
6.098332680048395738e-06
6.721164425161263358e-06
7.592131899745892452e-06
6.442983882400896201e-06
7.708277114355957285e-06
7.201119646192828616e-06
6.238334043174498937e-06
5.333234526347973965e-06
7.317363829323398448e-06
6.717893003595611346e-06
5.353868112499850286e-06
5.950649917374293650e-06
6.963469623514093875e-06
7.132033508850011611e-06
7.631162784133469930e-06
7.640434960161875108e-06
7.213720112613997422e-06
8.783201588844284614e-06
6.350975013030137159e-06
5.747530329306226801e-06
6.457511946898516811e-06
7.667963876943016113e-06
7.034348817882292478e-06
7.403407215635561584e-06
6.588537893193540068e-06
5.883221932126031087e-06
7.285292902845249336e-06
7.330682991184027005e-06
7.577455781651658319e-06
5.965809383257790627e-06
5.008190806429449589e-06
6.570239952249169439e-06
8.279455170659857195e-06
7.045008954720690753e-06
5.702623760244087837e-06
6.939866247513868945e-06
6.070490415980593322e-06
7.063733120468441928e-06
7.771614169213525460e-06
7.992704768906775108e-06
7.741138811472134213e-06
5.459254041791419324e-06
5.329398401147720620e-06
6.602447553819238946e-06
7.203439086214030874e-06
7.080492745572447372e-06
7.761235916967633249e-06
7.059804693867866276e-06
6.233879852940362332e-06
7.496495403112068051e-06
7.189236262983170795e-06
7.151031604960385959e-06
6.689015292244693233e-06
5.345260560801497688e-06
5.909361392874299193e-06
7.135274574955484071e-06
7.169657794701794899e-06
5.931960786187181543e-06
6.833918226411169019e-06
6.968999083644100645e-06
6.835740996554984984e-06
6.174914154584286976e-06
6.482441271356515607e-06
8.606509281543642465e-06
6.267809885278453307e-06
5.521755046481135039e-06
6.058148673753493747e-06
8.114471850860708441e-06
7.197122835928540409e-06
6.917554060367440627e-06
6.151638779336626839e-06
6.518818433768477004e-06
7.520958975208998196e-06
7.329847993170437037e-06
7.724673439672798930e-06
6.388793598059473993e-06
6.156540236008549209e-06
5.756939008215801906e-06
7.807086832920680615e-06
7.275681384764306505e-06
6.145512476706456619e-06
6.397246420746732987e-06
6.596084522630300734e-06
6.866758845478243854e-06
5.631274874722083621e-06
6.128250336955292752e-06
7.133113635668038749e-06
6.594721297107617449e-06
5.426721490821649794e-06
5.190883814158182215e-06
6.484348939763475346e-06
7.042858445300794819e-06
6.794352281182728431e-06
7.496000398762580225e-06
6.964012328931119160e-06
5.865963827206269891e-06
7.040700670499111077e-06
7.668807376930755195e-06
8.475306282519091126e-06
5.776507029746721023e-06
6.373450329935700112e-06
8.386418347506509221e-06
7.415941963938646633e-06
6.817520707647999046e-06
6.943187234561145704e-06
6.052424449497515734e-06
5.826803924693721781e-06
5.598155560975217597e-06
6.382702419983314076e-06
8.154845570110917449e-06
6.981270926493172402e-06
6.400519170007395275e-06
6.545959802009917236e-06
6.848140475555280170e-06
7.335218387178615088e-06
8.228245298575229439e-06
6.640944907168688914e-06
7.720263908190135558e-06
7.141020750087739904e-06
6.484030971138196703e-06
6.702445384800140222e-06
6.141445451676003438e-06
7.287434325784016866e-06
7.527639073821613811e-06
6.285644451009344469e-06
5.853713391014748052e-06
5.975580355602781687e-06
6.750948057835307652e-06
6.774232915883824192e-06
8.759813789793709167e-06
7.534865051904231407e-06
6.829632779899740645e-06
6.224675422263029016e-06
7.614433269963542095e-06
7.443488415672038460e-06
6.906750332601601256e-06
7.859346748068435218e-06
5.972843103202717841e-06
5.842753132174651434e-06
6.397932637149818840e-06
7.477433030342820004e-06
7.285029493513098539e-06
7.456367041402441940e-06
6.232065532543945842e-06
5.623582730389091855e-06
7.008213672819715842e-06
7.156396982122096473e-06
5.725449733313138919e-06
7.838878236556776633e-06
7.273042998139768045e-06
6.695111636792923563e-06
7.898950467583128914e-06
7.240798334040158975e-06
6.115712447442616746e-06
6.031661335364380258e-06
6.241380070990372088e-06
6.871816046504577504e-06
7.632985370415846266e-06
5.553656072935440926e-06
5.796052740827746387e-06
6.768835832403167204e-06
7.082711758842695771e-06
7.127466827309040812e-06
7.629838531420102401e-06
6.981431236354807700e-06
5.364470087052998498e-06
7.550868188649817632e-06
5.647607905890709483e-06
8.321839194843375643e-06
7.343789372087421300e-06
7.311399600900986645e-06
6.285799829781586245e-06
6.357331556294597011e-06
7.379787194812470590e-06
7.035574875757247928e-06
8.311966459647039768e-06
5.554596310595595978e-06
6.191779755344885656e-06
6.430559431948970615e-06
8.711028694589010847e-06
6.588572817259652739e-06
6.504617180145171715e-06
6.189095759451379762e-06
6.602957764209072112e-06
7.341042873016141571e-06
8.290261419103836049e-06
8.104395442365849676e-06
6.351000242788629685e-06
6.326508870651795771e-06
5.395799157055862123e-06
6.081752384674337342e-06
6.789428058566152254e-06
7.082486001819047713e-06
7.304601998807863772e-06
7.754560923122009235e-06
6.816768097817077097e-06
5.937957383290973431e-06
7.253663326719161312e-06
8.133750210254797218e-06
7.619445040215197362e-06
6.374551855896190797e-06
6.135877297082323243e-06
6.362142072659336141e-06
7.980236942571298120e-06
7.894130348407129688e-06
6.585964795350168089e-06
5.957954586981018918e-06
7.793333357285645106e-06
8.017360446819677571e-06
7.460870905066457171e-06
5.835163055081858930e-06
7.370213185549179785e-06
6.025625292805011867e-06
6.609595414850515827e-06
6.922371218954892837e-06
7.583164363867306774e-06
8.268079805268099472e-06
8.282042783797812229e-06
6.814296287273542411e-06
6.789617202643120466e-06
8.435642487953311686e-06
8.006804082859222943e-06
6.984854511249228942e-06
7.057872029214502495e-06
6.295868808095181594e-06
5.148636280548716020e-06
7.167929624357859041e-06
7.809047322663067168e-06
6.471758355447932455e-06
5.886078436974095917e-06
5.082892568262787955e-06
7.550021554132494347e-06
5.142938074437754431e-06
9.114323956171402412e-06
5.423373685088910267e-06
6.533612656791884926e-06
5.820388937408218420e-06
7.344163634446005973e-06
8.258298345069377521e-06
7.452857445523049559e-06
6.211442997444790929e-06
6.738358525710566561e-06
7.131692657696852087e-06
6.983415763315529543e-06
6.891453367229806745e-06
5.911159471927897793e-06
7.054504121473465993e-06
7.197897801191199169e-06
5.513062251091524624e-06
5.415832028699171086e-06
6.661656595652825537e-06
7.157132969211581315e-06
6.986394660251368293e-06
8.155835045685302890e-06
6.907988032917054164e-06
7.834165592635743976e-06
6.472005389587866275e-06
7.666848259628573678e-06
6.843607647638069392e-06
6.443585991436594794e-06
6.000535479628550150e-06
7.529266871467736523e-06
6.224350888109277208e-06
6.890594077002599698e-06
7.668961261640751359e-06
6.455363165171324440e-06
6.517037003604176852e-06
6.729171101253660084e-06
6.517575395137440278e-06
7.823247385503263098e-06
7.870468829210404440e-06
7.515310318995091993e-06
7.190237385188967736e-06
6.570576143226283789e-06
5.922795502286332982e-06
6.898721513796100981e-06
7.295713164181074663e-06
6.908525974339857991e-06
8.047122337457229685e-06
6.523573015049656189e-06
7.306936027634403758e-06
7.905552884814575425e-06
5.688296961383277024e-06
6.586117910061251803e-06
6.616822816998267799e-06
7.380724179857718324e-06
7.848456695843980709e-06
6.348842561485750325e-06
6.686833448230465248e-06
5.509019188574293254e-06
8.108145032561282371e-06
7.828804874780396028e-06
6.456994709621941929e-06
7.774928580062538775e-06
6.985578480490723826e-06
6.094420100149817371e-06
7.051276610449622246e-06
6.516152963456703351e-06
8.176674305829473386e-06
8.272566702560432488e-06
6.230268932545208685e-06
6.452399721558437375e-06
5.721374303785229649e-06
7.798109604752085250e-06
7.030748480359464663e-06
6.081806945139311553e-06
6.785949118017507526e-06
7.800866318373791546e-06
7.531046587754793695e-06
6.709922102872381932e-06
7.706630100778427052e-06
6.780500563653454742e-06
6.764758773506149900e-06
8.204797775493164464e-06
8.615710762815575221e-06
6.869564628792975581e-06
6.968550493169414592e-06
6.636717602177683401e-06
6.174721282699258154e-06
6.725254670945729126e-06
8.815703825556502280e-06
6.522826132310686571e-06
5.841123146742732453e-06
6.103130738537893418e-06
7.409720424143815973e-06
7.385508432253433892e-06
7.183563727805549037e-06
5.834598125605251504e-06
5.658960321391586618e-06
7.021599478261528882e-06
7.183861569676747754e-06
7.649130561440948796e-06
7.418926254608312776e-06
6.878825543697297971e-06
5.927402856014137379e-06
6.281785648369559806e-06
8.788215231644331895e-06
6.430788919604259379e-06
6.828323018724627135e-06
6.600953850947523322e-06
5.992674212845986305e-06
6.079087390359901074e-06
6.924983399855378131e-06
7.071723664635953886e-06
5.864749456002000462e-06
5.813843042132148359e-06
6.436304142706186290e-06
7.108455679619780416e-06
7.220965596853456964e-06
8.066157608367904015e-06
6.851274184840716942e-06
6.456686840035457713e-06
6.809813557569174326e-06
7.618751253099802397e-06
