5.565553113820337202e-06
6.130769976476691678e-06
4.317319413978532434e-06
7.101805401310290963e-06
5.608590359467218546e-06
5.552286025324612456e-06
5.237679619274573910e-06
6.873602681897037132e-06
6.707284384950182322e-06
5.920498123656512761e-06
4.835571092418370410e-06
5.686297018460245588e-06
7.259945037350735530e-06
6.180456251285062336e-06
5.403981252082799610e-06
5.841525142474174799e-06
4.974819113340841379e-06
4.995116629589756759e-06
6.364723621240101070e-06
5.910094928947678871e-06
4.738112354351398530e-06
4.465619854433870062e-06
5.983403818538966478e-06
6.048677518450904621e-06
5.980537928860634712e-06
6.927584843331530956e-06
6.327081854268426842e-06
7.031998570541287376e-06
4.662607832704769188e-06
4.373892026248983048e-06
4.211488439349893564e-06
5.778998060404183175e-06
6.063176202918122405e-06
6.004109004471925130e-06
5.366604926303507020e-06
4.348160758893919917e-06
4.855784654953039732e-06
5.930015057057338056e-06
7.508719365863061820e-06
4.630830434951585462e-06
5.607119849491632712e-06
5.468029755852252827e-06
6.476363313320727919e-06
6.175105679843933998e-06
5.212647681581217417e-06
4.668448434412196085e-06
5.674742825809588885e-06
6.078816254218804728e-06
6.275358025086230258e-06
5.843910921511241329e-06
4.109264597227869641e-06
5.502868031617941920e-06
5.909112917682284243e-06
5.829524536878605155e-06
6.645352644513618433e-06
5.136124964479007478e-06
4.394807609361101805e-06
5.214134326597958654e-06
7.033276019663333104e-06
5.144171306268196583e-06
5.967575486585758496e-06
6.055379179845751853e-06
5.811157563502373393e-06
5.943130716609047967e-06
5.913265643453695180e-06
4.823380730044444279e-06
6.908767215384440309e-06
6.371695018864657003e-06
5.229531298179539115e-06
6.771000939697744416e-06
5.486934407311090549e-06
5.485131711877992586e-06
4.613126529019490994e-06
6.085415686343106519e-06
6.864197893967540479e-06
5.719397886832226801e-06
5.664789982877962182e-06
5.466075890185204238e-06
5.592465808567483153e-06
6.489902038210725161e-06
6.613160964657777744e-06
6.174165061303207620e-06
4.258206894989418306e-06
4.973074543648094935e-06
6.897884368123206554e-06
6.202808080596082302e-06
6.192479037635406511e-06
5.688064790781022166e-06
6.456980366721584301e-06
6.541365847909101880e-06
5.783322547684572785e-06
6.632481539434174345e-06
7.476616243898997856e-06
6.177704458625221304e-06
5.587760492540698757e-06
5.640402505470184929e-06
5.374980996871508267e-06
5.857510649019978348e-06
6.852733300249376386e-06
5.839774909218951148e-06
5.023958779516248966e-06
6.318594673778686282e-06
6.251673231845125208e-06
5.223785388323478288e-06
5.369728920790029643e-06
6.428553890809949823e-06
6.173693362948062089e-06
5.859228519400691012e-06
7.016894503711277883e-06
6.273450776546248483e-06
5.835080346139911109e-06
5.323691042589999809e-06
4.886943475076276174e-06
7.589144690757334713e-06
6.194063198108218020e-06
4.686001482375902828e-06
5.609954717839305918e-06
5.604273604611326793e-06
6.291456790583550630e-06
6.103700286304247545e-06
5.146664307792720781e-06
5.042323799757951789e-06
5.393658654022586841e-06
6.011154762980965955e-06
5.563242395107083703e-06
6.753720398284082896e-06
5.846331812858960047e-06
6.060177249337500245e-06
6.131567693417133546e-06
7.301458142139507476e-06
6.683454027192390655e-06
6.276527611344054895e-06
5.973091343031503776e-06
4.670466155257791672e-06
4.833599028628701787e-06
6.340716427965572348e-06
6.712001719558030657e-06
6.550963932469542200e-06
5.559806636228109830e-06
4.355994841975281904e-06
5.402259256832077247e-06
7.048025876494889545e-06
6.128083945525206514e-06
5.077816288493900370e-06
5.970346942568894922e-06
4.515712182808415189e-06
6.395710896888664777e-06
6.432287235327418664e-06
6.966170261391728931e-06
5.491212150960785520e-06
6.044271397694918738e-06
6.244144834128363469e-06
6.143818573388877781e-06
5.623869242438805077e-06
5.911929578697306775e-06
6.043901159910625142e-06
6.968763651215544953e-06
5.453460643942262347e-06
6.134850734253531919e-06
7.178976256472652488e-06
6.386560895633545174e-06
4.074635598765355766e-06
5.676106748790831548e-06
6.470565604405218543e-06
6.383026827563216486e-06
5.937942250547956719e-06
5.796735873862497145e-06
5.131830166832490333e-06
6.855501797706256393e-06
6.565171887259420391e-06
6.242559672242264543e-06
4.774510205908868310e-06
6.711056247852378784e-06
5.343833808647344305e-06
5.772688168980987902e-06
6.083996327607200248e-06
6.763631086944506354e-06
7.724469122577341806e-06
5.454557382215354772e-06
4.992643669644560070e-06
6.834106545018590523e-06
6.946527678796988686e-06
6.335489690366948466e-06
5.689613948491490767e-06
4.580352069467415542e-06
4.361188056817918453e-06
6.270497439971014074e-06
6.059181379692240056e-06
6.021805341526331333e-06
5.555809637715570407e-06
3.851528523687358463e-06
6.269638107530309891e-06
6.203667528879814336e-06
6.026547602768443866e-06
4.780983742183260814e-06
5.192911461514318236e-06
5.344250691583044733e-06
4.483749246979426814e-06
6.539741972335148531e-06
7.337784254924230814e-06
6.201370150589307044e-06
5.492831621989512772e-06
6.875286550707350196e-06
5.743019971050924923e-06
5.916908323596847221e-06
4.907669594956393439e-06
4.218597889929650008e-06
5.132499230741742040e-06
6.160368634251547464e-06
6.089573158241243812e-06
5.228000072970847153e-06
4.952142758181195466e-06
4.882088887959859691e-06
5.495709799507890518e-06
6.241090611690212615e-06
5.986607505858173977e-06
4.175749565864346946e-06
5.655326238367228146e-06
5.107943636841467245e-06
3.771634683334270275e-06
4.850181451433858224e-06
4.919980373483638201e-06
6.271049381789908257e-06
6.155072962045083874e-06
7.353185543318783319e-06
4.428778458772429092e-06
5.512178383130385020e-06
5.323298355482000277e-06
6.394487180092301195e-06
6.400378504202368567e-06
3.656345694827585062e-06
5.692187678028636370e-06
5.433074958803020821e-06
6.243042643783943375e-06
6.345540191464396249e-06
6.164649017925960810e-06
5.321403734417512476e-06
6.006278683487295786e-06
4.604037671723577314e-06
5.330202982697381107e-06
5.061927239966585720e-06
6.460047887897020330e-06
5.893822241472021717e-06
7.410056879478651928e-06
5.415731367952082449e-06
4.794019438424328529e-06
6.090083389921627038e-06
6.739243449061745477e-06
6.618669472636046414e-06
6.150829807185777052e-06
7.428428597852416026e-06
6.628520230803091472e-06
5.442552347601087010e-06
5.987095490306800603e-06
5.986098218881917419e-06
5.990358717247625343e-06
5.942308113105503825e-06
5.358909009193220517e-06
4.964236722918912013e-06
5.729567572339671918e-06
4.681747374719992095e-06
6.055686917937266703e-06
7.473759069839405403e-06
6.466471488385737704e-06
4.991923205455871241e-06
5.721291217971287150e-06
6.025480208538017058e-06
6.375301317395909326e-06
7.152016465850206141e-06
5.768345998481803876e-06
5.711276640793363908e-06
5.514035714899523385e-06
6.336769902664207158e-06
6.965208794342086284e-06
6.054877606726011967e-06
3.718491815740558483e-06
5.575376296848737605e-06
7.171916583008785863e-06
5.884404123409557124e-06
5.653395017656479310e-06
3.876452622158069419e-06
5.122343753608614206e-06
4.628375453743946728e-06
5.624648152905903938e-06
7.763120157765163409e-06
6.550330248473215521e-06
5.740547412404611510e-06
5.144624326742826072e-06
5.969250249784474497e-06
4.807853827352003667e-06
6.023815562064588961e-06
6.607066829345751729e-06
5.721480676616660290e-06
5.172289274767827176e-06
4.781268154774273411e-06
6.590309072048085331e-06
5.985514234167997425e-06
5.754192102797419097e-06
4.923967806257465082e-06
6.053011729861706934e-06
5.778842587520837228e-06
7.129100370197696991e-06
4.968453227596272023e-06
4.997307268020613495e-06
5.972115707964216861e-06
4.771722249281034641e-06
5.588422538604409629e-06
5.472846722463394158e-06
6.161081163367645903e-06
6.049858394313902723e-06
5.227523900000611782e-06
4.729992307855950268e-06
5.872901127743123695e-06
6.050383778750245819e-06
5.545905438646029650e-06
4.356644012209746450e-06
5.909374261031692830e-06
6.151338919658973124e-06
6.309587104645882453e-06
5.344183568589939085e-06
6.007999755110125265e-06
6.381756492718348074e-06
7.013300636837676223e-06
4.018658465235448641e-06
5.618203419244477919e-06
5.423455565886385568e-06
4.266918549060009762e-06
5.494024323839426244e-06
5.876753054423663393e-06
6.486283655695861866e-06
5.023853455362886401e-06
5.070805062703982373e-06
6.792001082201405640e-06
5.969642960297622359e-06
5.045774227362291912e-06
3.697763851199287621e-06
7.178975517476492690e-06
6.200825077554063105e-06
5.873980088756471343e-06
4.563433097837665079e-06
6.122252196183679562e-06
6.303828388541560425e-06
7.249107083892518768e-06
6.703930243090728245e-06
6.478540426725356452e-06
5.982407658206157794e-06
4.395066855398922244e-06
5.781837451477544333e-06
6.524403662692140797e-06
6.460762974682525371e-06
5.606323337661237395e-06
6.005235925919465587e-06
4.575775160812810257e-06
4.917879923997466079e-06
6.444600970552972769e-06
6.065109951955968961e-06
4.438967199870945853e-06
4.918058810524043037e-06
6.183367946596992567e-06
5.758294917478518218e-06
7.085792223496168442e-06
5.475048773265780188e-06
5.036643465187018731e-06
6.010789866764086812e-06
6.508655100292551002e-06
6.554138728009627743e-06
6.405548608282988680e-06
6.192944196635806912e-06
5.983911236248151957e-06
4.621712821418918746e-06
5.564317285838604278e-06
5.999937089797410481e-06
5.931149153637324272e-06
6.524081425473077846e-06
5.414502153549111210e-06
4.851136659912656102e-06
5.849906406331462034e-06
6.612978275094331634e-06
6.065343218855952252e-06
3.823881757819819189e-06
5.393635295629415930e-06
5.848525810718799169e-06
4.841829349240578123e-06
6.535759303080779448e-06
6.391775550637001786e-06
5.860872487538731496e-06
5.103012420588701289e-06
6.721207593654673493e-06
5.042400740348905503e-06
6.166757888768630414e-06
5.429323474200682510e-06
5.087106847504503755e-06
5.799008008226029172e-06
6.323864766845732765e-06
6.869402242215312509e-06
6.070374836264636095e-06
5.566208431022344674e-06
6.483644646495075108e-06
6.501020872611171120e-06
5.046749395756225966e-06
5.134802586106232555e-06
4.521646440608229739e-06
6.922954614499789611e-06
6.378612209094401755e-06
5.113514828110023907e-06
5.259061083783628020e-06
5.645570473136936995e-06
6.785792033948707930e-06
5.733625565720745341e-06
5.503584704951974946e-06
5.954850313148419667e-06
6.485772918346367897e-06
6.444777866703169137e-06
5.191686557710254101e-06
5.825002984614159820e-06
6.447350320813077601e-06
6.519724509768425208e-06
6.318242661405078665e-06
5.667958672207941287e-06
6.005006631794650012e-06
4.623700622740894866e-06
5.471034358269438767e-06
5.503436163162605448e-06
6.381576540019803678e-06
3.844904580944638581e-06
5.883853345839941759e-06
5.963206322669571701e-06
6.559552092953740586e-06
7.659120387120283354e-06
5.658375983653608443e-06
5.933358759357191066e-06
5.075035664131080356e-06
4.435860074511864519e-06
4.121816366758638646e-06
6.622205509127677794e-06
5.571564535851908405e-06
4.938705772162565117e-06
5.420881546344826083e-06
6.553330535112795057e-06
5.625331435636954329e-06
5.915097411381852987e-06
4.214009894796734767e-06
5.223337165151843002e-06
5.792568472208012032e-06
6.002799557504269550e-06
6.289683760648131464e-06
5.122051268960800791e-06
5.283111910563496798e-06
6.800271288887778579e-06
7.725514159095044921e-06
5.807887336276763489e-06
5.732342916711450481e-06
4.709443451757151245e-06
5.205336836345028025e-06
5.978081696378208765e-06
6.334214237477943565e-06
4.454494552846074121e-06
4.477694186544220581e-06
5.209626809250304386e-06
5.891981644284139310e-06
6.279453813386583970e-06
5.780611637772359311e-06
5.014120409412098268e-06
6.296173708863695655e-06
6.470933610723100918e-06
7.035733376955227200e-06
3.963932448933668575e-06
5.742040230912367846e-06
6.365865553705995385e-06
5.323255480822331559e-06
6.077557930905540599e-06
5.732266136967007676e-06
6.829052581508959454e-06
4.857571020182853443e-06
4.846335828440034071e-06
7.347396463975861294e-06
5.888733304505376859e-06
5.552400485846619113e-06
5.541086087960734642e-06
5.832439558382772473e-06
6.644136705355930975e-06
6.271884870083545825e-06
6.047698972200293441e-06
5.388129254269112268e-06
6.487708209518280163e-06
6.601051229786195868e-06
6.346242271013195961e-06
5.224744619882076710e-06
5.683352861804566608e-06
4.766541710710791000e-06
5.565553712046908191e-06
5.736606445498261027e-06
6.186206969301789720e-06
5.502665898460356076e-06
5.014079660328112083e-06
5.302460007721925262e-06
6.715060005714977927e-06
6.564468486318839115e-06
4.946528740702919244e-06
4.915332249226869054e-06
4.700427336594351142e-06
6.656749848987659606e-06
6.594626280919237394e-06
5.777876669455236323e-06
4.971011656409721973e-06
5.325803202923828633e-06
6.511110173232352745e-06
5.383654189121634313e-06
6.464051202339592756e-06
4.952371987750280963e-06
4.998644847458274932e-06
5.273391768279718213e-06
4.867320806276375260e-06
6.635841550373840756e-06
6.404469202330138005e-06
6.066242322209115112e-06
5.896207784386749999e-06
5.328377923863625636e-06
3.814754978925897050e-06
5.973326489190013103e-06
6.419916780474584543e-06
5.879506248669365245e-06
5.530940218056163205e-06
4.351525353783299363e-06
7.303744355086253486e-06
6.012171688453168990e-06
5.977598015214291981e-06
5.221148617696580774e-06
5.626883770153659044e-06
5.882189218831991172e-06
6.769012635600134805e-06
4.094253377669414042e-06
5.267459297179524415e-06
5.022750145448152742e-06
5.590303693024585369e-06
5.953113239172730424e-06
6.202896436225237634e-06
4.734422745512377605e-06
4.460438932414981644e-06
5.168109461531711410e-06
6.213874547591367929e-06
6.157230716924243530e-06
5.045711950061944547e-06
5.880947434871152851e-06
6.494140769141585984e-06
6.887568141221269013e-06
5.863764180204852120e-06
4.853809079579827529e-06
6.386707111706250402e-06
6.620501498852542584e-06
6.447653167246511319e-06
4.812564125521164633e-06
6.177750932816653951e-06
5.972704717466353966e-06
4.350395160513003080e-06
6.051943823180342491e-06
6.239689056675987198e-06
7.427996484864177132e-06
4.031808774547735492e-06
5.183998536967496731e-06
5.646909865463501285e-06
6.559092418392274340e-06
6.039436168294512565e-06
4.013434878286756307e-06
5.894657116274507653e-06
5.696044899216513162e-06
7.008299293347036352e-06
6.875957987483017216e-06
5.959642973037886519e-06
5.423928750566161231e-06
6.810424402560867366e-06
6.226979043146646974e-06
6.480945271832366221e-06
5.904124333890232480e-06
4.554553659072382475e-06
6.377083506274659318e-06
6.688553572651171337e-06
5.858105464490267111e-06
5.780972013646947903e-06
6.370855752900882077e-06
5.728021390014348661e-06
6.513835238620107240e-06
6.418743784983600557e-06
6.451514812696729415e-06
4.154035409070893662e-06
6.017438956037448644e-06
4.736335552317911030e-06
6.480116354203507120e-06
6.614442252220992694e-06
4.702031555404317043e-06
5.466960644565594696e-06
5.495711415903066049e-06
5.898697168911380191e-06
5.590464403035710728e-06
6.907586118318470395e-06
6.380912177430076522e-06
4.809463286718601878e-06
5.213539998131545669e-06
5.055063306815122442e-06
6.306344409847911878e-06
6.769697700793533795e-06
5.931904323853049022e-06
4.038851201122911152e-06
5.736986930620584727e-06
6.551660806715050613e-06
5.999087930316830903e-06
6.010651324510708283e-06
5.662483475480424255e-06
4.361739067418091694e-06
4.897585816997058285e-06
6.087182842353736360e-06
6.172525630661053940e-06
4.778630784992318732e-06
5.438162824332384741e-06
6.097783042884979583e-06
5.829282656515420405e-06
5.024691161713712456e-06
6.014545915421471292e-06
6.634113451162858518e-06
5.269606751189437167e-06
4.172183894854698455e-06
4.696969476592866215e-06
6.456679948001097808e-06
6.190474997693539670e-06
4.366551803564740176e-06
4.738322517860431591e-06
6.343656036052251883e-06
6.011950151942363444e-06
6.506574148843224179e-06
4.919496844096854048e-06
5.423681665625793165e-06
5.370915697005659221e-06
6.423164198440882886e-06
5.293302786912192167e-06
3.810660337886239782e-06
6.050949118734032439e-06
5.724934068263340365e-06
5.744084734355174132e-06
5.491776643821949507e-06
5.330476546938733033e-06
5.744701622598563016e-06
5.889931135772771136e-06
4.803699704694391727e-06
4.760187586108126550e-06
5.284540106728201403e-06
6.032382135827841019e-06
6.292183501684171223e-06
6.104584161805452524e-06
5.762561741625102396e-06
4.064754840103487209e-06
5.957751646759704787e-06
6.445930968599389399e-06
4.736977988353720016e-06
5.344393396879560916e-06
5.460604612350809781e-06
6.336334023743650958e-06
6.781571546214110784e-06
6.104618122527783956e-06
5.963207151410649336e-06
7.312656997231385745e-06
4.861574943405038046e-06
5.140038419150319175e-06
5.694593597716474715e-06
6.736218162574836799e-06
6.104698823312566000e-06
4.824162319304559711e-06
5.844672038981436455e-06
5.207690437640730514e-06
6.200754581749615988e-06
5.809078791206892704e-06
6.248826866380749825e-06
4.582740892031467141e-06
4.840812446028487339e-06
6.064028041799788261e-06
6.030690536078657277e-06
5.465469077233393123e-06
4.182145232930499487e-06
5.923577559780896549e-06
6.958966211878125968e-06
5.999585712042995354e-06
5.816001543205534317e-06
5.915856466655151001e-06
5.718357287394873974e-06
4.866071064419011898e-06
4.710647599240456379e-06
6.598327547271059093e-06
3.969784399663942049e-06
5.729751603819506557e-06
5.983832383744448406e-06
6.429635386010121686e-06
6.736539996559510613e-06
4.071303051168397393e-06
5.030152275104429337e-06
6.001409635692507195e-06
6.577198148662632133e-06
6.062828596080605108e-06
5.324830773364859404e-06
4.700370610281918648e-06
4.681047968414559198e-06
7.202947888122414224e-06
3.958034230239967741e-06
6.093248519785320547e-06
5.671155437955866556e-06
6.626268996420092091e-06
4.455726923613423700e-06
4.685521100804641659e-06
5.312590451524098197e-06
6.725421160761906678e-06
6.117237135254586962e-06
4.862756614942398489e-06
5.326747278202953272e-06
5.688947202015230273e-06
6.276531502202287658e-06
6.363775682425450718e-06
6.155517603006025990e-06
5.394968330825769149e-06
5.016735383402885182e-06
6.142559609034457067e-06
6.646379368315776555e-06
6.308862962339963415e-06
5.925806227968495685e-06
5.232616146038478598e-06
4.997374283456849543e-06
5.950407827007615186e-06
6.522053117456730188e-06
6.655192074625161221e-06
4.245480371302454606e-06
5.500905361261836091e-06
6.789235746681003490e-06
6.474665646517167960e-06
4.719626292711476937e-06
5.872838333768545974e-06
4.143789609424937723e-06
7.000761161704946550e-06
4.919200581073379040e-06
5.449223220319181723e-06
5.285657791233842872e-06
5.524110907712602935e-06
6.521934739977214388e-06
5.811192289617197999e-06
6.344948545469502989e-06
4.489939739414602553e-06
4.025668187808267806e-06
5.389920731659323435e-06
5.836795226253816818e-06
5.574330990722083000e-06
6.606478035610834661e-06
6.181305696317090937e-06
5.597117656643212940e-06
5.722271174947563983e-06
4.582795723950957357e-06
6.218547186411301952e-06
6.492110075819817227e-06
5.783380227098289630e-06
6.179281187476168795e-06
5.999071677058789532e-06
5.681892428695437586e-06
3.453518487038204033e-06
6.361284752050176686e-06
6.115300370811238174e-06
4.549109044144980253e-06
4.882559917159217449e-06
5.517592062334620067e-06
5.913140370341001793e-06
5.059836524700963136e-06
5.942894497422654340e-06
6.967410557445029053e-06
5.549567557239735875e-06
4.093571562866279272e-06
6.310788080561307302e-06
5.945986411966686785e-06
5.988095361351899738e-06
4.822380725975876872e-06
4.797680767586600002e-06
6.192368741034300811e-06
6.260947313705295170e-06
6.630138614726565325e-06
4.502085546450046749e-06
5.295558529829170270e-06
5.281669473906718581e-06
6.585705476730894846e-06
6.179150752448102592e-06
4.906651156152068061e-06
5.584529893711778278e-06
5.983453018435339369e-06
5.925589382445267736e-06
5.510421006084653289e-06
5.495338821397531869e-06
6.179057980304065652e-06
4.775055587100175374e-06
4.529526681935891904e-06
5.617054039089523556e-06
6.180769565330111398e-06
6.051013078250294391e-06
5.781544638599864469e-06
4.192123326538077867e-06
6.125012138353872153e-06
6.156902784752229012e-06
7.226418344915390638e-06
5.238859494364115495e-06
5.966423361639490071e-06
5.642661437175160454e-06
6.570839417124828930e-06
6.301501360842824460e-06
5.676775261637063170e-06
5.701681999565441507e-06
4.760018314341354597e-06
3.601016229554589972e-06
5.008845870733272150e-06
6.763614665393163122e-06
5.977885967442755554e-06
4.240679537808388446e-06
5.572200805952969713e-06
5.798468826282072815e-06
6.065827521035205020e-06
6.543995159769990492e-06
7.152635506104906486e-06
5.330190209686151503e-06
5.589471390983644322e-06
6.344667006833425747e-06
6.409837864120510074e-06
6.372918482037941490e-06
5.840920035409691409e-06
5.005239511634426643e-06
6.495092407768501093e-06
6.723670615598317308e-06
5.491892373992293232e-06
4.415590665489818016e-06
5.296371753823433065e-06
5.481790851127696705e-06
5.416345913878253022e-06
7.178956703203495815e-06
6.653447751757387009e-06
5.744166681411396003e-06
5.551326155612711250e-06
4.602823206438801932e-06
6.330192632104586049e-06
7.346348532659409800e-06
5.614434031288555617e-06
6.046877147417749741e-06
6.452532329475262048e-06
5.394340073875401095e-06
6.332027941226773727e-06
4.674229432624124479e-06
5.176103184840415916e-06
5.386452174947125514e-06
6.194482913749319971e-06
6.158751548309734762e-06
4.354534033749157107e-06
5.762932691300433715e-06
4.248194689403699232e-06
5.594669290393319929e-06
6.249635532845189793e-06
6.455021770197830490e-06
4.503675831277106686e-06
4.646620925413281881e-06
5.298445463518831629e-06
6.200182661217046311e-06
6.004396467891764388e-06
6.068083635266661650e-06
4.982811527076935111e-06
4.684783855857520069e-06
6.079087599526823544e-06
5.647621554901270991e-06
6.646359583338003457e-06
4.870963755799248806e-06
5.054354120720715621e-06
5.207597642987090309e-06
7.142362211568001487e-06
5.970999645178567642e-06
5.667037233214491589e-06
6.137660611822665572e-06
5.755040892962273959e-06
5.838706317715988100e-06
5.568583594116167101e-06
5.049047429447850310e-06
5.844028740562101164e-06
6.349877341662754831e-06
4.944559844412263300e-06
4.664347123787329314e-06
6.412681532268672027e-06
6.539627485412901137e-06
5.877349626168611924e-06
4.675182979577335883e-06
6.560410687135406075e-06
6.567336309281152358e-06
5.546008316435743416e-06
4.889881639023953634e-06
5.691528041755784654e-06
6.491880499678145733e-06
6.474022642363904783e-06
5.705838597090634859e-06
5.800593006935376189e-06
7.167719448317995047e-06
5.053194906335233733e-06
5.869821000928431175e-06
7.023857737088360890e-06
6.099463727753444309e-06
5.690966388075234166e-06
5.246932310405933978e-06
5.783468354437786395e-06
6.337553501147392087e-06
6.334496287782820923e-06
5.697030692503101780e-06
5.544298835511355185e-06
6.791546075775334639e-06
7.116949303543947842e-06
4.648867868898726930e-06
5.145964060807059782e-06
5.797957952946891515e-06
4.757892949217947030e-06
6.082260602882783035e-06
5.736189656056125235e-06
6.603295670751649962e-06
6.807746405998460143e-06
4.243494079433989529e-06
5.778807965021178827e-06
6.020144608532455287e-06
7.226676457256880769e-06
6.664600053518985328e-06
5.150190717817661593e-06
4.929163537635291162e-06
4.360721202359181847e-06
5.561783066637607474e-06
5.361149462695156837e-06
4.407118374922737858e-06
6.424812735255516824e-06
6.610440737652597512e-06
6.072683601172043846e-06
5.250368563958400997e-06
4.535328940519204052e-06
6.478265106393897143e-06
6.098395565109250978e-06
6.164559865454139063e-06
4.853430762999892300e-06
7.280248017001672247e-06
5.364427436603558240e-06
5.556247876673312291e-06
5.148713645246498220e-06
6.390439422118599762e-06
5.970552196499931421e-06
6.014948132498395356e-06
5.505814921945221956e-06
5.721600710423213047e-06
6.079760183315196090e-06
6.088666462231787531e-06
5.276465938436319490e-06
4.621020014360286589e-06
4.799998216575448014e-06
6.141516437267319997e-06
4.201586120906970036e-06
4.112868347768373756e-06
5.989424299315118217e-06
5.914859481813304714e-06
6.111917285456180397e-06
6.031352921568019633e-06
6.628827363060143796e-06
5.272370961792140686e-06
4.155376293461636698e-06
4.946088399985953885e-06
6.477883388789690236e-06
5.771165864803135207e-06
5.339331979588411686e-06
4.603265965008893561e-06
3.789515681491267163e-06
5.944525548672691898e-06
7.014150459398310973e-06
4.359037027049539421e-06
5.624149001856519983e-06
5.488791227672986643e-06
6.540721434751211863e-06
6.217030747861997248e-06
4.478705729707477413e-06
5.852890652715107437e-06
5.700181981622536856e-06
6.228356903018303108e-06
6.663654721875720904e-06
6.473382055574453037e-06
6.074705186476629263e-06
6.083552535731466268e-06
4.893063671582523018e-06
5.072128307514759269e-06
5.068567519938168263e-06
5.832598204771995688e-06
6.259408698185355955e-06
6.648610310366520145e-06
5.868433072781309239e-06
5.240299199894004093e-06
6.097213764439534075e-06
6.895699992151952494e-06
4.684525520428293774e-06
5.401788147336840426e-06
5.620544221232307277e-06
6.237141430072100831e-06
6.688142821915457727e-06
5.836528330530506902e-06
5.682914811458819840e-06
3.865705661859030528e-06
7.465214333039232360e-06
4.614298136320862043e-06
5.573521481001360733e-06
6.609427513443742717e-06
5.845575192006889971e-06
5.277176624937231758e-06
5.946425599745187976e-06
4.730407882451699018e-06
5.848384997135066482e-06
6.598041643322472799e-06
6.959060227909669163e-06
5.701212244702183209e-06
5.786562747980308785e-06
5.950056672088036748e-06
7.060393471159480970e-06
4.464720307520859063e-06
5.813919887965176439e-06
5.087534892868520413e-06
6.022180164870576397e-06
5.384293417919830772e-06
5.123703465021099522e-06
5.727807275533085113e-06
5.992706700094552996e-06
4.667068568110090647e-06
5.310265844055106252e-06
5.821188318139402600e-06
5.352622370683617260e-06
4.219776587523343235e-06
5.235649254754098664e-06
5.505088793413605691e-06
5.863492472873440540e-06
5.303322457476022508e-06
7.635141786353371693e-06
5.180188732831468048e-06
4.216934067680176176e-06
5.963208329218241393e-06
6.519792230074176164e-06
4.838999770375296978e-06
5.839624600004794464e-06
5.951963337698463609e-06
6.911745595546475744e-06
6.829040186812702752e-06
5.486011179440888772e-06
5.923973866269105982e-06
4.288090868146462992e-06
5.280214893331963640e-06
4.174751621451991162e-06
5.581342771982346111e-06
7.001349417462027038e-06
5.952520735758711671e-06
4.678549641070769759e-06
6.053849919649812217e-06
7.448182180447084584e-06
6.874944556776200956e-06
4.490405947888955891e-06
7.228977492556545365e-06
6.802242100873930164e-06
6.031128640351164055e-06
5.727259814965570458e-06
4.681860820103943417e-06
6.082145370205382419e-06
6.616238793961126459e-06
5.760917182675010767e-06
4.163000835952729483e-06
5.654275593783242995e-06
5.301686023126205588e-06
5.719554837093618121e-06
4.329602149523561313e-06
6.472266182646069504e-06
6.487625431684233184e-06
5.444569045696578487e-06
5.680273913999632902e-06
4.785406441943215154e-06
7.427366978510438669e-06
6.280879457032042191e-06
5.748461778659552524e-06
4.933887159865643957e-06
5.808568520737381048e-06
6.798537555965557600e-06
6.323037742682613867e-06
5.125884579269024002e-06
5.948700140851744550e-06
5.003213154994912067e-06
5.248568027708409425e-06
5.922958917308322350e-06
6.312030187987976059e-06
4.600724846502344300e-06
6.154191313967156219e-06
5.086379617567362344e-06
5.774306400987862610e-06
5.091377918246832831e-06
5.932770021878648203e-06
7.261092750664366045e-06
5.583824871185894849e-06
4.088876851189711586e-06
4.846930167112035330e-06
5.550634742138895493e-06
6.288066780185234430e-06
5.847071948964491627e-06
6.271038570583127674e-06
4.681806482268648586e-06
4.886229191003742638e-06
5.116920609047656391e-06
5.735058694489611968e-06
6.315261230771653460e-06
6.923926495283930499e-06
5.669477834537460563e-06
5.904991817561298736e-06
5.375000213562024175e-06
4.961479855457387771e-06
6.677230838638373632e-06
6.211219235039804122e-06
6.384473256893869634e-06
4.993337810370907099e-06
6.550814791029624132e-06
6.441015858054462065e-06
5.486686599832629690e-06
4.734905414485129358e-06
5.647445920595155894e-06
6.759092211190775559e-06
5.869968275597855259e-06
4.872552590896473325e-06
6.122548179201260746e-06
5.575594879232361661e-06
6.492607653242930761e-06
7.232330771009390321e-06
4.277750037311518245e-06
5.803800012724916062e-06
4.944693504173709100e-06
3.862117434562243714e-06
5.788600380942490220e-06
4.952200771958464511e-06
6.039432432393972868e-06
7.235259410981899156e-06
5.496026916050253827e-06
3.987218120902190252e-06
5.603707048899718788e-06
6.950950123389299351e-06
6.513323130756992298e-06
5.360387569342364438e-06
5.650468852199894300e-06
5.392193786855745450e-06
6.365281693757418813e-06
6.986313428440735313e-06
5.044278650878455734e-06
5.027880176650920095e-06
6.877644851979858067e-06
6.471390980515593497e-06
6.034709741920063788e-06
5.587223240448243138e-06
5.415822257081170791e-06
4.551008981928950770e-06
5.624900008025888032e-06
5.497968996562298059e-06
6.310297778177095689e-06
6.838413198943915148e-06
6.447279780648468104e-06
4.095289933960452566e-06
5.768358893998852988e-06
6.543526377495255483e-06
6.590007472730715427e-06
6.154699337340414229e-06
5.810672563124418775e-06
4.953198624986044978e-06
5.673559328601826267e-06
6.849578436063257849e-06
5.316239818831668873e-06
4.998548232550114151e-06
4.256811865613764945e-06
5.156471069859589863e-06
5.810294943708620201e-06
5.180976339409054938e-06
6.421463341196929396e-06
5.712429336967118760e-06
5.725150296232121708e-06
4.671907740731445797e-06
7.384031310979842016e-06
6.417568785308509655e-06
6.256343894041868747e-06
4.601084378574571840e-06
5.929500240969495873e-06
6.364852630785741794e-06
6.180651848126906493e-06
5.519872674057063822e-06
5.539081954561446908e-06
5.445393952496138188e-06
5.783866941203767378e-06
5.842530253300801640e-06
4.518699451516016975e-06
4.833072983161606561e-06
5.023497897580808532e-06
6.104932678161640085e-06
5.936603811144607584e-06
6.374640991659441473e-06
6.044370529316604213e-06
6.591537429388066926e-06
5.588825352586481614e-06
4.997027356680229605e-06
4.348593194869463912e-06
6.965817846052269573e-06
6.172594025781535934e-06
6.264976921027123453e-06
5.563287428018270801e-06
6.091589805451945879e-06
6.068239180649347333e-06
6.872075713187705165e-06
4.996856604352572476e-06
5.502262234745238051e-06
5.798901725704226458e-06
6.134900251208157156e-06
5.917332305961100179e-06
5.706292291891009195e-06
5.326189977872424764e-06
6.077149948325691092e-06
6.425318468987823158e-06
6.231206734097502619e-06
6.311558348159454748e-06
5.885553249830903062e-06
4.981316474196888045e-06
4.819193613259975561e-06
5.429361699982735390e-06
5.046887739695206958e-06
6.256069725560081363e-06
6.864040942677211651e-06
5.636207782134562186e-06
4.631973670254191481e-06
6.248904316395296292e-06
6.351526463845477000e-06
5.403121973535666992e-06
5.701962247319305749e-06
5.521607745829830801e-06
6.711570319268175552e-06
4.870406107692690218e-06
4.964194760431397579e-06
6.503466433148703588e-06
7.296095932995607157e-06
5.393213570381929039e-06
6.469719770690140005e-06
4.354888901445613748e-06
5.102861443976120651e-06
5.809924535711397364e-06
6.366527185290078913e-06
6.465942988804023031e-06
6.135327735312220438e-06
5.360612288032203846e-06
5.113637416628838781e-06
6.852474393312153456e-06
6.964470500032292403e-06
6.140132315325521854e-06
5.763785737716286654e-06
4.195338347249671184e-06
4.448826335009203860e-06
6.083865142142766843e-06
7.562921716946248080e-06
5.091259927083284379e-06
5.061066661257519827e-06
5.000675783790372549e-06
5.020595802198118958e-06
6.342769758759433918e-06
6.743353251722314575e-06
5.335859015418633438e-06
4.117057394947941006e-06
6.715895866240395974e-06
5.793951513910374607e-06
4.034797161597053272e-06
5.548624168721200395e-06
5.364918579356263573e-06
5.355133605061330708e-06
4.494242285067177408e-06
7.587292310646977770e-06
4.365422368693330763e-06
4.323617358732534486e-06
5.297053358698749738e-06
5.691989860942468095e-06
5.507484177954390018e-06
7.218122109430944978e-06
6.552509859244669517e-06
6.789644819510384175e-06
5.919181393642064274e-06
3.846955043336672141e-06
5.316132898686978795e-06
6.466603579788699921e-06
6.414321706711573223e-06
5.387477410565193414e-06
5.811919416151679373e-06
4.170037692090077536e-06
4.841271189782672120e-06
6.142648314910770471e-06
6.188056369349250009e-06
5.564253936218314281e-06
5.510696493364278705e-06
4.731673989138063335e-06
6.269752475804826316e-06
6.013142537286737284e-06
4.908999055327515021e-06
5.346234267280451394e-06
5.570136832499344587e-06
6.250266868579230555e-06
6.951111047834807063e-06
6.012297512983314929e-06
6.332465023117291832e-06
6.202883012105464219e-06
5.423662974308105690e-06
5.346213926294152163e-06
6.329850602387577195e-06
6.215693229697019549e-06
6.513297497892771552e-06
5.144003951247081883e-06
5.581395516479927892e-06
6.577990142280935823e-06
6.153373508330122054e-06
4.662407110105651468e-06
5.448340576396379034e-06
5.708742857889431187e-06
4.276683975479968742e-06
6.597813184305103948e-06
5.553267167461648053e-06
7.256414383594400999e-06
6.561405775765698159e-06
5.837124609038404682e-06
5.823429248064456897e-06
3.970292764732298449e-06
5.366542933671727603e-06
6.221997574130541101e-06
7.103384997698555839e-06
4.747886075180565708e-06
5.652404796858673203e-06
5.536271171708429950e-06
5.702463607482496912e-06
6.847652926995874652e-06
5.564529249070830961e-06
5.563195269634221892e-06
5.407528647468812141e-06
7.540665826280354337e-06
6.350843431432296746e-06
5.915646273893398884e-06
5.115481748538439203e-06
5.738435187747109142e-06
7.066866073481418070e-06
5.414985973972896618e-06
5.836751615658693576e-06
6.266515980546345571e-06
6.961218896555974942e-06
6.695591739760119425e-06
5.715781842655213407e-06
5.672085130606413260e-06
6.698288503216549271e-06
6.425193106840243232e-06
6.364314485542738182e-06
5.748386630690184346e-06
5.959673440171206627e-06
6.099647586031681196e-06
5.254381745710246650e-06
5.812605388511291645e-06
7.382330738746197845e-06
5.994744301762456756e-06
5.426200531696930395e-06
5.052048248349203496e-06
5.962362382762941204e-06
6.297369041624308893e-06
6.556587812833741604e-06
6.377058944772438610e-06
6.397564205505211128e-06
5.832508213889375803e-06
5.114080581019750745e-06
6.253767794139087905e-06
6.341098675434298046e-06
5.534458840028538124e-06
5.204564131104393120e-06
4.726325646510949788e-06
6.753017643928067870e-06
5.808328930890063552e-06
5.804256939583686409e-06
5.174346029355901807e-06
4.764963684304268730e-06
6.466800477517052205e-06
6.118439045011033256e-06
7.343604881741027308e-06
4.604059377710767387e-06
5.997717244315855684e-06
6.982632878233965650e-06
6.281099707021573702e-06
6.175358448564600218e-06
5.667572081666486609e-06
6.452072964237907199e-06
5.817004944264946503e-06
5.129704922605620143e-06
5.137614122788745998e-06
6.046344412830150509e-06
6.209953536557019725e-06
5.344318348659572569e-06
5.445058779752883799e-06
5.821305769934963150e-06
6.224021103058549499e-06
5.949196253397631572e-06
6.798641884875893380e-06
5.208357188250969189e-06
5.680540307201122751e-06
5.878487449337852031e-06
7.634700233853407967e-06
6.332161611010299806e-06
5.307498590032236989e-06
5.188977295301955502e-06
5.489117296138684439e-06
6.833537317201975469e-06
4.840586023886209586e-06
6.854666179536369233e-06
6.532881434910671325e-06
6.337083308289859625e-06
5.456790383925738773e-06
4.148965965787961394e-06
5.841175079431613256e-06
6.380918607361556458e-06
6.193767469917891003e-06
4.949381003346806852e-06
5.652211677454879320e-06
5.571369375286040599e-06
5.758625328522341279e-06
6.634135014393755016e-06
7.466674811325322715e-06
5.583304021451690962e-06
5.878379824824019899e-06
7.202732703610888025e-06
6.278964401477918304e-06
5.937919928789921552e-06
5.948745947118025805e-06
4.764431095017262005e-06
5.735076910802216264e-06
4.391960969539933340e-06
6.168403715908326920e-06
7.019207356200693091e-06
6.444587126205422625e-06
4.654419161854498071e-06
5.738959052798896629e-06
5.911789041485648287e-06
6.381525930092737034e-06
6.772722945658094713e-06
4.501986875845020590e-06
5.476378519569334355e-06
6.045115066776197446e-06
5.566950083196985664e-06
5.600283117168481671e-06
5.567198005723646609e-06
6.012916003200580140e-06
7.188298858604078645e-06
4.349585897955786703e-06
5.209610476410280261e-06
4.547955177017774824e-06
6.629717073694304245e-06
6.014473521161505205e-06
6.025827567638439777e-06
6.924073738560710972e-06
6.559882321830926831e-06
5.951968852718451675e-06
6.048292353036139372e-06
4.710172813551459719e-06
6.340095783520641642e-06
7.399877872903237252e-06
6.385135941353523500e-06
4.780642017648345140e-06
5.934243268010331805e-06
6.606542565150619727e-06
5.871320405190558082e-06
6.421940738006525173e-06
5.679505772782993632e-06
5.429554808234459608e-06
6.081547875254864855e-06
5.588848368556005003e-06
4.995879804900629701e-06
5.217326550831180691e-06
6.533503491074834789e-06
5.330587833020218316e-06
3.989155860414926962e-06
6.252190805736911503e-06
5.625093458102783561e-06
5.735897492615720331e-06
4.994219215375662825e-06
3.840703410465082719e-06
6.316463504277686373e-06
5.909991594325795085e-06
5.937292238329676977e-06
4.443547857171144871e-06
4.759028657734984641e-06
4.863786911475209601e-06
6.282528649694669976e-06
6.826141034653256528e-06
5.494970228410455976e-06
4.287075184627563936e-06
5.801507887870315109e-06
5.989726052347177278e-06
5.629048077461384388e-06
3.809690660105475217e-06
4.871637130888240132e-06
5.863774141605036253e-06
3.844054428663859991e-06
5.299961382268933771e-06
5.103995089270995529e-06
6.381459594506713299e-06
4.056700047262171429e-06
5.134230413561014491e-06
6.426774315780385991e-06
5.763904189883274779e-06
6.523610561686820243e-06
5.214398616379758389e-06
4.521168540045189872e-06
7.085569055366608200e-06
6.342781973108134985e-06
5.556924154432375862e-06
4.463915059266647072e-06
5.432508168702223411e-06
6.576432913502474879e-06
6.823433703458417342e-06
5.522492660378591661e-06
5.353593791686532808e-06
4.687748533171526505e-06
4.271513907137070514e-06
5.389470061672829982e-06
5.616642614780235439e-06
6.449737873046228420e-06
6.071679922490584164e-06
5.117746379669326214e-06
5.637104942153470644e-06
5.426011449636598347e-06
6.020208029736472050e-06
6.267270458846601275e-06
6.339678451770910434e-06
5.857476573065061310e-06
5.628022184694437581e-06
6.623314004152637190e-06
6.705225827535989286e-06
6.015915635842151008e-06
5.614180793172904479e-06
5.767744925951063921e-06
5.952097755794730943e-06
7.046311246357832579e-06
5.141999645838369861e-06
5.204468716365866899e-06
5.424324196032365966e-06
4.561593358762765369e-06
5.732462453157716501e-06
5.211869109621641384e-06
6.420675757203285617e-06
7.951873777459248668e-06
5.660325244566770420e-06
5.582965555063443025e-06
4.887647528910234358e-06
6.844891560195730022e-06
6.375412487472659697e-06
5.975044599978499310e-06
4.457073470542288037e-06
5.340890361897358618e-06
5.439887800363691386e-06
6.079559895365995408e-06
5.646632868847520495e-06
4.371032985492832423e-06
4.319233111936851918e-06
6.206070343780660569e-06
6.158365843893175976e-06
5.177826013595508234e-06
4.733004902561596010e-06
6.566477778643564841e-06
4.212069852094791658e-06
6.013906553319779164e-06
5.375188421464174943e-06
5.232669837621582907e-06
6.743125788761637440e-06
5.802250125493213457e-06
5.021856693063018899e-06
7.273807780336822211e-06
4.965526546476981709e-06
5.590081451068144444e-06
4.772296842208628672e-06
5.921051907460744498e-06
4.456224515952927196e-06
7.317313592749226458e-06
5.431007073151064834e-06
4.124092977061908234e-06
5.436531035767418189e-06
6.029058458228175729e-06
4.527788254901729293e-06
5.944051527882907763e-06
6.107072026930868353e-06
4.327779164278238998e-06
4.646224085206367400e-06
4.986715392824219784e-06
5.107069515837364322e-06
5.965657155157691298e-06
5.980373574956130384e-06
5.971782156302090285e-06
7.315259851402136748e-06
5.634946942535303926e-06
5.170405834177230066e-06
6.331505135271634105e-06
6.664021248300290180e-06
6.692760211758200666e-06
4.370437198327562204e-06
5.882138319463119246e-06
5.736430193862054635e-06
6.383128755056135567e-06
6.617990548477657985e-06
6.139599789354184737e-06
6.332829058910708557e-06
5.379948985341446677e-06
4.874690074607742210e-06
5.655351564700118626e-06
6.578743034616536906e-06
6.350706712633544883e-06
5.264778891386286575e-06
5.086305684526912709e-06
6.001191852597606216e-06
5.622196915969203121e-06
5.880056741627949069e-06
6.003765213355315001e-06
6.238174011153590478e-06
6.943885375912795435e-06
5.692841560896761334e-06
4.231440788652188255e-06
7.082912609435815268e-06
6.424386496422131566e-06
5.982688380932297089e-06
4.785288495538541044e-06
5.576160945918981796e-06
5.600359320448161338e-06
5.468008490353174709e-06
5.439911847473839219e-06
6.096745299719023931e-06
6.149088864792011773e-06
5.922861765094955545e-06
5.744370138863739293e-06
5.674058011882311723e-06
6.597789185814573595e-06
6.351104203121017457e-06
5.994172632984589369e-06
5.089913343022420093e-06
4.924087579058711184e-06
6.209048248282599705e-06
6.713916514640841176e-06
5.922576616476837765e-06
5.419831408284002291e-06
4.719184949855886978e-06
6.188332920152013288e-06
5.071263680732713580e-06
6.566685737671062264e-06
5.528194384462449311e-06
5.441396960706444210e-06
4.662297859141459784e-06
6.690557859248714780e-06
6.809217140620060183e-06
5.180565596527183280e-06
5.907101818334460467e-06
6.369076872192064399e-06
5.140038346610902922e-06
6.488374356289164492e-06
6.095588597885626902e-06
5.342314302378453553e-06
4.034154444324346468e-06
6.276314347109816131e-06
5.895375142769250924e-06
4.265380250110813081e-06
4.763488038367645569e-06
5.916404260598795126e-06
6.041941820053282814e-06
6.444787417021836610e-06
6.449083294024161164e-06
6.070090178931512908e-06
7.448614901354000357e-06
5.510140571304049973e-06
4.691133063443839381e-06
5.428796953557548292e-06
6.476921420757672633e-06
5.930853227659592278e-06
6.243210238591455024e-06
5.293728801205330528e-06
4.718587387232080363e-06
6.193607743683204185e-06
6.175784402586502742e-06
6.356912354320145202e-06
4.722227685641925428e-06
3.810476019666006889e-06
5.396413546342342260e-06
7.020587979957313119e-06
5.988074880061492725e-06
4.571472056207936893e-06
5.850607760424530085e-06
4.660730586171905231e-06
6.032129714745951660e-06
6.504332934380526970e-06
6.691854368263841340e-06
6.517131686433440094e-06
4.284695919411526668e-06
4.229392091577598448e-06
5.336354370956209273e-06
6.179612634102256329e-06
6.110256615156510968e-06
6.556254555074719973e-06
5.954656454291617072e-06
5.036839553551546784e-06
6.304243822339519251e-06
5.860250594525598092e-06
6.025485029932253738e-06
5.772994027239291119e-06
4.249508029475869823e-06
4.765762787275106956e-06
6.085873510784157143e-06
6.131633934619268691e-06
5.060790275547500373e-06
5.801377461166588015e-06
6.104115597424746648e-06
5.722002149793698332e-06
5.328132961259834444e-06
5.111049444680947639e-06
7.209858439224612707e-06
5.468569981997332051e-06
4.267730676326413170e-06
4.834451623636026452e-06
6.789097020457699045e-06
6.050403509279052084e-06
5.891456394727825180e-06
5.198479384686351686e-06
5.566323764987832467e-06
6.516822258213872507e-06
6.138535370997988566e-06
6.490928549626144635e-06
5.497102908111293588e-06
4.959084081143626977e-06
4.353861580240824925e-06
6.618300774450382949e-06
6.234997610022508238e-06
5.207363897407253559e-06
5.321974380553052226e-06
5.873501478904101190e-06
5.862901719441513599e-06
4.325057369144928333e-06
5.264454878887424733e-06
5.867354752490166226e-06
5.224146811746789314e-06
4.232864859434288466e-06
4.138709093425278857e-06
5.219453585815600656e-06
4.519056446379804750e-06
6.043840484365638239e-06
6.296922416042871524e-06
5.636724163204130122e-06
4.933878469929067272e-06
5.978007079753417315e-06
6.543713783064714423e-06
7.119100707232483729e-06
4.581573327634018364e-06
5.166229262123661128e-06
7.091492947101530165e-06
6.111401710872600750e-06
5.738272624723574911e-06
5.912896649967425745e-06
5.208141792874158473e-06
4.527423556375940704e-06
4.443471537044372967e-06
5.424506920193281924e-06
6.928925243570971400e-06
5.983766647431085586e-06
5.130734560300916782e-06
5.305297044051288398e-06
5.848703310963820101e-06
6.250168094495903470e-06
6.932005745043101122e-06
5.603162406188533639e-06
6.502225185570683751e-06
6.120888562149536822e-06
5.537700740173709597e-06
5.746927286000319403e-06
5.041619414963613111e-06
4.573848730158370276e-06
6.465612741321476884e-06
4.786609770895149201e-06
4.766735003330153596e-06
5.038209599151419086e-06
5.670195007191219102e-06
5.725777699894293979e-06
7.359508976280428005e-06
6.430342153605785254e-06
5.602161001375933343e-06
4.960274764600978462e-06
6.373976629852685316e-06
6.264953037035437263e-06
5.847862651564992671e-06
6.912683106451585691e-06
4.596163188720510803e-06
4.699573467136924852e-06
4.087622551520631137e-06
6.271819429210288523e-06
6.113090973095583583e-06
6.301654762335970709e-06
4.970744946416042144e-06
4.468602724495772632e-06
4.797123355779313833e-06
6.208842984857151418e-06
4.520991135267284768e-06
6.633726146596281006e-06
6.079567652768530956e-06
5.696545063049247445e-06
6.633704993932706429e-06
6.110649811801797097e-06
5.218812733011619001e-06
4.834888271610080125e-06
4.982123943609725070e-06
5.763450421417693547e-06
6.451224946391093563e-06
4.327190906778109548e-06
4.642539836597973179e-06
5.461001852080409942e-06
6.074668798279950471e-06
6.152185556927146866e-06
6.462489011316042829e-06
5.878257144854158697e-06
4.303307185414493102e-06
6.305809836094812147e-06
4.232472630988723512e-06
7.018970326463518646e-06
6.185715187300903427e-06
6.133786784707453732e-06
4.972181713349775121e-06
5.402105453746627039e-06
5.966027177268696576e-06
5.739586483382948102e-06
6.970911807317591391e-06
4.332074212892278528e-06
4.975096554656278600e-06
5.157990461913385714e-06
7.332625286439856939e-06
5.848763915062656176e-06
5.519465603955592186e-06
4.917327621542339579e-06
5.842598847866881814e-06
6.176172521260720131e-06
6.959231481338372258e-06
6.809049571028537262e-06
5.344883229266033038e-06
4.981910223958209438e-06
4.284437285625721503e-06
4.884819057450621743e-06
5.491343452702448571e-06
5.954125867648756308e-06
6.282542695415380685e-06
6.524533377732233103e-06
5.762539722402535660e-06
4.736749089893914935e-06
6.132575000702111011e-06
6.918077320831005163e-06
6.380282390710515372e-06
5.127795716848912913e-06
4.907474422059075244e-06
5.116841386912317022e-06
6.720723406769502617e-06
6.676463530249187773e-06
5.309704774359354488e-06
5.266969046956507171e-06
6.679693332270182047e-06
6.716200680983632355e-06
6.322448770250969414e-06
5.102287274983862274e-06
6.182827301911996298e-06
5.100037083858079349e-06
5.643374930180307426e-06
5.718604150533515343e-06
6.382239086851087879e-06
6.954704888980009108e-06
6.982434024918102421e-06
5.755854316434066382e-06
5.693255596428229841e-06
7.092160507800569418e-06
6.755526279571855750e-06
5.634840030596522504e-06
6.012643717718935218e-06
5.345315647226176427e-06
4.078710108869589693e-06
5.829040656493809726e-06
6.563501314622256057e-06
5.149366065636868216e-06
4.754665578306281871e-06
3.895013476556089145e-06
6.397146543168469009e-06
4.000393315619240646e-06
7.736386045999043431e-06
4.215511314161550235e-06
5.543632134225569588e-06
4.509309259701524534e-06
6.255560489850055174e-06
6.953318230177814497e-06
6.292070707688773322e-06
5.189972525080817570e-06
5.701198604722428640e-06
5.978813550827898963e-06
5.960927239425457229e-06
5.788783883239197487e-06
4.888534657446037081e-06
6.018802374657317272e-06
5.761980967670617316e-06
4.355375064789421170e-06
4.358887381769568144e-06
5.349319066432839017e-06
6.021179743696556640e-06
5.987800784559198408e-06
6.842414719496631136e-06
5.985871339655733996e-06
6.595528009212645990e-06
5.455105981018235847e-06
6.558028884181532603e-06
5.760068877148578675e-06
5.254532548286802134e-06
4.892912038076253326e-06
6.308589829823820321e-06
4.955248375868131949e-06
5.817038876939061754e-06
6.578639206925647051e-06
4.921071219305391040e-06
4.046693720622183633e-06
5.655037477581464785e-06
5.674489927805340330e-06
6.609333260257966773e-06
6.560865258072374852e-06
6.180341429795950270e-06
5.911989347841577104e-06
5.261829013354320090e-06
4.558295896709415064e-06
5.782754820719839030e-06
6.102581729791868154e-06
5.905715312097055272e-06
6.809786392567780778e-06
5.478724068664087608e-06
6.199335471075887917e-06
6.733315290821910544e-06
4.851805433619623643e-06
5.515375351640374493e-06
5.598280747390527905e-06
6.296851335044747036e-06
6.604378521941184197e-06
5.092329000939952135e-06
5.372760626959919295e-06
4.320576117306147621e-06
6.808508668625452315e-06
6.642646328088425225e-06
5.471099159425678984e-06
6.508508938463450316e-06
5.696047751061501655e-06
5.349042582410434515e-06
6.037660284827425986e-06
5.498708818878154615e-06
6.877019331220995451e-06
6.919891256057066367e-06
4.951866486522420860e-06
5.194223919875582420e-06
4.445064607747544749e-06
6.582473592003755745e-06
5.924045327449451081e-06
5.168359771969453145e-06
5.753232408683270205e-06
6.519199421661356232e-06
6.316634460212677131e-06
5.723487913017260851e-06
6.533445061714650882e-06
5.848446102156100904e-06
5.413274724935102897e-06
6.873379289524025255e-06
7.210908280126568992e-06
5.741762137793632603e-06
5.873512748087980299e-06
5.638816602742597166e-06
5.334635324433556727e-06
5.554921532536615416e-06
7.391287443929588320e-06
5.288816617698561317e-06
4.974273354685101076e-06
4.998593064530587498e-06
6.288519032365794164e-06
6.217187330972703782e-06
6.045728514137576232e-06
4.467244288626645895e-06
4.400340692918679914e-06
6.083412945524066814e-06
6.094653312516508311e-06
6.439799576180623739e-06
6.642279523218567814e-06
5.864310753728210589e-06
5.394232212553937015e-06
5.091431511874061483e-06
7.399541683345583256e-06
4.793820970737320369e-06
5.508128123596529191e-06
5.550433846226172620e-06
5.241169467403348823e-06
5.181005116882745929e-06
5.602320646065038005e-06
5.984765584193535544e-06
4.596815689883846088e-06
4.675467097551712298e-06
5.140494430978790270e-06
5.928630327589291705e-06
6.253684169981389745e-06
6.790061828231863016e-06
5.751888045506704935e-06
5.190153160269221169e-06
5.768208712125699206e-06
6.495171861575196755e-06
