6.979576478407385732e-05
6.033154290012783690e-05
5.243071807973191797e-05
8.020710489738319194e-05
6.576517206168354997e-05
4.999276559370286643e-05
6.889620288873586726e-05
6.447183302433603437e-05
1.126984418565266658e-04
5.481103695124062505e-05
6.628365511239067459e-05
6.445553037006332973e-05
7.805324326906162608e-05
7.156344064335194482e-05
6.164760815274809174e-05
6.145527059190221105e-05
5.179862633112504726e-05
4.389505748246767803e-05
8.354271515046988376e-05
6.373770330581258504e-05
4.951740097267029629e-05
5.008128507793291638e-05
7.107701948119928448e-05
6.874725656933500261e-05
7.947087690656409590e-05
8.478248026567177084e-05
8.970670570948005487e-05
1.049352257757911672e-04
5.860979534994875732e-05
3.518913597390809541e-05
6.249397941887759695e-05
8.187848343060898440e-05
6.789234813899679046e-05
6.764172163783905591e-05
3.986364993945410432e-05
5.102575522560775286e-05
6.401129870798274069e-05
7.716639566694792184e-05
1.052459869602939815e-04
4.541031976823650782e-05
6.173201394412552870e-05
5.282230022845761750e-05
8.823347572901062196e-05
8.165617699764887000e-05
4.746742149495621803e-05
7.332073987794377910e-05
6.470404503763876175e-05
7.394826179963052179e-05
4.986791030568842888e-05
6.947726282100665624e-05
4.085643342837790162e-05
5.657409911063811025e-05
6.410842689426263241e-05
8.031002998327382055e-05
7.597236277047099504e-05
5.656037424134910613e-05
6.067901853308126499e-05
8.023859753543087080e-05
7.145325455020835360e-05
4.577494778217401124e-05
5.467887195323747868e-05
6.526758378198065276e-05
7.210428885250841282e-05
7.839304599364128867e-05
5.522058051637416447e-05
4.203969943681106972e-05
6.542737756367448024e-05
6.607011154848700955e-05
5.331484691698522321e-05
7.212813341473932349e-05
6.922072234579468839e-05
6.431360648400059942e-05
5.383706825111214553e-05
8.022755199714676558e-05
9.440075534119049148e-05
7.979515866312857889e-05
4.362030115368082224e-05
8.065901307083696249e-05
4.183233035044708632e-05
4.989231752230094218e-05
8.190971084352052540e-05
7.150105629973491257e-05
6.573977957416382394e-05
6.374632161722339544e-05
7.079153829683198856e-05
7.573935207263152072e-05
6.491409664722313827e-05
6.994079523852787209e-05
9.746707889684097189e-05
6.543974360625989556e-05
5.294866840052635541e-05
8.439209916813098346e-05
8.441697207106700455e-05
5.836214761223918531e-05
8.578851057119373489e-05
5.211474372488385931e-05
5.503303291586348896e-05
5.153058405708146270e-05
1.054810050761928453e-04
6.913995743067924285e-05
4.433154566587623927e-05
8.178881681888540791e-05
8.479560466411484331e-05
3.187012442690228522e-05
4.895895227939797017e-05
5.007774718760509762e-05
6.771591851472251737e-05
1.042200719747265412e-04
7.835747803771419921e-05
6.096114956042267540e-05
6.335164017713401121e-05
5.295059701654054700e-05
5.428446544811761317e-05
7.459039907337627602e-05
7.439283236490732093e-05
4.531531923190341955e-05
4.252713911873197075e-05
6.861106895143933649e-05
8.046561571949507972e-05
9.757047152783898029e-05
5.865898735759052349e-05
4.613439499557391704e-05
5.216692159404564703e-05
8.333548182150078904e-05
5.402756881785010420e-05
8.690353197776292521e-05
4.018982795205316733e-05
6.882455646449055198e-05
7.095146244283702679e-05
8.069320886722891346e-05
8.280440665671995088e-05
5.642327938626500973e-05
8.094236237816653510e-05
4.190832758573977688e-05
4.745880447665689277e-05
8.543893118591462221e-05
4.176919900443447879e-05
6.767524031916984269e-05
5.034918336308173925e-05
5.112420836140870036e-05
7.051629261986246404e-05
7.699305409891158867e-05
5.523056687652510275e-05
4.191395884391884482e-05
7.812642491711533211e-05
7.033377121288847834e-05
6.595444662102683609e-05
7.460750845421990215e-05
8.305797127447195718e-05
6.625015407651125849e-05
4.665567099262193836e-05
8.215950867795816456e-05
1.047355310122756065e-04
5.845504367286584240e-05
6.724120081012046018e-05
8.603069008429004645e-05
1.025795502687657965e-04
4.486817118109272267e-05
5.809081113723696215e-05
9.368533742317105043e-05
8.136003721457886484e-05
5.530298452370543998e-05
6.433138672080302247e-05
9.967498274428104844e-05
6.144684677614037068e-05
7.238611360235859364e-05
4.558611172791042526e-05
4.830924269466600757e-05
7.996833098530316134e-05
7.353007690851702614e-05
7.000286108153506645e-05
4.530508276893284870e-05
6.196343625307513061e-05
3.922097530617692592e-05
6.555559692118470040e-05
6.500906062432852868e-05
9.844721993774613073e-05
9.157050462070637849e-05
5.661032731845020490e-05
5.849039505677713132e-05
6.015092556662265830e-05
1.050183253073583517e-04
8.626917544597772971e-05
8.059678528655950583e-05
7.221324454904474598e-05
5.723521865127300089e-05
6.641227385495203502e-05
1.030456096526345282e-04
5.604989922754537656e-05
6.445187584261975343e-05
3.414055107731797618e-05
5.837889209920339679e-05
7.129268669772421789e-05
7.988952711379657449e-05
3.355430410966611719e-05
6.395386966876468512e-05
4.109463322494891300e-05
4.670184763909930397e-05
7.579710521599618668e-05
9.384424586069640343e-05
5.287591278657622056e-05
4.978914844684462703e-05
9.039719669906377049e-05
8.651212313594408283e-05
5.300394581141865309e-05
5.336476523499411102e-05
4.432395598012240420e-05
5.789392617123095873e-05
5.997467701727735522e-05
7.772654313801171939e-05
3.987097476777399455e-05
6.954843162249010121e-05
5.364486530203878566e-05
8.547787823283181695e-05
7.488581885705838492e-05
6.583175906200041630e-05
4.567407121145557262e-05
5.636435199681475019e-05
6.445984216106839435e-05
4.644843101774965552e-05
4.884986827551213037e-05
6.283709540210289269e-05
8.731282689408673852e-05
5.918268639505443873e-05
5.332512444198776963e-05
4.127952097505598511e-05
5.550014002998311321e-05
4.884536094359495618e-05
9.124971448489895887e-05
6.692775885585153424e-05
4.388672045517049043e-05
5.612207077302150599e-05
5.137685079140653438e-05
7.757395596485425768e-05
7.046045632089327569e-05
6.179197293762391787e-05
5.884145530876154690e-05
7.006523940228251771e-05
7.202699816833599527e-05
5.006537395662699928e-05
4.780497985327621341e-05
7.494656476261526512e-05
6.860788831122782781e-05
7.289646015738498932e-05
5.157395471940642601e-05
4.571714589769349944e-05
7.292355789442186900e-05
6.449516629490082158e-05
9.437689469769547997e-05
6.324331788304139994e-05
9.933423369695133863e-05
6.644773950740159971e-05
6.043568257473709511e-05
8.176384373095101445e-05
7.154968137286736444e-05
5.800755323053988612e-05
6.190670614254630509e-05
5.776071536717050550e-05
3.908948866272148449e-05
7.025658434625664398e-05
5.309731820175081350e-05
6.838674061987923248e-05
8.033812369254874600e-05
5.666887879043721639e-05
6.103056653831365473e-05
6.469189704575696533e-05
6.434008439667332230e-05
6.218356691089905433e-05
1.117781936641808828e-04
6.115015570236623829e-05
5.183509876533091623e-05
4.463245454370098664e-05
7.421559335560611080e-05
4.727582575218980821e-05
6.753429921547086229e-05
3.204714405365573628e-05
5.945237097823973123e-05
9.804490149335138888e-05
6.417460793453317149e-05
5.893403442234145754e-05
4.438952096841940984e-05
5.950141197407020599e-05
5.500839439564716212e-05
6.579675034822087215e-05
9.922221466709168548e-05
1.041467596823428184e-04
6.998151728265527454e-05
4.894728514659510150e-05
5.643635177691887336e-05
6.110840969831792652e-05
6.579380870470553564e-05
6.047193752270612634e-05
5.468292099626988575e-05
4.699617273085765463e-05
3.951934394588831653e-05
7.352655959611198921e-05
7.392486446456241205e-05
6.280707307691723565e-05
3.909283378872513355e-05
6.776386329310979059e-05
4.265061726373985026e-05
5.855214682782382279e-05
5.286713188032791391e-05
5.326129803391267063e-05
5.984029285281892947e-05
4.330974274534410553e-05
4.235685244329395738e-05
7.497360294304115914e-05
7.761161179299362503e-05
7.203475860655999738e-05
3.971060669828697064e-05
4.173673147077915823e-05
6.416432340302171983e-05
4.910901116669945556e-05
4.730093511655274538e-05
6.778842242248613243e-05
7.401864227467628253e-05
7.018947768991393936e-05
7.364167844692781021e-05
5.292799263922268042e-05
5.020379464282943686e-05
8.610018613075285190e-05
1.117156942265161277e-04
5.537294588636028326e-05
8.974635829036169859e-05
6.664855126830451326e-05
5.065890354137792201e-05
6.681197175094748535e-05
5.899299966272935871e-05
8.612837714575981209e-05
4.734791861220432176e-05
6.051187307947272255e-05
9.016472484762542972e-05
9.978205882382652108e-05
4.681109772842770929e-05
4.257258871994329727e-05
8.381332836205883526e-05
7.132165443669474033e-05
5.784254457651524301e-05
3.536244026977518410e-05
5.873415853982772702e-05
8.114062424132540514e-05
8.511047537028168888e-05
6.951267951467003127e-05
7.964524948935497082e-05
5.670600012080468142e-05
4.665244371421281946e-05
7.099610505600837632e-05
5.999315779285351735e-05
7.946092914527912306e-05
3.296408532003320215e-05
6.457776038861375684e-05
4.131162548092967568e-05
6.313545537565220958e-05
5.985507252148561787e-05
8.902708497393412544e-05
4.111104381335437945e-05
6.097522469605954731e-05
1.153867676264674186e-04
6.997177360560730619e-05
8.952447785642770499e-05
4.524000068194653130e-05
4.733971197530638370e-05
6.817333715079782570e-05
7.223484063151616545e-05
8.151121749057169423e-05
8.154992830941288880e-05
5.913295280486310012e-05
8.047343088183415961e-05
2.361815828758218213e-05
5.594462057707508447e-05
8.640406117852595790e-05
6.591806842189214981e-05
8.471999439840244707e-05
5.916325214959326762e-05
6.177201709356451023e-05
6.905525751177672234e-05
7.789933737918161983e-05
6.793471027608321915e-05
5.487544999395151720e-05
7.445415383224544695e-05
5.769795122309792916e-05
5.951620166207490799e-05
9.426774269883397600e-05
5.863913670412678391e-05
6.749042140713788296e-05
9.391354057257439490e-05
7.894083708735758701e-05
5.500373762340059376e-05
6.848687243118208783e-05
5.599926022138394793e-05
3.707463427251627477e-05
6.190231113422273342e-05
6.742437537870695624e-05
9.701767946525377854e-05
6.684563099735668862e-05
6.399126710294615649e-05
7.517481635175055792e-05
5.652527707567214419e-05
7.287323779011087635e-05
4.308685352375299789e-05
4.750485952899126017e-05
1.080978352603746511e-04
6.902398252079598425e-05
6.520680337669742751e-05
3.724002558036860257e-05
6.493247627048174674e-05
5.867714620278115820e-05
5.371088201764031336e-05
6.582276482078277711e-05
6.190989503105242566e-05
6.235084245077741687e-05
7.408847461664634453e-05
8.243305489072938756e-05
5.216168002375683231e-05
5.117528319727576025e-05
8.738420135902987538e-05
7.413032181169411079e-05
5.903859364946468244e-05
5.864251205403180398e-05
5.630235771537347365e-05
5.340457777196993508e-05
5.787606320387292099e-05
8.828240009972889379e-05
4.767345682258926690e-05
6.815873840816814085e-05
5.848704582553347636e-05
6.834581540294341873e-05
1.239362296010072340e-04
9.252256553700931882e-05
8.165714585105294967e-05
4.313554605720552182e-05
3.916277142337630442e-05
5.974937981967688331e-05
7.011178195859818073e-05
6.386916563694252432e-05
5.632341433791188346e-05
5.863211577272714285e-05
5.566666978914880479e-05
6.518877037540498829e-05
8.720760125667722520e-05
4.406443595487054835e-05
5.860836495252710036e-05
4.590716560479560281e-05
6.443922069881891817e-05
6.922584992362368350e-05
5.328530491474577123e-05
7.237231658285866033e-05
6.736689849853004508e-05
9.312961519147650513e-05
5.343220076003882122e-05
5.189489628979436497e-05
4.376169987030063271e-05
4.499251268762396164e-05
8.632602819347319067e-05
7.367959192497242689e-05
4.781197426386751858e-05
3.412264564851532684e-05
4.340143523346736933e-05
5.967164696303910913e-05
6.248599687956470463e-05
5.108205243915491640e-05
3.886421299454779994e-05
6.198634498051023558e-05
6.247335043589624009e-05
1.117531546086426462e-04
4.377717146735086800e-05
6.501120978577438255e-05
8.185570945822683443e-05
5.038103048016031086e-05
6.777326174439231743e-05
6.336247020739795498e-05
6.914517725716929979e-05
6.992508238590222375e-05
5.851365262921734460e-05
9.477555362404794517e-05
8.441117013890131492e-05
3.530641181601933197e-05
5.984225503093194056e-05
7.305220299185725529e-05
7.558530556626158622e-05
7.003062650502928435e-05
7.368168121150986405e-05
5.333385411270031732e-05
5.031543552203072712e-05
8.054607725471955978e-05
8.102156200673254279e-05
6.882169156895386107e-05
6.114555035467044482e-05
3.647567286647668055e-05
7.207948375397971706e-05
5.916498032273714966e-05
8.274459385420705347e-05
1.009919406691552903e-04
6.961974821694871059e-05
4.938152840595021447e-05
7.417924829826444541e-05
8.839527304027068729e-05
6.823746173323648836e-05
6.520461571706596363e-05
5.230548644564839855e-05
6.681713935707970294e-05
6.738657752351994129e-05
6.051771428547948165e-05
6.440424771794944021e-05
6.534855510533073232e-05
7.439712766097029528e-05
7.747107229966270728e-05
5.920939178204028338e-05
5.663551094565680576e-05
5.382633800750679282e-05
7.400545431285492147e-05
6.655582500852489096e-05
5.463595822654516385e-05
8.924626219372235991e-05
7.362996425996424349e-05
5.016358938086702831e-05
5.857789641786639395e-05
3.378184002169936300e-05
6.679216091421272055e-05
6.940234678799454457e-05
7.168064045689665517e-05
6.953259194994627912e-05
3.186817959487039535e-05
8.420425757280792644e-05
6.453534278026775730e-05
7.472366291139512543e-05
4.235275777116847640e-05
6.433228257342134726e-05
7.725166984907118589e-05
8.098036118456743029e-05
5.273584957881238681e-05
7.121127084560273379e-05
3.727520690586787091e-05
6.582561992993903532e-05
6.836781954982401913e-05
6.895905924073705980e-05
7.176622914180357134e-05
4.223539109518458976e-05
5.315251690947936050e-05
7.475778510140885461e-05
4.945179463223050453e-05
4.766164331694607687e-05
4.892838797560359899e-05
1.026807011176615944e-04
9.800043185123999987e-05
8.560599813672351943e-05
5.104733693718091568e-05
6.432395953972972326e-05
7.342158469714981479e-05
8.147895280643517211e-05
7.098653414638264332e-05
9.110525898074483826e-05
5.283507068697605957e-05
4.329457557042555165e-05
7.554836899106964873e-05
5.410628089356438978e-05
9.044478385260393575e-05
5.187618888974466862e-05
5.262104076550350455e-05
5.256316132545392955e-05
8.378712250133019514e-05
7.322673064993547194e-05
3.599069621021826643e-05
6.333033194168325201e-05
7.654740824056134845e-05
7.291769356337453117e-05
7.476290951384933906e-05
3.856108428439147676e-05
5.478550375847251596e-05
5.990058934819467558e-05
8.597216741187221651e-05
7.676028425894489105e-05
6.995614494960379853e-05
6.317187242434761706e-05
7.429899193248927123e-05
8.141426013920526517e-05
4.834052709188312844e-05
6.711430950188597454e-05
9.255210005870664512e-05
6.394069544521909984e-05
9.059101621990043685e-05
8.176377114097103482e-05
8.685642453531655194e-05
5.712360299881423986e-05
5.888819681254183895e-05
4.298276695106741579e-05
7.631483527611680198e-05
5.127087105312126946e-05
7.648960732600123581e-05
5.338638908401603683e-05
6.212221259141384596e-05
5.629738693297276349e-05
6.066746588996159927e-05
8.000321572382598204e-05
8.045476160058416526e-05
6.906143145058646143e-05
5.448988264550879183e-05
5.224019678140071868e-05
6.963926051491590237e-05
7.843910890084408412e-05
7.705620387404019719e-05
2.858443353385572251e-05
5.421394175360053579e-05
8.000316792329541270e-05
5.192146804327575350e-05
5.917303124670038783e-05
4.006040337786302583e-05
4.660617433549664169e-05
4.581269853732759871e-05
7.163996365833902183e-05
5.830257966714137301e-05
5.011418652569990301e-05
5.349367542560447497e-05
6.310298332429222434e-05
4.442293412899013202e-05
6.356151596308304644e-05
7.265318254485264398e-05
5.557502430562197060e-05
4.895486509719496266e-05
4.398874372391903140e-05
5.086580262275543701e-05
7.940984622221297379e-05
7.292940580904987613e-05
4.766412685426421765e-05
5.502675166040315479e-05
6.551025801457590594e-05
6.125372695196816314e-05
7.946783333468969575e-05
5.672514852120731914e-05
4.176445367840525655e-05
5.158062886750569499e-05
7.617982610093217133e-05
9.081422220169193009e-05
4.064467191520249224e-05
5.525078200913560988e-05
6.948312538317927452e-05
5.554811516555346911e-05
6.433374021133390019e-05
4.996508644746932746e-05
8.658429949153363366e-05
6.993711001693248572e-05
5.538064972353205073e-05
5.455009071638158868e-05
7.425264718053070341e-05
6.210058634604267427e-05
7.113493178378097912e-05
7.291725250490357609e-05
7.358289970296311947e-05
5.300536714426406522e-05
6.189290156649375236e-05
8.825865970064349932e-05
4.035540213259834790e-05
6.530879346633566428e-05
6.511759868603059426e-05
7.691715225351340843e-05
7.917748426905083555e-05
4.876486924866620652e-05
7.709127631976775083e-05
1.074264779689701460e-04
5.169114204358928315e-05
4.407788691161688722e-05
4.546124222828416058e-05
8.432258989801597006e-05
6.802260545767266581e-05
6.152381355055934475e-05
8.242826525600547866e-05
5.697936913042597789e-05
6.723199345737294658e-05
6.239862428273318222e-05
6.626180501791655280e-05
4.548424175498567306e-05
6.274372014085202634e-05
7.023980844086401992e-05
6.352743914971940007e-05
4.450042140260486575e-05
3.891823612311458004e-05
5.296507090443669882e-05
6.951977174650285417e-05
4.852601421905621259e-05
6.922649484166980120e-05
5.856145012212161369e-05
5.425047089881803749e-05
4.768723611561212147e-05
7.722118447315002405e-05
5.898689310985381391e-05
6.015477950030285429e-05
6.497766333132217376e-05
6.940689268165052930e-05
6.676720715721783193e-05
1.085563077162155139e-04
4.953446826644684176e-05
5.303745802856794131e-05
6.936467513479753651e-05
4.502331935213435598e-05
8.562236296355003179e-05
4.742157915731929648e-05
7.067650169581470585e-05
6.268047702558303207e-05
8.189867115257413023e-05
4.737137533017902997e-05
6.143720909700001068e-05
5.725297998618023140e-05
8.644585832365138769e-05
4.036922782982968797e-05
6.977607567222730465e-05
5.787718676389617267e-05
7.740113826767095341e-05
7.311352697241596998e-05
3.026458792538285045e-05
6.615370142976251418e-05
5.582165165311214739e-05
7.654689578336149101e-05
7.650536444145707453e-05
6.912378465585291513e-05
4.737827927957787716e-05
5.233605364141901290e-05
7.821548919837001380e-05
8.996482551617292461e-05
8.960279993418148988e-05
7.110226067752936489e-05
5.574332645199800039e-05
5.494288204270099374e-05
4.655922802663914177e-05
6.685773340918449881e-05
8.047832407271782314e-05
5.242825998134847482e-05
8.308055860692327476e-05
7.080980379345919325e-05
8.976041033943446339e-05
6.048417773737229747e-05
7.096090943693957227e-05
5.581931909369803382e-05
8.482428362382187002e-05
7.105037015125097817e-05
6.451200476064396813e-05
6.756441167247936874e-05
6.226470350976687934e-05
6.478068396733578465e-05
7.261854581919552029e-05
5.986129276163244318e-05
5.253824649856887524e-05
4.744990739196879958e-05
4.641470753642030778e-05
5.580847284805628110e-05
7.144203055363789194e-05
6.983920377330292569e-05
1.115967206070485129e-04
5.222640942868931387e-05
6.441376643301463707e-05
4.420242875717304344e-05
7.795640557391536412e-05
6.209717019207058593e-05
7.704526560802364460e-05
7.647959550046603389e-05
6.902319821915805348e-05
5.835427135312114966e-05
2.910908165067306152e-05
6.117536506647948391e-05
5.015417829527276636e-05
4.184988307987094541e-05
6.417174792210290522e-05
5.271735077723234446e-05
6.742350313547529393e-05
6.845621836389133709e-05
4.835957683483572495e-05
7.856230907562101063e-05
5.504830519195840779e-05
3.534747418029762610e-05
8.692861930939154889e-05
7.713122005671000010e-05
5.396985349889274079e-05
5.976096244900590607e-05
5.956474580371075485e-05
8.823313296395707186e-05
7.279286866025844671e-05
6.093504392310455898e-05
3.691470781286143582e-05
5.989352450714545688e-05
6.336476912201005661e-05
7.730848371285804310e-05
7.365478015618155596e-05
4.889792169787368664e-05
5.458535960330273564e-05
5.928581791319082215e-05
7.480066424716492394e-05
6.471075839415942532e-05
3.861253025486861438e-05
7.126691375464412539e-05
6.105718112781960633e-05
4.156782826407220656e-05
5.433552390920425555e-05
7.428206640055342246e-05
3.918949227252002286e-05
7.284746640251779203e-05
3.559852355337982902e-05
4.959330040026895475e-05
5.277597633811745845e-05
7.965048482191287946e-05
4.562776238647704404e-05
8.114703891906775777e-05
4.917405133651916294e-05
8.503294609914445717e-05
9.363336228866781853e-05
4.533396144330743567e-05
5.944590872798004202e-05
3.593437391838765887e-05
3.582952428364398375e-05
4.349063105769200165e-05
9.052331957780342987e-05
8.700394501377245622e-05
5.277454165646580761e-05
6.178635425496994385e-05
4.822402209835126345e-05
5.773938965142114528e-05
8.248401522873502619e-05
8.081891500217736328e-05
4.167742160034591694e-05
8.044080461833990107e-05
6.681685829744181870e-05
7.386041048824773688e-05
8.193357336131364404e-05
5.319485168353607331e-05
5.439981382797446475e-05
5.724975617155568985e-05
6.157400740994448791e-05
9.230948522868995113e-05
4.885317607592439736e-05
6.436671523132045858e-05
6.425431223957462116e-05
6.822179174314883538e-05
7.397428916611994314e-05
8.154887387462730940e-05
6.912492527163049765e-05
4.590041113838322367e-05
5.259005662971718783e-05
7.659986008932825267e-05
1.015297615890202519e-04
7.489682496519834960e-05
6.676271997377839938e-05
8.511673969995225345e-05
7.744902876939929433e-05
7.239648530347315113e-05
6.108951170527951891e-05
4.506676766798381261e-05
3.603070778368826552e-05
7.507089221793253569e-05
6.551897171177622039e-05
5.586908172779483667e-05
5.508063903689747599e-05
5.925059255178611141e-05
6.710915099766715311e-05
3.991530733830453187e-05
7.468652239663241775e-05
7.469202523160796349e-05
4.295201782879693565e-05
5.611636189814716766e-05
7.322100306306878305e-05
7.755584088907116849e-05
7.554419344190991777e-05
4.013229043361367008e-05
4.641462081288700523e-05
7.561517037395639829e-05
4.858512321392395740e-05
7.254119718102536860e-05
5.702445492075533745e-05
4.749043026656552799e-05
7.541490876146433430e-05
8.009705041786271756e-05
6.991110825268799782e-05
4.596178213481260690e-05
5.615581730442726835e-05
8.506970500470014860e-05
5.255453362354643135e-05
4.656677488316773021e-05
3.444700099834028308e-05
8.125871786923454302e-05
7.874788620214580239e-05
3.735121601511402854e-05
5.849586862379160937e-05
6.390042609805552916e-05
5.972058866825333441e-05
6.036569931512803807e-05
5.827877705091068374e-05
5.507700445391448607e-05
8.153002275213244027e-05
5.215660938471491004e-05
5.951673340797865286e-05
7.316455003493148020e-05
6.651129142554005908e-05
8.683231680349279323e-05
5.969675099410942122e-05
4.687570857836883918e-05
1.037104906329174264e-04
5.835308667703112786e-05
5.813421460830824576e-05
6.626720211054029348e-05
7.286125630221213932e-05
5.276513758624044940e-05
6.119937358297032604e-05
5.137712444874391213e-05
6.577557883385244447e-05
4.348791988449295169e-05
6.841207074607354502e-05
5.830883688752790345e-05
6.959719477584935744e-05
1.058480768193914042e-04
8.247753217199440916e-05
5.267166521178914687e-05
7.721809650691125924e-05
5.749028382442757009e-05
5.901647305751939112e-05
6.476686479155356287e-05
9.155128402022799552e-05
7.813697556129313752e-05
4.293874232745702608e-05
6.587407029045708911e-05
6.129069973322147011e-05
1.059547822739168905e-04
6.353457386801291589e-05
7.427571166789187008e-05
6.380545686972235498e-05
3.565632623391456270e-05
6.499495893816023681e-05
6.066563182249661403e-05
6.049668825909693652e-05
5.522064509072212882e-05
5.573413236803297609e-05
6.080957438402964437e-05
5.438057877508756677e-05
6.181543847720947376e-05
8.591978124180260211e-05
7.067133068387260663e-05
7.681422478113793056e-05
5.976292719031126488e-05
6.980706056534970974e-05
5.204599062802893521e-05
5.490329300715291627e-05
4.773764080257974124e-05
6.989384677865101252e-05
8.372180111777328178e-05
6.525887122594844450e-05
7.062327049137374316e-05
7.659562261787138430e-05
5.755600846283048235e-05
6.069602073543530374e-05
5.449901110631634791e-05
4.437017495183051948e-05
4.101038391011073501e-05
7.556933860924250020e-05
4.650581107796161170e-05
5.432946074544757378e-05
5.537365753125261737e-05
6.069985067767732335e-05
6.707716375249055259e-05
7.907640266066702972e-05
6.603072538052240218e-05
6.062447650838953040e-05
5.178523010719390552e-05
4.933181727387089252e-05
8.814187574095490025e-05
5.366767917334023456e-05
7.843982240073872180e-05
5.404790740874110922e-05
3.968693084384222481e-05
7.576804277181425841e-05
8.697222729031115862e-05
3.632124926637450910e-05
6.080523815037022442e-05
5.643691207253887957e-05
9.271626606525760594e-05
7.062584914072206062e-05
3.553041905436102262e-05
6.849527702224513675e-05
4.443331328214889311e-05
6.051849069192482894e-05
7.114449861889310422e-05
6.986680061053648298e-05
7.140818409465055289e-05
7.243836511204038706e-05
5.029945575315371617e-05
6.259919819302785465e-05
7.455975803120764385e-05
6.062235472474509135e-05
7.718757003175083758e-05
7.536761572464511019e-05
4.348031245178305126e-05
5.367386837899142815e-05
7.325576295020927865e-05
7.596854968825409056e-05
4.448162989928997117e-05
6.703480688733981681e-05
6.810228113891899531e-05
6.039212872702699704e-05
5.146372503202994270e-05
6.695434773014427641e-05
5.456066855929395776e-05
3.642582618716697020e-05
8.614901474163867354e-05
6.980795620479980635e-05
5.626421805705707956e-05
7.150408215413341594e-05
6.369670646150014752e-05
5.444620450942242454e-05
5.598155227728478846e-05
5.639174996772002935e-05
7.356247403764732263e-05
8.580002174279400574e-05
8.852949781162297051e-05
5.196603768959482972e-05
5.974552007394519078e-05
4.395119546909998529e-05
6.701782259910783420e-05
4.272089196651928565e-05
8.138780723509168999e-05
7.494680861591304904e-05
6.807162275156227892e-05
3.754165415717231752e-05
5.052747599138701119e-05
4.565902005690335402e-05
7.503080870666479043e-05
3.369630543990529222e-05
4.946214796600704311e-05
8.852837902484974458e-05
5.638305649664355736e-05
4.043867988217351056e-05
5.631426979173010419e-05
6.583738007320435440e-05
6.860352950952641564e-05
5.837150480549764249e-05
9.985706714135213268e-05
6.693481554727903518e-05
6.437470160193777880e-05
6.605775718083354371e-05
7.794941376147489296e-05
4.155173539126074040e-05
8.135543819833766484e-05
5.799388439047741488e-05
7.610494935379952730e-05
1.120867899045502271e-04
5.016071287621858742e-05
8.324499872884359535e-05
4.510565011503313971e-05
5.821546740904064154e-05
5.511474584335373340e-05
5.404976440336741681e-05
8.494338186366684332e-05
9.634056126234694464e-05
8.795807867949888390e-05
6.656003850000854658e-05
1.034241600708212672e-04
9.453920513231388312e-05
5.880665593117675722e-05
7.772256768616847154e-05
9.097665670668166028e-05
9.733428522836899991e-05
5.836079880837260158e-05
6.244671496150862127e-05
6.806212970783567210e-05
7.422800505508355730e-05
6.890810642010947152e-05
4.850926738861402324e-05
4.628563128997159994e-05
4.446282834926492902e-05
6.766944722088183352e-05
6.216759368166658813e-05
6.837254813241141007e-05
1.092632647093293266e-04
6.413834522304036865e-05
6.364829951222243513e-05
4.979779541814009037e-05
7.414561760416884530e-05
8.860526344183427497e-05
5.837347981832021284e-05
5.072731551029152186e-05
6.306884341336059529e-05
8.507818630918289888e-05
7.720593945420304639e-05
5.376406968444908383e-05
6.200622162661212496e-05
6.723373255846589889e-05
5.116619056026414666e-05
5.628469889988150924e-05
7.257015201275152593e-05
3.834090390846192365e-05
6.642486664635748799e-05
6.153618832183580206e-05
6.461372978014955917e-05
4.708490729090456130e-05
6.104020025095183242e-05
5.481533367487301326e-05
5.529016278501452708e-05
4.286281416003319135e-05
5.489275985720958582e-05
1.122091183015577276e-04
4.857616358463499103e-05
7.492368974779232982e-05
6.367210165064986194e-05
5.767750496281048817e-05
6.578739683059427602e-05
6.259848193699248304e-05
7.968609344250951725e-05
6.220793106291045425e-05
5.287101902062054390e-05
7.165514021067806026e-05
7.432743766139469639e-05
5.525463350454582200e-05
6.501175233990840797e-05
9.034543954578293928e-05
7.254754512891127170e-05
6.137053435408328322e-05
5.184596599895380416e-05
7.815561428152249877e-05
7.659155348505665472e-05
5.201377326030907379e-05
3.641374757794439189e-05
4.588040437578995461e-05
9.138167558169953554e-05
6.643990875509160946e-05
4.731028080601706946e-05
3.394728238079668895e-05
7.266904323750589300e-05
6.665595228613351193e-05
9.411975041923233978e-05
5.810438452885133113e-05
7.473126589771291882e-05
5.567200671588903968e-05
3.974412535271650601e-05
6.814590816647034916e-05
6.710780143597169756e-05
4.725571805553534737e-05
8.612066581257032884e-05
5.273926050447591215e-05
3.762213428891898759e-05
7.329463102813043110e-05
7.039485346621759726e-05
7.730302504795634585e-05
4.540559245918546731e-05
6.908511561431757847e-05
6.287209596119815223e-05
6.142377732971104085e-05
9.183833999920066585e-05
5.454619680164374355e-05
3.808005682060535107e-05
7.811474572440764441e-05
6.975340659433378466e-05
7.590733821128019319e-05
4.623664719464062829e-05
5.274712773431102479e-05
6.215426280228373407e-05
5.864433671480449942e-05
4.587927919108757228e-05
5.627804995829735165e-05
7.268421970418902957e-05
9.471437563317452340e-05
5.742850419014328931e-05
5.419557251490423732e-05
6.929369224695458530e-05
6.560529468028694633e-05
7.008316888448289550e-05
5.885783474219677424e-05
5.716112273397088524e-05
4.643647089352864532e-05
7.112790166899818529e-05
6.428129296225539686e-05
3.744111710443778296e-05
4.714005378304901789e-05
6.216352221657916435e-05
6.563014755774796902e-05
6.940931039209295435e-05
5.165925453293693790e-05
5.689316969823494848e-05
6.590857124845452485e-05
5.140093997570287400e-05
7.807620246606309625e-05
8.463800550753423284e-05
7.416301845463175849e-05
5.947665555752402767e-05
7.804406135919966314e-05
7.431140498492538350e-05
7.309580136582695875e-05
7.802866672656490015e-05
6.495017446413513479e-05
4.824583896729875974e-05
6.773088407063254115e-05
5.624875204565832636e-05
5.206263734934435964e-05
5.868100620217460027e-05
6.875880704805931675e-05
8.392180622764386182e-05
5.170366089807734299e-05
6.338384147509579280e-05
7.516928254284373375e-05
5.368839385113003207e-05
4.688888074502271238e-05
5.119576146738577565e-05
6.343308698468197698e-05
8.883651395628959719e-05
4.960714709149017333e-05
7.834687178427667020e-05
5.931066008920332845e-05
5.516305886819512241e-05
7.413207632383974613e-05
8.126184428320319805e-05
4.391556252269853571e-05
5.560021489128339346e-05
6.704158003144648163e-05
7.683310013054719251e-05
9.590134780886141227e-05
6.929891012062540183e-05
5.208140735395616112e-05
5.306312210193053243e-05
7.513946055083557316e-05
7.223875198334069048e-05
6.832321203006433961e-05
8.140245317512661996e-05
4.247031488990596430e-05
5.451271394582552334e-05
5.533462996690893587e-05
6.024674627927082798e-05
8.089737068539109557e-05
9.367175563115847942e-05
4.954078331678001413e-05
5.684324664979154462e-05
7.490922842191270238e-05
8.107209802094183973e-05
4.298506462395927625e-05
5.813813495348736833e-05
7.589400596898871962e-05
7.669175439140721372e-05
5.564390446401973442e-05
6.078086947874951476e-05
7.216246889132850624e-05
9.993885086428975562e-05
7.045158763356751820e-05
5.146118137103336613e-05
3.630899610722814022e-05
8.385894088856113676e-05
5.063035704698178491e-05
6.355668447986155632e-05
9.783847161132571020e-05
5.579567651444257328e-05
6.553500260324287272e-05
6.008055023428393821e-05
7.705080219666624736e-05
6.746714929650145449e-05
4.977893371095824506e-05
5.364396929042776881e-05
8.000243220310939937e-05
3.890682842661484714e-05
6.571202938935781989e-05
1.024255005554027329e-04
5.967307318046674157e-05
4.651385252256260165e-05
5.294701295140673828e-05
9.169407029883437383e-05
7.901187287387054746e-05
5.288257261918731614e-05
6.794222771750157422e-05
4.670935185263570735e-05
1.067257723065168535e-04
4.429292153837796462e-05
6.671374027538231775e-05
5.119415533801276879e-05
5.867663657285750823e-05
5.867899417547592139e-05
5.986982197680230949e-05
1.064416739398641132e-04
8.678328914537287281e-05
4.739534688342397214e-05
5.133031907581914302e-05
6.047623601928191282e-05
7.688039385682460497e-05
9.301091594211648357e-05
8.813408249131540761e-05
7.088611268491883544e-05
5.277853691827955296e-05
5.764851535727206285e-05
7.753529745554323788e-05
7.831119585541966739e-05
8.122872425295329392e-05
6.852759199561011530e-05
5.687405671689227545e-05
4.107148218833948222e-05
4.646367934300383332e-05
5.559338450940809961e-05
8.263495885493941288e-05
5.811923459778293543e-05
4.861641471282162968e-05
6.173283834210753756e-05
7.691955837989196583e-05
5.795430100688253350e-05
4.572814279569172063e-05
4.403713191397233177e-05
7.460698383197752537e-05
6.031362057939767423e-05
6.793456537308639113e-05
7.895173009506816625e-05
5.574103100195838616e-05
7.780149299255842042e-05
4.986858926644398710e-05
4.821129962157833095e-05
8.459026206144645160e-05
5.157737124954244455e-05
7.503065073025779656e-05
5.215484241781370473e-05
5.925269511156555793e-05
7.183651720241036995e-05
5.439977524239536982e-05
5.965690085691806028e-05
6.483243428468493349e-05
5.372173551892699670e-05
5.572196054792263192e-05
6.994184432138635229e-05
5.860531564724086735e-05
1.101653784841822681e-04
6.804938393213605461e-05
4.356830125957932871e-05
6.838869611043005064e-05
3.133269841605744075e-05
6.280039540026046134e-05
4.283317825415377568e-05
8.185352149541165001e-05
4.876925876487206516e-05
6.906589672118571281e-05
6.198332071935415660e-05
7.001889682218643900e-05
8.016731059456926284e-05
7.419617140237511424e-05
4.838345852473144944e-05
6.871084686352380325e-05
9.867241955886660526e-05
5.847418012003445715e-05
6.639100976417694304e-05
6.192279439467180985e-05
6.684141785100759846e-05
7.203552484618177133e-05
5.403447863066626735e-05
5.904584118689068631e-05
6.969282345728460167e-05
7.577146127902526125e-05
9.477767847564573273e-05
6.318988895259294099e-05
6.970583585084461759e-05
6.541225679417883348e-05
9.851915080872634316e-05
8.811088562862107957e-05
5.838913335107890376e-05
7.375053554070736515e-05
8.570235340402688183e-05
4.932528981212486630e-05
5.859776062445762589e-05
9.775388400312215215e-05
7.583112217730689957e-05
8.249583604398937097e-05
4.771640930147674656e-05
6.321190894103015064e-05
4.550956560842900377e-05
7.923871310689970470e-05
7.128186503340067440e-05
7.179035508833261393e-05
7.392397670413733033e-05
6.276335389519115549e-05
8.235120291004169942e-05
6.606480682835119635e-05
6.089573923058466936e-05
4.254318743225506247e-05
7.410862602267315603e-05
6.879578704820463891e-05
7.327259948749363552e-05
7.251791635998510908e-05
6.379614514077477558e-05
4.231451793173058651e-05
8.527175131462159095e-05
5.466541285702760359e-05
1.018874302971407283e-04
6.722467984037002635e-05
5.979904286043217105e-05
9.209583028183547699e-05
7.680357875645415513e-05
6.084805759164544611e-05
6.349341487929898950e-05
6.924145137365318595e-05
5.829376577744291418e-05
5.893191074367526097e-05
4.104124967423072135e-05
6.269051496128319456e-05
7.829265985503521094e-05
4.747078308630743257e-05
6.494932777350278846e-05
5.794177980686674383e-05
8.560532551059444912e-05
6.288301126645058257e-05
7.204764665557862244e-05
6.933289386058313225e-05
5.844289329294915353e-05
5.170161938697622964e-05
1.047201802933361283e-04
6.999136004712351860e-05
5.275746743512389536e-05
4.494208944522813827e-05
8.335969405374627785e-05
8.231986172726828664e-05
4.816959518813880445e-05
4.892881801446779784e-05
8.066655956663802370e-05
7.574427590597589393e-05
5.753792861044478669e-05
3.847977756470414776e-05
7.664231355909278259e-05
7.073864815914652539e-05
6.995740147412340384e-05
4.471319799015496853e-05
6.093090674160575761e-05
5.049913031389877653e-05
5.358646379548115136e-05
6.192592902672795741e-05
1.140509695314425502e-04
5.346141422533425160e-05
7.373702102420156060e-05
9.719760206719172682e-05
7.855903721994205813e-05
5.289234483948436119e-05
4.499424783826634481e-05
5.878231683297076212e-05
6.501911611524958576e-05
2.702906819019388682e-05
8.637637808429848927e-05
1.024021398059771519e-04
6.505444966750299860e-05
5.145622199457605223e-05
5.704864720599048098e-05
5.307843898496199042e-05
8.536941773794270939e-05
7.630923218320559507e-05
8.872367127401220360e-05
4.960861067307350018e-05
7.367644023794205229e-05
4.450467009209226694e-05
6.807201442855357503e-05
6.878162242720789650e-05
5.875658215771900855e-05
8.308971917467733361e-05
6.547645527040754946e-05
6.253157273970665563e-05
3.517048184311593435e-05
7.520584006311672131e-05
8.850868367973129089e-05
7.496202324031843391e-05
1.070271345378028042e-04
8.283020011614685709e-05
6.193080330125209400e-05
6.203976092408179405e-05
2.798067841880670729e-05
6.206013543978139142e-05
7.883963546580258664e-05
6.642381455054531102e-05
5.094326488774372796e-05
7.198402396477323424e-05
5.934062352717873936e-05
4.400883372268470382e-05
5.921282365059349058e-05
6.003852969617728453e-05
4.397125704394059240e-05
5.291821952301011179e-05
8.356036133212057550e-05
5.056097692790389249e-05
5.532600108939289053e-05
9.147178935509484336e-05
5.838983881192244752e-05
2.650035792650710131e-05
6.686863372789979851e-05
6.252748579325305639e-05
6.625404873744107767e-05
5.993343092582713674e-05
5.642696927000718371e-05
7.087086819346302159e-05
6.360975918554765936e-05
9.443255366624278308e-05
2.737845914915323212e-05
4.059243190926160438e-05
5.181627340606877402e-05
8.353637309183510357e-05
8.664870827412705272e-05
5.376967878711690047e-05
3.928581208035624914e-05
3.627751650940048143e-05
6.062286979682336214e-05
7.821623850571628688e-05
3.038568163844833028e-05
7.938647008392203989e-05
5.642649557225494982e-05
5.098776800822737239e-05
5.461263881523509002e-05
5.582222583270566685e-05
8.779959100576017724e-05
5.490620596198248063e-05
4.949043670168059748e-05
6.060562796774747007e-05
6.807497871486364166e-05
6.947816594392666485e-05
5.342815529406646260e-05
4.327570178685031355e-05
9.732381959545803292e-05
8.827943907323207711e-05
6.889968346014703059e-05
4.909585689033741008e-05
6.418036930915056097e-05
6.965741865483630359e-05
5.953602203682560514e-05
9.577626170936859881e-05
4.895600434102346848e-05
4.449216437912061273e-05
4.972532285270742081e-05
5.324432535879350994e-05
6.906621065319167333e-05
5.906314423059201514e-05
5.942896931187385666e-05
3.891485343164190533e-05
5.848084951915378962e-05
8.246218363324914788e-05
7.378846896604203094e-05
7.111249221086134956e-05
7.494139702137484144e-05
7.048246762411089538e-05
5.556422936994338634e-05
8.035185318823549186e-05
6.315455739824893443e-05
6.090475582961492454e-05
6.599721218612134650e-05
5.685378019040488823e-05
6.538235707685275116e-05
9.169852275582509324e-05
6.585949251571333331e-05
4.940869092619960714e-05
6.227923234435202814e-05
5.677030021069619394e-05
6.881328679402825698e-05
5.235473404705850276e-05
7.551169634617652419e-05
7.872745948392281378e-05
5.814657582759063566e-05
5.973384275349850951e-05
5.406367028613005387e-05
1.061966016565574721e-04
7.103079032494423104e-05
6.962314958994838664e-05
5.542033200537209588e-05
7.289153245439687493e-05
5.387194691404713202e-05
7.969712964884708426e-05
6.289879653316973772e-05
5.754914300725014659e-05
6.638887792328955592e-05
5.589350389092726960e-05
6.859630610213142681e-05
3.402521643062136349e-05
4.374309885832703982e-05
8.651029488288171365e-05
5.370606688173425842e-05
6.105668967474394294e-05
4.681392937751991659e-05
8.474448790393890351e-05
8.422713083558310899e-05
6.146144921987130283e-05
7.261060246470423451e-05
7.082064415726203898e-05
5.484240231422865146e-05
6.573016624628127697e-05
3.554050922605258282e-05
5.203642936810621558e-05
7.298037579042034322e-05
9.353803535862548993e-05
7.027170174275164079e-05
3.460861476870749647e-05
5.604358495757284358e-05
5.715333556816103356e-05
4.976043792799735049e-05
7.202465897967714147e-05
6.697623541965576517e-05
2.694772864052858420e-05
4.371346080819801610e-05
4.116688770778308712e-05
3.540006884677351044e-05
5.623683201618601786e-05
4.810419911350911996e-05
7.858726956686994992e-05
1.023737466677579813e-04
7.679536577842484139e-05
5.342988122063339673e-05
7.740519209781499910e-05
8.081733900804430196e-05
7.620990992770740248e-05
5.569774160708552090e-05
6.005086025031106529e-05
3.643481253409234740e-05
7.974773382987497940e-05
8.062545874797636845e-05
7.630849412207291779e-05
6.150465116509576109e-05
4.488355288895538647e-05
5.565064113078306367e-05
6.132350341676580212e-05
1.066708660403339496e-04
7.699914817415768947e-05
5.401520692925121050e-05
4.878108384667344586e-05
6.834931949623891927e-05
7.635452634752456038e-05
5.567586413547911999e-05
5.933273847013574326e-05
8.844125693720663423e-05
7.652049230995715680e-05
5.932918286319690258e-05
4.368092196477517674e-05
8.817076235960735894e-05
6.632607576412957728e-05
8.125769938710719967e-05
6.210248345222479590e-05
7.527409321655636576e-05
4.940431694658290780e-05
6.036342970815268468e-05
5.343410094116845247e-05
5.799785385119728029e-05
8.686700228609432165e-05
6.891164857045801865e-05
5.161267373125097099e-05
9.932683281656324767e-05
5.775312520840552059e-05
8.480527255101826564e-05
5.630606058892013115e-05
5.666506762617207801e-05
5.076935332620115672e-05
7.712874991800934771e-05
9.599613358156718805e-05
6.116711795140929273e-05
6.125760487221283668e-05
3.124066725361892725e-05
6.551000520780703303e-05
4.371966309403328775e-05
8.743563539623855948e-05
5.971916275733467734e-05
7.095476548332926945e-05
5.501931634789336599e-05
1.022851228045987390e-04
6.348864821629380541e-05
4.845142421321256592e-05
5.289638914041822906e-05
8.600426401176847321e-05
6.595682542583147583e-05
8.676700182335283400e-05
4.520374552578855168e-05
5.507699324551881072e-05
4.079742656331451263e-05
7.823084729789577354e-05
7.299660803072607299e-05
3.123307596863194257e-05
4.116787043646021510e-05
4.674921001043631015e-05
4.817988741335128583e-05
7.884517366634594712e-05
6.955676444691705923e-05
7.527008941412825804e-05
9.869006835357398643e-05
7.682524408855322682e-05
5.547799015941063750e-05
4.603327736254273471e-05
7.895720553177068991e-05
8.121254453745521467e-05
5.802220911699071973e-05
5.686929909693574990e-05
4.193050317933484151e-05
8.245933793242935851e-05
6.564517611567161949e-05
8.048414212886161490e-05
5.723038127816863004e-05
4.900486320331750721e-05
5.396250196439776451e-05
6.501320545794045153e-05
4.316393588697240498e-05
5.129133485945589263e-05
6.533117569226325704e-05
7.437127429521789691e-05
8.812431085625948733e-05
8.230624909100584549e-05
9.104805098364651705e-05
5.565451509491801897e-05
5.730942569290723088e-05
3.016520025310433456e-05
5.462069830750970571e-05
8.454856857523122620e-05
6.188371024153160665e-05
7.051685295181235710e-05
5.904284075363168735e-05
4.410818756965179853e-05
5.413699415782262495e-05
4.792526820181008474e-05
7.737515806240932237e-05
5.575955023617894593e-05
4.302369889934583823e-05
4.278453866838406353e-05
7.480743189526426655e-05
7.607099696428167338e-05
5.134852832000184566e-05
6.515275473358364284e-05
7.439292703126810374e-05
7.295065992689021795e-05
4.904287759006279010e-05
8.244064025833819896e-05
9.337877050727542733e-05
4.925664712056568095e-05
5.205348588730471324e-05
5.544171534963629737e-05
5.786647398737218334e-05
4.745975384138527100e-05
5.972782996743004126e-05
4.879963984612483932e-05
7.082800572448958777e-05
6.113385658352551771e-05
7.414631607797414210e-05
7.274034527810146415e-05
5.479400549501192046e-05
5.717771436183755176e-05
5.036689726768026575e-05
8.064857502567788908e-05
6.372206145182600639e-05
5.153879152765032196e-05
6.773036798573352267e-05
5.250460344084554828e-05
7.207262814160181308e-05
6.164101732726343205e-05
5.166091720729178990e-05
4.233619359033206773e-05
9.060198254726812444e-05
4.303216395980970216e-05
2.984666988515627923e-05
4.978050584818687974e-05
7.341346424344119851e-05
8.160570632292557850e-05
7.443933840540937704e-05
5.409590214790903931e-05
3.914663941595202445e-05
7.053247054951950986e-05
1.006790549685189837e-04
8.913616455261543870e-05
4.380128710705860298e-05
6.860663182430361046e-05
9.228032991022831776e-05
5.434162801093414996e-05
6.988535140276014746e-05
6.916413253977626364e-05
4.460703710397820321e-05
5.441846202039522204e-05
5.708468294403676964e-05
5.310839212907581301e-05
7.748013127301444172e-05
6.487091820512121034e-05
7.336940358239716503e-05
6.378708177651935774e-05
7.548001380898469270e-05
9.984789976410216776e-05
6.406918977926267091e-05
5.708897124883144836e-05
5.589984908740250113e-05
6.332500754970514512e-05
4.756451029016814695e-05
6.939399832067659197e-05
3.511733918326450591e-05
6.419092276909474457e-05
7.787943864682997700e-05
6.282937335583396515e-05
3.604306686964759619e-05
4.189125865726421599e-05
5.470693639887452484e-05
5.680585981318391034e-05
1.006429456169389896e-04
5.729268173715994911e-05
6.695996674093252583e-05
6.827111170876635289e-05
7.585197876203989746e-05
7.012779987296178478e-05
8.394609561359666955e-05
8.906722781000613574e-05
5.902088644542398236e-05
4.978435302318380882e-05
4.279200620775549385e-05
8.847171150051204508e-05
5.490820248768049606e-05
6.523527326167107097e-05
5.078887474398012004e-05
5.501123163779096501e-05
6.565157021795960015e-05
6.484901570277496559e-05
4.824011387549306595e-05
6.144648323207178311e-05
6.851783833243916156e-05
6.084417744824104660e-05
9.089901662658728511e-05
7.573814384421842288e-05
6.920507829600504074e-05
5.202267519698769400e-05
7.084872796324213256e-05
5.045889585775554273e-05
8.152705087918616614e-05
4.194839906346807404e-05
4.730108754947976433e-05
8.121899107415614025e-05
7.417195897699756181e-05
5.941098669003870331e-05
8.214346227753880183e-05
4.446144133516288674e-05
3.364025458949038882e-05
5.870954317933518629e-05
5.377231096554112446e-05
6.847504538996703740e-05
5.367708322700538037e-05
7.646614235632064299e-05
6.314013791502851372e-05
4.950797776152882497e-05
6.537211582341715180e-05
4.693978877772331211e-05
8.782467798211125308e-05
3.596566037818803145e-05
6.207804059924081790e-05
6.816714523133519065e-05
7.025940436615672161e-05
6.000994197724075774e-05
6.849620836148623000e-05
6.186041490813541698e-05
5.127936656674691524e-05
7.850694749973550080e-05
8.634512238420352095e-05
1.000601749660178576e-04
4.830026063779219360e-05
5.372089176339075236e-05
4.569493477492352291e-05
3.896250010894807979e-05
5.915598874585655708e-05
5.139094378199153746e-05
6.979055271222743442e-05
7.146093956844299657e-05
6.368673308207053834e-05
4.927180637450067718e-05
4.477553438515133414e-05
7.196744152778224190e-05
8.741244929478930302e-05
4.766962755870695267e-05
5.552484734579592467e-05
5.481151489175040533e-05
8.151028911563274458e-05
5.938952413307023480e-05
7.510077291670317007e-05
5.491542899044976324e-05
9.387260053863558280e-05
7.572680428251115541e-05
7.176145637102847134e-05
6.150319980302977694e-05
7.607639009970456831e-05
4.256430768954733097e-05
7.007150559871388367e-05
6.833033732090232153e-05
8.524431709037987189e-05
8.479052273420113262e-05
7.672194956585965786e-05
5.613089109189206024e-05
6.197771578901266310e-05
6.631331486471699532e-05
9.842705103407805743e-05
7.630967995723104069e-05
7.327083675611729778e-05
4.367722758601998482e-05
3.689300268430954207e-05
6.905571644994774438e-05
8.017533080203638192e-05
4.545183255368620486e-05
4.448151281274665656e-05
4.336522656576356885e-05
5.210340504228004284e-05
4.769825775703709868e-05
8.894855606833910989e-05
4.652431320551306964e-05
8.685090047531896786e-05
7.287800194317859857e-05
8.511947753525624777e-05
7.977678716623809267e-05
9.531551800034319911e-05
5.351723522937711054e-05
6.262557091595767514e-05
8.780696719704927705e-05
6.581954061621665718e-05
4.890081858506807968e-05
5.752868101890235843e-05
6.517857636784049049e-05
7.972004137327133426e-05
3.860173048368531213e-05
4.356824598407524514e-05
6.106591608329717735e-05
6.894593236381725359e-05
7.793276833002285337e-05
7.288523241454503837e-05
5.256093897994096575e-05
9.379338382333752145e-05
4.460469602686408267e-05
7.427168911435469846e-05
5.509110987800813888e-05
5.435533599991333460e-05
5.612827452075239821e-05
5.075115787268502692e-05
6.510799268580719733e-05
7.576537667083748262e-05
7.188338916787719371e-05
7.069241095992466668e-05
4.981145879174106998e-05
7.900948153544732841e-05
6.617170082177603282e-05
7.477760161274114360e-05
8.427049258450647318e-05
6.695212525212679094e-05
8.074564522752645103e-05
6.671355839847899574e-05
5.227591508406984256e-05
3.260152241363680636e-05
6.193707891336809547e-05
7.807573393934468377e-05
7.959851191238602203e-05
5.871148423839059739e-05
5.806825064216102484e-05
8.553280222868691620e-05
5.439831180184628130e-05
6.261818651463749098e-05
4.257322436664025077e-05
6.646693256312578542e-05
9.580339471685358035e-05
5.722782196814177764e-05
7.837203543617263343e-05
3.704310606908551917e-05
9.919378520084230419e-05
5.943159101769212357e-05
5.361875296560273784e-05
7.429080276903468648e-05
5.426974093738946446e-05
6.844250475354575654e-05
6.624954910101664505e-05
6.533605666268842941e-05
5.829964499848858464e-05
1.070923223955948640e-04
4.259598535009930583e-05
8.909168950655894958e-05
5.453432431946007148e-05
9.252190135769198002e-05
6.476743630653342186e-05
6.152127789304318104e-05
5.275077418459576592e-05
1.233822530838064402e-04
6.907107902055124123e-05
5.368646029907325155e-05
7.273297384646057917e-05
5.456004303926858672e-05
7.492955881764378401e-05
7.487981860943875218e-05
8.053568533265312269e-05
6.588786247685003109e-05
5.272051005992688154e-05
6.212019997866908996e-05
6.020467333597946327e-05
5.864000139855266816e-05
7.851119337204752176e-05
7.475139372228386408e-05
3.793249155824926641e-05
4.685096841590798492e-05
5.898877110645125944e-05
6.036668498379078266e-05
7.522229023635292847e-05
5.793416895429677905e-05
4.796720183430737481e-05
8.252180047205950485e-05
5.901794612073609869e-05
6.316097628731482414e-05
7.734239862053613509e-05
8.315194928640502097e-05
4.566807077857640377e-05
4.299880808731540975e-05
9.691439410843265701e-05
3.864531643715484035e-05
8.105926564550063008e-05
5.229577592147531187e-05
5.908891871008308005e-05
4.609128680128063069e-05
7.000575768410463064e-05
6.613033359632071180e-05
4.564438751919643175e-05
3.648881170196775244e-05
4.507144889945209089e-05
7.035527039823261304e-05
5.785315613000016708e-05
8.182893008274243435e-05
5.657120813100722487e-05
5.812676375697442495e-05
5.367653565730486092e-05
6.343794165830991718e-05
