1.096033577223743866e-06
1.540203815368915733e-06
8.722157810975130330e-07
1.994996229928077631e-06
9.890029896641876690e-07
1.212646491107723982e-06
1.188935136687089346e-06
1.698862049900825073e-06
3.628437631599243292e-06
1.270745258343251020e-06
1.190420780127271424e-06
1.052383821967730425e-06
2.568478800712495127e-06
1.915726784127951841e-06
1.208445021132824814e-06
9.737203068161573902e-07
6.598723477973012962e-07
6.967357353178745949e-07
1.925663821886126472e-06
1.634640402931191395e-06
7.346503458659014646e-07
6.468752613693797865e-07
1.180758303236148582e-06
1.334531003525693011e-06
2.305236645638594041e-06
2.723565509238115139e-06
1.981230532987109735e-06
3.007856859582653560e-06
1.118554795632617353e-06
6.156256656129826153e-07
7.807294538534823667e-07
1.932621381161955542e-06
1.381011151577533635e-06
1.125426053387680431e-06
8.288912241051006414e-07
7.570618986292884973e-07
1.494003788866865999e-06
1.095391055315623937e-06
4.020038731150125201e-06
5.259930904745443317e-07
1.163838653110186819e-06
1.222208520618230623e-06
2.204045275783954833e-06
2.058718370362673056e-06
7.293575142343492367e-07
1.538430523049527112e-06
1.420520955228414386e-06
1.712802218845146324e-06
1.321242846458406547e-06
1.613776614129795505e-06
6.921513926756696928e-07
8.125767673165746062e-07
1.165815772588725547e-06
2.149534666414880645e-06
2.281789294680058857e-06
1.034527579559291824e-06
1.128608976933861696e-06
1.378930796502713157e-06
1.957823421848785312e-06
7.138486339126092527e-07
1.058420361251577213e-06
9.668648698420874896e-07
1.708364311583117651e-06
1.304309485652096516e-06
1.097819581035494792e-06
6.747938794050323205e-07
2.101743605476269500e-06
1.308412267594169862e-06
8.991705922795409376e-07
1.730945759397476874e-06
1.155974332291956678e-06
1.274528411690403715e-06
1.184401844053166309e-06
1.297139524250133965e-06
2.563343415145569947e-06
1.076657730124966561e-06
8.113009942068510289e-07
2.365787343339670595e-06
8.007525018349675851e-07
1.274422047519320625e-06
2.503688388224471007e-06
1.358960609526772728e-06
1.026257427087865973e-06
1.021006386288111403e-06
2.460975157302077161e-06
2.335982175272409170e-06
1.285012765126138679e-06
1.483042066744634447e-06
2.889876819880233610e-06
1.879205123766528813e-06
7.547951414979579761e-07
2.677557915269635478e-06
2.904112899323499840e-06
1.141006385971831963e-06
1.640286626987680832e-06
1.211196708999085383e-06
8.196584547015807927e-07
9.392297570959122857e-07
2.784245805873682288e-06
1.343450138104779776e-06
6.731055551735452911e-07
1.406149408716864787e-06
2.105794159310014387e-06
5.869336275263296010e-07
6.667932866150447173e-07
1.529939714326450966e-06
1.139785236968998592e-06
2.343195817144742087e-06
2.325028621960234383e-06
1.411125601016997980e-06
1.422349335913525719e-06
8.523604095581863927e-07
7.026116498884183046e-07
2.816759814478493562e-06
1.056641635770611007e-06
7.737933014242025232e-07
6.868869266030112764e-07
9.609742287040998360e-07
2.158114689652134434e-06
2.460228282383310430e-06
9.576003348139125752e-07
7.051673241882839773e-07
7.225088073933208502e-07
2.230553192952374104e-06
9.491785166846377227e-07
2.070206271455797408e-06
7.117331478237780434e-07
1.216228149723245264e-06
1.308418327890391643e-06
2.638750354801280623e-06
2.406790154483915055e-06
9.740167969240257611e-07
1.542115418137935765e-06
6.299291356336378347e-07
7.417973162078122709e-07
1.935351290593680995e-06
1.157996464203699622e-06
2.183301179361424787e-06
9.794833196004996165e-07
6.173796832033421191e-07
1.180758602166031326e-06
2.134976155775177341e-06
9.796461290860721539e-07
7.485796666236343103e-07
1.315100185690497076e-06
1.257805264469318176e-06
1.495380097693029674e-06
1.783163871751862920e-06
2.934220637707636319e-06
1.290419838662603095e-06
8.525729356443548735e-07
1.945851159269681572e-06
4.057443851173805484e-06
1.140226550881574175e-06
1.494875931487722113e-06
1.847763123874863985e-06
3.830339201750443020e-06
8.707525671367824598e-07
1.357272114573015429e-06
3.577677003071394051e-06
1.651319559565049837e-06
6.952604987398635858e-07
1.249539086196225529e-06
2.372226989118526052e-06
1.499933511014824495e-06
1.460065856477355396e-06
1.151817763020451701e-06
7.872898556851215482e-07
2.182211123438122552e-06
1.800963681184710212e-06
1.447983934852653120e-06
6.699642480133569181e-07
1.685660681054306462e-06
9.237348059608162464e-07
1.238834570884835542e-06
1.419326620102451083e-06
2.711683030540940518e-06
4.043278912956374368e-06
8.656988857072387436e-07
8.746578678469538721e-07
1.987476617874521512e-06
3.377477995192490109e-06
1.908319030116764557e-06
1.100853297376140448e-06
1.417680212441589405e-06
9.297061178894062217e-07
1.662657198094118000e-06
3.184623495275524747e-06
1.004786920956378426e-06
9.526564947421462829e-07
5.100316989548819337e-07
1.484437771032162725e-06
1.858589442831772070e-06
1.500133392480378268e-06
7.585492099470878826e-07
1.089316441774834317e-06
8.463184022757607850e-07
6.937817753769962489e-07
1.364057194702155306e-06
3.102874012046495901e-06
1.129558408082731673e-06
1.022797693790024846e-06
2.857609636631361610e-06
1.680217298556392530e-06
1.040873498012412910e-06
1.074519686474158127e-06
7.633334831835318981e-07
8.764479852655993429e-07
1.371281299698997351e-06
1.608114125709886242e-06
5.953345284955407823e-07
1.271168004333195636e-06
1.327201545461370554e-06
1.854723469205186014e-06
2.217134825433745595e-06
1.185854833409892905e-06
8.195054003922926689e-07
8.869563439477262834e-07
9.465645756662102591e-07
6.050414066282945121e-07
7.401467198707002951e-07
1.266306901947557120e-06
1.238281894498599839e-06
1.360003999416296262e-06
1.762513821509161366e-06
6.497745784282128589e-07
7.513290712095455851e-07
7.791939983257673115e-07
2.351428077504409965e-06
1.872103649199728930e-06
5.413571442259967427e-07
1.271904250862219201e-06
7.121443900109353139e-07
1.806016334612270471e-06
1.683162610104452010e-06
1.552975027096775354e-06
9.934791483813112101e-07
1.651225623103309910e-06
1.080287367706681783e-06
8.380635620699202723e-07
9.022551761834040784e-07
2.461982018950688275e-06
1.229504940851387720e-06
2.575433219707793282e-06
7.772889869664687436e-07
8.012442300573010230e-07
2.060536325235504763e-06
1.835654962638839822e-06
2.715748019079523175e-06
1.181644438209319937e-06
3.909523164783801270e-06
1.975238600001761830e-06
1.039988482308965786e-06
2.243520690668644503e-06
2.072665614057381044e-06
9.883480692203216498e-07
9.471098135592063064e-07
1.384411958039904995e-06
6.040472347142607289e-07
1.052853181554279308e-06
9.311767579525736159e-07
1.524298945861647914e-06
3.037324719461421735e-06
1.136459896146496089e-06
1.033090892289690246e-06
1.853248846409127764e-06
1.137710039547753784e-06
1.334177193405673336e-06
3.686992648432729260e-06
1.150916539663021634e-06
8.218502648417197433e-07
6.860012635796674250e-07
1.911977695576968088e-06
1.291157938687882775e-06
1.462394531390857563e-06
4.695910198625747334e-07
8.822552614435736067e-07
3.491869390343258094e-06
1.401242308124374269e-06
1.129844033355729621e-06
5.886144143565281835e-07
8.586495093562301300e-07
1.019171580620942014e-06
8.933444310238883513e-07
4.514415852012426650e-06
3.012057860911828380e-06
1.352684652741095172e-06
9.736627940730210382e-07
9.929691935841236757e-07
9.436791013094628106e-07
1.367605652838172776e-06
1.194807974107382283e-06
9.515429349103701649e-07
7.738734574278416098e-07
6.477409767601977190e-07
2.448413709528714366e-06
1.606876841907522087e-06
9.460715818186990251e-07
8.368907196306694842e-07
1.414900769773771090e-06
7.700056400687958679e-07
1.707812065498682406e-06
7.656084529017983728e-07
8.082141115398774055e-07
1.089602012948751449e-06
7.789960242476849843e-07
8.084956423879469536e-07
1.112925692792266117e-06
2.481039386876065408e-06
1.649753975138293884e-06
5.715371354413767766e-07
5.799205666760567091e-07
1.202238643559322959e-06
1.004537886237872979e-06
8.400868378368335205e-07
1.396183908836967378e-06
2.068638563569202119e-06
1.130214250676866799e-06
1.890300879723588104e-06
9.858076830889034899e-07
1.019210865644829289e-06
2.172287734502272026e-06
3.392660136344701709e-06
6.938806775649771542e-07
1.674361376355856839e-06
1.749639238061317752e-06
6.964205661631996116e-07
1.048267831522936406e-06
1.206384989771634176e-06
2.261700953021506854e-06
7.029219709944535754e-07
1.374337529226313009e-06
2.340932762149651609e-06
2.703209526189785618e-06
8.424416901058441860e-07
5.931158159371935356e-07
2.344075815379541246e-06
1.458658583725668698e-06
9.679582514086374416e-07
6.070381831891942201e-07
1.167261415017637273e-06
1.767638129377431271e-06
1.894932993310999786e-06
1.711295394601554380e-06
2.392152210248992336e-06
8.267045086223628632e-07
6.094572619496995043e-07
1.302570139706581780e-06
1.905904637767145696e-06
1.924155501089416164e-06
7.525627475211379430e-07
1.413839263374488234e-06
7.261736516703865085e-07
7.986727853255109850e-07
1.278083486231799791e-06
2.008670075181587248e-06
9.549846387950701577e-07
8.748381668962876303e-07
2.859940635604715084e-06
1.509490747810577188e-06
2.027895595731584794e-06
7.702738829945990847e-07
8.065502269429508575e-07
1.777462885406721788e-06
1.652447976146863886e-06
2.305672538137854527e-06
3.242259341614146388e-06
1.206341262260577153e-06
1.998909258585641073e-06
5.464394575894007332e-07
8.171555106246510754e-07
2.545741754406123592e-06
1.475229411980966369e-06
2.563187528953381690e-06
1.067748701625597268e-06
8.914795343653761749e-07
1.425785889517725517e-06
2.502004312116056546e-06
1.492048909980515952e-06
7.427997686476668154e-07
1.281752173391341921e-06
1.104763358270837573e-06
1.550092385339889124e-06
1.979717906748759148e-06
1.340486391549915593e-06
1.241169650659687990e-06
2.799641873484545210e-06
1.930429606788777630e-06
8.987689583099302282e-07
1.941426866223026741e-06
9.978221402562554762e-07
6.225272865445558456e-07
1.377060780230705882e-06
1.602641404483681615e-06
3.413278464938826558e-06
1.154975024616800907e-06
1.318934192564710439e-06
1.308308801331118823e-06
1.424588104472356742e-06
1.142342446922982662e-06
9.018050933058645907e-07
1.025025242697539692e-06
4.175347211684828590e-06
1.661675561433551569e-06
1.712746206448765291e-06
5.954197538086131454e-07
1.058590069466504869e-06
1.561471386763650565e-06
9.799040428781395749e-07
1.127936530905933064e-06
1.100096046322141573e-06
1.050130301235386248e-06
2.111690437250573497e-06
2.007011230413095730e-06
9.612122265653289439e-07
9.919158384980185743e-07
2.169653820963021340e-06
1.728103036808473279e-06
8.268790241722681942e-07
1.250456968213442034e-06
7.004709088312123139e-07
8.099947654585205759e-07
1.366308501367663305e-06
2.601215905284717595e-06
6.814068562372213595e-07
1.295582758601017585e-06
1.066250527601837517e-06
2.232291779551993724e-06
3.818642720774278872e-06
2.191139862065618843e-06
1.635094784492120374e-06
8.219194638904489989e-07
6.638297480312250439e-07
1.169347213714222655e-06
1.894593293948971199e-06
8.524561250924674869e-07
7.477406729916575760e-07
1.069907028317882990e-06
1.517529711620491836e-06
1.495058776442559947e-06
2.157364231157675857e-06
5.842338112948468666e-07
8.601619566591580707e-07
8.265824178506719201e-07
1.335110857119358834e-06
2.023282922888527670e-06
7.531141405205486321e-07
1.582347910839805235e-06
2.036486112580353860e-06
2.683203799467202101e-06
1.132030069180872919e-06
9.358667204341648311e-07
6.157088053870119529e-07
6.670131134171870777e-07
1.439045797897147981e-06
2.293563296076836261e-06
6.924371303450709957e-07
6.575091532181862780e-07
8.749569932124822833e-07
1.679137250958508164e-06
1.220700680874467653e-06
1.014929076035328295e-06
6.676832606841106340e-07
1.330269194107951438e-06
1.527792068601860354e-06
4.563758580228602680e-06
5.655749597508005189e-07
1.350541280832506603e-06
2.273263671415144761e-06
8.050481290485935538e-07
1.365975610333915386e-06
1.477708377893129596e-06
2.341563985270518886e-06
1.097257834787004990e-06
9.895770884278858096e-07
3.196711387410304604e-06
1.735287158395452085e-06
6.656182003367512716e-07
1.079359130846735181e-06
1.313064465531266824e-06
1.835256132232421323e-06
1.446584243010212001e-06
1.571694855200206821e-06
9.625408243128628023e-07
1.235888709001552307e-06
1.699671048928340290e-06
1.402118928986754354e-06
9.573079938398782844e-07
1.168873618597508217e-06
6.623565321919760763e-07
1.828856816270627686e-06
9.340788859838431039e-07
2.264870442802555505e-06
2.560812474762958409e-06
8.089699064637128459e-07
9.117845188346686553e-07
2.166338326080440837e-06
2.419528364878191751e-06
1.365422218273832417e-06
1.244566749496123813e-06
7.728546731979155472e-07
1.383480751328877822e-06
2.014214281193568363e-06
1.262329756482121959e-06
1.174438870606796514e-06
9.628003726353731697e-07
1.413554475483493430e-06
1.548038638442604804e-06
1.250476564879395364e-06
9.472405024807739669e-07
8.075195076492803265e-07
1.896034328360505211e-06
1.229572608934210004e-06
1.496604091905848068e-06
2.627548547330775541e-06
1.296272578219322699e-06
8.500017250775834784e-07
1.006770599764473715e-06
4.760938941631312539e-07
1.867158889911779026e-06
1.862046614040853273e-06
1.328863159009733441e-06
9.903049505951639184e-07
5.400039041604747248e-07
3.234040174185584617e-06
1.507960786050604346e-06
1.221211962964514549e-06
6.690966969053990842e-07
1.132226910379192651e-06
1.732494962250056273e-06
1.879127958860236202e-06
9.960085127647740161e-07
9.416756678578915432e-07
5.736446217559244696e-07
1.079867702901777292e-06
1.126412930737875838e-06
1.554524945279742866e-06
1.540824762094223910e-06
5.523432184544882944e-07
8.718127948254368827e-07
1.230876154157979525e-06
1.179028796841580507e-06
9.752964946241942413e-07
9.420678793072592958e-07
3.138123354612364040e-06
2.813091236915137132e-06
2.137854259585351952e-06
7.310967367719990568e-07
2.016339774132226226e-06
2.434340931447133090e-06
1.890163520957782442e-06
1.078306199579456141e-06
2.300447398023980582e-06
1.077827326466009680e-06
7.099884635920976857e-07
1.757637970179104907e-06
9.546566321465925628e-07
2.889476299403802343e-06
6.615762016342422919e-07
8.654377243485303954e-07
9.195167279367912849e-07
1.739461422022063365e-06
1.496158350006733351e-06
5.766129093269193975e-07
9.574570629498388532e-07
1.337973660718681937e-06
1.961017962538953603e-06
2.376161745521594677e-06
8.708907171638856207e-07
7.548407292741237893e-07
2.079436982777057916e-06
1.763803245479709669e-06
2.198677303686842661e-06
1.129051330928705739e-06
1.322255942035845461e-06
1.283746659538005518e-06
2.577622710423744014e-06
7.973399787115661651e-07
1.182442253315076522e-06
3.241074378258439278e-06
9.839348214270359104e-07
3.093495102859008644e-06
1.833127953160077094e-06
1.886061312404625823e-06
1.015828513609344561e-06
1.102934189329138255e-06
6.162096928301827401e-07
1.749443601495356104e-06
1.086606724141843014e-06
1.355941636560652864e-06
1.229044642873332847e-06
1.058007165164683238e-06
1.111028367403225292e-06
1.174123144204848781e-06
1.948531849590838385e-06
1.639560747874489899e-06
1.019548009503046645e-06
1.000761722462703893e-06
1.106087813973659325e-06
2.418103534219209680e-06
1.860079090440020433e-06
1.615186354890432648e-06
4.649300282482319161e-07
9.666525024240649940e-07
1.665197256836868930e-06
9.225107350956142829e-07
1.562908735917802471e-06
7.226887074377965917e-07
7.005611813713866949e-07
8.780155960270356331e-07
1.571946190117152479e-06
1.247425629047856958e-06
7.203588768675158174e-07
8.448852171338815027e-07
1.480566266684627598e-06
8.428179461706877131e-07
8.742272169439266076e-07
2.447416594761080187e-06
1.638085884829785951e-06
8.337571845050488725e-07
6.993434780831760722e-07
7.424935537246198494e-07
1.643329741569131812e-06
1.402993519390790348e-06
6.934662146715286265e-07
7.868033714090348344e-07
1.551853396159314457e-06
1.254461580610978826e-06
1.886951303818747719e-06
7.886539284843242469e-07
7.726321855939112220e-07
1.316423410608987056e-06
1.602851511881148375e-06
1.388782363123953764e-06
5.815991964734489750e-07
1.036850139741253195e-06
1.797246893094684184e-06
8.639935428318656381e-07
8.103603824584251045e-07
7.991237553760280884e-07
1.777421421887208789e-06
1.173915103361651030e-06
8.734121497692351918e-07
8.587156814526229135e-07
1.120656361619525521e-06
1.092083546744220850e-06
1.738292336786253132e-06
1.936584069227625213e-06
1.713593070899019647e-06
6.514710149803005801e-07
1.554045483417170922e-06
2.119289706475957037e-06
6.656488848966992633e-07
1.321206356636260154e-06
9.869919467307751778e-07
2.256783313459418458e-06
2.231806120241961452e-06
1.037183682663995364e-06
2.165413938092691243e-06
3.038736356677550099e-06
7.139440137561513392e-07
8.919660723960753104e-07
9.684351277634356262e-07
3.247534139518042064e-06
1.379547438571663184e-06
1.011281660978236154e-06
1.625647499178181409e-06
1.010692422747343050e-06
1.705173095615719174e-06
1.589301762827282690e-06
1.316345158912662241e-06
6.402226472478342351e-07
8.712996583364504370e-07
2.048019539605423112e-06
1.406859126954451328e-06
8.146408864523087965e-07
5.791414247992617850e-07
7.903521897982889336e-07
2.112042645695776862e-06
8.199857007941834829e-07
1.391577009470039626e-06
1.328621692967316276e-06
1.201965312643843557e-06
7.529189040471776072e-07
1.340044364244669572e-06
1.140769864565684707e-06
8.323703283668346238e-07
1.532348856452516036e-06
1.715229653015391435e-06
1.567086303835498868e-06
3.872771646357059391e-06
8.156710904597626356e-07
8.053419750001301797e-07
1.206868971234074411e-06
1.423416959875098329e-06
2.680737050461395735e-06
7.082121769832458696e-07
1.051607222249309496e-06
1.229433454593513710e-06
2.691438859025128723e-06
6.136387304448027622e-07
1.281573608449046172e-06
1.774406755627395133e-06
2.425416256113701250e-06
6.516640760113639684e-07
9.335072363880576941e-07
1.269804059623814681e-06
2.307646232981668977e-06
1.698571920944239003e-06
5.211995413809823016e-07
1.078384420550972636e-06
9.409946166696111231e-07
2.101920367308263690e-06
1.748332348961046632e-06
1.909806913086410806e-06
8.496310482521768046e-07
9.323387731781373736e-07
2.527892583831606637e-06
2.208715516706010519e-06
2.036215805706611118e-06
1.212092072626898238e-06
1.072629294218066591e-06
9.533720606993173112e-07
8.783006152485035095e-07
1.547094755607622587e-06
1.993418607245039533e-06
8.982880393924717226e-07
1.574383614457417459e-06
2.168193336252099259e-06
2.016766429516636724e-06
9.015699596351105475e-07
1.220031122251989331e-06
7.096125963409955657e-07
2.126208362847340545e-06
1.835981750106528530e-06
1.568221512595413951e-06
9.510911929095344609e-07
1.078053282484303412e-06
1.557224129577974056e-06
1.648209020700727757e-06
1.106564735536538198e-06
7.737732201324610839e-07
8.427705270394929389e-07
7.541767211998859694e-07
1.180949501721886039e-06
1.271949985025525129e-06
1.746606038412609676e-06
3.660579959688789388e-06
9.336338637225562281e-07
1.130661455829993687e-06
6.815875576894879254e-07
2.087272128912871990e-06
1.657108418696761069e-06
1.587661092592257038e-06
1.721052589925510329e-06
1.500578353026138817e-06
1.142834516652899289e-06
4.695395825367774049e-07
1.602839263415902440e-06
1.029395921901400571e-06
5.935056484544370552e-07
1.072247947260147165e-06
1.458807650862940355e-06
1.748622742086113596e-06
1.415412053775777177e-06
1.117291366699936041e-06
3.674284841236865651e-06
7.867675410209854767e-07
6.127039257340373998e-07
1.885509403519275566e-06
1.906857001192164343e-06
1.147053939904718524e-06
1.090543248342125024e-06
8.938153496031519477e-07
1.426186532312932571e-06
1.833240239916852222e-06
1.347325144176696733e-06
6.825649343443308540e-07
8.485228291639489667e-07
1.022130676719392942e-06
1.928871136551137000e-06
1.892365064163128155e-06
8.476155046128936237e-07
9.288360067179148068e-07
9.257946572148114589e-07
1.510091190402273913e-06
9.311441042985304855e-07
7.418868482531318613e-07
1.242387744491892962e-06
9.306330886764573408e-07
6.877540476461332135e-07
8.602141380318672591e-07
1.595716300242761201e-06
9.270577911727603883e-07
1.373061446897854016e-06
4.923099428628540343e-07
9.670806292766222796e-07
1.492825695674701614e-06
2.224936033086655520e-06
6.211229836427342257e-07
1.361872022477455089e-06
8.464864985444623034e-07
2.239095436982885432e-06
3.049605948734247937e-06
8.651405109053266814e-07
1.355739295239764666e-06
5.848678061861904456e-07
5.910316521857068679e-07
7.647075799718870089e-07
2.630460225631161604e-06
1.719101116877800367e-06
1.062848763760775748e-06
1.074087067483119859e-06
8.832588152733611154e-07
1.449195089598864899e-06
2.776380329470566096e-06
2.132183496687955873e-06
8.479205201444859988e-07
1.385592659217441052e-06
1.848272612174218284e-06
1.632356934512678215e-06
1.325869455509915457e-06
8.874289371363113263e-07
7.020531689203172525e-07
1.446479999711923585e-06
1.569495810083495439e-06
2.453455852801360337e-06
7.151365822049858633e-07
1.157009210964985940e-06
9.520670754826851714e-07
1.257964304890847386e-06
2.020464175543571250e-06
2.565550297465168114e-06
1.326509521869770323e-06
8.540697361151473720e-07
9.345754514712183094e-07
2.045973360723403733e-06
2.736453830908800700e-06
2.033249357354045024e-06
1.320089106878664490e-06
2.046366939439081167e-06
2.224303717510330431e-06
1.635299293838537116e-06
1.509002592918624336e-06
6.570320794844947184e-07
6.523521327500963721e-07
1.465803366658301451e-06
1.417882309761042056e-06
9.516388334027991780e-07
1.146151671458183259e-06
1.643050435129844938e-06
9.645524993894746468e-07
9.111790828768661779e-07
2.063834605271577928e-06
1.605267397171956484e-06
7.108369770421745352e-07
7.936378271187725583e-07
1.787283074076368525e-06
1.530130348378632564e-06
2.242615558217861354e-06
5.660125327920692941e-07
8.849820641478176754e-07
1.558356701708617953e-06
9.551536681831272968e-07
2.169177595180190229e-06
1.014450171222590061e-06
7.091581486683949004e-07
1.552920531302529496e-06
2.164947856848216859e-06
1.279954848524610630e-06
7.705729710980773906e-07
1.182578612252200288e-06
1.615507130039955666e-06
8.520873274418254551e-07
6.317941424909395136e-07
7.361197931463921154e-07
2.144768456016305932e-06
1.509536316106447616e-06
6.686160443368403438e-07
8.209536688848006844e-07
1.781890316267155103e-06
1.247940999802887192e-06
9.049039002938049936e-07
6.970876174956697463e-07
1.332119750696541437e-06
1.793020019199236033e-06
8.863585115336608818e-07
1.050072546944653974e-06
1.306196549556633377e-06
1.423078121340015458e-06
2.554985323995848919e-06
1.567226706840424079e-06
9.151187055449837698e-07
3.410604769242487582e-06
8.202709314493346877e-07
1.238591604286922588e-06
1.622842031206656611e-06
1.480688475272287297e-06
6.787237963308688415e-07
9.706688403380785068e-07
9.160542358399769614e-07
1.509273161105935069e-06
1.034966098429960584e-06
1.678714701867352190e-06
8.534088567719632719e-07
1.815916997497993735e-06
3.821611318365466496e-06
1.646729399084947313e-06
8.627154008777309844e-07
1.108417712049240070e-06
9.989377827339829782e-07
1.459782966697371356e-06
1.186919305646625438e-06
2.613840700867635869e-06
2.055029303601967587e-06
6.241370530468592715e-07
1.419461682647513536e-06
1.016951062728557494e-06
3.936521568645330492e-06
1.961165740843845334e-06
1.137997846166060142e-06
1.567704462555970962e-06
5.774244462993844564e-07
1.561395831820994953e-06
8.593667842813230202e-07
8.296543367109856124e-07
1.100412384006441590e-06
1.756734443330765047e-06
8.345499665825514632e-07
7.578553053456906103e-07
1.020927553858121603e-06
1.893646345745720232e-06
1.336174775032814787e-06
2.179485462393243985e-06
7.822134685170277941e-07
2.270709865408686008e-06
8.121579690940904636e-07
1.023794952373825022e-06
8.448107605834446683e-07
1.715899224745584337e-06
2.417635117662249491e-06
2.019702737256217715e-06
8.176975063679034425e-07
1.443585938351039948e-06
1.601157847200697149e-06
1.049207558281560891e-06
9.053407308684363914e-07
6.819578209314417722e-07
6.833574293692665978e-07
1.767120307792686955e-06
7.184798209540264907e-07
7.088353721479496371e-07
7.983334156815898657e-07
9.683072167857287582e-07
2.274712465525414762e-06
1.759441387998628061e-06
1.805907329166972589e-06
1.353992150624731248e-06
8.769054849859244453e-07
8.321760258406638001e-07
2.362414788468596302e-06
1.431710195191444712e-06
1.167647083039851693e-06
8.755821505191918888e-07
4.663813973054891656e-07
2.395674939520417923e-06
2.694901116816767238e-06
5.678436522515326217e-07
1.032597105100970194e-06
1.158059120642121826e-06
3.103269974891356202e-06
1.548544540301079846e-06
5.886022036383762413e-07
1.081662622929933644e-06
8.618010874529756179e-07
1.398767583299191404e-06
2.100065438735757176e-06
1.027719028032231630e-06
1.857670152802709572e-06
1.359257819563883848e-06
7.864742087624591879e-07
1.042674738760300625e-06
1.140904641786165113e-06
1.239747329990323836e-06
1.542213469473389007e-06
1.412722961815749487e-06
1.050209699111684734e-06
1.024311535533920337e-06
1.693153109819651753e-06
2.204168361474613637e-06
8.298520788751949963e-07
1.375377960332740889e-06
1.158466589019465702e-06
1.563397198892896536e-06
1.584602495771696658e-06
1.235537470293332425e-06
9.875914807440702557e-07
5.566323674905569995e-07
3.297698030893308947e-06
1.343265469559944377e-06
9.012565031595619808e-07
1.859252417633889185e-06
1.391378245309559727e-06
8.645362437336959299e-07
8.300957311786644221e-07
1.095700306314237149e-06
1.972457833356798225e-06
2.268928027221900310e-06
2.879936964341139969e-06
8.194007265044138690e-07
1.174901562159285731e-06
1.024211531223064730e-06
2.547580199094450348e-06
8.036886070207698780e-07
1.312458109875730540e-06
1.471492558232042894e-06
1.329275189311590196e-06
5.973756748840749128e-07
9.896891880682577093e-07
8.876634200550559378e-07
1.482774282496204081e-06
5.262463044622276565e-07
8.558875766026310843e-07
2.371594215251700671e-06
1.078756922590692572e-06
6.595419655701085180e-07
1.092808876233670716e-06
1.187162414395222045e-06
1.156318370371590373e-06
1.461036704941292700e-06
3.941847245043152373e-06
1.229724029213561444e-06
9.477614560315182006e-07
1.214716467345642497e-06
2.233870492450287813e-06
6.021451122573077303e-07
1.624942794273148129e-06
1.053380516474120120e-06
2.886573043368286716e-06
2.731897208388066962e-06
1.097238667287042769e-06
1.827667107756960411e-06
5.403703723237027863e-07
8.795722037421205894e-07
9.046575434815205851e-07
9.294137550940861680e-07
2.514282243648255777e-06
2.837793317384076043e-06
1.574824264258773937e-06
1.841202924754020327e-06
4.284148342413105180e-06
2.421194112462553712e-06
7.569978225708746395e-07
2.274475461052306211e-06
3.171803994086959945e-06
1.952827818668335753e-06
9.988539005847840689e-07
9.038407806001125160e-07
1.919363625096501058e-06
2.465617352471997676e-06
9.288708321854907716e-07
6.362608696845688352e-07
8.656683745442244653e-07
6.989752164373761427e-07
1.547157814437654780e-06
9.313665009735236767e-07
1.984876151361338998e-06
3.528655677294300574e-06
9.900230675251932253e-07
1.625608345197629133e-06
7.582446398907679436e-07
2.799528771773377415e-06
2.424656980475236369e-06
9.771846721020120156e-07
8.667579810209142447e-07
1.293809938023023682e-06
2.456120276965968597e-06
1.733954054611199097e-06
9.448959343052286583e-07
1.267067273079122920e-06
1.154228430335596468e-06
8.065110179751890026e-07
1.016318661814347796e-06
2.440245795047931209e-06
5.766435393668583145e-07
1.235429162772553734e-06
1.071730911554711764e-06
8.275090628359727766e-07
7.487639528278254479e-07
1.276252893585019474e-06
1.925750756200133489e-06
1.223632438111844304e-06
6.701436183991560039e-07
7.697998668812658514e-07
3.299470850082154841e-06
7.700571368489097489e-07
2.398315119829412836e-06
1.221886884991875546e-06
7.629578242976570576e-07
9.849817693822593328e-07
1.142367539984244183e-06
1.368184943733889460e-06
1.578392370714033166e-06
1.738915610744427048e-06
1.156433058015235279e-06
1.793142158562482679e-06
8.568949833474504953e-07
9.688531313551764515e-07
2.263595538338898657e-06
1.659680778699632816e-06
1.337298431579005481e-06
7.178480774892162118e-07
1.611436045149413788e-06
1.961897090282478332e-06
1.020027580680595280e-06
6.145410155950463878e-07
8.747628756612387908e-07
1.756787531114251444e-06
1.315012963366529178e-06
8.208865564493853773e-07
7.975126041961939753e-07
1.676805138907154906e-06
1.901184474155501814e-06
3.337041953548486040e-06
9.440128250473035322e-07
1.228412211463535498e-06
8.044064904528756025e-07
5.105474857556031634e-07
1.248837950270141498e-06
1.409297466348608393e-06
1.069817257944932945e-06
3.178506130481325349e-06
8.764627738513515995e-07
6.014408972040292620e-07
1.486852854519271410e-06
1.718114137571485767e-06
2.093700312710129799e-06
7.214701683308769981e-07
1.762331214416587098e-06
1.087356000949184710e-06
1.419852408083597809e-06
2.697403625316137810e-06
8.391202636399412931e-07
7.750197274367748453e-07
2.393065919555393303e-06
1.736420891945832653e-06
1.255974835339300228e-06
7.861073980441742776e-07
8.318255344073437597e-07
9.418763665261498284e-07
8.801017820632313851e-07
1.046653506958209176e-06
1.374920235285324727e-06
1.826822152609207821e-06
2.055647464418168810e-06
7.683334659410292204e-07
9.866870746759182398e-07
1.704092913779480521e-06
1.573264640963910462e-06
1.531389439034515726e-06
1.155111733317901482e-06
9.963502491120617721e-07
1.159168134585171524e-06
1.991323877046826100e-06
1.096424390437507721e-06
6.643822538098379746e-07
6.544803548700335265e-07
9.880583321696655225e-07
1.354005510132638111e-06
1.203419071653761447e-06
1.242393413292959357e-06
9.940180085013393496e-07
1.738041781020409437e-06
7.887263912679919934e-07
2.358286950028383045e-06
2.509928472964136356e-06
1.692527714221639559e-06
9.032741489419477799e-07
1.061036400822009047e-06
1.970723077646713677e-06
1.955198967716400664e-06
1.604555382633924321e-06
1.025453046261868811e-06
7.616830016090316269e-07
1.186293017596376366e-06
1.052576384983334079e-06
1.048588027355322577e-06
7.258540739502775377e-07
1.130880706661996210e-06
1.693818304686426287e-06
9.980515944564342704e-07
1.921268705307669483e-06
1.548933769286335783e-06
1.027883630709878675e-06
8.873865879514700065e-07
8.614676932701480757e-07
9.968424109295716809e-07
2.234653547900092062e-06
1.044925845791497222e-06
2.041290294543679523e-06
7.754586091852970534e-07
1.075856762525655101e-06
1.823917509192562677e-06
2.713144380181009631e-06
7.445637298293608412e-07
1.173268434492560148e-06
1.496384472638080275e-06
1.681149335022470314e-06
2.249700119056428001e-06
1.470680723614312352e-06
9.206767031223667346e-07
1.176762301933112293e-06
2.310086166810159615e-06
1.747794885554663003e-06
1.601405465882174496e-06
1.699987421267563553e-06
7.909919074315430637e-07
8.333372171372794098e-07
8.205491830652694206e-07
1.224790367471572470e-06
2.242825603825062777e-06
2.491219707391551977e-06
8.873745192231631837e-07
1.015439606836779765e-06
1.497972409065542208e-06
2.277399649431590281e-06
7.560472326409293583e-07
9.811088838803126070e-07
1.473004697636906215e-06
2.884761326669651964e-06
1.354163252836700616e-06
1.374275573082785536e-06
1.508482009160371184e-06
3.589228723102010705e-06
1.466825754106052035e-06
1.621031847317745174e-06
5.453708525551079516e-07
1.029938070593696520e-06
8.503270695496029132e-07
1.357257098599646096e-06
3.228431346799477417e-06
1.241689389745352628e-06
1.421108292365086072e-06
1.205313812991662601e-06
1.784687544102823407e-06
2.328273348734945181e-06
8.401635920607732184e-07
8.813342152865269549e-07
1.146411271717458993e-06
5.845534023593615985e-07
1.421390164624877127e-06
3.857250755306829730e-06
1.137972860483670600e-06
6.769741814264377636e-07
7.109264206528979300e-07
1.398904045801084185e-06
1.772339340394887543e-06
1.885189679207824942e-06
1.374985339744557881e-06
5.915831311511757764e-07
2.827057537913838036e-06
9.934268491131495998e-07
9.159801346875725729e-07
7.762901231269063353e-07
1.087364428060011106e-06
1.042098284735963492e-06
7.477143258597323356e-07
3.648502963400049149e-06
2.440980075966910812e-06
7.741867267800563130e-07
7.711558137994968594e-07
1.166763221558005067e-06
1.718275154853686393e-06
3.130049169130397390e-06
1.937837721259504040e-06
2.540631956761507350e-06
1.271780338989606253e-06
6.741966469466739309e-07
1.543125354156400143e-06
1.927992528794431361e-06
2.112090827488822652e-06
1.443987268036304088e-06
1.298861481870110675e-06
6.280320373705295041e-07
6.795544322554021424e-07
1.140325067757051678e-06
1.814254096642873091e-06
9.430238435057129749e-07
7.173218726879849701e-07
8.097758744845071909e-07
1.866621998710087853e-06
1.068262792211706702e-06
8.455558448547485914e-07
8.570961580065081295e-07
1.284566677950094077e-06
9.915586590797752825e-07
2.251562983269998364e-06
2.059637739043907160e-06
1.073593055216563969e-06
1.885888668348297401e-06
7.497018379841612185e-07
6.424684750796073149e-07
1.806914446744209824e-06
9.740226291322230511e-07
2.168560580282635013e-06
1.027645770253285644e-06
1.113067297906216240e-06
1.947048838508119476e-06
1.802617631363949107e-06
7.762969927219351579e-07
1.144928119188002220e-06
1.049398641681599267e-06
1.205261415542771121e-06
1.814840206717774154e-06
1.027228111262258021e-06
3.558339205026346225e-06
1.916440705447839174e-06
7.570131686608965350e-07
1.705695347724201089e-06
5.186019637032140837e-07
1.555494977178533650e-06
1.232891790924846217e-06
2.424412311212348097e-06
6.591548770675544567e-07
1.004328745154961972e-06
1.202892794204901363e-06
1.530027025003337367e-06
1.864917603730887935e-06
1.446948471557208801e-06
8.973657630246428128e-07
1.093928545715398646e-06
3.788492049399329110e-06
1.580246709156224697e-06
1.473855609997046291e-06
8.154938952315162856e-07
8.548207032786024604e-07
2.310740033219356140e-06
1.117389903183993338e-06
1.110034217917789519e-06
1.530297405424452652e-06
1.614633821407829572e-06
3.385030740822463388e-06
1.050909362613209125e-06
9.587891249745579628e-07
1.448377202449056917e-06
3.237823855881718919e-06
2.336687295861781673e-06
9.549947148507957365e-07
1.611033203024024150e-06
1.223127493299762293e-06
8.440384225735584335e-07
9.039855309374263659e-07
3.900751011475167961e-06
1.607314151853559370e-06
1.816807561547235503e-06
9.393628653965060012e-07
1.268303619804630154e-06
1.037109661842584954e-06
2.704950723720352407e-06
1.712531008677895026e-06
1.779000771077417726e-06
1.123875997935622019e-06
1.290975283976885664e-06
1.729979612256035937e-06
1.158000655509239503e-06
1.245275337336915577e-06
6.953035670332362572e-07
1.095520241564526263e-06
1.649843078286413660e-06
1.520091917506820967e-06
2.328592966491890384e-06
9.453447445969008060e-07
6.825971656020647959e-07
1.333504970442960167e-06
1.481575510378754833e-06
3.468906167402348667e-06
1.324218497842970613e-06
1.374651153644025293e-06
2.397108632442390343e-06
2.064706279988401389e-06
1.367254621941370234e-06
1.474610878156794801e-06
1.049183928362707962e-06
8.297232126228117844e-07
9.340124974282766820e-07
7.861223054628650695e-07
1.634168041886478387e-06
1.684116411534611435e-06
6.791122918099723938e-07
8.328302995329311073e-07
9.501497957852509122e-07
1.968635528964060933e-06
1.344609424943509890e-06
2.323223427765651303e-06
8.377043990636223516e-07
9.062981124164880485e-07
9.542368058776382635e-07
3.242666482943919602e-06
2.413829780827323025e-06
8.347229666876270759e-07
9.195729746206359263e-07
1.413608477364330521e-06
2.626617872817900951e-06
7.042695499158218142e-07
1.223323430007493356e-06
1.623287442686514656e-06
1.906927459963497526e-06
7.856939852274937196e-07
6.189668803673560198e-07
1.721074063902241668e-06
1.767686517703085984e-06
2.060649883816782031e-06
6.486413987001402345e-07
1.126424418591956370e-06
8.719120049576526912e-07
9.856859074386747200e-07
1.870382043518367961e-06
3.628968775833336663e-06
1.289753789505449016e-06
1.254548114759884753e-06
2.805873051623101015e-06
2.322476078907896965e-06
8.952552813476006349e-07
7.688022853023672364e-07
1.168485234095543119e-06
1.584956596144927509e-06
5.562323753051116284e-07
2.097065147538248882e-06
3.382415664450864702e-06
1.815052466166572353e-06
9.948142387986395925e-07
1.084573565199735337e-06
9.306336275390706579e-07
1.751086889949551075e-06
2.183547600362205917e-06
1.863732555495485135e-06
9.515153659726437590e-07
2.061877098005742294e-06
8.369629768959161127e-07
1.413944812170295398e-06
1.307750839860916102e-06
1.369295054582497799e-06
2.942997787616113708e-06
1.277288695044496549e-06
1.290437623074234563e-06
5.454931906980268029e-07
2.032306571459156040e-06
2.235701840201764035e-06
1.572824378891099331e-06
2.837072590316311541e-06
2.868577631964572544e-06
9.519661337231116253e-07
1.410552608398039548e-06
4.737949508214209133e-07
1.352509338557412226e-06
3.357319512828405501e-06
1.390938914848316431e-06
8.051204388676981686e-07
1.199558306895422324e-06
1.751137907213195255e-06
1.079676454560741044e-06
1.045345470549177575e-06
1.087805675245348949e-06
6.956352147180815021e-07
1.053346450949575900e-06
1.952511142439375807e-06
7.043910190088806246e-07
9.147300232506258953e-07
1.821973271738113625e-06
1.297779849400200991e-06
4.817184703440659051e-07
1.536669500454761343e-06
1.218407491514607899e-06
1.627701276731074633e-06
9.112877948536074526e-07
8.158839350762432929e-07
2.131846856270525170e-06
1.323181899650925100e-06
1.858618026440624040e-06
5.646693642565483951e-07
6.391913895839988870e-07
1.037984965588433198e-06
1.802632389224914961e-06
1.704845713167543418e-06
6.969394843147990803e-07
6.307745881803400871e-07
7.056687339701583464e-07
1.670035374961370846e-06
2.284129084950551297e-06
4.634378284671291233e-07
1.364862768949910065e-06
8.096570169123821616e-07
7.885521249944114182e-07
6.700801647184035709e-07
1.191243664863572240e-06
2.179009364425184597e-06
6.904760989803610217e-07
6.585549266094031539e-07
1.884714184287968892e-06
9.843762731546864908e-07
1.539203391304693353e-06
9.664982961010727805e-07
7.190224527452052302e-07
3.300521348317720718e-06
2.893447158688198043e-06
1.205972422018736041e-06
8.778564959465105529e-07
1.271934634478771936e-06
1.301516211382473059e-06
1.673733873115941565e-06
1.683234458728216767e-06
9.371034956175108076e-07
9.895755141096777737e-07
7.552468080145946471e-07
7.504334120710765656e-07
1.497747054461530553e-06
1.092126171762106095e-06
1.301012147937080418e-06
5.377008270464332737e-07
1.166937602890073685e-06
1.418968958132362595e-06
1.324498762646882811e-06
1.746076414320414238e-06
2.747052645458812321e-06
1.389220034799929457e-06
1.049798398726671897e-06
2.297847674194419663e-06
2.028435621831555823e-06
1.104926020963326491e-06
1.666386047565678184e-06
8.395546340225861850e-07
1.242842608374245587e-06
2.487639387229269326e-06
1.513895949867291268e-06
7.160408096181730305e-07
1.081461290742731763e-06
8.699779773097588693e-07
1.020300253186593062e-06
1.056890642116212215e-06
1.272804883434240698e-06
3.419820747013539653e-06
1.243897789178993085e-06
1.099309362782318231e-06
7.439170775496756700e-07
3.402193738399231358e-06
1.763143861860245894e-06
1.730820074804231089e-06
7.487853131221434365e-07
9.497695065127554398e-07
1.113880307093798808e-06
1.429630326392027113e-06
1.003466687303330517e-06
8.967336194400744944e-07
9.686296118470669118e-07
1.428593977419738108e-06
1.431887344492772263e-06
6.297496067401605085e-07
5.524471413715851009e-07
1.980321654067466497e-06
7.783856748207004412e-07
1.198963440866935702e-06
8.746368364291391439e-07
2.222224201783865990e-06
2.534836887812857222e-06
8.971226190122451848e-07
9.881943940162790345e-07
2.256399791716003189e-06
1.247378744173737773e-06
1.110693812683316526e-06
6.513801915354000546e-07
1.099095953235789646e-06
1.112548332888660306e-06
3.267924664640956800e-06
1.449229382803564165e-06
4.960954255302387367e-07
1.009131224671170462e-06
1.275906827132951588e-06
6.168556034938775590e-07
1.163669640285520574e-06
1.349188745986468626e-06
5.211261551214277684e-07
6.994691860499713055e-07
5.463258364893558998e-07
7.056142500419165784e-07
1.129675828265099232e-06
1.100183276240021365e-06
1.553670181216496734e-06
3.616598213957186196e-06
1.701389370918624709e-06
9.086232764841593920e-07
1.286454913841758595e-06
2.358144875491922610e-06
2.266512660314369501e-06
7.218097180807392986e-07
9.422465720829385174e-07
6.819255113491931317e-07
2.128957538961643483e-06
1.522889439957210311e-06
2.080103613350553984e-06
1.597038486189089702e-06
7.728018133908500628e-07
8.559236891225211903e-07
8.964927939554597518e-07
2.837385167437416936e-06
1.738661983627231100e-06
8.200813942273304575e-07
1.223464473194608571e-06
1.087918107200792263e-06
1.825395982281772031e-06
9.418590285942987099e-07
1.431109953019465819e-06
2.276829472763947622e-06
2.319590870107086471e-06
1.118537286262860698e-06
6.148749601561627452e-07
2.400571089630645664e-06
1.868844206909098712e-06
2.250131877308667460e-06
9.001867764932960742e-07
1.597775910845470004e-06
6.982072936551410516e-07
1.313465682491923306e-06
7.363072205906012209e-07
1.060778790085117710e-06
2.155954056086601894e-06
1.547353615539763043e-06
1.073506350983943465e-06
2.164872176475025911e-06
1.439919930086714842e-06
2.039240013328386715e-06
8.899775381108487619e-07
9.559776110693235363e-07
7.504246359362215436e-07
1.598697749502398140e-06
3.265867761884381792e-06
1.357093660355106043e-06
8.224100676660331719e-07
6.019556451057901301e-07
1.489169432723333888e-06
7.541317860855363622e-07
2.090906784117665378e-06
1.359628893877948975e-06
1.228698572129757499e-06
7.236796054589952714e-07
3.213762865462640836e-06
1.725201165506775690e-06
7.270120439727948365e-07
8.635469668258972311e-07
2.851415455075302687e-06
1.392563366716678922e-06
2.219535617426340075e-06
8.327623768960382403e-07
8.204110839218891499e-07
5.524659640852234726e-07
2.387394626055387052e-06
1.548829719396556705e-06
5.000269155557162847e-07
7.444759932539670299e-07
8.534514345784234170e-07
9.736193859536256892e-07
1.634038575254230803e-06
1.543248502498813544e-06
2.207807455702339286e-06
3.453122268292737037e-06
1.445026521712726870e-06
8.317942539157403769e-07
7.362247414659357811e-07
2.658487864706073177e-06
1.508813451127986090e-06
8.943426322944666814e-07
9.154779358633907047e-07
8.360111040518227075e-07
2.006140298724829398e-06
1.308262684500084426e-06
1.958352093009174140e-06
9.676656561049471708e-07
5.572846416539391063e-07
9.789131779041573843e-07
1.817387900849114215e-06
1.068699229327358213e-06
9.082720593701832798e-07
1.138653176737726285e-06
1.666375563699051019e-06
2.065225277928240793e-06
1.956384887662141264e-06
3.339088433942503517e-06
1.387696186492874496e-06
6.961837331865507148e-07
5.200683014867413441e-07
1.129187702377317805e-06
1.972921872858560988e-06
1.213381741775034345e-06
2.322200499498731503e-06
9.616782847218679888e-07
6.452773825785519822e-07
1.081346330686440854e-06
1.027885607288813804e-06
1.407813214839482883e-06
8.971096434028881438e-07
5.911064493820600740e-07
7.633395983809110629e-07
2.009595840340536831e-06
1.771724777520388141e-06
7.056924917063218734e-07
1.097450951182490422e-06
1.232437883487634896e-06
1.741123811327451949e-06
8.308318614551964687e-07
2.221898363319542281e-06
3.000484566430826822e-06
9.905901654080027421e-07
7.430076741754593947e-07
7.938746063223823611e-07
1.780588565110498910e-06
1.204442476388026626e-06
9.500359267374157607e-07
9.155716408239965152e-07
8.320503784300700046e-07
1.314584119529483229e-06
1.758394699264586739e-06
1.683208360240761997e-06
7.817955110578957552e-07
8.694735435306096589e-07
8.457267922335845816e-07
2.983917360535151822e-06
1.567369901231421892e-06
7.524400078596531612e-07
1.303121041972568368e-06
1.151911511666055330e-06
1.726124954733370839e-06
1.141293954128378716e-06
6.973898956535241043e-07
1.116264076124276390e-06
2.564400619012912788e-06
7.545958087075213081e-07
4.609071094232364341e-07
9.365199797804735228e-07
1.909399398507409606e-06
1.494202931264977705e-06
1.488509911508244201e-06
8.906989937721054203e-07
6.317843693355847953e-07
1.351345176920255833e-06
2.858533204766473328e-06
2.606157905807519504e-06
7.062794852164229862e-07
1.751718796363439277e-06
3.107064734328961812e-06
1.560552316138330398e-06
1.088639373548599141e-06
1.521126378530133682e-06
7.397903691429367015e-07
7.993173016137111475e-07
7.812729761400458364e-07
9.169444192222169162e-07
2.389881709862656697e-06
1.625716078073031011e-06
9.456342916701716003e-07
1.356808384309957730e-06
1.773573760909838905e-06
2.748385595732244065e-06
2.405349904407768700e-06
8.254474272640499814e-07
1.520671871885672931e-06
1.217788907823497826e-06
1.038289211374596309e-06
1.152664107740753945e-06
6.699675832854368455e-07
1.054196119058175500e-06
1.794380292906077078e-06
1.111213649930004600e-06
6.338314916670178664e-07
6.121154613043420121e-07
8.071532453459392573e-07
1.174665880645896351e-06
2.663823495313980303e-06
1.090958631848299453e-06
1.260068950202195482e-06
1.036750334687540253e-06
2.107875437030587965e-06
1.716354721257795920e-06
1.628406612634368385e-06
2.802581455667023018e-06
1.259423851077763320e-06
8.440704136841881398e-07
7.039545734635177293e-07
2.801309749875200894e-06
1.280703878411764698e-06
1.014844860642027576e-06
7.906566476807439425e-07
8.544214691617474848e-07
1.661752328647729260e-06
1.342279788691461580e-06
6.776005323575981497e-07
1.611991715859967032e-06
1.435011933676093236e-06
9.129092209502991440e-07
2.621698492211897428e-06
2.248447486700841869e-06
1.623677713320080787e-06
7.765582142032927181e-07
1.210903306047778216e-06
1.048202245772974283e-06
1.455563077714222082e-06
7.584083638926874579e-07
6.156709568616900918e-07
1.360236255356469399e-06
2.209712465161736283e-06
1.185590888695250264e-06
2.329963643518426165e-06
7.912237891072918044e-07
5.049081734479711911e-07
9.633247385614724198e-07
6.444850445817188200e-07
1.816566390505943527e-06
9.358769617235523525e-07
1.250850219208696326e-06
1.175543454483360714e-06
8.052581421978294506e-07
1.066681298099524059e-06
1.187297426188026310e-06
2.715412470611418451e-06
6.348754749134219317e-07
9.226796785687855333e-07
1.114475716941200229e-06
2.143604331270675564e-06
1.217318321897793562e-06
1.032270357508032140e-06
1.054071025086944148e-06
1.163486090055602104e-06
1.894182041157873578e-06
2.387195494073413776e-06
3.350395299996730487e-06
7.739970153235606504e-07
1.001832957990571890e-06
5.884335908642020224e-07
6.634960238167544360e-07
1.253584856741950958e-06
1.256016737823141498e-06
1.161067310806220348e-06
1.752516819435419908e-06
1.025332048204550994e-06
6.899358556543656633e-07
1.076153283592265139e-06
1.482467517853217564e-06
2.223530735673262628e-06
6.701779111858714034e-07
8.741134890547163569e-07
1.073257538604918617e-06
2.522376422429122141e-06
1.444207660295920405e-06
1.049510277756347884e-06
9.006561113110022755e-07
1.612248670323720263e-06
2.320185201560222332e-06
1.684931546412488353e-06
8.377483671046508673e-07
1.439619140149083437e-06
7.572411073576679887e-07
1.683892798860078960e-06
1.199163710878247975e-06
1.339228122975034845e-06
2.655920803646596182e-06
2.498759332071395535e-06
1.662327193385370363e-06
1.057193577799584396e-06
2.212131963945574190e-06
2.511652790016851380e-06
1.379582200628839704e-06
1.445519779457773486e-06
7.890650323204116947e-07
5.390758738532816070e-07
1.480125993276982927e-06
1.486060800331957027e-06
1.133470718107601251e-06
6.197653086600190014e-07
8.373006598007435181e-07
1.050707789566730624e-06
6.758912339119186607e-07
2.722787461834245442e-06
8.705079053887793892e-07
2.138130057700098133e-06
1.167411608409341171e-06
1.686680937362154731e-06
2.758069004531723358e-06
1.567739470892486288e-06
1.063954262678344638e-06
1.037289650205518721e-06
2.157299340220527373e-06
1.175780474570613628e-06
9.891772600286835871e-07
7.212287820116943312e-07
1.863894894093689429e-06
2.150510535975029988e-06
6.508931514669351929e-07
6.810637375486626157e-07
1.112770276860789106e-06
1.089048976715095355e-06
1.697980392602767817e-06
1.925793388344062662e-06
1.413205149754861805e-06
3.276704425818434750e-06
7.432531436752750019e-07
1.930573875636175513e-06
1.046740710655614456e-06
7.781186715097292658e-07
1.011538487819881658e-06
1.096306821982663738e-06
1.049584006454957363e-06
1.686383004196858115e-06
2.077615712318994780e-06
2.325877192539730980e-06
8.261228580811214369e-07
2.050971580875570508e-06
9.488211884114180012e-07
1.513062733390671274e-06
2.618830967609275477e-06
1.861204128382356822e-06
1.844737316034694196e-06
1.893728876864894652e-06
9.881412297989846501e-07
6.758142140617198509e-07
1.080742855659006041e-06
2.191617737792350383e-06
2.442658591858262229e-06
9.845986143975872238e-07
1.313641864244174652e-06
1.605523292860700376e-06
7.445610366796205289e-07
1.115919426558139799e-06
8.813443331883312353e-07
1.405949757192800506e-06
3.014299516690289954e-06
1.337273941469699157e-06
1.196364427683143843e-06
5.836196540861502882e-07
2.917048123365560314e-06
1.492151550958480767e-06
9.337269619806356902e-07
1.799165187848641563e-06
1.087396236205980268e-06
1.318905377889207255e-06
1.293357267489809581e-06
1.114329581236217493e-06
1.612176187117025979e-06
3.731989669817821870e-06
9.703359836996295528e-07
1.694067179994241621e-06
7.821616166722901524e-07
1.841882574247056846e-06
1.585604272838904974e-06
1.062534524490470059e-06
1.073218658091463544e-06
4.073197017194151707e-06
1.821967377565508011e-06
1.449528980171561378e-06
2.482195788365992877e-06
8.791942014899438867e-07
1.216268412011335929e-06
2.233177424348545074e-06
2.418450010571718378e-06
1.548071234665142251e-06
1.181959346047510489e-06
1.036624710367180114e-06
9.196004027189774788e-07
1.137753235908991729e-06
2.346749047727141420e-06
1.187571019927147947e-06
5.934780167840272426e-07
7.421922962823769301e-07
1.454847986291724110e-06
1.236081359870810374e-06
1.763348778409131986e-06
8.084790017404531472e-07
7.237790046179205142e-07
1.820624771998261312e-06
1.263674920929835016e-06
1.709341300721037415e-06
2.520100064124267398e-06
1.785264494084478867e-06
7.532770667223425809e-07
7.020899764401133178e-07
3.150071724419557068e-06
8.256458355780715223e-07
1.791240421805763897e-06
8.025610183994715325e-07
8.035216809611068885e-07
7.706551295235877577e-07
1.951048240333067872e-06
1.510388641815129406e-06
7.870434386282915220e-07
6.416469562586430994e-07
8.793707075635813547e-07
1.484492333886044287e-06
9.560789829385400692e-07
2.519305420305217239e-06
8.729915093225145232e-07
8.454676066288825871e-07
1.379687002439289463e-06
1.429647768602524920e-06
