1.447202043290365974e-05
1.192370848453999424e-05
1.063845838601161992e-05
1.636228370917545622e-05
1.269120446168813604e-05
1.011558377637516338e-05
1.328859978808850456e-05
1.260236013753683631e-05
1.940759169913222520e-05
1.127618031436185764e-05
1.301797255349316078e-05
1.252399517961958623e-05
1.515877698059382299e-05
1.374264079746749189e-05
1.249727665316111804e-05
1.262965847002572003e-05
1.102792070896399301e-05
9.744515840868575867e-06
1.547093980261989062e-05
1.249452577246241167e-05
1.144609014450390691e-05
1.185524934447263154e-05
1.413265319555571032e-05
1.330955333729207395e-05
1.573270453837168176e-05
1.570159103310521306e-05
1.665880290435176433e-05
1.939075443562711176e-05
1.189346224257399163e-05
8.377875887888198918e-06
1.320760960829029735e-05
1.659073964736059353e-05
1.365249721679947904e-05
1.355290214273960102e-05
9.273532582337402075e-06
1.101411482760320925e-05
1.288803520631299235e-05
1.566731147814809125e-05
1.918533555599103390e-05
1.062102357422412810e-05
1.256763788709155544e-05
1.031313999458544759e-05
1.651543777619270774e-05
1.484814441034178386e-05
1.029170815837487330e-05
1.379497905630169905e-05
1.306659034827898777e-05
1.431625722136717119e-05
1.051020316249197284e-05
1.320766096796161634e-05
9.549525649361074032e-06
1.158160042493027093e-05
1.338362221851782087e-05
1.493500310613117511e-05
1.352509363260021018e-05
1.186325557571171677e-05
1.262258804299826782e-05
1.606005336838267934e-05
1.389469202323631171e-05
9.977950121090523917e-06
1.136291889582139127e-05
1.391712788826430018e-05
1.415368040169506683e-05
1.529070114953771581e-05
1.152660303308149578e-05
1.024484166068983006e-05
1.294536256767969822e-05
1.284299766047419201e-05
1.155767863348418881e-05
1.410654410110781221e-05
1.316546380576973048e-05
1.321717533455028506e-05
1.088698712248929260e-05
1.544685033395433975e-05
1.706881649756990661e-05
1.612530083054601295e-05
9.807216255680344574e-06
1.580703172371798876e-05
9.650320481958488749e-06
1.035770186460276722e-05
1.488626505635356041e-05
1.391276075241818180e-05
1.315957315171293141e-05
1.320443637263121018e-05
1.321998118070741352e-05
1.397054136401713889e-05
1.298950883084717096e-05
1.384385758425440635e-05
1.750064585415975327e-05
1.259747799286949614e-05
1.215052435521718042e-05
1.513261524226650090e-05
1.553879316588208050e-05
1.225557397364190058e-05
1.563817106794562824e-05
1.115833323216297403e-05
1.161871048946001816e-05
1.080633310206583923e-05
1.929737769597837660e-05
1.390226706262871362e-05
1.020922610959592936e-05
1.619122397048180378e-05
1.633781983058566465e-05
7.634330874248061101e-06
1.119236146221126097e-05
9.873598500065606793e-06
1.341149893073526057e-05
2.049441019553976376e-05
1.426336305103395544e-05
1.208257956534265832e-05
1.267783773402596565e-05
1.140582238594069480e-05
1.232762140360489520e-05
1.403949820776904828e-05
1.475370160187044162e-05
1.004588602160351080e-05
9.681413777682162713e-06
1.372505344250528690e-05
1.539273670482143241e-05
1.792214997912089451e-05
1.264777720021087366e-05
1.074239080613079857e-05
1.183156531105598844e-05
1.523855562660544376e-05
1.190785841500853256e-05
1.671066978243627090e-05
9.319616364416770870e-06
1.323506695678886605e-05
1.432055988960916770e-05
1.523745040014447066e-05
1.549970603799086062e-05
1.200941192712475643e-05
1.525096687496098945e-05
1.034132322005803991e-05
1.085339413803066497e-05
1.603170725542705784e-05
8.839243676432301521e-06
1.282093065906961073e-05
1.011560122890652852e-05
1.210715509381058971e-05
1.416783629194612791e-05
1.499295200991095359e-05
1.157097878560456581e-05
9.467624295441098687e-06
1.487132256579709849e-05
1.397807205268830818e-05
1.280935564239312953e-05
1.435018865728715951e-05
1.524342253722124198e-05
1.259158549986933859e-05
1.011677238602282230e-05
1.632833995705306832e-05
1.949143828881747767e-05
1.158242344390709338e-05
1.365193871375044391e-05
1.572891262951807865e-05
1.775100631790367902e-05
9.487783064683921088e-06
1.168673310576024720e-05
1.621840417853854453e-05
1.674009173845649774e-05
1.233182504359609407e-05
1.281726519985239694e-05
1.865862996010629989e-05
1.212124141920861711e-05
1.385439995014316201e-05
9.277578391325803578e-06
1.035192620803317503e-05
1.474463338440708511e-05
1.509520845863537709e-05
1.386575186694200564e-05
1.071098674376216311e-05
1.236122473004546962e-05
8.929839401290627724e-06
1.285327066112631254e-05
1.259155506487609328e-05
1.816167749773512646e-05
1.687882374484384453e-05
1.199051531877971891e-05
1.259374613075117387e-05
1.159198472701088724e-05
1.839739114690123892e-05
1.646425887015266683e-05
1.591986126347577122e-05
1.401407428149230528e-05
1.156817440499275009e-05
1.244245605246027190e-05
1.929675439371335388e-05
1.166997853151727902e-05
1.349579918209301292e-05
9.178055566904009697e-06
1.135625511690379288e-05
1.428448138127612459e-05
1.588362250537537246e-05
7.623605852658622114e-06
1.271895196057013017e-05
9.256740465944345562e-06
1.067155125940192808e-05
1.451124289342935224e-05
1.734400120296721189e-05
1.074031514802906403e-05
1.005668136354017244e-05
1.637009845892431655e-05
1.788979902861847856e-05
1.076785249664723599e-05
1.073440175859772141e-05
9.742188317503854534e-06
1.190291224103112659e-05
1.204481632015683003e-05
1.498849055382367482e-05
1.026833917177690742e-05
1.399604315642600312e-05
1.097914605557969530e-05
1.631666147647084825e-05
1.380543213700202186e-05
1.328060857183704836e-05
9.613819771805396202e-06
1.168818072643431861e-05
1.370965252565571684e-05
1.077420455832940764e-05
1.134503651264798963e-05
1.323233859036497881e-05
1.625715168254688748e-05
1.186230581234124949e-05
1.061216001291700720e-05
9.540435747903736226e-06
1.178393654484457439e-05
1.145773747312737628e-05
1.662817208108702092e-05
1.263419495289724124e-05
1.003261164955104713e-05
1.098623908850258305e-05
1.192828416215109854e-05
1.485193834089362718e-05
1.301699732265397664e-05
1.186703697980287335e-05
1.229921959806370033e-05
1.300011624968250889e-05
1.421345660757859485e-05
1.094619028345592811e-05
1.040580300581288329e-05
1.360795746091347447e-05
1.372089589157684703e-05
1.418412125915538099e-05
1.099957660571330111e-05
1.036256473041161086e-05
1.357520130632221423e-05
1.222083635262079013e-05
1.687470756496990386e-05
1.253497789857661802e-05
1.700174243482088565e-05
1.286106586336449684e-05
1.214711311809808183e-05
1.521173860214909435e-05
1.424363601567982036e-05
1.210011255684639069e-05
1.276286760264904685e-05
1.144814961481598528e-05
9.205172280396285852e-06
1.387661062377021504e-05
1.086284123635214428e-05
1.334129903730311864e-05
1.488246457306863121e-05
1.154302562802873778e-05
1.207253422557608658e-05
1.183247473616871249e-05
1.274711748864856743e-05
1.266148860216317558e-05
2.073625334021115402e-05
1.215063848320795688e-05
1.118580839338509672e-05
1.028169809143615264e-05
1.398339527398264793e-05
9.963780966331667601e-06
1.374179170781226052e-05
8.718870368775671849e-06
1.196542829566410821e-05
1.749670837487134090e-05
1.280351753926263833e-05
1.186469611600992805e-05
1.011393726959858912e-05
1.197391749561526300e-05
1.140832443965452939e-05
1.308852877676245196e-05
1.767700300785798414e-05
1.892968901769072283e-05
1.348077073870645354e-05
1.088090380354094214e-05
1.177295129062605380e-05
1.244002583460110860e-05
1.315763460759044199e-05
1.312342967708515431e-05
1.121466245328886579e-05
9.737164807022250339e-06
9.834805387360450219e-06
1.348883118741450836e-05
1.409932964205921565e-05
1.294747592413541646e-05
8.776324894550909414e-06
1.333570452774337059e-05
1.000921193945589773e-05
1.231157712623111911e-05
1.103367438202716811e-05
1.153115925326271417e-05
1.237431528959396166e-05
9.441751680933581944e-06
9.931121333426089624e-06
1.513818355016718144e-05
1.370173160388201711e-05
1.363649847405315807e-05
9.886518139547319619e-06
9.550827028221122502e-06
1.300412036753756312e-05
1.024757986386303197e-05
1.031195183132860556e-05
1.313061319895039715e-05
1.548188242918387524e-05
1.357766607736892024e-05
1.357814227940301427e-05
1.139924079018954904e-05
1.090606776366094968e-05
1.566165845469797693e-05
2.019319634884310011e-05
1.208947982041016734e-05
1.734060782882431093e-05
1.313728345263814117e-05
1.140630663779194256e-05
1.356907720409259269e-05
1.213430310137376360e-05
1.592994264399800084e-05
1.071136160136641501e-05
1.276525843439813109e-05
1.631010181909755771e-05
1.810250110893426559e-05
1.006472430544131341e-05
9.752152110930219751e-06
1.642443841421354340e-05
1.367744127656760686e-05
1.220740107218478180e-05
8.779486835240886181e-06
1.213502728966429412e-05
1.580836227365133950e-05
1.583987965395348079e-05
1.359269434442044696e-05
1.541989577696303526e-05
1.223474296734350622e-05
1.120856082587340046e-05
1.404732434227503388e-05
1.164333961558244548e-05
1.517758743721377864e-05
7.894694178268586355e-06
1.266713724343588222e-05
9.534379108656008126e-06
1.378791220591193925e-05
1.211182962131731252e-05
1.643399893097952652e-05
8.880497011714105733e-06
1.339797905311692487e-05
1.993375209622203563e-05
1.360160729870157403e-05
1.748907893574219092e-05
9.749865765165854805e-06
1.053014335753538394e-05
1.323337170115488839e-05
1.408920255558501663e-05
1.492356992419623328e-05
1.490936931862115362e-05
1.181145705343365659e-05
1.442664559929923048e-05
6.669693719062425952e-06
1.222597263272125973e-05
1.596109288646148068e-05
1.331150770622548033e-05
1.556318160694302539e-05
1.163865373135451042e-05
1.295336022209801977e-05
1.330486179322887601e-05
1.415779087155211791e-05
1.351410865522260246e-05
1.134368988410629973e-05
1.492740578809745605e-05
1.163074342845561719e-05
1.155340793334231913e-05
1.715168728654037852e-05
1.171423951679102564e-05
1.358595057748760362e-05
1.703243616779061143e-05
1.473404964872504367e-05
1.211059555354101011e-05
1.301879094908608636e-05
1.227073764733636862e-05
8.804354436230857380e-06
1.204321361813014090e-05
1.333840740526208695e-05
1.747114805474577983e-05
1.348348605349486277e-05
1.258931062317697313e-05
1.435381476401403649e-05
1.130129349584495128e-05
1.445291957599408518e-05
9.822814767823996289e-06
9.880371020882901191e-06
1.865462273564464466e-05
1.308450241865695444e-05
1.269281472486607117e-05
9.539247345365228095e-06
1.316102622794642488e-05
1.153293435439455561e-05
1.144952259483954585e-05
1.307005367025881969e-05
1.225766884816008589e-05
1.288220437933730121e-05
1.431765188171135477e-05
1.519105997083240000e-05
1.076974533913496096e-05
1.094744299037003554e-05
1.582128934415237014e-05
1.484463544806979126e-05
1.252067887153073935e-05
1.208016149330551711e-05
1.215838064836729088e-05
1.147106393503320909e-05
1.252459352193905716e-05
1.540228810143772528e-05
1.048967860905813646e-05
1.374381390531000597e-05
1.222143478582781787e-05
1.281133432763602705e-05
2.186661129809008291e-05
1.829280857579929998e-05
1.514394143081644205e-05
9.218492015923558417e-06
9.096546443840196629e-06
1.175372716500080466e-05
1.440104402997090580e-05
1.304246630274313420e-05
1.196474036717513209e-05
1.177007254297636207e-05
1.134371347088323711e-05
1.362205213788383812e-05
1.632905383016881333e-05
1.050086761339004158e-05
1.195620505001443204e-05
1.053277351349156724e-05
1.349344707412892406e-05
1.344621225678161204e-05
1.131451142196537496e-05
1.397396076062856570e-05
1.290802217808207294e-05
1.817424514489361791e-05
1.091662904037458857e-05
1.078640640909844178e-05
1.023388570332659376e-05
1.044287761459951542e-05
1.655531022976834725e-05
1.357337179678222148e-05
1.043281428358319967e-05
8.086487453801730776e-06
1.021122211631014782e-05
1.217211752153617972e-05
1.229445216743533979e-05
1.061570607037879065e-05
1.003826504502315813e-05
1.236825864274302019e-05
1.224786854169636293e-05
1.965620341713675512e-05
1.020238762940979184e-05
1.259194900337600690e-05
1.473261617063778297e-05
1.105988442557224648e-05
1.355153540822015941e-05
1.329869511448665187e-05
1.300143580372929548e-05
1.379542503704401709e-05
1.220559053998271086e-05
1.705433207355144313e-05
1.578348810228092863e-05
8.605833949323588668e-06
1.246216480271857605e-05
1.520543914592594185e-05
1.432514166489614203e-05
1.350661322638644428e-05
1.429877096536403171e-05
1.107740747174992710e-05
1.052925482034555825e-05
1.522607328103076568e-05
1.518859183595901903e-05
1.443020647415495526e-05
1.250613815229697389e-05
8.948254857232780307e-06
1.366145097056292052e-05
1.228086976045785012e-05
1.498468894057967884e-05
1.885245812065417629e-05
1.434341389301481976e-05
1.079825607588565895e-05
1.372671211623864954e-05
1.621069503672725048e-05
1.358604477469899025e-05
1.324642182855007666e-05
1.128002076464134618e-05
1.355872382400608118e-05
1.319071774577548330e-05
1.160682837346436198e-05
1.314655297841930836e-05
1.342964619709695213e-05
1.449360813861043643e-05
1.554967149830762470e-05
1.189282191067390190e-05
1.269404825720513779e-05
1.202267749112098159e-05
1.438671535744969440e-05
1.316614688889453188e-05
1.092896037217282831e-05
1.563345270420797017e-05
1.478557100789014260e-05
1.062306065624901709e-05
1.196856215367885995e-05
9.985835291543892957e-06
1.261512794290232944e-05
1.290082409353269420e-05
1.424639616698478036e-05
1.337935257753586903e-05
8.225637473298108535e-06
1.500689613807151120e-05
1.252181778285519288e-05
1.452906719001136140e-05
9.755643129458209560e-06
1.289975905914800500e-05
1.466342720935900051e-05
1.550475220687536602e-05
1.055204219760398067e-05
1.555288866593885011e-05
9.190579412879837690e-06
1.405638757029891562e-05
1.353996390917312190e-05
1.327322719935586259e-05
1.382427288167366322e-05
1.080837799175181801e-05
1.103280662995092563e-05
1.479097991423551678e-05
1.011018474197227419e-05
1.043668815395427586e-05
1.024160328427742358e-05
1.808380274822688602e-05
1.745961131621082444e-05
1.581698828242179952e-05
1.152684126017757926e-05
1.203866625882268989e-05
1.316333433055197119e-05
1.554892663826923680e-05
1.456164992593816458e-05
1.635476415352001510e-05
1.079360590886109891e-05
9.607882861924048074e-06
1.459385424789436164e-05
1.136907957935294492e-05
1.664847288063461722e-05
1.121090190959134053e-05
1.141205994295521698e-05
1.083940992704002828e-05
1.609602954929129385e-05
1.394070508798225469e-05
8.708476024368262808e-06
1.317324590777085855e-05
1.469846411209499666e-05
1.380491122974704212e-05
1.390071495841867145e-05
8.621785978446493872e-06
1.163383091823610115e-05
1.157047047164358976e-05
1.652779759911869879e-05
1.548547729592213737e-05
1.405218789566218128e-05
1.241609829632022184e-05
1.449020190212197116e-05
1.529409993046939960e-05
1.070170175967641223e-05
1.320493799758422834e-05
1.700604340003881125e-05
1.271328506649670238e-05
1.688552683778363951e-05
1.600881621588094475e-05
1.637440901934860920e-05
1.145548083877074493e-05
1.234630260103468713e-05
1.048443937042985506e-05
1.461879164008602368e-05
1.098521149335425497e-05
1.440817724525378283e-05
1.072528722227192305e-05
1.277663555660131590e-05
1.131042029031374171e-05
1.188408137161626447e-05
1.532046993363510550e-05
1.550476797673317400e-05
1.407826860535755537e-05
1.153934322085505633e-05
1.071983299511698435e-05
1.327940189312639622e-05
1.512560547308861439e-05
1.427460664555361137e-05
8.563079942305183953e-06
1.130999900387254898e-05
1.551050439489133154e-05
1.118669932557930528e-05
1.164392091540161154e-05
9.067805890255827461e-06
1.030025905502999227e-05
9.742386018352674863e-06
1.361400644278252110e-05
1.206020678952583564e-05
1.139321528879751541e-05
1.167253254162302051e-05
1.232460088404190605e-05
9.929996645939741774e-06
1.384105883964287663e-05
1.348861334010016802e-05
1.097341484883099386e-05
1.067233675974317603e-05
9.745554398818030841e-06
1.147981396117000873e-05
1.538493807643723875e-05
1.398821630200508243e-05
1.101057903898344132e-05
1.201936544519478918e-05
1.266104754854459273e-05
1.237875519565479137e-05
1.559648454067521307e-05
1.188321984703599858e-05
9.228485173355665885e-06
1.046275805700043094e-05
1.462364079006968286e-05
1.820904073154726980e-05
9.755419328079562266e-06
1.135345193488372486e-05
1.390510806259819996e-05
1.193106346812682798e-05
1.385778803708377349e-05
1.076842322859965028e-05
1.696895996798888028e-05
1.350070439778218827e-05
1.212033037441917129e-05
1.154077097606018960e-05
1.467733755912087376e-05
1.263986207084767727e-05
1.380897039091991399e-05
1.359073763494283586e-05
1.393560192224628162e-05
1.151546940265476904e-05
1.256798380028557746e-05
1.648354719991852976e-05
9.283844579796181307e-06
1.319873575283456085e-05
1.398431696019863409e-05
1.440718749686601777e-05
1.505384645175693556e-05
1.001840987165477552e-05
1.385774655812586064e-05
1.943415808755779862e-05
1.203978656560457801e-05
9.248343078970247254e-06
9.664068823686095442e-06
1.514756096639410039e-05
1.326730175411145791e-05
1.222970711043972841e-05
1.550707516555840790e-05
1.162627216704040888e-05
1.270710226905865823e-05
1.212075181664752088e-05
1.309407948468064289e-05
1.095067262910655564e-05
1.328408960481255488e-05
1.297443925677557547e-05
1.237569562833727387e-05
9.884107701658215574e-06
9.346851559453756787e-06
1.149209925784642287e-05
1.343708053052892629e-05
1.096084484224665428e-05
1.365775080815152931e-05
1.175649795392259643e-05
1.121634595523195957e-05
1.096937483909168058e-05
1.509521432070961390e-05
1.206177213596533773e-05
1.231110555491002868e-05
1.269226449147675467e-05
1.357724279093841828e-05
1.294559861122347051e-05
1.868962955720749610e-05
1.050069305527409225e-05
1.189126265098878964e-05
1.374493809555837610e-05
9.665893197301335209e-06
1.556844718773695515e-05
1.024601528817103650e-05
1.429119899024535877e-05
1.301642152233695854e-05
1.522322315522481486e-05
1.108514538272396123e-05
1.225992939410134562e-05
1.161996393813367448e-05
1.642616822739938917e-05
1.006434716706797528e-05
1.386473876526499798e-05
1.161480790407410271e-05
1.453980394925239796e-05
1.427300768058559399e-05
8.119918976890390212e-06
1.382312957942677468e-05
1.148736402285391218e-05
1.405131986785909449e-05
1.459248332353005480e-05
1.284678439222475395e-05
1.031874442448582865e-05
1.095256694048549377e-05
1.450676553275937740e-05
1.692348897677286047e-05
1.654984609043977912e-05
1.375045440486994697e-05
1.189229239641951466e-05
1.156438841469634439e-05
1.057842119378977725e-05
1.336348099301249630e-05
1.507188420676640912e-05
1.105070873724067315e-05
1.527398639622294923e-05
1.404013954703335027e-05
1.740053803060274926e-05
1.305555350535808000e-05
1.410634748321350855e-05
1.203001277631363405e-05
1.573956634157246787e-05
1.400545377929398749e-05
1.292594294827849991e-05
1.338898730811608096e-05
1.224419982426936305e-05
1.278531147814498550e-05
1.360492355778337141e-05
1.257113202048767362e-05
1.164576915210858737e-05
9.945826003529681164e-06
9.912091754488929317e-06
1.103689849397882078e-05
1.399954969181550756e-05
1.359056651021129556e-05
1.905589495184709304e-05
1.156774715699741578e-05
1.255453424697224195e-05
1.023077100303404935e-05
1.435677508473368401e-05
1.235729267663034111e-05
1.435047185156989449e-05
1.476569358097673311e-05
1.334232373947869470e-05
1.187437992746539199e-05
7.694834583444824631e-06
1.204889395577414592e-05
1.101947677428277087e-05
1.032222829636099801e-05
1.299447975586671142e-05
1.056486862434346250e-05
1.312159184700808878e-05
1.306675167898021387e-05
9.829624538758476235e-06
1.419472410804726064e-05
1.191086776227458639e-05
8.598842950871347766e-06
1.623495299666989438e-05
1.437827208651231243e-05
1.107457528772304390e-05
1.197062863623747194e-05
1.284293283269899783e-05
1.668957154561889972e-05
1.367211229635217307e-05
1.210405204173345415e-05
8.471989529005232944e-06
1.237205603797680789e-05
1.390233977977043772e-05
1.481282297894331942e-05
1.378580670752146321e-05
1.042384851395917011e-05
1.104106084354806292e-05
1.248550480035663960e-05
1.445384204257381256e-05
1.277645466864808426e-05
9.043960535317735428e-06
1.392556100635217886e-05
1.293341615707410752e-05
9.604676919198728695e-06
1.143015782498048866e-05
1.479908699485072553e-05
8.364991651382604627e-06
1.359363808932183034e-05
9.420070131914249237e-06
1.103182214184615854e-05
1.088691605630832731e-05
1.513352409828194507e-05
1.020612738042139487e-05
1.549271105673694513e-05
1.103300995905793397e-05
1.500706584595156904e-05
1.636773219023042016e-05
9.718254053014618800e-06
1.219687660561731656e-05
9.665978032802738428e-06
8.182709249448190977e-06
9.954719466711825154e-06
1.666243190621689404e-05
1.619487932138683698e-05
1.047268287518447821e-05
1.228442298583987755e-05
1.050156110205361390e-05
1.113599123263514611e-05
1.480749022829872970e-05
1.518472225625554128e-05
9.351677394820585742e-06
1.587185251095226781e-05
1.275343980413070536e-05
1.398843286575741758e-05
1.585004513357847353e-05
1.132567979756573005e-05
1.217110543783006810e-05
1.147967276648371856e-05
1.193306679848538904e-05
1.760420847993040460e-05
1.075382148346692560e-05
1.354225449612875412e-05
1.367479980895427332e-05
1.368258546721475503e-05
1.418931816689538484e-05
1.515601091192318683e-05
1.317041500490607532e-05
9.704216666580241585e-06
1.098717838001521308e-05
1.479987753388745938e-05
1.830768412437978551e-05
1.399068354177036212e-05
1.339301755254810958e-05
1.533371560227406925e-05
1.441157350592480765e-05
1.437976853636659348e-05
1.248658929684439374e-05
1.012330992568022551e-05
8.312647864644367424e-06
1.490357162058044530e-05
1.296092031611432517e-05
1.147093907165424793e-05
1.221901639489059521e-05
1.125821316189908126e-05
1.368455934903541535e-05
9.081548718406449723e-06
1.406713482233358600e-05
1.448099647709739922e-05
9.605367547364375454e-06
1.180714573132297025e-05
1.400797295878211118e-05
1.534130271120731488e-05
1.429442535041019153e-05
9.655322217099705234e-06
1.029250449187229276e-05
1.417049747697125017e-05
1.061626739306866482e-05
1.375877417776359948e-05
1.134709109890520363e-05
1.071938192736496998e-05
1.505241064440602455e-05
1.507243610549623922e-05
1.378766551267850344e-05
1.005971854853710905e-05
1.123492713745040328e-05
1.662321634031980737e-05
1.118656804410380250e-05
1.060796828214781302e-05
7.615660709902041253e-06
1.556557020969544743e-05
1.483247089219853833e-05
9.086821681943444096e-06
1.256627454299541835e-05
1.240368339464196208e-05
1.236440471959270920e-05
1.205631609550009558e-05
1.326277212680087579e-05
1.156656073260068252e-05
1.527883277042396478e-05
1.108759737834641611e-05
1.279227782357035813e-05
1.409327813167794039e-05
1.324473408733318644e-05
1.626426377402073829e-05
1.186627136893856556e-05
1.004796927800402925e-05
1.840971948606481143e-05
1.184784342537595278e-05
1.160630212169598635e-05
1.320734219200262274e-05
1.433954870985836209e-05
1.196527550018088737e-05
1.353573872121620010e-05
1.098328715943331839e-05
1.291122871526606853e-05
9.376352025896225718e-06
1.279256104424776800e-05
1.174005439655994193e-05
1.369513439933490107e-05
1.885516920981672264e-05
1.554638017538113233e-05
1.158968452723042479e-05
1.463249268144694636e-05
1.147193096543416347e-05
1.150758434874624039e-05
1.336626439320670668e-05
1.606247450553014024e-05
1.525910049982401605e-05
1.028422536237418361e-05
1.279581717473201624e-05
1.246191329753469751e-05
1.887638950501710050e-05
1.229458685816605442e-05
1.527097696707521650e-05
1.207688283123255249e-05
8.880585501204107802e-06
1.315508210884838857e-05
1.249178748553570663e-05
1.259264602793914410e-05
1.121596694005279704e-05
1.111577115655671868e-05
1.330544967906290407e-05
1.184463009075149160e-05
1.241061602407390100e-05
1.634101889007110887e-05
1.387785318830191024e-05
1.390950271312389421e-05
1.325165640428406726e-05
1.322840422657101978e-05
1.144689164114745160e-05
1.172318260681061609e-05
1.041359124138737486e-05
1.308614222229434396e-05
1.622484454696605853e-05
1.251387228776385400e-05
1.438449743406034590e-05
1.443052425406851930e-05
1.187629048071745500e-05
1.227153280107151841e-05
1.136783232270524214e-05
1.000795435410697089e-05
9.859525139776171898e-06
1.429085490788863397e-05
1.020754012342146333e-05
1.184974661241944936e-05
1.234053498363139043e-05
1.296425381033777605e-05
1.225507129490147264e-05
1.497445079161767702e-05
1.257724199526693102e-05
1.267182673321151328e-05
1.064112304772294762e-05
1.062904322757471567e-05
1.623604737761953967e-05
1.101782591417443667e-05
1.565305882787623265e-05
1.167234109190153879e-05
1.047619648815967559e-05
1.464520791155318069e-05
1.602887971146015801e-05
9.187929664196406378e-06
1.220331401121935847e-05
1.161315714717439193e-05
1.683509561266671714e-05
1.370672450759915516e-05
9.061253031659195287e-06
1.350016214925056903e-05
9.587098675089534384e-06
1.203393697983317346e-05
1.324992589914486043e-05
1.450170404562081814e-05
1.351318827890569813e-05
1.393777761901260386e-05
1.128221245194399674e-05
1.261460291886479194e-05
1.480608257986784033e-05
1.252431027143182860e-05
1.480627475281988460e-05
1.486065658943048654e-05
9.152788240616097426e-06
1.127302494106424581e-05
1.409643401775418065e-05
1.458998174317410806e-05
9.774879860198986250e-06
1.324723940060397914e-05
1.377984785401643406e-05
1.174972936089135830e-05
1.075497440294816238e-05
1.327855137857305064e-05
1.149142469360730854e-05
8.871903474564845856e-06
1.550811405249098048e-05
1.410811581350542218e-05
1.182566549464052769e-05
1.465272552346812447e-05
1.260704598880904534e-05
1.110999649621282839e-05
1.201233318432611811e-05
1.250502373217152822e-05
1.396787369859182087e-05
1.610969816988334411e-05
1.626966811283798897e-05
1.100679910494698743e-05
1.172241183431170488e-05
9.807513021244661469e-06
1.285427897331927442e-05
9.471949487663775194e-06
1.494552896346319872e-05
1.497508029462109356e-05
1.310178326492085603e-05
9.547018587586536445e-06
1.109904622077980935e-05
9.500310741805985111e-06
1.435330612846605496e-05
8.905421713707415440e-06
1.057270924444940316e-05
1.649788958127868766e-05
1.219072141627034305e-05
9.177008962646185849e-06
1.126241437766728568e-05
1.353574769405032504e-05
1.350383266546999699e-05
1.178304898874616395e-05
1.723661581490530060e-05
1.309915539948644210e-05
1.307324449139124724e-05
1.372046116840435990e-05
1.450530397925619950e-05
9.686449215434402154e-06
1.516023704698780987e-05
1.199701377475471045e-05
1.365065603227123962e-05
1.993727379314380566e-05
1.089345398921681061e-05
1.545102354315441021e-05
1.134506845011029610e-05
1.258880583830881029e-05
1.120763712026085400e-05
1.137949556380942570e-05
1.608768934460277959e-05
1.780617696203078536e-05
1.651340120181524185e-05
1.230167653842790634e-05
1.757904945881264786e-05
1.749161499052041526e-05
1.299649384121283058e-05
1.512294513184365668e-05
1.666791443611516553e-05
1.783876084383110167e-05
1.183730260892739973e-05
1.317041997567224460e-05
1.269065705427882605e-05
1.428183646307698092e-05
1.376184233980446071e-05
1.076571910920738826e-05
1.002736785585608083e-05
1.007977390815876896e-05
1.282448940149156094e-05
1.268594196365306052e-05
1.284947541631012347e-05
1.870568685385573787e-05
1.310954588071902594e-05
1.267951119837829388e-05
1.130330052208530875e-05
1.369295672362764702e-05
1.630826631052521736e-05
1.166757155276288365e-05
1.155315170642004758e-05
1.198617812925839701e-05
1.571332098882912104e-05
1.446330089044287004e-05
1.177679538880826705e-05
1.219176036521826515e-05
1.299654562483422105e-05
1.095988067724545234e-05
1.149493593326948317e-05
1.333173731995034062e-05
9.725657708228014719e-06
1.293224855259012148e-05
1.247379233642544098e-05
1.336758276557521645e-05
1.095014730310983958e-05
1.181900193463266021e-05
1.085034733983132472e-05
1.129264590738482472e-05
9.442788163775315494e-06
1.205151642970499815e-05
2.063695406816852713e-05
1.078391454376766609e-05
1.349835894703459331e-05
1.277918329284665722e-05
1.299931226505823618e-05
1.347782965624762664e-05
1.257427696719009370e-05
1.560566940850190718e-05
1.222372712901648411e-05
1.062666911186618575e-05
1.384063524287372447e-05
1.383153476501517825e-05
1.135192668469030932e-05
1.334802699530703475e-05
1.631389319714250099e-05
1.366848197154549558e-05
1.215612931473648392e-05
1.144521431235262866e-05
1.506415308013209200e-05
1.444553332109624589e-05
1.035929869243435255e-05
9.373994911990303719e-06
1.005359189925121062e-05
1.747585058735907617e-05
1.260405735023490408e-05
1.032665215606801530e-05
7.878307798492012787e-06
1.413614670886034966e-05
1.279647849262894115e-05
1.667819883181315791e-05
1.222130368005696720e-05
1.425483294874488751e-05
1.173641355413183964e-05
1.036823930584596723e-05
1.296211647563078004e-05
1.298089225391069197e-05
1.014214234965553155e-05
1.605668567515114854e-05
1.173855319457811097e-05
8.967907630466052010e-06
1.466887432622291335e-05
1.359612117874444254e-05
1.532611102917438861e-05
1.048458177114914345e-05
1.353918779371763255e-05
1.296408457159853904e-05
1.237604393028591054e-05
1.690927184928618860e-05
1.152326348007440077e-05
8.450255273128619488e-06
1.439876197467129692e-05
1.345904093548015858e-05
1.517382146845017836e-05
1.012734282119592869e-05
1.132939225978943501e-05
1.278617969927699652e-05
1.213778882489070446e-05
9.580536568156240829e-06
1.131459859689422247e-05
1.385544298116388171e-05
1.716970508416275858e-05
1.216843005989609746e-05
1.108268884838962329e-05
1.337666526645090293e-05
1.359678742788598060e-05
1.408263628465437993e-05
1.227012306341025445e-05
1.151750520285433297e-05
9.822810418278397381e-06
1.386165292101746200e-05
1.362997771015725652e-05
9.166567882340998310e-06
1.057470571077265532e-05
1.349413397887343106e-05
1.344924255427248363e-05
1.330636103078599371e-05
1.113243704647345356e-05
1.151986231883550432e-05
1.230214610672604582e-05
1.083523194991568899e-05
1.515581128513511020e-05
1.538984724899791312e-05
1.434317317150728161e-05
1.205557815658667471e-05
1.536954168082605996e-05
1.448648125683349557e-05
1.404979783479212585e-05
1.521604959899202573e-05
1.297666067963014590e-05
1.048524611510965995e-05
1.366628908139525142e-05
1.272522728021722542e-05
1.068458795967881580e-05
1.387525046987279011e-05
1.377682046023342540e-05
1.542822710866563281e-05
1.110042201844937860e-05
1.228131356410778761e-05
1.485663628114566424e-05
1.148889484265964972e-05
9.649998379465526009e-06
1.076694974603155200e-05
1.282488311488229765e-05
1.690621002991652764e-05
1.039037105248272757e-05
1.427679326342247045e-05
1.305230846151004051e-05
1.121226239258911919e-05
1.385351415756453392e-05
1.478112883925480268e-05
9.612168361936463488e-06
1.124189628728636455e-05
1.325825731810599023e-05
1.434078040852954050e-05
1.725769777584631385e-05
1.342565627095281469e-05
1.114209944765980798e-05
1.054398352082478363e-05
1.360992966597677071e-05
1.400022258714824188e-05
1.350744748726023864e-05
1.582833997241211825e-05
9.550652345663044815e-06
1.182936659868365717e-05
1.223650245524660663e-05
1.221093460908806848e-05
1.471639256729714516e-05
1.723760913438555863e-05
1.077213109725373740e-05
1.162297940360745166e-05
1.442725303427340065e-05
1.484119592301416496e-05
9.328528163702890294e-06
1.200341558229639135e-05
1.430092008921421472e-05
1.374733276359554719e-05
1.090536434874289413e-05
1.219202346215349602e-05
1.411220541699553341e-05
1.770449935648482414e-05
1.334153536668020541e-05
1.020055285324621403e-05
9.308490221983356020e-06
1.681400991718422263e-05
1.056096862254383758e-05
1.264680017728505527e-05
1.740824896604230802e-05
1.102990641371695190e-05
1.363032448685104943e-05
1.200090994948148247e-05
1.468126006883412071e-05
1.272313336478044991e-05
1.105618372095767445e-05
1.198745413170814723e-05
1.532742471986499807e-05
9.630447067263344133e-06
1.318786085848921200e-05
1.835248328745638991e-05
1.247796365316749227e-05
1.024665999431551809e-05
1.208780711074738490e-05
1.751422634760100029e-05
1.462152635616226017e-05
1.053947541235572823e-05
1.298969706713528298e-05
1.139856257537526513e-05
2.004436197793525601e-05
9.476488070595495453e-06
1.374823146307854984e-05
1.255740497727259129e-05
1.278264034889187789e-05
1.172182737728353564e-05
1.278626311539355524e-05
1.880112203210610841e-05
1.569617330223064251e-05
1.028267405133753652e-05
1.098175180717913204e-05
1.253663467775166367e-05
1.486203523762444284e-05
1.685695910050628260e-05
1.680258325049745893e-05
1.322283049357683730e-05
1.060657732361555432e-05
1.234482286970228243e-05
1.510448080454114924e-05
1.500490646868682542e-05
1.500138051508501818e-05
1.368061285023020721e-05
1.130571703204545600e-05
9.459190521307315225e-06
1.018426357416824812e-05
1.199281056377994293e-05
1.539232512506823991e-05
1.209095661254780129e-05
1.091488733617765172e-05
1.319290048152338915e-05
1.452557687641033651e-05
1.185482305782336312e-05
1.030224871006833872e-05
9.456193876769429911e-06
1.485099171997926486e-05
1.206291814045665695e-05
1.319745434667412181e-05
1.463515496711016329e-05
1.160971576251833355e-05
1.491676066910742538e-05
1.112638417889125981e-05
1.109756072888845551e-05
1.509589851257185594e-05
1.098289327958683310e-05
1.429124690328502919e-05
1.128985145950698765e-05
1.171277426636143779e-05
1.400630754637011115e-05
1.069575068465642130e-05
1.306287334311168921e-05
1.286061463727430971e-05
1.167377792544110025e-05
1.110561646578637685e-05
1.375556556093968699e-05
1.195694372686263809e-05
2.019046676209624368e-05
1.341492736166658838e-05
1.008167817030501718e-05
1.349676192897083111e-05
8.315679807070330815e-06
1.245001564808177958e-05
8.934505875436551459e-06
1.502016875918500349e-05
1.066893253352891765e-05
1.378913343067959250e-05
1.225993883966208679e-05
1.403292257095278105e-05
1.573268165138187949e-05
1.430722914477587778e-05
1.011991033413116039e-05
1.358144211854586932e-05
1.714899647418274923e-05
1.185659249092425417e-05
1.312022691680826000e-05
1.298409570562937333e-05
1.358451633765335250e-05
1.375974973330476461e-05
1.118428005325367892e-05
1.181298869584837675e-05
1.363552170595866723e-05
1.506376853837253408e-05
1.686889760340755102e-05
1.243880166215008123e-05
1.450181715469926549e-05
1.296180596577217267e-05
1.692844541080740342e-05
1.561906663089539213e-05
1.196607287393250349e-05
1.418428019112680053e-05
1.656034273304022176e-05
1.149742337561842300e-05
1.223314310794367222e-05
1.671137588807871942e-05
1.429575388828940237e-05
1.625028713431639666e-05
1.022749123324790005e-05
1.227216295975892796e-05
9.755702365074740112e-06
1.413558996687103367e-05
1.346044415646969713e-05
1.375053085149803769e-05
1.458664558241178231e-05
1.286042715505972522e-05
1.515708775244388396e-05
1.303862192828280218e-05
1.233213917324379616e-05
9.342437701090332652e-06
1.422672007353648521e-05
1.351845216062985913e-05
1.373678380901848518e-05
1.303258472661981152e-05
1.330993496973725784e-05
1.040819157840962120e-05
1.608954618786974085e-05
1.082470033080546652e-05
1.822077558161654717e-05
1.319645580838262382e-05
1.211091876880203671e-05
1.707241070931284738e-05
1.406531200571607495e-05
1.210264161457971225e-05
1.272824031329539043e-05
1.420015818161947144e-05
1.288826573581053581e-05
1.204635475587310448e-05
9.371930405243722798e-06
1.214650581953247087e-05
1.479974489423351296e-05
1.092944410592132211e-05
1.411970002303138794e-05
1.199288788673341479e-05
1.610126728150004051e-05
1.314602812985237421e-05
1.313808657827502975e-05
1.473800163484919793e-05
1.227801913090858318e-05
1.126896030989635222e-05
1.875672481112793059e-05
1.264989223325218446e-05
1.138970921168063506e-05
1.008518548458802879e-05
1.566615813564179718e-05
1.531002915928061223e-05
1.067511530346089668e-05
1.040730153356569500e-05
1.508630523018933177e-05
1.398188456379603979e-05
1.248512398670428385e-05
9.164629022650695714e-06
1.407734917491533828e-05
1.384407858079238064e-05
1.311436015513513452e-05
1.086687901317133198e-05
1.219040605855103977e-05
1.097629095920958747e-05
1.101424153882035909e-05
1.213042156617407504e-05
2.025676076619085849e-05
1.075963861099819397e-05
1.422207243630842855e-05
1.758183713158794682e-05
1.610061461403140324e-05
1.169959161215631764e-05
1.039630183576688402e-05
1.179919659971886552e-05
1.249888184372478680e-05
7.370333026231908013e-06
1.610530203385416735e-05
1.787271559831656590e-05
1.271708721542753106e-05
1.060151189944160838e-05
1.171978317155992102e-05
1.118127334492934324e-05
1.663498718009859850e-05
1.478777920918220650e-05
1.657039566764853951e-05
1.026653132405392339e-05
1.362223375217978553e-05
9.866892233579496339e-06
1.316852964786423605e-05
1.319233348069143744e-05
1.176437666872864234e-05
1.556065127157601617e-05
1.259048039052547997e-05
1.239241019853817093e-05
8.619624449552791158e-06
1.475495475084097300e-05
1.665296502988931147e-05
1.429547756572689954e-05
1.980307848416907080e-05
1.519982390230121786e-05
1.280997832596488594e-05
1.253133863600587646e-05
7.945693100635269591e-06
1.222686742600730226e-05
1.444200335575485581e-05
1.311272228225457065e-05
1.087744797556709057e-05
1.409499050251311668e-05
1.174125133842931697e-05
9.334438940515425641e-06
1.208296157924890809e-05
1.181160753444811275e-05
1.037521564826401785e-05
1.091699648765927317e-05
1.523794380638293610e-05
1.158467342580229253e-05
1.214555101669743380e-05
1.723924818360630113e-05
1.166484195944974480e-05
7.746741494831015391e-06
1.285663174346372293e-05
1.310705262557561292e-05
1.273948651744759494e-05
1.244376285256914484e-05
1.156097196290576248e-05
1.324068854891928368e-05
1.271632221639488065e-05
1.723534496499077361e-05
7.695997018328214754e-06
9.675387698856505097e-06
1.149099959239830536e-05
1.558858722452764769e-05
1.722509971778385379e-05
1.161324239782891957e-05
9.351101702709519435e-06
8.670465673864329072e-06
1.159137731615789454e-05
1.514048696752685701e-05
7.976795440128957366e-06
1.590232565792860686e-05
1.222091076641472051e-05
1.072611521216860721e-05
1.190405894165796599e-05
1.150677999352550882e-05
1.630309631546394207e-05
1.201664656308914672e-05
1.107718043042785917e-05
1.154498003323691797e-05
1.495268040199331253e-05
1.344725983883084973e-05
1.140418589305705400e-05
9.843752406932418134e-06
1.704645517910819016e-05
1.631497055049826943e-05
1.335512468889378072e-05
1.045483726110857671e-05
1.226275317460640815e-05
1.330076634720106168e-05
1.168197730614397164e-05
1.783920376520013040e-05
1.067968092144189046e-05
9.338017018010824979e-06
1.088797181098404032e-05
1.129409302459097076e-05
1.369286592070880463e-05
1.240540580597638466e-05
1.228634537380617775e-05
9.596834713085647940e-06
1.147999915547296773e-05
1.622048548293972167e-05
1.429592498290330387e-05
1.361457747601487992e-05
1.339994295347495475e-05
1.372154297628119025e-05
1.138643354259743761e-05
1.438233145114347063e-05
1.154842100953606992e-05
1.233784484701186736e-05
1.324315195664519209e-05
1.176059367713652174e-05
1.299748076665998051e-05
1.682341868949884404e-05
1.300900473990672486e-05
1.102146241403085030e-05
1.204128124803737361e-05
1.153516163606351081e-05
1.351712643429148066e-05
1.123399610296549302e-05
1.466856550465567535e-05
1.439517630803307057e-05
1.210678434550935408e-05
1.219703128569389802e-05
1.155680355983098922e-05
1.928108777745264504e-05
1.372393167605718418e-05
1.335522046120008533e-05
1.195332912912949913e-05
1.505721345406746735e-05
1.164185421601955314e-05
1.545392291507896780e-05
1.312212768989971593e-05
1.237827822790659083e-05
1.341745306225938103e-05
1.140724852556615722e-05
1.315794773004953531e-05
7.936582235139660058e-06
1.017019876290876133e-05
1.658019458532662208e-05
1.154897106335397130e-05
1.253134023481244841e-05
9.818326713396928427e-06
1.567760296188341098e-05
1.514855947281299710e-05
1.322830991864417006e-05
1.526502606188510957e-05
1.320288682276877737e-05
1.121779357765122718e-05
1.399591670502121060e-05
8.826978376420872730e-06
1.103439319582484551e-05
1.475169675918983060e-05
1.594313198928426825e-05
1.337975502743680199e-05
9.404538221978214597e-06
1.143809655783155079e-05
1.147177383472107635e-05
1.181617198848079292e-05
1.493505438174577350e-05
1.338566406224178459e-05
7.699571140581530328e-06
9.871152538763315625e-06
1.057634631185686004e-05
8.139893748971252410e-06
1.160854788428508457e-05
1.032167247314717980e-05
1.460620500670942881e-05
1.827135462979046358e-05
1.446409621670980172e-05
1.124593740113323809e-05
1.516669910025396134e-05
1.526027949282127803e-05
1.401096847347762205e-05
1.217866645578433720e-05
1.223600851369267824e-05
8.752017677297939478e-06
1.550182892709889022e-05
1.582680154241706177e-05
1.477976202022719225e-05
1.230130147452712164e-05
9.744358378085595047e-06
1.176028118789265787e-05
1.270744713806422901e-05
1.901326531323033154e-05
1.427902467811561825e-05
1.122465391277246099e-05
9.620915927081872870e-06
1.409328831514048157e-05
1.447339946014135661e-05
1.177673331602637363e-05
1.179455975289302114e-05
1.749782635135093504e-05
1.440054321434605094e-05
1.195597988480424492e-05
1.022732524275057726e-05
1.644284634206525384e-05
1.273781262877593121e-05
1.507632675320867242e-05
1.344332016620101552e-05
1.427557557115071571e-05
1.111535985861475893e-05
1.245855332172812901e-05
1.173896590002172231e-05
1.180936546484894898e-05
1.658399311174207037e-05
1.466237131060469418e-05
1.050136100516038807e-05
1.821406551834058886e-05
1.163538857105352037e-05
1.511692076916934254e-05
1.182942502245074446e-05
1.175974938624941355e-05
1.162693440571200889e-05
1.475455352047555151e-05
1.753960250256402710e-05
1.200127834425795879e-05
1.252454333033753792e-05
8.251117670031072148e-06
1.276736808837595156e-05
9.899572261236317229e-06
1.588957670681973676e-05
1.261363131921632674e-05
1.484893825244057539e-05
1.208061633461804963e-05
1.776501079481478994e-05
1.281264311256872127e-05
1.087459274649225466e-05
1.136614339737859248e-05
1.522471264084714836e-05
1.287486257867591001e-05
1.657461447923552788e-05
1.011139601652024110e-05
1.211565712470147182e-05
1.010669213192064909e-05
1.453978532904095123e-05
1.431486533428625201e-05
8.877136199692733842e-06
9.381282416867129680e-06
1.041031960863508166e-05
1.012417200339473743e-05
1.581577990140797097e-05
1.408059398711225878e-05
1.376054262760207393e-05
1.801869333387231880e-05
1.475934694148816648e-05
1.180720196090244809e-05
9.985984696441002777e-06
1.440904896858248697e-05
1.514938525354310899e-05
1.269815258858135026e-05
1.197214671774305548e-05
9.018610999490557563e-06
1.515491010207590173e-05
1.361784361624065319e-05
1.552512765878270246e-05
1.205341063130259638e-05
1.101499186409394328e-05
1.089202815832043589e-05
1.275625078641337594e-05
9.320207566207776184e-06
1.125131901795972307e-05
1.297058836248413257e-05
1.385015360364155156e-05
1.633992683539663596e-05
1.557095892682226057e-05
1.609048090709820820e-05
1.116966033487608985e-05
1.270679411256856480e-05
8.387778712704297140e-06
1.162250665218548168e-05
1.603098500850153599e-05
1.264698429527788662e-05
1.342841063959417772e-05
1.209601970352870092e-05
1.071510381029555454e-05
1.172374153874432998e-05
1.050587374505084444e-05
1.448774891794365537e-05
1.268309149072319758e-05
1.012635412359264001e-05
9.773053384976592526e-06
1.394176112764194191e-05
1.440232108938147304e-05
1.101694685974838428e-05
1.293331192315189891e-05
1.485389591939869365e-05
1.333295415582419091e-05
1.046621394483526811e-05
1.547690756623727650e-05
1.649677476773078849e-05
1.001659437297386710e-05
1.110084652113457592e-05
1.218565456016329142e-05
1.163427570834872867e-05
9.903518014144677931e-06
1.256942563908666739e-05
1.009913462356397436e-05
1.416768432574994825e-05
1.284652371931644126e-05
1.432477660302324977e-05
1.402584704515260983e-05
1.184965070206408093e-05
1.240780978137479496e-05
1.097703681909880379e-05
1.436441775861129383e-05
1.229036653485647825e-05
1.092040183344911282e-05
1.332632342295457674e-05
1.077754264962456288e-05
1.380430753156866872e-05
1.225077301030796150e-05
1.122768601497620586e-05
9.276428581562328284e-06
1.741337222287584079e-05
9.526748948968691324e-06
9.137722175635663773e-06
1.082534567797868042e-05
1.342668434379475342e-05
1.594885490733935856e-05
1.440085736849946652e-05
1.226851168108949566e-05
8.894210427207239455e-06
1.417615731419551708e-05
1.829820299227015210e-05
1.618107103207912042e-05
9.846995159175021391e-06
1.322942538749622896e-05
1.687191959319738537e-05
1.135352106154768882e-05
1.387686612225658809e-05
1.351713566062479936e-05
9.941333392432972761e-06
1.199952590492805165e-05
1.217976355706247174e-05
1.075993601321000083e-05
1.438415454077757637e-05
1.277137835627786923e-05
1.598334187270186949e-05
1.278942623650359898e-05
1.450705687558371744e-05
1.872878442770549087e-05
1.201885745589837899e-05
1.224027880483353560e-05
1.141097430825799530e-05
1.302071120139177051e-05
9.880067117231457370e-06
1.401245466683049354e-05
8.383071330653813950e-06
1.299488053346217875e-05
1.492349482411797750e-05
1.267319903533140423e-05
9.002948212046645891e-06
9.523952987225122328e-06
1.154569838998403484e-05
1.154759529677951687e-05
1.821176328427385853e-05
1.265508393826718822e-05
1.297172581684450316e-05
1.438322547038690269e-05
1.448612486284142207e-05
1.312342805880680262e-05
1.576458389620032143e-05
1.628093146363970950e-05
1.190136814396208569e-05
1.077670866611503764e-05
9.294594137657359541e-06
1.593031355092308125e-05
1.103601275554841877e-05
1.356094319547296809e-05
1.193078213090279774e-05
1.156234791299779590e-05
1.235836125068278559e-05
1.288733067814955971e-05
1.121031393033936330e-05
1.243874424109356653e-05
1.312135529730978896e-05
1.295775468872225124e-05
1.611049323123795005e-05
1.416631793586402331e-05
1.330817170430212201e-05
1.251052830440189604e-05
1.389780698972546000e-05
1.015041101151695487e-05
1.562610971300954369e-05
9.402844617139004415e-06
1.133762497836828936e-05
1.599374420624919489e-05
1.398930349992712598e-05
1.193230871001340400e-05
1.527230253395561925e-05
9.809291264480079545e-06
9.393374316463753222e-06
1.209184769922217962e-05
1.210709276661999413e-05
1.294983232089460360e-05
1.126882676332673808e-05
1.469302223744861730e-05
1.263363078569725954e-05
1.061074073772739693e-05
1.348835750421359069e-05
1.019100413425908990e-05
1.702397590986844990e-05
8.834605415691404123e-06
1.252091491862419632e-05
1.414472385666708800e-05
1.346380162031365302e-05
1.232322220635873995e-05
1.345489980816688059e-05
1.264694952985375201e-05
1.070250653942390073e-05
1.463115943723482709e-05
1.610344411157300877e-05
1.808232045622843140e-05
1.035404507978823789e-05
1.119661601321615777e-05
1.047784089111207524e-05
9.476228648167558951e-06
1.229362127304676374e-05
1.020117107296313400e-05
1.391811008010916468e-05
1.357168354154808317e-05
1.272875105132845693e-05
1.122483840482964300e-05
9.438509923309645628e-06
1.471158498971975308e-05
1.564753524266950950e-05
1.117198324095405229e-05
1.174024287724254646e-05
1.124971665229930746e-05
1.514849543434246479e-05
1.186895980380932238e-05
1.552641181835910089e-05
1.132965895510617008e-05
1.756649978772192749e-05
1.387095426940413199e-05
1.438137308409040578e-05
1.248799004980373889e-05
1.445869898462984509e-05
9.328135624479668984e-06
1.307183190952916982e-05
1.413304884080896408e-05
1.696188510826332978e-05
1.529125345290933196e-05
1.400424398930439729e-05
1.059232777443173307e-05
1.236503183513427818e-05
1.287934601700539056e-05
1.799317982640481000e-05
1.453818020704238540e-05
1.413721330593651628e-05
9.756367111804262979e-06
9.018773911143937862e-06
1.396397632411221210e-05
1.543944079039497050e-05
9.382006181581509715e-06
1.097322704686806000e-05
9.211192215980291802e-06
1.133412514135744120e-05
1.082928005705905322e-05
1.684620673186919357e-05
9.959483135635008338e-06
1.546224189655702019e-05
1.440275223370621481e-05
1.669956555167669487e-05
1.462503977585221649e-05
1.799798516030472079e-05
1.082831316074193017e-05
1.288697461915768023e-05
1.602703508368641806e-05
1.325953706503952673e-05
1.017116259748785188e-05
1.263987224304800400e-05
1.243194961377741172e-05
1.524716706757455724e-05
9.124251661395752346e-06
9.669891209938934467e-06
1.261789379805881424e-05
1.374474698225151653e-05
1.534891188068125464e-05
1.405312870490698945e-05
1.074091526953442205e-05
1.685640351279476436e-05
1.007024305055146657e-05
1.403428174211624985e-05
1.118413600522060830e-05
1.187507716064946947e-05
1.128115047528230899e-05
1.074207874409878438e-05
1.362982783841324356e-05
1.421684714036435831e-05
1.369477125412750965e-05
1.302858017364002238e-05
1.032610348954155768e-05
1.457667852741025051e-05
1.393555302277935087e-05
1.491657999640630424e-05
1.588138351222074230e-05
1.303822787124486785e-05
1.556795035102028968e-05
1.304557717278208317e-05
1.084260906135568852e-05
7.490460939913537294e-06
1.258446743610790395e-05
1.414410069129299282e-05
1.468658658566216722e-05
1.180329345159906849e-05
1.181647000819573228e-05
1.637313999499605486e-05
1.132232239479068294e-05
1.201335330556787668e-05
9.288627540394899304e-06
1.329320958543917598e-05
1.770976704782567315e-05
1.154384640758148876e-05
1.620165428889698038e-05
9.389752981841164580e-06
1.785768845589381403e-05
1.168741331796102159e-05
1.190444068699489303e-05
1.400960111032350018e-05
1.150112129523725196e-05
1.315109630706038118e-05
1.305249182162367443e-05
1.278306980550720090e-05
1.153326871177406685e-05
1.765344627605132255e-05
9.568470291061557134e-06
1.760439095710168681e-05
1.148116292171341174e-05
1.726556420993974959e-05
1.253126449038761533e-05
1.234188044405200459e-05
1.090277568449114308e-05
2.004951667695138655e-05
1.301292000586176624e-05
1.093125454110782730e-05
1.359288667733113628e-05
1.180584521620066319e-05
1.486222221172526686e-05
1.431830222619154296e-05
1.515272780358110775e-05
1.305198236510043695e-05
1.055397053328952330e-05
1.266916971223974844e-05
1.245818779189707552e-05
1.229820266475197444e-05
1.475882041829543175e-05
1.501356551438214206e-05
9.165033702174033071e-06
1.040923843420371787e-05
1.150836708907325072e-05
1.177725904718206558e-05
1.449670903986304856e-05
1.217568632944040633e-05
1.049709496597966824e-05
1.571631835895231203e-05
1.263501376791185110e-05
1.280207446772214855e-05
1.459247214285875715e-05
1.544263091244997489e-05
1.041462913503871672e-05
1.037234487426760368e-05
1.736995388491716276e-05
8.658225568898643469e-06
1.586845234913011912e-05
1.128307791874154618e-05
1.248533858769634920e-05
1.010821456600393505e-05
1.357199615667886966e-05
1.284560234832327514e-05
9.738234063711692962e-06
8.695200224877915933e-06
1.042557488812237099e-05
1.307220506484130247e-05
1.213185563445302757e-05
1.496193058200898451e-05
1.156875518082771947e-05
1.267503237517639038e-05
1.079989665862094131e-05
1.277566889632189218e-05
