9.104794731598780825e-07
1.031813917090200956e-06
7.253642906674037579e-07
1.233605287588718123e-06
8.300673686647904227e-07
8.844807368813774459e-07
8.259006471502262910e-07
1.122993035434036329e-06
1.475789495819210909e-06
9.213997375862255513e-07
8.506410937608611555e-07
8.289504934988369822e-07
1.401242805823826551e-06
1.060892527602567990e-06
9.439264786883632332e-07
8.370607727095006316e-07
6.540119228104806715e-07
6.971350763514156921e-07
1.083530610598306756e-06
1.012938603535458897e-06
7.383206052819202861e-07
6.752651974574350397e-07
9.182209993163911548e-07
9.332503004356168143e-07
1.214503465646688002e-06
1.349217737735062607e-06
1.076230265779587689e-06
1.379919059075368474e-06
8.626013508211428907e-07
6.629058234499346769e-07
7.480867190726643958e-07
1.123153700337560705e-06
9.245606006956706159e-07
8.878321593735039160e-07
8.231560950155187981e-07
7.151964563213682247e-07
9.840320514541260536e-07
8.836558255732243148e-07
1.809068810093308207e-06
5.923889511574963326e-07
8.832355664182379984e-07
8.869688693959420382e-07
1.186817381387963600e-06
1.071755285583203101e-06
7.183145774219124160e-07
9.502473045339427724e-07
9.924840918540120961e-07
1.038132681251991802e-06
9.553653571037166467e-07
1.001407442175649385e-06
7.042248179850193714e-07
7.695053089353192837e-07
8.999511975085503854e-07
1.157690775545866827e-06
1.220152175153505695e-06
8.425838565563676390e-07
8.493366318493334511e-07
9.598042475457477275e-07
1.212210921320000080e-06
6.960995975916237279e-07
8.551197729294334938e-07
8.602995079485441873e-07
1.090610643935921802e-06
9.258471228760480985e-07
9.176284821963096177e-07
7.197918397590002994e-07
1.233660005501636855e-06
9.740949514872568901e-07
8.300833637115754405e-07
1.095103134089276894e-06
8.179503556890077868e-07
9.584384529845766398e-07
8.641660467218836095e-07
9.071003443840968773e-07
1.247418839773109582e-06
8.843457012432320990e-07
7.952167631656145886e-07
1.157364489388700204e-06
7.905103741888934652e-07
9.686426915991137004e-07
1.252121673976938366e-06
9.602429795922400181e-07
7.987591695243552068e-07
8.389265215699150954e-07
1.292651567355303313e-06
1.191945039428093396e-06
9.271894570631894737e-07
9.927716093468518146e-07
1.249479362711483910e-06
1.102938720946112632e-06
7.822000978062070551e-07
1.289263220802125033e-06
1.511706859941293808e-06
9.174404154556511681e-07
9.495934581211518294e-07
9.745127789732818593e-07
7.623305200902813819e-07
8.558933460725971136e-07
1.298555901506116118e-06
9.185533839758113560e-07
6.904101110448578377e-07
9.745818311371378176e-07
1.114106395914792897e-06
6.481012287355620293e-07
7.016812730020930509e-07
1.037231002815251437e-06
9.073323619913415805e-07
1.182964097960184094e-06
1.251238460192461078e-06
9.852927002382097034e-07
9.868404051027592324e-07
7.789579694437738749e-07
7.393234882311012191e-07
1.467665874503434271e-06
8.799303177621168392e-07
7.730563123636013640e-07
7.258321384711559442e-07
8.030284125553464795e-07
1.123456425065694954e-06
1.137073381184211653e-06
8.323010801356600111e-07
7.396715815027427703e-07
7.512877884422443414e-07
1.130450610474447086e-06
8.784462907143388004e-07
1.157572495773774556e-06
7.518666711494110694e-07
8.816704688874626602e-07
9.701308950254473940e-07
1.331480551660879824e-06
1.196955277832085157e-06
8.748508553519271614e-07
9.727978416784864460e-07
6.884224904233539485e-07
7.479217036582182124e-07
1.082446344974174268e-06
9.632947016272360484e-07
1.264803773638697966e-06
8.237653243279892118e-07
6.741610029985017394e-07
8.619124868733728513e-07
1.213946638192412767e-06
8.567676686081377065e-07
7.738667084440990069e-07
9.222406380429232521e-07
8.743992040470376643e-07
1.010256545209869891e-06
1.108088581327848767e-06
1.470411710083168317e-06
8.913015863421679354e-07
8.069111700177131791e-07
1.109873094465116775e-06
1.656401794671720505e-06
8.524286338893480480e-07
1.006012310568453295e-06
1.009506871206940813e-06
1.645098688518029719e-06
7.727651117985735609e-07
9.703234735867473141e-07
1.736952070821624544e-06
1.094664344614383190e-06
7.089932140909819893e-07
8.824524172220561426e-07
1.224296666734788641e-06
1.049317067106557198e-06
9.350205638506434203e-07
9.111657837907606590e-07
7.143045125163358720e-07
1.173664303278742748e-06
1.112318846766032768e-06
9.646108757870727596e-07
7.182798347128670349e-07
1.075506076637181521e-06
8.421355850418132201e-07
8.936441908371533725e-07
9.858179279304102848e-07
1.330766395567561411e-06
2.124216119847417556e-06
7.684576114394815655e-07
8.307178497331349638e-07
1.176240381777479587e-06
1.453608487952842101e-06
1.057334229069367969e-06
8.618728120590838410e-07
9.324326486939141819e-07
7.678218156246029643e-07
1.013300227250974569e-06
1.397773934467988541e-06
8.609206058600246129e-07
8.146651104863498787e-07
5.998229997412072516e-07
1.005976086353582947e-06
1.049160301678983238e-06
9.845111382241524644e-07
7.396867646591397998e-07
8.725306057067802420e-07
8.223523034575750776e-07
7.186014379245611457e-07
9.852752180085457253e-07
1.510574026517660585e-06
9.035337581396693455e-07
8.261844600616865336e-07
1.351402277351302884e-06
1.066999314784140922e-06
8.796199002715013688e-07
8.591259094592342918e-07
7.462590781218859804e-07
7.522059378333651332e-07
9.775859908797787842e-07
1.028712401994701898e-06
6.730636316959702947e-07
8.885690435110045922e-07
9.610647546736927810e-07
1.044704706914007898e-06
1.106866705933625731e-06
8.927661483474295912e-07
7.275064273062599460e-07
7.962521512007243295e-07
8.215057632052459678e-07
6.519409938058196084e-07
7.460885606464209726e-07
8.715010319659525313e-07
9.303162998552236003e-07
9.489004396652253035e-07
1.201633135857241690e-06
6.872904823055460230e-07
7.278019662951303963e-07
7.971386325189472458e-07
1.155313911627714875e-06
1.110372833496053638e-06
5.906252439057461918e-07
9.087507812309197719e-07
7.600505575216233653e-07
1.048162389491739916e-06
1.018605692831125645e-06
1.022280264206971360e-06
8.364212549020191142e-07
9.958114138225948408e-07
8.452604975083842411e-07
7.915702589090509755e-07
8.279863603158671845e-07
1.225027949060213219e-06
9.184721087951653234e-07
1.391693491374876402e-06
7.406130915943628091e-07
7.660643387928883564e-07
1.102931390611473935e-06
1.123675920073547272e-06
1.286525502071414468e-06
9.168973579428542965e-07
1.864932981826107235e-06
1.175414523674829519e-06
8.417628875413773813e-07
1.092853207289459039e-06
1.211146135465568587e-06
8.500931762651792721e-07
8.330194888313881160e-07
9.323098459570696031e-07
6.451121837763933793e-07
8.169936074844544265e-07
7.832173403752406586e-07
9.853448262342237648e-07
1.568891243699839397e-06
9.279666738910537447e-07
8.492297688687940116e-07
1.039218074762676154e-06
8.918793084069938196e-07
1.001875461672529464e-06
1.582097497891994500e-06
8.761742148498938308e-07
7.892181288393204023e-07
7.331390143151421904e-07
1.098717220602322331e-06
1.028737291579700302e-06
1.023632497694336697e-06
5.594009938498165046e-07
8.172446164167706438e-07
1.620820787619205781e-06
9.632996356957638771e-07
8.500851911664784856e-07
6.415444008186962399e-07
7.445394147381143177e-07
8.514550751861712814e-07
7.936728670967228608e-07
2.298575520131947015e-06
1.337870441358492679e-06
9.243908848760232437e-07
8.508390730557711240e-07
8.585474437778015139e-07
7.893656400602613055e-07
9.406249467529102323e-07
9.811687580816192329e-07
8.247607419772997551e-07
7.348711395602638725e-07
7.028950285132131773e-07
1.289935800863725194e-06
9.765036106482727041e-07
8.267758476005319786e-07
7.843648932760914266e-07
9.535580234346482321e-07
7.796547376701936978e-07
1.194759589971411931e-06
7.071113646536030293e-07
7.812732931964296286e-07
9.202587130331653101e-07
7.236001553207150237e-07
7.890231409800230117e-07
9.090966465366354115e-07
1.231396560237788820e-06
1.017715618479690133e-06
6.566718674553113503e-07
6.296401490304342411e-07
9.126127103039681503e-07
8.845561934953822248e-07
7.968753101350752389e-07
9.050915788754115887e-07
1.168563899955381099e-06
8.882853276733750577e-07
1.099057665917619852e-06
8.668062974794080271e-07
8.753374952401510665e-07
1.143467752274601999e-06
1.441505902537867092e-06
6.912437792382817348e-07
1.042225373305170069e-06
1.053112340425812995e-06
6.856905163776998924e-07
8.759534409319578901e-07
9.264953289940019889e-07
1.145586435172764349e-06
6.944871078147735995e-07
9.531510183552499810e-07
1.217640524583068931e-06
1.182444087609419501e-06
7.871023949846558456e-07
6.427619644566022130e-07
1.301914662198267133e-06
9.706592578651189957e-07
8.708335614280741165e-07
6.686739079915971749e-07
9.267048460565508406e-07
1.027913834798781009e-06
1.143609208200812130e-06
1.065182375588300274e-06
1.281655918364423557e-06
8.040551492907656522e-07
6.589524722779903122e-07
9.107161283041485424e-07
1.163673957468360566e-06
1.116315416109555692e-06
7.673823877040488192e-07
9.601555936128966205e-07
7.246108105924532260e-07
7.770724804076638872e-07
9.552918338738585916e-07
1.063361471797311640e-06
8.083796700791136288e-07
8.015681970413440170e-07
1.195246158058813678e-06
9.725928211081838075e-07
1.173271170999045165e-06
7.381076273521168946e-07
7.847043979775031734e-07
1.038318184950210427e-06
1.048170403141743844e-06
1.172721535532710341e-06
1.459678347005443554e-06
9.057152001458594359e-07
1.055168125281650068e-06
6.502007363859104956e-07
7.713596679168744695e-07
1.239091320364447344e-06
1.026808073586057033e-06
1.271250189251629403e-06
8.418814565028121045e-07
7.758040638461947751e-07
9.338918123842351241e-07
1.234682778415779047e-06
9.852240462870225038e-07
6.810569582442768524e-07
8.927338693841187278e-07
8.787349889164928481e-07
9.818451870883696554e-07
1.097373540360753677e-06
9.972653897205919833e-07
9.201539577130701850e-07
1.293721001165806751e-06
1.107919273553102715e-06
8.238633006690936919e-07
1.077935129721101530e-06
8.847004069161765293e-07
6.679686968139838919e-07
9.188740132194994502e-07
1.054573999886020021e-06
1.563566629362262352e-06
9.014508352306051701e-07
9.019858242120456303e-07
9.629106882217400358e-07
1.012991605939197986e-06
8.878009473912244440e-07
8.433354635618959678e-07
8.274569756618380982e-07
1.812114792081893327e-06
1.037050450280964246e-06
1.029104189983084093e-06
6.854493568961075282e-07
8.538114096682488257e-07
1.072923630488903911e-06
8.355817824543411415e-07
9.070707730282018895e-07
8.700358826346080607e-07
9.091611533285821027e-07
1.158587846619073268e-06
1.061430291122690174e-06
8.301424462042626566e-07
9.016541408555798936e-07
1.155336310501227911e-06
1.056350252286910302e-06
7.688092572394274861e-07
9.592134519739365312e-07
7.002518966352711991e-07
7.831692251171889526e-07
1.000976865842471745e-06
1.251557992278221617e-06
6.805634682710340602e-07
9.458558222387677474e-07
8.874688668817759171e-07
1.268353668159315532e-06
1.658259751274639287e-06
1.118219588877708303e-06
9.498751255006430362e-07
7.717769490323923297e-07
6.780639012750267682e-07
8.582985241065556285e-07
1.184254731757262108e-06
7.701775682041370554e-07
7.364544111138912760e-07
8.204140831461166379e-07
1.046080161411047893e-06
1.047137422554501130e-06
1.130555313426331824e-06
6.347940571875961800e-07
7.758536652990156628e-07
8.224026376338968947e-07
9.546859375267095045e-07
1.126312248814314269e-06
7.213615493285569363e-07
9.909479513525201785e-07
1.170276165639356648e-06
1.379103415876445803e-06
9.502342313347101528e-07
8.266595593226726555e-07
6.639547563165009615e-07
7.102992464087174503e-07
9.306822566464877831e-07
1.172083635928252397e-06
7.127593843710673730e-07
6.858187486588277262e-07
8.264194973182780691e-07
1.059206769243520118e-06
9.345377701727533355e-07
8.463155299438740702e-07
7.352421272928706390e-07
9.700297079028273324e-07
1.025766275700969044e-06
1.900657673799687991e-06
6.353964237185181769e-07
9.176580802427660977e-07
1.174799738613758870e-06
7.576393747131932240e-07
1.002052831488494914e-06
1.029874354359636652e-06
1.295428423574494376e-06
8.461152517344881962e-07
8.141284428669316682e-07
1.475028169721107599e-06
9.786966676934117980e-07
7.213501810668032705e-07
8.827059579282917222e-07
1.007114870109397489e-06
1.049483775182031808e-06
9.918527484890944990e-07
9.630108877745116078e-07
7.854508318495763547e-07
9.808183262433212055e-07
1.040328974309544679e-06
9.717383239558755655e-07
8.558061511249484760e-07
8.698312372184352269e-07
7.016881617892527318e-07
1.017481251065335318e-06
8.228792112072215984e-07
1.156403795781159361e-06
1.227550535184251622e-06
7.340676559177891811e-07
8.153437904320138860e-07
1.190471980513548110e-06
1.196198885512973697e-06
9.165853830342423239e-07
9.095707464073404911e-07
7.402377618732269059e-07
1.017517409640095115e-06
1.168046890286723328e-06
8.957957947379514656e-07
8.451401336673250231e-07
8.003554089983372979e-07
1.009758928719510588e-06
9.886711592003455734e-07
9.679264264946333778e-07
8.317527046312566856e-07
7.818904573628160666e-07
1.040194573443801130e-06
8.921484196062536548e-07
1.052055422673434102e-06
1.277833611799483401e-06
9.287834499789973984e-07
7.894054455568925776e-07
8.203825160035394457e-07
5.713905233929438529e-07
1.092704755900413732e-06
1.064065994219132716e-06
9.058120824718462327e-07
7.867447115499770158e-07
6.117209524171747248e-07
1.593347216125703100e-06
9.502225169207484935e-07
8.914125527692227594e-07
7.089891730536411297e-07
8.590564599396537605e-07
1.034092191429884174e-06
1.120009442498682411e-06
7.742267107721861996e-07
8.441090518225119834e-07
6.421807797028916738e-07
8.833133035155965291e-07
9.026333505369997303e-07
9.909072248870411313e-07
9.687516747049969306e-07
6.382723764364030743e-07
7.665750023140647300e-07
9.580069097855010305e-07
9.461068972118198185e-07
8.498020742512308246e-07
8.128553262761859184e-07
1.327424653135437341e-06
1.331889583360945217e-06
1.046898758320643719e-06
7.371780163766973532e-07
1.115192909110659494e-06
1.299734591163149170e-06
1.064410593461810748e-06
8.387315697408995808e-07
1.104931362832108490e-06
8.694109638161668022e-07
6.994714435902059892e-07
1.028757457537820124e-06
8.539695893494620848e-07
1.409188149412474860e-06
6.661315117368214920e-07
8.003077446538433864e-07
8.026331282988143235e-07
1.063370311177230886e-06
9.757645162159282535e-07
6.241691916585490982e-07
8.599054027527822400e-07
9.305769440636343468e-07
1.172729161795087402e-06
1.244943169516927621e-06
8.151832881408831656e-07
7.269475912061346040e-07
1.243646312971031488e-06
1.059040647967008921e-06
1.175203323434177944e-06
8.805326383168337306e-07
9.280638181517388515e-07
9.721148354636403220e-07
1.281797972921293813e-06
7.812270522302368047e-07
8.794369799817257892e-07
1.434029105820312413e-06
8.090715903716308107e-07
1.393323102981179264e-06
1.080789806900268084e-06
1.114174121675377165e-06
8.051572673790737438e-07
8.972758577581213327e-07
6.833326304995667739e-07
1.058238877328155580e-06
9.551387739621192189e-07
9.073806090818329665e-07
8.477722685317004171e-07
8.316996642018635833e-07
8.743156153593735654e-07
8.469371461504595832e-07
1.158211809802921738e-06
1.036097251462316089e-06
8.272655272777488754e-07
8.599013462343098830e-07
8.423978791359202088e-07
1.258142354351731468e-06
1.137331798836404210e-06
9.631382993759162438e-07
5.715363933452516215e-07
8.228540412745724340e-07
1.039623005116894659e-06
8.413674701803330533e-07
1.042985437962095612e-06
7.456275027332648070e-07
7.112091392229407400e-07
7.865859919988529295e-07
9.834861151067148387e-07
9.360158743017247840e-07
7.494693091144581147e-07
7.803333166668976383e-07
9.805394011728750456e-07
8.156702450920394864e-07
8.027166574976598356e-07
1.215936018422784084e-06
1.101564574433785684e-06
8.006907092751081315e-07
7.051562990055310366e-07
7.386657922644501629e-07
1.037113100243004934e-06
9.317684261597732236e-07
7.256289452106962208e-07
7.449344855531556117e-07
1.019594353043730089e-06
9.735835575583741235e-07
1.096028362944265277e-06
7.444347708397385590e-07
7.479325996574827024e-07
9.617612119978969826e-07
1.031307207367304794e-06
9.673592655927108634e-07
6.399753089656631049e-07
8.779189361799189771e-07
1.087503349243273305e-06
8.063337010461856095e-07
7.725386531571423384e-07
7.392878957227988219e-07
1.022280587033558523e-06
8.757222536201458313e-07
8.090830291187598083e-07
7.706139561975714873e-07
8.829794714160326426e-07
8.897458130336095148e-07
1.064731100407620523e-06
1.059420642823438731e-06
1.008965637588974583e-06
6.568591578123815502e-07
1.059910353303456518e-06
1.149591098377832677e-06
7.134607510548885377e-07
9.286268055271665473e-07
8.546679635523754753e-07
1.156752338251944222e-06
1.195698950219138696e-06
8.638793253016186556e-07
1.113330551108623682e-06
1.428123105967993692e-06
7.288996122855138334e-07
7.663722465723434389e-07
8.521517985802627012e-07
1.519667105062770047e-06
9.412920522224593987e-07
7.914663814447163124e-07
9.497469172824232618e-07
8.627603372278567689e-07
9.972193050587366515e-07
9.837329847203778113e-07
9.525211134738406295e-07
6.883297250998667513e-07
7.861009179586045730e-07
1.086223072107273250e-06
9.701256080252248217e-07
7.542081148592975768e-07
6.432235951773891104e-07
7.850958683004190304e-07
1.247446984278116579e-06
8.088613319939586625e-07
9.752596691908709631e-07
9.298279063492231969e-07
8.991284117131015119e-07
7.522701059113433507e-07
9.308219889560130315e-07
9.670414775733254935e-07
7.260725596332100753e-07
9.363883047323091882e-07
1.051190040664895735e-06
1.019674161262556421e-06
1.714970534347475297e-06
7.526293904591360034e-07
7.828345783418372051e-07
9.036141714513796942e-07
1.035849347847058426e-06
1.337909975188784383e-06
7.103719750144013520e-07
8.631180669365335598e-07
8.853882741355566663e-07
1.371373291938883616e-06
6.496705802421007632e-07
9.724102574407868826e-07
1.116031399947213083e-06
1.225811026686963790e-06
7.078005934296770027e-07
7.988820974197532659e-07
9.316508614165482059e-07
1.224114281163001418e-06
1.019262413177351177e-06
6.148456817079544052e-07
8.886439122952070739e-07
8.280014856683375196e-07
1.097228368326379630e-06
1.066505186243070973e-06
1.086094101111560969e-06
8.119520975322996426e-07
8.223571325567800470e-07
1.263221793947094006e-06
1.191843188520887921e-06
1.094956474985258745e-06
8.819943784242944977e-07
8.800939895114559164e-07
8.355618089326463189e-07
8.340268369314824713e-07
1.057437296832721065e-06
1.096790677240345371e-06
7.850723163408642281e-07
9.128838845222084776e-07
1.251960162436575128e-06
1.128831002646147767e-06
8.161774749015682526e-07
8.845780499982408889e-07
7.021059164498053987e-07
1.214854542842922999e-06
1.059042195523061910e-06
1.002563335158801128e-06
7.859058043431775693e-07
8.389331736493269649e-07
1.079862354989995008e-06
9.791495847254737165e-07
9.297871815185393373e-07
7.699880811710876341e-07
7.484933594732340878e-07
7.396377159258525333e-07
8.636049709004535219e-07
8.808879533426598016e-07
1.081944723457799595e-06
1.441333627751576124e-06
8.519461052384429590e-07
8.581615297218982195e-07
7.140857577666603976e-07
1.082425709801832924e-06
1.076489207022916167e-06
9.369842586439817366e-07
1.027384870558558370e-06
9.696123331464087491e-07
8.723117970029344539e-07
5.557972823994065553e-07
1.068641526235481614e-06
8.893301776586018822e-07
6.648864191538842343e-07
8.430148529643199064e-07
9.535241102628169173e-07
1.034464202188675487e-06
9.243233121782629059e-07
8.612165366973522325e-07
1.969660347470328396e-06
7.426568222083331205e-07
6.775891718401579829e-07
1.058532537692040616e-06
1.040004347942683496e-06
8.955224572572474864e-07
8.492736802355843099e-07
7.861809524866150567e-07
9.595759383073878886e-07
1.037703635017352938e-06
9.924596692444858410e-07
7.153757583809260773e-07
7.620024121855691778e-07
8.725911678380834669e-07
1.102523138290179409e-06
1.062084858372049784e-06
7.800045905248481605e-07
7.950614750126846664e-07
8.459568625682977358e-07
9.731449896132354256e-07
8.059908459323968492e-07
7.502577889028717075e-07
9.382687147574475570e-07
8.065988887456944806e-07
7.105335680639684803e-07
7.660010184491837329e-07
1.036184029078848294e-06
8.379229811675735992e-07
9.381615794310843308e-07
5.911698300123113966e-07
8.745787594315723775e-07
1.003293123575869675e-06
1.293431721369522734e-06
6.710264421093397821e-07
9.341982015313569231e-07
7.923231530163904510e-07
1.146655681157468112e-06
1.335160568772541106e-06
8.040860075396390957e-07
9.533960243620365233e-07
6.757957141498995994e-07
6.257518100345665704e-07
7.753933951843030308e-07
1.262634799797987955e-06
1.001735215314176407e-06
8.247735310615319047e-07
8.207850142415860771e-07
8.281203239099475770e-07
9.677213161136054305e-07
1.346847098684145257e-06
1.204714010020376523e-06
7.961795311280930529e-07
9.504182764416755393e-07
1.069539825789773130e-06
1.020308284199223186e-06
9.429673257515032647e-07
8.137570633455419449e-07
7.191776132593167365e-07
1.035945213683973078e-06
1.050993943631371079e-06
1.109757685876559959e-06
7.012780454369598849e-07
8.764697359013862087e-07
8.558559707930899530e-07
9.225853638704234633e-07
1.201202524668669070e-06
1.298719312675511016e-06
8.760952184442719383e-07
7.760351414882341937e-07
7.986860735895002651e-07
1.115447664281534530e-06
1.323837412815339208e-06
1.134459168963214959e-06
9.247478088575237762e-07
1.096225403766284148e-06
1.162360156746803086e-06
1.044832498672245662e-06
9.380324617078817093e-07
6.694402393624959665e-07
6.917248224236067071e-07
1.008116123295602291e-06
9.613516975423425211e-07
8.140392570996301926e-07
9.509764703638699645e-07
9.649604061966814971e-07
8.495038728125821521e-07
8.710112433642722609e-07
1.139571475022279967e-06
9.363807215575551951e-07
7.065891397882484667e-07
7.281340840748827293e-07
1.049449967337800713e-06
1.001428434401462143e-06
1.159764213110895234e-06
6.419515506407884306e-07
8.044624258576079953e-07
9.991509966177902662e-07
8.533277077941938398e-07
1.208567821086827454e-06
8.208223522452136255e-07
7.107891973724157431e-07
9.706418829270165340e-07
1.202101486044483829e-06
9.621831418396887639e-07
7.589131395272799839e-07
9.211457597210988757e-07
1.020950653314566947e-06
7.949277068625378077e-07
6.943818145920645594e-07
7.179625116116437695e-07
1.160796641117935954e-06
9.731841084201546088e-07
7.215167294141672526e-07
7.579445945228869493e-07
1.075719313042004148e-06
9.531485308138455575e-07
8.084659579386446800e-07
7.182504141020414064e-07
1.009573966034973402e-06
1.045139137676965824e-06
7.711909145886174813e-07
8.867597499586952065e-07
9.099023150883347318e-07
1.022374265555876464e-06
1.353100697054127629e-06
1.052584509089101848e-06
8.812312008814720585e-07
1.535088492815846146e-06
7.516327746375334482e-07
9.182125636569169260e-07
1.081028291917065136e-06
9.778333958327472026e-07
7.150547232924821912e-07
8.452739227499130337e-07
8.175431455499513086e-07
1.019731141002285026e-06
8.983623091998810518e-07
9.617350063003682303e-07
7.777193575071529324e-07
1.117262491522852127e-06
1.618954150736412980e-06
9.961002665007345296e-07
8.098457723249858735e-07
8.583305344091044349e-07
8.325688203678085504e-07
9.742651289684157964e-07
9.239297092650991229e-07
1.197560506718101053e-06
1.171515299746218495e-06
6.719278295835621000e-07
9.331000028450879659e-07
8.592882338417954874e-07
1.743369180612593196e-06
1.155440738758332245e-06
8.880081913350892758e-07
9.819888994155765427e-07
6.447954218083870323e-07
1.014550988614254185e-06
7.716164369875965418e-07
7.332655345444405383e-07
9.221680903717268790e-07
1.133111250127927328e-06
8.175698564623733045e-07
7.448060644535789696e-07
8.057527280079112032e-07
1.085677352043472107e-06
9.266944956661593270e-07
1.103332674669029641e-06
7.535117329672155521e-07
1.282577127046703221e-06
8.012178777456166324e-07
8.641831794794979307e-07
7.807036661538061021e-07
1.079826278625696938e-06
1.260053245949205373e-06
1.159078081203607716e-06
7.472575487086618385e-07
9.398374065485228043e-07
1.022063173133793146e-06
8.885238361271292791e-07
8.326101574379330566e-07
6.996976019476949035e-07
7.115646383354853352e-07
1.002017992089768913e-06
7.228292031612381631e-07
6.956125825788370795e-07
8.016613531680136216e-07
8.890495154834978655e-07
1.215488092686015638e-06
1.044712001344650449e-06
1.089853141884227958e-06
9.504016520306956245e-07
7.609110349603065517e-07
7.817013366302888040e-07
1.178743720487457323e-06
9.676396656554748087e-07
9.097515335561003233e-07
7.897049514064794620e-07
5.531846491942082011e-07
1.247381310044410444e-06
1.358078670193306989e-06
6.537999607767385880e-07
8.285231390256623073e-07
9.308812359226855508e-07
1.354299243917995254e-06
1.019936368000297911e-06
6.740155099216122502e-07
8.543502574915207286e-07
8.023976661306523330e-07
9.780122434310828512e-07
1.162574135703298634e-06
8.937698713234702332e-07
1.033011069122395543e-06
9.244612120510457095e-07
7.687451800544431853e-07
8.350314095060027218e-07
8.866073189433894912e-07
9.705908066947355465e-07
9.960090406066846434e-07
1.019802009082010519e-06
8.524886473344945760e-07
8.492160389386927163e-07
1.030283124122427060e-06
1.199605808802533244e-06
7.410076432042935099e-07
9.426869627779275761e-07
9.074576384587777760e-07
1.052320934179003250e-06
1.078309695642143967e-06
8.724066255770919123e-07
8.327941462644160908e-07
6.163318852019292360e-07
1.693659462449690527e-06
9.324054201327055305e-07
8.056503924569912260e-07
1.146590096047395334e-06
9.588341478960464281e-07
7.755228728010967501e-07
8.053616988756607800e-07
8.399311271330027442e-07
1.074784057070595689e-06
1.204800230666427605e-06
1.425802210350069339e-06
7.869211014849172882e-07
8.880964158872044744e-07
9.287063490941330480e-07
1.374748052985096114e-06
7.457177829208405768e-07
8.986897254964528570e-07
1.008051419391417938e-06
9.456753182223613338e-07
6.713171491615102172e-07
8.562267849856538251e-07
7.980454425647708764e-07
9.951675556421544791e-07
6.256855168242932623e-07
7.747861715735890051e-07
1.140761889089344482e-06
8.937946416993857462e-07
6.907417913292662590e-07
8.222543772966671917e-07
9.238982374251097609e-07
8.768748500605403635e-07
1.009738891424416223e-06
1.855995461689014129e-06
9.002013899185385523e-07
7.878768053226791489e-07
9.377664607923735229e-07
1.143374848665815288e-06
6.583455394066961262e-07
9.686442515273697394e-07
8.716377481862086248e-07
1.475672107202262837e-06
1.225187267661050572e-06
9.032345983784837804e-07
1.036945879584535807e-06
6.240816619749768014e-07
8.192335850616969193e-07
7.675308093048007970e-07
8.287183791559384162e-07
1.262342786597705366e-06
1.201795493770741892e-06
9.086731518277408108e-07
1.024855066142487858e-06
1.954592050218457903e-06
1.215775375101231028e-06
7.553226985205631125e-07
1.244197855092203386e-06
1.426324017675787863e-06
1.056828265820446834e-06
8.280735165412577841e-07
7.936530319065006949e-07
1.048436507095587845e-06
1.343544423926371588e-06
8.158868535822919012e-07
6.451903623828472043e-07
7.957276829661151930e-07
7.175018316049175631e-07
9.222382774089278944e-07
7.909435657835388037e-07
1.166945836505214535e-06
1.430829188567976382e-06
8.659132535029029930e-07
1.029803240031659098e-06
7.464329683033136185e-07
1.528698772055871844e-06
1.178577686098106936e-06
8.221196163552255432e-07
7.929284415220300083e-07
8.925014884110547421e-07
1.267830634748369400e-06
1.044100813027222974e-06
8.400541247164027180e-07
9.156037099579676620e-07
8.473131313587126402e-07
7.559304700898206750e-07
8.514954730577088950e-07
1.178239791363800469e-06
6.598801277386958858e-07
9.361779092168940568e-07
8.636853970406599689e-07
7.766100865829928308e-07
7.679938175170217237e-07
9.127204439711148057e-07
1.252239207302874501e-06
9.370494337588534800e-07
7.059624492804115737e-07
7.492052113364866064e-07
1.385856949319269317e-06
8.000164805008854450e-07
1.143791504055313637e-06
9.112683012833447608e-07
7.397714630457294288e-07
8.044768261689755443e-07
8.995211234703407672e-07
9.866265239972328276e-07
1.023333273314757556e-06
1.152970043141987369e-06
8.501978544379614299e-07
1.026262187640039878e-06
7.534794531248856598e-07
8.113142294720479857e-07
1.136215560046780075e-06
1.007121928904653410e-06
9.713589164062185480e-07
7.106135993407903797e-07
1.067314406067121102e-06
1.138064817706362498e-06
8.243207802596329454e-07
6.868424995278525500e-07
8.048449708064615268e-07
1.108838233527121061e-06
9.383258517664845043e-07
7.643608657793881131e-07
8.052859007403696185e-07
9.921702333356540848e-07
1.155377030216150195e-06
1.595677445169226861e-06
8.201514488152911886e-07
8.913281646002139374e-07
7.160688722325001316e-07
6.025317888542285553e-07
8.899481854304666226e-07
9.456789002816960682e-07
8.869026152936601725e-07
1.517539188454726608e-06
8.234362906523066989e-07
6.481540867559383547e-07
1.027478359885926651e-06
1.091979931491365959e-06
1.146874072913481993e-06
7.357705208701042293e-07
1.022879108052776934e-06
8.921217069452033959e-07
1.005056457005655891e-06
1.270664260090843561e-06
8.049978966522815567e-07
7.384469806532914736e-07
1.217614414047914940e-06
1.072520290348327071e-06
9.580244493020183229e-07
7.721571061510643401e-07
7.983660879358115969e-07
8.000976110714891445e-07
8.042114736377707801e-07
8.612352161991992379e-07
9.631777028223401914e-07
1.104742488242503154e-06
1.085734423667858876e-06
7.360072553085168016e-07
8.393437399754374324e-07
1.067199916239351222e-06
1.073499727411452329e-06
9.899276365400941724e-07
8.922341649609986430e-07
8.582546943788123839e-07
9.053713853025003552e-07
1.193099979727312767e-06
8.859798389032121869e-07
7.356197128755945074e-07
6.793293645697944096e-07
8.800981708712437745e-07
9.718346089957648661e-07
8.283343271360362237e-07
1.006935757041343734e-06
8.280101354536879734e-07
1.006451208848409433e-06
7.061538747896860417e-07
1.311458424885941637e-06
1.231712166507787019e-06
1.036108693941932615e-06
7.696822261806704556e-07
8.436106945955067232e-07
1.129217680588383705e-06
1.085518219800757784e-06
1.047254784115170858e-06
8.289607968865507484e-07
7.488460820245644986e-07
9.178459514070333776e-07
9.130077781601192247e-07
8.192366908266826956e-07
7.430798664660321784e-07
8.757190496742411912e-07
9.902450845816430436e-07
8.696886115804877639e-07
1.114418874161351453e-06
9.806718766708704579e-07
9.232226081755625754e-07
7.755810182935152341e-07
7.966159751791900911e-07
7.731747271887837144e-07
1.194980968348168646e-06
8.826509335069461770e-07
1.117755894988471997e-06
7.741503078851536474e-07
8.729967401428770694e-07
1.024398978456782832e-06
1.330468908684250457e-06
7.386852736402400815e-07
8.735866927140293924e-07
9.681862271413840010e-07
9.974174354712529279e-07
1.172291183011345875e-06
9.467948060628156323e-07
8.391552219946901990e-07
8.882484508004499652e-07
1.217571313241088885e-06
1.067923954792615997e-06
1.006474428954499413e-06
9.864733888454907382e-07
7.877503037587861269e-07
7.725219766857266459e-07
7.740353173999148741e-07
9.192774817030619942e-07
1.133501948065416041e-06
1.264909464770628646e-06
7.972676325922257211e-07
8.167354112399021467e-07
9.826773634817742073e-07
1.192898312462596098e-06
7.359360384651569163e-07
8.151915906651017381e-07
9.175451807895591076e-07
1.448791852673173386e-06
9.271481161892527125e-07
9.161796958841541076e-07
1.003323272121790974e-06
1.711058801398882388e-06
9.041585256858953722e-07
1.073958672040798205e-06
6.375346643253186699e-07
8.406358729285870229e-07
7.956386775501739071e-07
9.707394020268228571e-07
1.373543559270388794e-06
9.318712883158209521e-07
9.839963077305933074e-07
9.036918687761328625e-07
1.098018738680026117e-06
1.276806715170070774e-06
8.263027317971551883e-07
8.350576239992011137e-07
8.312309954029547179e-07
6.515625372924784489e-07
9.597962197071630857e-07
1.741584326641785089e-06
8.866558042467595431e-07
6.724190021723364911e-07
7.303737509553519365e-07
9.294851934425353543e-07
1.028604307937012879e-06
1.231417541043815504e-06
8.732405433223900180e-07
6.612704203863201662e-07
1.309483863036785934e-06
9.007486006561721972e-07
7.749212770830565370e-07
8.117419163600423690e-07
8.773221407575178744e-07
8.045255325133799561e-07
7.348509187571886793e-07
1.632300660390437809e-06
1.092876669132865075e-06
7.188224722795157848e-07
7.344872702448096786e-07
9.323771457319699352e-07
1.031945126868051250e-06
1.480439502046191864e-06
1.105387812428641107e-06
1.340591814458589863e-06
9.482652276238737042e-07
6.739645359447001020e-07
9.846200297779379131e-07
1.082147554780052659e-06
1.129731433878034091e-06
1.005749602870384906e-06
9.084450180048833487e-07
6.511638590033090250e-07
6.983719653198427184e-07
9.337667898906703659e-07
1.037823127150481728e-06
8.048036193014437850e-07
7.356253262406078241e-07
7.788578622120885805e-07
1.089209098857012750e-06
8.683895771777702027e-07
8.066761857209257814e-07
7.852058766320439650e-07
9.563354823098370503e-07
8.767469984977812802e-07
1.265854456619546143e-06
1.146653675360826881e-06
9.003066525198053506e-07
1.070402293018465010e-06
7.384169968941526747e-07
6.829821602634769491e-07
1.049380638985266953e-06
8.709695049182466306e-07
1.139366282076546080e-06
8.528736240885576688e-07
8.743795888670723831e-07
1.138575731991656565e-06
1.060016753110634268e-06
7.421030423925634328e-07
8.475622349401884178e-07
9.238928166728015994e-07
8.680673096688963029e-07
1.113382448191350746e-06
8.197972623887079619e-07
1.553642450023022859e-06
1.170374712823243190e-06
7.802452407832572493e-07
1.032322342080913875e-06
5.999387038067474954e-07
1.008283052917998936e-06
9.564579444230300478e-07
1.230041094034058632e-06
6.776972912520607066e-07
8.208106800306911082e-07
8.513419072328359977e-07
1.037142277960387061e-06
1.151867254355618255e-06
9.122359320117278412e-07
7.976363517646622083e-07
8.049647750436844931e-07
1.732375801387041031e-06
1.062426014699021257e-06
9.552305568050269586e-07
7.975913576306928805e-07
8.019786639385230994e-07
1.277045991282832010e-06
8.962360332360067186e-07
8.809580518659317273e-07
1.004843099887612451e-06
1.079400562543562765e-06
1.561401401776017379e-06
8.507661530722919414e-07
8.646940276175510678e-07
9.964584238160766069e-07
1.346353626804684324e-06
1.136149435705856571e-06
8.309999224657989801e-07
9.535935237178051266e-07
9.118950404975102148e-07
8.263861290537860797e-07
7.962198656447549733e-07
1.837667261120298300e-06
1.005106903607143973e-06
1.067468485819035411e-06
8.157439657832165396e-07
9.147120772554096364e-07
8.946394947628774580e-07
1.265419623440950867e-06
1.041468779426977066e-06
1.048708354048536506e-06
8.502895988160481612e-07
8.966559913337274337e-07
1.035704312162601382e-06
9.361087985272284219e-07
9.211901478792906181e-07
6.945251436813430553e-07
8.205819837310353850e-07
1.056954242667308259e-06
9.808066354715254825e-07
1.145176110879227835e-06
8.140672200314353617e-07
7.212168109100373401e-07
9.503565210542765749e-07
9.678076794176633502e-07
1.645955913161951482e-06
8.860807157506148729e-07
9.484544583646351613e-07
1.215913510332878404e-06
1.121989061881621153e-06
9.773305896236422446e-07
1.020937148556209174e-06
9.264660380577600085e-07
8.177773584602055530e-07
8.270574153572393108e-07
7.887671119589911058e-07
1.032051876859293282e-06
1.006319619041367946e-06
7.045847727499899964e-07
7.547987037785349968e-07
8.385357435916588195e-07
1.038359804120817357e-06
1.017860980827119988e-06
1.259291258342098402e-06
8.074367326891253990e-07
8.191370089693229194e-07
8.664102362147288307e-07
1.484438251404882892e-06
1.256208461787232447e-06
7.833752422788230924e-07
8.324111728999693734e-07
9.550317642262626066e-07
1.271410722788776297e-06
7.292307947998569649e-07
9.926061992155967470e-07
1.026000192555901222e-06
1.046504460398915394e-06
7.895755764345481773e-07
6.607875725159089316e-07
9.681142737941498153e-07
1.092765799346417700e-06
1.077300803396755414e-06
7.086921274611917727e-07
8.545124532354767452e-07
8.313286668609581673e-07
8.519770167881729568e-07
1.107844813043935640e-06
1.567172599055794512e-06
9.272709676371213794e-07
8.833548473118745520e-07
1.413159365902420811e-06
1.290326912111026070e-06
8.401984384578462603e-07
7.973297901565704795e-07
8.654003334956137447e-07
9.706235517757145291e-07
6.380232868807065835e-07
1.086549191526887874e-06
1.453571730243753094e-06
1.098128910543478961e-06
8.144415863291767648e-07
8.574650731029475199e-07
8.281595384263375604e-07
1.065052803611910552e-06
1.230063538943459986e-06
9.477669048686560721e-07
8.142109897261778866e-07
1.117936579466258969e-06
7.709863279210936577e-07
9.497043216367066113e-07
8.812193648439840204e-07
9.752784284938762156e-07
1.404725514935588216e-06
8.875628979036966606e-07
9.259046530010229414e-07
6.087333416767643115e-07
1.168480187095835566e-06
1.090722409066317034e-06
1.027658079439348788e-06
1.296718525274175648e-06
1.456487414270331654e-06
8.339189017446195991e-07
9.472912516369938095e-07
5.794207250312791458e-07
9.533692002984200069e-07
1.766621510504814958e-06
9.676133195994318655e-07
7.616876492610910585e-07
8.717637761720445196e-07
1.094185530168068559e-06
8.602726631932610342e-07
9.184042348396900961e-07
8.458414880687940641e-07
7.200860212822756390e-07
8.853299524052157298e-07
1.036546735202868800e-06
7.408118181429250090e-07
8.071656065690794460e-07
1.063456836005203514e-06
9.680050380815787460e-07
5.826690826939314451e-07
1.001466670848078686e-06
9.628003678028333652e-07
9.770273195642658443e-07
8.123854480665680964e-07
7.194209014546483808e-07
1.158225968907236821e-06
9.385808601591147426e-07
1.010445734421651077e-06
6.472839371558290723e-07
7.059630802741877470e-07
8.913483406092516989e-07
1.058994654940513227e-06
1.127815183585829738e-06
7.170095877649581250e-07
6.680700901672348317e-07
7.541367714703438314e-07
1.033889347091016829e-06
1.200208223515078867e-06
5.530114511967204070e-07
9.228880134327953153e-07
7.880052697912944379e-07
7.161941184477034650e-07
6.894100010921357781e-07
9.173486132368668775e-07
1.116542332894329421e-06
6.750421493055950895e-07
6.834360096352292476e-07
1.114626529780068089e-06
8.709977844336041189e-07
1.008625973898002999e-06
8.657960644751907242e-07
7.334551406640947456e-07
1.531066067598105090e-06
1.327450258437832999e-06
8.403193428006445446e-07
7.894272388490039220e-07
8.847012247548223671e-07
9.438872453459315136e-07
1.104180936953411218e-06
9.457151526755201216e-07
8.144289109040987590e-07
8.169457054274990675e-07
6.948030225880803160e-07
7.352291818599246235e-07
1.029258461556335285e-06
9.229137613257707060e-07
9.589510878431261863e-07
6.242910400901320358e-07
8.700697216303069701e-07
9.544277578916011941e-07
9.277450321708916604e-07
1.072497892877240556e-06
1.341668659909422987e-06
9.497402656472220454e-07
8.385306093945449465e-07
1.187868319305256750e-06
1.220912828961996474e-06
8.903680998553765238e-07
1.005370059220077223e-06
7.794961053631789992e-07
9.419982348704051182e-07
1.284627321133810724e-06
9.657004012416381682e-07
7.205737701113970785e-07
8.339856093059892480e-07
7.611448216551252087e-07
8.572459292059955335e-07
8.585432157249391560e-07
9.515059356063336588e-07
1.809494921421525201e-06
8.734382197675663438e-07
8.581009530956814277e-07
6.923598661066984416e-07
1.414332473243186452e-06
1.083328284261528592e-06
1.006343229990034566e-06
7.446433508760896237e-07
8.298384838005719469e-07
9.100792577518530315e-07
9.497427020863073509e-07
8.412122100322643548e-07
7.968030464830458163e-07
7.871521972678720320e-07
9.912262355642640377e-07
9.973511049523166561e-07
6.665486084135279726e-07
6.062388514250616953e-07
1.131981400957258614e-06
7.427682170563719657e-07
9.169651083195586645e-07
7.850924883206013055e-07
1.150283055546173057e-06
1.286299477338753231e-06
8.181926286352417823e-07
8.152002144834459367e-07
1.334654241436594486e-06
9.206284874736549179e-07
8.774234301048482060e-07
7.065775278317458494e-07
8.697279496819976479e-07
8.772216528191001565e-07
1.563749931601444768e-06
8.829388591472132482e-07
5.900201613793714858e-07
8.315052852253529121e-07
9.245983817655525708e-07
6.772011264714875599e-07
9.717655352427058315e-07
9.319251747821655474e-07
6.198712396067317639e-07
7.114446092639870428e-07
6.345576962920726229e-07
7.031651552836171406e-07
8.846823733137109176e-07
9.115339302227973251e-07
9.778122288573382423e-07
1.631973984655137918e-06
9.465452360145750471e-07
7.958935269235805794e-07
9.530720089397484609e-07
1.216525341158259678e-06
1.216089037226429727e-06
7.323140629625690241e-07
8.159972254634470825e-07
7.444519771671914897e-07
1.170905358109484346e-06
1.024116753653783401e-06
1.122496435028161236e-06
1.048105038126405724e-06
7.386304883850924790e-07
7.706795200382631473e-07
8.006993308765823481e-07
1.231739550255342846e-06
1.039229010261230603e-06
7.229379387872024291e-07
8.888802879212562588e-07
8.905344342100934579e-07
9.942732540024283578e-07
8.328074568067100899e-07
9.674797934459371398e-07
1.235512880350394444e-06
1.279642797706158581e-06
8.742744348520965600e-07
6.477863389887475512e-07
1.257086352427099043e-06
1.088715324480823072e-06
1.095962425753476183e-06
7.948456578688578321e-07
9.126482039971649870e-07
7.119166741461489078e-07
9.351937595427928762e-07
7.348012098045261674e-07
8.820771213940366633e-07
1.136422216340113533e-06
1.060963860504468543e-06
8.706303630934823690e-07
1.047684626493981642e-06
1.010692739541932039e-06
1.086020480420020372e-06
8.385433896936048418e-07
8.469163502932740512e-07
7.568074186532613651e-07
9.660709297019241888e-07
1.512980518935410683e-06
9.316724550964713773e-07
7.627891276112185243e-07
6.853825564493518994e-07
9.795721282649637837e-07
7.559888985077067919e-07
1.106748915359962972e-06
9.753604460943820193e-07
9.615169248599349618e-07
7.292405259727869352e-07
1.456714053114588745e-06
1.114204966770245042e-06
7.309403208944333365e-07
8.131373107783531040e-07
1.321276400825713446e-06
9.675063490168761820e-07
1.130114989435342157e-06
8.166587264950469694e-07
7.598164841617132948e-07
6.337190672996273071e-07
1.144388513946492772e-06
9.941245034515286871e-07
6.063158265519835704e-07
7.412124540031983560e-07
8.158697406834746133e-07
8.524063378866399908e-07
1.053721169349870553e-06
1.043050474076408445e-06
1.090015900518634904e-06
1.542800744720731676e-06
9.203723856177993600e-07
7.437530527643800343e-07
7.128281043940126904e-07
1.366338123798759757e-06
9.648740901700858010e-07
8.468818932859289498e-07
8.388443024438970400e-07
7.703732630651127595e-07
1.081714435432986842e-06
9.678540523741158799e-07
1.097648001174249752e-06
8.056756698347727918e-07
6.217382124361140041e-07
8.521355579291611385e-07
1.163264642964722040e-06
8.923472447127255783e-07
7.777540649977167316e-07
8.808080673542717814e-07
9.593052539797858445e-07
1.053979285496515168e-06
1.073265873891382890e-06
1.464157310766955974e-06
1.005644395347763093e-06
6.923508385395306571e-07
6.179306479929993222e-07
8.954111467080339111e-07
1.066833866530397340e-06
9.330482847355728638e-07
1.249699997199376272e-06
8.375729244774698990e-07
7.094251804340431932e-07
9.083452971328622436e-07
9.284435580265271762e-07
9.171426733798462878e-07
8.381238415117979005e-07
6.524259266606768228e-07
7.367344278816002809e-07
1.087283882476790325e-06
1.049325987231771919e-06
6.919027409572966076e-07
8.550178970406371308e-07
9.304042820156554866e-07
9.986459006906121295e-07
7.669467491460830952e-07
1.099431057462645069e-06
1.442294894890396215e-06
8.406347096982463819e-07
7.090062734285722020e-07
7.683331904243292311e-07
1.163927241977372489e-06
9.538529778165413303e-07
8.819189445825659473e-07
7.581190771503942487e-07
7.696282583710800759e-07
9.860515087056413732e-07
1.067040624074895386e-06
1.074931722408709865e-06
7.565387065499493639e-07
7.821871002046430610e-07
7.869333215644087539e-07
1.408411219299885952e-06
1.006564930995805468e-06
7.086612333119579664e-07
8.972556099886546148e-07
9.084091013059240947e-07
1.003549292115418492e-06
8.279049023187600340e-07
7.053122855367156883e-07
9.337011837979639113e-07
1.179924826910930125e-06
7.230955559676294540e-07
5.719949559913204602e-07
8.389787415122073859e-07
1.040996628843607878e-06
9.877150258111425320e-07
9.944242068159981803e-07
8.580393000522461843e-07
6.552777110618397945e-07
9.438194032694406993e-07
1.280458243912691657e-06
1.307190792334095426e-06
7.255149978397861148e-07
1.005532658938872745e-06
1.453059051729538375e-06
1.075452925312473771e-06
8.654944337411300490e-07
9.680959792761230184e-07
7.238204490049939142e-07
7.446186836887536645e-07
7.276642052634000350e-07
7.840792198326367122e-07
1.304764644007546061e-06
1.001298705991728952e-06
8.343747717533709772e-07
9.430737153452622395e-07
1.030181726150147487e-06
1.276726532143924759e-06
1.358195627196252126e-06
7.804237459577200651e-07
1.062532971786250343e-06
9.471220208368107903e-07
8.369823580689367807e-07
8.996369368663441110e-07
7.171960304995070700e-07
8.544730225531141074e-07
1.098663224712075784e-06
8.735067581216191447e-07
6.922844145217799452e-07
6.452295156876789471e-07
7.699490456550784060e-07
8.773218031466811713e-07
1.291671576321145843e-06
9.206058719540747642e-07
9.478189449793785172e-07
8.461227369399895532e-07
1.152571865937148881e-06
1.044781912796082608e-06
9.406945406709562308e-07
1.347027664421940525e-06
8.807301059147076334e-07
7.576230114783762507e-07
7.096553842976272615e-07
1.342101517467211017e-06
9.552653574058164455e-07
8.809584801081120697e-07
7.802127952650921930e-07
7.618632428395841679e-07
1.027159501507714762e-06
9.675042126206590317e-07
7.072471571618691018e-07
1.099139940943130557e-06
9.956726011221013677e-07
8.236449071790907118e-07
1.202514479562362148e-06
1.150666399838693517e-06
9.570140271706107141e-07
7.605022203824386250e-07
8.834866512249009653e-07
8.452575319888512272e-07
9.861601795069975511e-07
7.328775736619135452e-07
6.839615042379857065e-07
9.407246901959546552e-07
1.132277071586088660e-06
9.239138017640965004e-07
1.186217428663289562e-06
7.909753530290445319e-07
5.998786969828831388e-07
8.794111893541433467e-07
6.895341427070378807e-07
1.136249776591695668e-06
8.535482527105462687e-07
8.967413394163541300e-07
8.763592648653477292e-07
7.653095667694738221e-07
9.495148199832309164e-07
9.446528340367589421e-07
1.324337956961713594e-06
6.861061526852816944e-07
8.069863501032485482e-07
8.802023185622600450e-07
1.261635943873655577e-06
9.159032420280588103e-07
8.140508960571175836e-07
8.639092219077509072e-07
9.054178584030283639e-07
1.052955301376081015e-06
1.237551413139844350e-06
1.433615803317163828e-06
7.628409558069808259e-07
8.527807269192697998e-07
6.439457104650257415e-07
7.196003269056528976e-07
9.448746477040048551e-07
9.314293085826639068e-07
9.040098627535114395e-07
1.062473599748874365e-06
8.367119238865410192e-07
7.201325901748938298e-07
8.931373979305262519e-07
1.075759269368872778e-06
1.127039858549507675e-06
7.379565124720501629e-07
8.054980217330265222e-07
8.627292395059830611e-07
1.252063061224197540e-06
1.031556132570069166e-06
8.782212450857371001e-07
7.783437622571517465e-07
1.057413856422374358e-06
1.229274536919597610e-06
1.060668530613278160e-06
7.427078528951873013e-07
9.899897890808668327e-07
7.430244484761503406e-07
9.709577268966051966e-07
9.314654536734535942e-07
9.517938894856580933e-07
1.289416065509869611e-06
1.325797134359867724e-06
9.943653118636030430e-07
8.381225432039979361e-07
1.276533617584554855e-06
1.210289637215589870e-06
9.881842418397203303e-07
9.682251191238623270e-07
7.616625437291747901e-07
6.051606186527727359e-07
1.012912213357456178e-06
9.978361050029838847e-07
9.126612078160574343e-07
6.821705263335322747e-07
7.413397738524822974e-07
9.109202564193050612e-07
6.718828555127223162e-07
1.412385974673865495e-06
7.742025540683665547e-07
9.974171740430011227e-07
8.541799522963451977e-07
1.031242096131876884e-06
1.357990042534643854e-06
9.844813333425007400e-07
8.378962509111553608e-07
8.513997045673752777e-07
1.083155291448433414e-06
9.063829483271310003e-07
8.308506627655319907e-07
7.203912135717640876e-07
1.088701137893356593e-06
1.196282226854437488e-06
6.850366704152137929e-07
6.752315008171212827e-07
8.999744265179152708e-07
8.579769224131413941e-07
1.044701271070659259e-06
1.153383352535683335e-06
9.800708829867516512e-07
1.427153969425507493e-06
7.455304708039616300e-07
1.119951164436945923e-06
8.484190885992962417e-07
7.829304834026358297e-07
8.129091360963594017e-07
9.251400488263968422e-07
8.520649006715472104e-07
9.578968715126820965e-07
1.164912564276747161e-06
1.183298043457243164e-06
7.621999678008399743e-07
1.081293737383391643e-06
8.264216049743236355e-07
1.040108938702477060e-06
1.293057945020673715e-06
1.159107556447714017e-06
1.098461030985734415e-06
1.065130310689831278e-06
8.300293598420759840e-07
7.261087138197690461e-07
8.713775060296821162e-07
1.106236286461195052e-06
1.252987776062751620e-06
7.839901497419725712e-07
9.318464765275094064e-07
1.053849428762613322e-06
7.089689609835380914e-07
8.394401216112083010e-07
7.930323288405519034e-07
9.859401011658732398e-07
1.324104354203327370e-06
9.337722364679563097e-07
9.272228622139547186e-07
6.586463626479857865e-07
1.327176948683730074e-06
1.045211655777023763e-06
8.242958078825680171e-07
1.067180158009514028e-06
9.135321873017182121e-07
8.750128448162508086e-07
9.375765617901315247e-07
8.400252307407932510e-07
1.099293476852217479e-06
1.645257354325873308e-06
8.409242887077713926e-07
9.781550309695515408e-07
7.443276316979663498e-07
1.068052747426416923e-06
9.809970143238194028e-07
8.123506812451776838e-07
8.682789080639177939e-07
1.677698672594053529e-06
1.113913497153819257e-06
9.932656020587275808e-07
1.299095927980853699e-06
8.324079263202308853e-07
9.243621344274821350e-07
1.196504892825025613e-06
1.293159132733588496e-06
1.017898191990321837e-06
8.801587315320178642e-07
8.571612268529126075e-07
8.137456184429172640e-07
9.048571380794720838e-07
1.258102556112627248e-06
8.901428731102401152e-07
6.458662300797945618e-07
7.380879193344380242e-07
9.891430849533059282e-07
9.395696533309543018e-07
1.027219777191458398e-06
7.735211822144048511e-07
7.146281302830645212e-07
1.068242077809984632e-06
9.811830562726816871e-07
1.085422558244436876e-06
1.325175156416789672e-06
1.007556426824258782e-06
7.411284783199633649e-07
7.505130445612391002e-07
1.500498557336267874e-06
8.152597211675057975e-07
1.041796150997476304e-06
7.703554105225894673e-07
7.442385748123094284e-07
7.324237928443221053e-07
1.108110336084938600e-06
9.407797830724255434e-07
7.472139906173240176e-07
6.982618139036545778e-07
8.371587776616037476e-07
9.516993872665277364e-07
8.717782654926342508e-07
1.300384733687510880e-06
8.082805415332384607e-07
8.089081429937190345e-07
9.439320211916902081e-07
1.024170516834625037e-06
