2.140315548685226776e+00
2.104647423805845907e+00
2.407080165023770313e+00
1.906959916015577239e+00
2.239457385651989707e+00
2.236913663580450073e+00
2.386015469976826786e+00
2.046363521703222332e+00
2.200391303247699604e+00
2.379064990319684547e+00
2.308395742615161339e+00
2.386671393326872614e+00
2.012353827042324461e+00
2.390255948090676874e+00
2.149073388303364585e+00
2.371571472562913563e+00
2.699947492223212731e+00
2.420548002209655269e+00
2.253842991862260448e+00
2.099399939949143423e+00
2.160172118316506573e+00
2.389844699712404541e+00
2.234941606157196947e+00
2.343851054983891569e+00
1.975975797660189048e+00
2.134276939947278517e+00
2.253395946562279040e+00
2.154851379248115872e+00
2.421150895986283302e+00
2.282001914374863993e+00
2.491995566338246704e+00
2.045159614946032267e+00
2.533955516507459649e+00
2.326056898702964837e+00
2.038340910346384316e+00
2.316748250863793324e+00
2.296548609857494760e+00
2.172266302882198019e+00
2.146885065444994911e+00
2.545793892596599051e+00
2.146803275890665219e+00
2.346952094740857753e+00
2.107301248547962302e+00
2.272599305603657527e+00
2.488890289465316652e+00
2.250046984194296495e+00
2.184225323015343001e+00
2.091856632627368651e+00
2.344918304047025615e+00
2.176858540077539761e+00
2.417350115311058811e+00
2.308587565280682430e+00
2.267003115234565325e+00
2.122606100868183354e+00
2.207596073805880632e+00
2.233056753516412307e+00
2.323890950824163415e+00
2.195132816268565712e+00
2.021401700593634665e+00
2.583497544991652628e+00
2.541668361501859152e+00
2.246792435600728943e+00
2.104819352445320035e+00
2.320609982078404077e+00
2.031252913448681419e+00
2.248402335226113546e+00
2.207263061118511782e+00
2.320031746488100843e+00
2.180441199363861937e+00
2.345066437514457203e+00
2.687851151939178784e+00
2.119679880437186359e+00
2.463384453341341818e+00
2.415174495327595761e+00
2.292636353072702526e+00
2.266418035730364267e+00
2.209728988964104968e+00
2.211424660952104659e+00
2.295733954889876749e+00
2.465933089930926414e+00
2.237055302288846637e+00
2.190138802034884424e+00
2.420815333925329327e+00
2.300827163496971028e+00
2.451177485604167927e+00
2.148404403748177316e+00
2.435445064695794137e+00
2.013860164510566264e+00
2.334870217077606558e+00
2.366513581946517508e+00
2.340052908864725278e+00
2.388488614619594941e+00
2.257033209938616114e+00
2.269594349939385136e+00
2.208892215899510791e+00
1.941516926422069744e+00
2.406233037771066119e+00
2.230082473381775454e+00
2.133048253517695336e+00
2.138209376549016216e+00
2.332677826893975848e+00
2.301611536565884020e+00
2.185040648352457371e+00
2.542105022612286547e+00
2.557894010369831328e+00
2.223927017073714651e+00
2.298130061979861694e+00
2.029409981717100742e+00
2.168061957082202174e+00
2.317481547668235109e+00
2.197506133825878560e+00
2.405173753652484425e+00
2.479754421938776598e+00
2.324495134911079841e+00
2.342922647817114346e+00
2.376895670662520388e+00
2.470575351773791617e+00
2.577234145197254023e+00
2.141655135028031065e+00
2.271322379402471281e+00
2.246433622039822886e+00
2.256580575301478930e+00
2.391923024217145421e+00
2.041351898139883492e+00
2.152556912814847401e+00
2.124044916842523278e+00
2.504234629571665760e+00
2.609341605490421490e+00
2.124230188504498962e+00
2.347762690752079884e+00
2.283149406622809963e+00
2.467783862798848205e+00
2.330565638119015404e+00
2.324167098097464912e+00
2.150973232901946641e+00
2.177287079982083373e+00
2.223919289727731119e+00
2.076753887325665904e+00
2.261739229373887383e+00
2.359428879810850255e+00
2.186001504179452937e+00
2.037678091263297464e+00
2.308133560810297524e+00
2.074512425618951106e+00
2.280315392085757953e+00
2.286634189527610328e+00
2.282576171948634158e+00
2.004214234845933529e+00
2.025444063037016740e+00
2.241228902671630774e+00
2.468536745847829561e+00
2.148376321130267552e+00
2.049763587139721732e+00
2.408592691240071471e+00
2.067677100233279219e+00
2.336161431967147539e+00
2.247754649145606187e+00
2.560539305502046670e+00
2.245989928611058506e+00
2.323080711175800062e+00
1.933328217430248408e+00
2.721138205352559680e+00
2.338898406780912431e+00
2.016341192235871382e+00
2.070220935343169533e+00
2.560958588772133560e+00
2.258023308599708567e+00
2.613963965922954102e+00
2.347490898694768902e+00
2.066519923253585134e+00
2.445921901675014443e+00
2.074407055821975820e+00
2.221773075458935764e+00
2.291837806423286938e+00
2.237327133400752288e+00
2.173132411363104755e+00
2.024205318397491293e+00
2.118261688082426097e+00
2.498294842305754049e+00
2.312337665936136766e+00
2.291591332423804417e+00
2.380395595063522496e+00
2.346586242160709990e+00
2.208087125264957873e+00
2.342480820908107830e+00
2.271517731856899314e+00
2.335170864013799363e+00
1.995610792242457299e+00
2.268776468551812364e+00
2.377822500666515015e+00
2.395781144770460003e+00
2.397331796208573618e+00
2.403131302991686979e+00
2.045549432148423108e+00
2.226137458687912130e+00
2.194777689362890527e+00
2.117228704849885013e+00
2.245948399244010574e+00
2.241856128611718901e+00
2.214211288597270233e+00
2.589598536606808832e+00
2.257595479473408773e+00
2.292987222648968260e+00
1.943140974711951019e+00
2.241207354012705544e+00
2.427886152519320273e+00
2.385000608845835757e+00
2.490270583088077583e+00
2.171693727970646748e+00
2.127897484810174600e+00
2.361283239774645715e+00
2.244828994106158326e+00
2.340352179327400250e+00
2.067573712402139385e+00
2.621720279152983668e+00
2.329985391916255644e+00
2.418744051800292727e+00
2.232320167173581726e+00
2.246080749713687652e+00
2.537093264493696765e+00
2.033182511695730721e+00
2.270314225080857895e+00
2.181970280181444455e+00
2.392826188045172220e+00
2.299918749759755077e+00
2.329424119230286028e+00
2.728263165079297004e+00
2.115978251573566560e+00
2.164809809963073484e+00
2.117364856201358059e+00
2.449411550990948871e+00
2.338988670190022656e+00
2.203074561709773782e+00
2.237619836930880624e+00
2.433844419781201474e+00
2.222603662123013635e+00
2.238059482990266247e+00
2.226343513982863342e+00
2.186517152817637921e+00
2.211241576505209139e+00
2.067170711838000940e+00
2.470114086533045761e+00
2.106796904307759011e+00
2.089597667491912780e+00
2.448043795263178612e+00
2.062267161092016909e+00
2.346721698124759836e+00
2.291010852740534176e+00
2.178082414717326554e+00
2.367394411372727436e+00
2.194302929633959565e+00
2.172077577971422535e+00
2.217630933774932700e+00
2.302649731416889001e+00
2.005130458911759561e+00
2.348708050073030407e+00
2.447708820601640411e+00
2.155969936447101887e+00
2.592171588739946575e+00
2.578923542323995566e+00
2.143433907487773293e+00
2.308730341971334088e+00
2.173009956771918549e+00
2.402744316210639219e+00
2.160273683426400471e+00
2.181891044336543573e+00
2.272680647505278984e+00
2.129345182195766739e+00
1.888623748842781058e+00
2.404924921884771472e+00
2.411746623042010818e+00
2.353624319692065647e+00
2.223197343457644415e+00
2.308010313437780958e+00
1.984115406543139226e+00
2.324991959482915149e+00
2.214276323098665955e+00
2.077859874983595034e+00
2.268347382290866854e+00
2.351843186858689982e+00
2.536614234114648259e+00
2.362168541539217514e+00
2.502092118422597267e+00
2.427875454249266429e+00
2.076318931434901316e+00
2.013676211396815852e+00
2.229191574638265116e+00
2.121326682222933080e+00
2.369937670165415344e+00
2.251345088538864392e+00
2.315135979714424419e+00
2.242358993495771724e+00
2.378735976728460599e+00
2.356327496213634465e+00
2.267239924441158294e+00
2.133666469520877573e+00
2.259751053229408058e+00
2.296882143721435732e+00
2.177929456697717203e+00
2.273634922473936726e+00
2.186617352530257907e+00
1.922362227266864787e+00
2.497990192653368968e+00
2.224617024298504830e+00
1.953964843220816539e+00
2.220605696013567165e+00
2.219142893924130000e+00
2.134021911625811896e+00
2.091825505618540415e+00
2.109473294095661977e+00
2.443816739283803496e+00
2.507679037817005518e+00
2.277764476360731649e+00
2.253508793419642053e+00
2.247551333017574038e+00
2.570290525595552378e+00
1.978506401860220754e+00
2.468652323245029923e+00
2.219360145136473950e+00
2.155104300618751800e+00
2.262549647690542454e+00
2.108182626265674653e+00
2.182553374090930642e+00
2.473444606150365654e+00
2.067905287937093384e+00
2.217952103706211986e+00
2.455744506613101841e+00
2.096261570466519064e+00
2.225692751029161087e+00
2.374537436468913132e+00
2.586798203051738909e+00
1.962588329832160028e+00
2.200644189814488616e+00
2.085139960537436998e+00
2.215558008258659672e+00
2.682349893065476110e+00
1.960388380055743784e+00
2.336899493158128394e+00
2.160762862819723740e+00
2.128424552994865770e+00
2.130778985047922180e+00
2.369921716845178494e+00
2.466663781782648890e+00
2.402087798418932163e+00
2.002685138399811215e+00
2.443672801459221056e+00
2.388480895058069819e+00
2.418638769417779333e+00
2.155457803296906949e+00
2.063548135065185196e+00
2.175234457681801459e+00
2.356508572316441619e+00
2.257596075747203113e+00
2.080034179839756803e+00
2.335084370009674615e+00
2.189592007449608246e+00
2.283250239435609785e+00
2.148836217611715949e+00
2.404227960353618965e+00
2.100282562949931986e+00
2.134859955529625708e+00
2.648381059839123974e+00
2.147164620161190474e+00
2.263227956752743797e+00
2.237318873756437121e+00
2.367502385353158267e+00
2.193359957166235219e+00
2.482117212079227198e+00
2.395052948526985581e+00
2.272672358136105242e+00
2.311372275820620548e+00
1.975330411944193676e+00
2.031045859334120962e+00
2.176757142253148647e+00
2.371298653965090431e+00
1.985924402319428905e+00
2.340268053735294007e+00
2.288285151606551882e+00
2.268006967652471229e+00
2.708744489179014892e+00
2.225193358892572526e+00
2.316247613568928720e+00
2.342703020088623411e+00
2.330709073114663354e+00
2.145680093336628236e+00
2.205766858299059052e+00
2.691656758563947704e+00
2.382912230848312607e+00
2.316232492692726463e+00
2.327628369365140060e+00
2.138065734921860361e+00
2.484597930258416909e+00
2.410782028907926478e+00
2.265643418635840067e+00
2.281351053784933747e+00
2.361848038767109692e+00
2.387186838851832249e+00
2.407013434549557740e+00
2.332033601988368510e+00
2.099124137180761629e+00
1.950487321501240157e+00
2.215932317130767437e+00
2.070553769022377644e+00
2.368591224254811056e+00
2.152413011923084429e+00
2.335567185868693940e+00
2.187481782815471121e+00
2.215884162790588530e+00
2.173402691776813889e+00
2.094402999671312049e+00
2.388951857607070295e+00
2.179189658795931628e+00
2.058522444754707692e+00
1.935172187579138114e+00
2.527084626989740013e+00
2.243259464926718127e+00
2.145611382481419582e+00
2.028514443403375278e+00
2.559750786370352138e+00
2.036827526875320427e+00
2.296162830794171050e+00
2.331509529423738236e+00
1.985738923448794768e+00
2.193364465755989201e+00
2.631589400515300881e+00
2.147254840869210035e+00
2.354460469297903646e+00
2.178109801039462834e+00
2.058015268369962847e+00
2.084472586334623845e+00
2.539590033022341764e+00
2.179523779464787037e+00
2.526059068446004918e+00
2.480932000429461493e+00
1.964030087415764125e+00
2.312956224376686798e+00
2.387909611482423866e+00
2.296295291435149988e+00
2.214277440500391325e+00
1.957683022433832409e+00
2.160898885562812399e+00
2.635163623152510848e+00
2.342757415320298797e+00
2.135811735076365458e+00
2.086056197105979670e+00
2.292519340419594709e+00
2.460071378267926878e+00
2.113397101665682953e+00
2.252187717216685758e+00
2.075663769283582649e+00
2.082417939335586166e+00
2.301853627349823572e+00
2.436226348116226958e+00
2.190489403397875900e+00
2.380101394323396402e+00
2.349218407768274286e+00
2.277280703955580687e+00
2.354982705596219805e+00
2.075708163001881879e+00
2.071224224255749924e+00
2.348068062875594109e+00
2.317142739819179287e+00
1.888040247160005958e+00
2.271249044449941135e+00
2.249470838538166095e+00
1.928556901804021173e+00
2.598457442672888806e+00
2.294138428052906242e+00
2.159344876218165954e+00
2.317113513703505934e+00
1.957135949053899093e+00
1.934873141866772395e+00
2.121843139911705922e+00
2.224003181439426324e+00
2.286766098060271091e+00
2.210121529034067223e+00
2.300389530658232928e+00
2.273988157145842237e+00
2.161129470836498534e+00
2.084819975883116960e+00
2.547118935426220698e+00
2.212466730727079778e+00
2.473722463325817245e+00
2.417122434415628796e+00
2.183276862169231780e+00
2.478224199415062667e+00
2.374676613181184504e+00
2.104991078363387391e+00
2.412025098404129597e+00
2.183487501610132053e+00
2.219352770451520129e+00
2.381576136524442333e+00
2.254727359210420001e+00
2.201559767071762153e+00
2.426610955024547156e+00
2.231063930963254727e+00
2.284751239585616212e+00
2.249942645599324553e+00
2.202412207830532598e+00
2.082684958496004324e+00
2.251831547124032440e+00
2.245620090206264852e+00
2.244989387415030624e+00
2.415096004996284851e+00
2.241113856027109996e+00
2.336852143345669042e+00
2.184916838224750801e+00
2.008637993359163154e+00
2.342276560683124842e+00
2.242515898559129361e+00
1.928063387015008123e+00
2.178045475334408732e+00
2.132132700147729931e+00
2.253841797605582453e+00
2.111474006334948861e+00
2.330040536118729300e+00
2.569067203265362309e+00
2.333148565076219594e+00
2.413151567969747280e+00
2.135236491049586238e+00
2.401174679838584680e+00
2.294098305122132420e+00
2.666746559150437790e+00
2.306800807622757077e+00
2.219221047443439954e+00
2.500607617586607212e+00
2.487137059135589912e+00
2.355880008543107973e+00
2.344183866945027450e+00
2.125448452896470108e+00
2.259714221184070837e+00
2.401059755296969023e+00
1.928373329207433651e+00
2.449772654128707927e+00
2.235352989958935055e+00
2.069484106531282563e+00
2.330211115930226118e+00
2.457097985871365520e+00
2.503917981455612729e+00
2.255808835685079838e+00
2.200781764144366548e+00
2.154328426544636521e+00
2.313249532797498453e+00
2.544963479587531108e+00
2.302114264550671141e+00
2.134074869119809925e+00
2.450103120409343749e+00
2.231145182150502393e+00
2.498467428337839635e+00
2.102704895494372117e+00
2.343117204436798495e+00
2.163930251434007968e+00
2.417195403148303168e+00
2.471328718810578806e+00
2.250320248676457968e+00
2.265480397364067588e+00
2.323046766062345725e+00
2.318819054676206193e+00
2.196204246325758724e+00
2.212737260139064244e+00
2.414271735963823051e+00
2.103353353322074959e+00
2.135382700968258440e+00
2.306405845058993265e+00
2.246710294756956827e+00
2.109296397329361472e+00
2.241331142794207754e+00
2.272954670995145143e+00
2.438974485692478655e+00
2.671487047017391703e+00
2.206943596700916999e+00
2.079113854966594399e+00
2.113046248697780349e+00
2.387042143589457321e+00
2.553514339852792414e+00
2.340394454346172548e+00
2.143125327821576942e+00
2.521796695239718389e+00
2.353998357207999437e+00
2.167053087476264128e+00
2.693137776681738593e+00
2.347058826956109456e+00
2.170205376658485896e+00
2.159134389708756263e+00
2.389332465963166285e+00
2.266795547299050639e+00
2.269998435128294911e+00
2.301648217814768138e+00
2.197166386025850571e+00
2.371948932306565005e+00
2.478944172664485190e+00
2.519082168529908294e+00
2.380122264721424408e+00
2.541342179397490852e+00
2.185389402133083969e+00
2.114509152493006638e+00
2.423711510532932323e+00
2.223518171369337271e+00
2.329045755810457585e+00
2.267199933102389764e+00
2.119460778796322220e+00
2.420642036552431708e+00
2.385139753635069582e+00
2.431714100657559996e+00
2.230481564893605828e+00
2.344936274088726957e+00
2.038807426161562297e+00
2.432768345001351751e+00
2.138785021915851292e+00
2.295462896770847028e+00
2.394041577430296996e+00
2.366065082646060969e+00
2.336341783506493908e+00
2.408964626152079180e+00
2.346710287463734890e+00
2.292747632836288130e+00
2.061856873268505641e+00
2.172957069079167969e+00
2.233574513791295235e+00
2.079540718650585873e+00
2.480341327133235740e+00
2.209758678906373230e+00
2.224218286837694514e+00
2.656495112595392616e+00
2.319075049379681897e+00
2.286293222584135698e+00
2.362616412914342767e+00
2.151486146136627031e+00
2.165950982456696483e+00
2.373382664828481481e+00
2.426459068314060552e+00
2.233970388318998523e+00
2.365327714115953661e+00
2.398804213301448662e+00
2.707431725746874740e+00
2.329897309831044261e+00
2.101218654735423463e+00
2.308529034739108976e+00
2.346765891818547445e+00
2.559163833492181794e+00
2.192817738580303821e+00
2.480145419561151421e+00
2.216261529931992325e+00
2.310932041931147651e+00
2.255105711746614450e+00
2.263873789276508397e+00
2.270461871773946871e+00
2.379234988618257773e+00
2.043319286883583441e+00
2.364112779431456257e+00
2.050901266500223752e+00
2.090769919616588979e+00
2.208634915987403691e+00
2.237378929515656978e+00
2.074261541911502693e+00
2.242520022665503543e+00
2.243809125237198110e+00
2.375367549613175644e+00
2.285191734218945392e+00
2.182141002229609938e+00
2.271120115457943012e+00
2.457258867979031258e+00
2.356591873590110353e+00
2.075593882705449200e+00
2.350970585693120007e+00
2.351237952867312853e+00
2.358160945900884098e+00
2.116039792119646101e+00
2.670844306226758391e+00
2.216194849885342322e+00
2.267617829312075006e+00
2.080242575443709718e+00
2.310602908639777464e+00
2.400189100525091490e+00
2.272597219569275406e+00
2.591861789515891523e+00
2.316377207689271245e+00
2.375556266630969304e+00
2.028862898814003835e+00
2.474922638590557611e+00
2.200732236169895106e+00
2.334149363292419288e+00
2.380280188125853513e+00
2.110499847251089633e+00
2.317080140696159418e+00
2.199467752081524896e+00
2.564929884774846514e+00
2.462327753025085109e+00
2.048524511551657934e+00
2.308781710172669310e+00
1.999730584257171095e+00
2.573918700623686551e+00
1.993506883875954205e+00
2.257472110952427169e+00
2.269305177068204671e+00
2.084410646535640677e+00
2.526660859916898261e+00
2.232552680984589699e+00
2.308200408972416628e+00
2.172174357716619042e+00
2.446346220547531924e+00
2.144055439098177196e+00
1.894785702982203279e+00
2.081624553967651448e+00
2.401059278753451043e+00
2.271714957479203711e+00
2.147929816746337206e+00
2.186339238416878494e+00
2.338619060694828722e+00
2.344229550766040227e+00
1.959776689100854785e+00
2.328582391263082751e+00
2.420085441660564829e+00
2.175770846661123858e+00
2.309580905073115531e+00
2.206641706151700077e+00
2.245773701540390022e+00
2.037030376569575640e+00
2.030853627721983745e+00
2.268956081174311468e+00
2.482308332463071032e+00
2.075558370242030382e+00
2.164761509548861262e+00
2.220468871095463648e+00
2.184299003004253059e+00
2.505821204953054160e+00
2.361627204024125071e+00
2.421733659470022726e+00
2.025054859022993536e+00
2.129426710976083825e+00
2.381847254498691946e+00
2.377832117968807335e+00
2.426575800019518336e+00
2.232981108731983522e+00
2.552155335455395857e+00
2.015731470646438872e+00
2.315792835435610542e+00
2.381537896274181776e+00
2.057586604350592818e+00
2.244398588149970397e+00
2.205488811009332917e+00
2.307754213250526210e+00
2.588100865848579346e+00
2.287238227548215708e+00
2.619271862798841610e+00
2.232843566834947335e+00
2.178794177700894341e+00
2.070100758205449143e+00
2.140695999249712766e+00
2.356571234370054668e+00
2.282964072235823316e+00
2.370672998315579427e+00
2.082533379628552783e+00
2.439228477848491838e+00
2.202099701045043822e+00
2.322081195493297834e+00
2.366468758605346334e+00
2.636284740914089930e+00
2.056192602466456965e+00
2.249235288224479046e+00
2.289229957986412156e+00
2.116575071619524184e+00
2.206778343980039025e+00
2.199199303514499881e+00
2.238990915367765400e+00
2.640847526095936537e+00
1.890720795909706764e+00
2.470397296320562930e+00
2.461775717079221160e+00
2.353448543401726045e+00
2.225278464693217551e+00
2.389766495109954647e+00
2.027224283301833463e+00
2.192723823368553759e+00
2.368871272789289772e+00
2.445807579179382074e+00
2.388402205389952737e+00
2.274094156127101307e+00
2.298360436277670171e+00
1.961995168688888569e+00
2.286561840443715798e+00
2.351034412743767454e+00
2.198253373374654540e+00
2.592331286681771374e+00
2.253616001072987540e+00
2.167686502107097457e+00
2.337205974161180144e+00
2.250838790580489412e+00
2.361404293848731406e+00
2.255008112013213495e+00
2.176681063152264173e+00
2.508473959294664990e+00
2.106450957174900385e+00
2.408534115375655649e+00
2.168300966449300482e+00
2.325098410265671767e+00
2.322534380768702000e+00
2.370846968918041586e+00
1.949571376684041457e+00
2.499761047845470152e+00
2.243126883616106682e+00
2.282676580880296680e+00
2.451003856303310080e+00
2.262458236968955649e+00
2.366889585943076302e+00
2.108427618638350598e+00
2.142317989339487028e+00
2.807325235703242328e+00
2.137333136349647944e+00
2.230862949684860208e+00
2.161026442586524432e+00
2.342026564309615200e+00
2.523298054423130043e+00
2.242806539714845115e+00
2.289875875198707611e+00
2.173333594631327248e+00
2.401640270448945902e+00
2.296540593219898785e+00
2.334551273754880363e+00
2.359053585082662163e+00
2.311696476475748607e+00
2.510698718388378214e+00
2.499281907420467519e+00
2.405657369644561783e+00
2.114334943261999111e+00
2.464207880213675317e+00
2.244773765240351882e+00
2.372581988216116322e+00
2.247896787766333393e+00
2.172526247178641068e+00
2.172083591034909666e+00
2.208236316888771533e+00
1.984998301043916946e+00
2.597181578609960795e+00
2.520815924519286710e+00
2.416733609716755105e+00
2.272151791198391724e+00
2.368741297534204815e+00
2.145366374201522763e+00
2.382324177419775868e+00
2.444310248247640871e+00
2.049808113764441941e+00
2.299076827879697582e+00
2.247046720748822057e+00
2.558808506356367474e+00
2.558855007626177347e+00
2.276361703374200740e+00
2.286204148384951118e+00
2.283541470635801041e+00
1.985632214924153205e+00
2.472471458232504915e+00
2.292987989934816451e+00
2.091026463731095575e+00
2.296027548537640239e+00
2.440477502250976816e+00
2.238784263836147925e+00
2.676845057549708695e+00
2.251075030191389104e+00
2.105911250660479794e+00
2.140442332915813317e+00
2.431119840699031087e+00
2.344970373079307890e+00
2.269811067781529079e+00
2.230914499098968662e+00
2.074393649715558396e+00
2.369519547560873018e+00
2.341034733244720556e+00
2.097287404829739188e+00
2.316748584410261103e+00
2.174680624243960025e+00
2.506620096474827086e+00
2.336086918255852130e+00
2.070117791086255377e+00
2.434632785561964941e+00
2.495750180488415904e+00
2.447483693363513790e+00
2.080945573451010944e+00
2.510213111797183760e+00
2.268931603665762520e+00
2.113475586591208266e+00
2.295527253079828078e+00
2.297978416000683755e+00
2.556783599952384467e+00
2.222226909941959150e+00
2.179640030724171229e+00
2.513617137489286169e+00
2.721469162218208560e+00
2.327362620755762279e+00
2.298310535794575227e+00
2.143093777240409281e+00
1.874832653146235151e+00
2.074324707868390849e+00
2.029973806072282283e+00
2.140377635102274301e+00
2.262099627183487893e+00
2.256377961604253191e+00
2.314443725125646445e+00
2.245450933441309971e+00
2.531279685146640812e+00
1.987008096961560444e+00
2.375679085410669078e+00
2.039723046358678182e+00
2.324941095791792645e+00
2.378345478827707637e+00
2.461609354056313315e+00
2.113380275509531003e+00
2.023991383358253682e+00
2.362560330011307830e+00
2.148167082902415093e+00
2.328626329948440432e+00
2.305094071393807731e+00
2.371800925198352505e+00
2.161471673948892391e+00
2.469018697004637719e+00
2.209019840492847830e+00
2.481283928815128714e+00
2.322771596257486859e+00
2.437548614475097963e+00
2.183218280643923759e+00
2.219476194102333988e+00
2.313666307320384696e+00
2.250850151871812255e+00
2.391132663046258156e+00
2.128114404006411942e+00
2.273650164697497367e+00
2.383741561325239733e+00
2.396729019788466974e+00
2.157496652493550382e+00
2.314012902529706928e+00
2.379701792427220131e+00
2.219175848972030352e+00
2.280505793238412515e+00
2.412028120195530700e+00
2.366879995485243082e+00
2.126154241434495606e+00
2.275599796698318134e+00
2.201331052187371906e+00
2.152414628163891841e+00
2.378600001896773009e+00
2.009005948624730475e+00
2.078327827565059849e+00
2.076775103339274064e+00
2.513907476886044101e+00
2.225483634993721704e+00
2.190447047861013186e+00
2.333908120815897380e+00
2.180715346410031508e+00
2.287327902472083618e+00
2.051154980259305649e+00
2.607194397347341486e+00
2.299025051429488098e+00
2.451041780530071268e+00
2.235202541859280689e+00
2.188594867658350207e+00
2.030209491656946419e+00
2.161870370996927804e+00
2.398506300232453370e+00
2.140722465922952011e+00
2.363240040766408701e+00
2.247553974464974846e+00
2.349886969530493808e+00
2.219375230867205229e+00
2.115166830473277582e+00
2.174312551583845732e+00
2.658821169881496083e+00
2.159873769681133648e+00
2.291086482348068110e+00
2.279958653165580440e+00
2.307763883258595161e+00
2.108628394902003933e+00
2.279695681052698042e+00
2.149568424093404317e+00
2.280736022113059036e+00
2.466038281766568474e+00
2.226211611740073426e+00
2.385978941001653642e+00
2.338217417054576419e+00
2.324479806244663216e+00
2.423679712772648376e+00
2.396497145782438221e+00
2.329371757714526758e+00
2.349819108396589584e+00
2.186430558294143456e+00
2.157748685020719481e+00
2.194524881806561911e+00
2.158219960144890148e+00
2.542794115954943202e+00
2.259325871718961043e+00
2.217316257056483497e+00
2.227154696479317408e+00
2.318184318895854634e+00
2.221905973949212409e+00
1.948932156377624070e+00
2.070802504050897941e+00
2.315159752007463378e+00
2.453070644108153342e+00
2.227323646888977660e+00
2.468108961655801625e+00
2.146346312370620790e+00
2.571489393426153125e+00
2.309265918306016463e+00
2.016677476484266762e+00
2.083407848464676526e+00
2.416008331723640712e+00
2.463017893917470502e+00
2.101695622158012977e+00
2.174633344616253350e+00
2.130557033276650358e+00
2.209655746123923681e+00
2.247120779973678761e+00
2.363920110966067689e+00
2.047917384068719926e+00
2.202763115371000335e+00
2.311561829612617469e+00
2.240991130421787769e+00
2.402351021599484326e+00
2.285014430874337865e+00
2.479449747707139995e+00
2.155921604793197055e+00
2.463420550916831431e+00
2.114976800223278275e+00
2.409221553964478790e+00
2.414558431122795668e+00
2.245284047627428503e+00
2.190716719294949932e+00
2.529621357801460579e+00
2.306793902622370940e+00
2.103898830818544230e+00
2.448206765535402063e+00
2.225659490702634358e+00
1.983181223791941949e+00
2.125993617208403297e+00
2.531996111598566301e+00
2.125656687520636634e+00
2.406573223162045583e+00
2.454524108864587273e+00
2.392063964032745460e+00
2.374180626324106314e+00
2.174659090557281349e+00
2.332271742952902738e+00
2.140990341631825444e+00
2.169066296964317964e+00
2.526736696860177211e+00
2.136563872065183833e+00
2.323816872169206960e+00
2.266487704084970467e+00
2.359458337088148561e+00
2.232355831135960589e+00
2.415706311664227446e+00
2.522096578552388113e+00
2.189186926359306895e+00
2.259507880673291336e+00
2.511257843466289774e+00
2.260955323226226277e+00
2.145512971946593517e+00
2.176193146322298766e+00
2.519415763778784179e+00
2.325175369149589777e+00
2.449223867526932885e+00
2.092123366955845665e+00
2.402241742300005534e+00
2.294642641310693953e+00
2.405478237061417612e+00
2.383124260803537897e+00
2.645849589153984383e+00
2.627731929185768589e+00
2.125702832822870647e+00
2.029095524544940687e+00
2.132685886814906784e+00
2.205350866621383688e+00
2.309836628738593856e+00
2.116995856470970772e+00
2.212271780060971693e+00
2.536670840333237198e+00
2.257131098500715360e+00
2.454122140812735164e+00
2.076989510846019016e+00
2.242637271019828127e+00
2.261692131114731108e+00
2.376578366541910459e+00
2.074622432467329247e+00
2.363438059321609774e+00
2.401532252154334302e+00
2.527285875771204449e+00
2.342740829229789323e+00
2.238657585364349334e+00
2.335565658224518337e+00
2.481728636368286445e+00
2.072796908884773082e+00
2.319641038489047791e+00
2.110953100005924732e+00
2.082735779870006354e+00
2.570697420703687452e+00
2.102278866098678645e+00
2.303020732511259272e+00
2.484357657402149755e+00
2.443831009298486734e+00
2.516583747812011662e+00
2.285006976638573217e+00
2.427368282859812432e+00
2.259540775938607027e+00
2.006821576100953131e+00
2.218646637479205985e+00
2.185948301906523561e+00
2.472066667029269915e+00
2.263564022571380008e+00
2.527261359556783216e+00
2.053037636220585327e+00
2.439369793181005441e+00
2.432021786131166596e+00
2.333083321227868545e+00
2.360446406981953071e+00
2.088043227335571128e+00
2.080354424522132373e+00
2.405836681514051723e+00
2.073276665188753753e+00
2.300267666531209176e+00
2.094512111105247154e+00
2.209457347657083570e+00
2.330824886236097182e+00
2.433818937776300650e+00
2.139247988490623698e+00
2.110216091187105292e+00
2.223994474477327898e+00
2.282556380833530518e+00
2.327993016601328513e+00
2.399206097871743992e+00
2.622412364817756192e+00
2.297327157506291684e+00
2.320454755958528459e+00
2.251736236149589399e+00
2.024100785979775274e+00
2.121322915041971235e+00
2.248450020886770595e+00
1.936450076193545478e+00
2.513987775402377611e+00
2.164658730406422649e+00
2.361524261548377801e+00
2.137208918787735890e+00
2.072873930486863081e+00
2.207895967497676359e+00
2.352516654768994631e+00
2.174462684670256163e+00
2.147123361257190499e+00
2.416417482579959142e+00
2.295243814431904728e+00
2.127629340670055491e+00
2.414294391851894872e+00
2.322939241748701811e+00
2.280462569463248990e+00
2.358210350193794103e+00
2.149455122906255955e+00
2.495475732280283854e+00
2.297394795215899510e+00
2.333699457703964253e+00
2.300478338797978584e+00
2.513252981426700394e+00
2.260743368992253810e+00
2.102090405363284287e+00
2.322630923428047112e+00
2.166838746583363395e+00
2.256230520553605068e+00
2.260998206275927735e+00
2.107090988041827817e+00
1.992889723224091858e+00
2.162201326133754264e+00
2.482277482920035361e+00
2.085598735410753690e+00
2.165783718491503862e+00
2.462094107423935085e+00
2.050853131761629200e+00
2.427737791016972846e+00
2.207771321768579487e+00
2.386255575197409939e+00
2.103721478435802705e+00
2.295675838085235565e+00
2.212181658110490279e+00
2.256362583505393982e+00
2.509472498943701169e+00
2.009105523582836117e+00
2.200281145100162927e+00
2.021245193989600342e+00
2.372579494253963084e+00
2.377523478940688939e+00
2.174523598412992254e+00
2.172662842176032783e+00
2.056870649312548149e+00
2.229572125644228020e+00
2.183761914960566486e+00
2.497348878271721251e+00
2.135664473588137824e+00
2.229057401728339549e+00
2.227621931129578403e+00
2.168949601188025156e+00
2.700805652477333396e+00
2.229121953495630137e+00
2.357826834729635834e+00
2.178985940880011185e+00
2.256731558220682388e+00
2.169441450541996552e+00
2.290079717194211550e+00
2.484272748606217274e+00
2.433632144960335975e+00
2.302542114741671586e+00
2.079693387381866820e+00
2.365527469186746945e+00
2.212049141819787845e+00
2.522351149050350294e+00
1.968790229098572375e+00
2.139377423445874005e+00
2.163865216982843620e+00
2.560265917525825330e+00
2.096280045380361390e+00
2.215938418126153664e+00
2.397450809262445581e+00
2.324694764289693349e+00
2.128728295510025070e+00
2.121205155960588673e+00
2.090862181920921881e+00
2.179523903477663449e+00
2.362156229694627019e+00
1.979593752767452308e+00
2.509083519283674235e+00
2.292668502486453708e+00
2.275359828195916201e+00
2.177431966069544700e+00
2.364158269469553986e+00
2.452377695571122729e+00
2.185006645677828985e+00
2.051570249183183758e+00
2.154589237324621820e+00
2.233970781904289993e+00
2.294119394673300061e+00
2.034132906327521972e+00
2.214525257325890006e+00
2.296655322818490941e+00
2.430111803048851105e+00
2.339390434517098161e+00
2.455108024592457028e+00
2.316768876003617361e+00
2.335718739819188539e+00
2.374303347286969679e+00
1.976811670302788038e+00
2.184262310998162260e+00
2.308446840119067200e+00
2.307089155114733892e+00
2.288393641907418452e+00
2.112875702077979145e+00
2.620069393365974886e+00
2.144122988771946847e+00
2.258237091362816695e+00
2.198182000115006751e+00
2.280323374887482490e+00
2.443587841051458209e+00
2.358161695481575837e+00
2.286448459512835818e+00
2.455088270615064516e+00
2.325216219904685300e+00
2.378725976169340672e+00
2.524519282856985569e+00
2.082324283476210791e+00
2.034320888398605920e+00
2.248355924150487350e+00
1.973008100880506266e+00
2.092507038503472749e+00
2.326652386746661083e+00
2.356273484017545883e+00
2.129996559854159699e+00
2.593003995153396524e+00
2.415756135928626147e+00
2.387310471013997848e+00
1.984269263074412981e+00
2.189365623246441128e+00
2.035915080933861976e+00
2.160059040592315238e+00
2.304005606521486893e+00
2.239230818871175810e+00
2.494178065665079824e+00
2.149378369121375254e+00
2.243022616545250258e+00
2.220990708754929432e+00
1.995506920441358689e+00
2.542039610336779276e+00
2.450691515448516267e+00
2.351641067226618809e+00
2.048257770706081615e+00
2.289934816913707039e+00
2.492111289438511790e+00
2.470822795981727271e+00
2.496528554078329076e+00
2.130169128141516044e+00
2.393780276771419135e+00
2.411206467701002332e+00
2.357799099472357884e+00
2.207538328043557652e+00
2.483204440265417201e+00
2.182226219095825481e+00
2.144291817646196030e+00
2.419486536024303636e+00
2.137612989622251547e+00
2.459410075915215099e+00
2.501988967248639728e+00
2.318847149643326055e+00
2.435533883738693284e+00
2.370781308851220182e+00
2.019989629676099074e+00
2.122502623083975415e+00
2.100053455993207585e+00
2.447982733425236201e+00
2.457604457750583560e+00
2.314860158573043503e+00
1.965582228310029933e+00
2.587919453927409741e+00
2.192063863411620517e+00
2.431535348592941403e+00
2.120986779276191836e+00
2.005817324670065460e+00
2.419214996175065302e+00
2.136742646095371345e+00
2.205063312612369320e+00
2.144346258807880989e+00
2.322099237907997438e+00
2.310893859258253524e+00
2.426378453171285532e+00
2.413076805877376607e+00
2.446119123912369631e+00
2.096305275007263713e+00
2.116848594111863768e+00
2.422788111441321224e+00
2.460021730166614962e+00
2.553861519522675039e+00
2.263061395336756210e+00
2.123348630480024202e+00
2.351642074815118999e+00
2.174620769493319727e+00
2.400289207943235414e+00
2.099419153496745238e+00
2.223537437075833623e+00
2.174740278404629912e+00
2.233627571827625946e+00
2.149347859175338105e+00
2.025840573238346654e+00
2.365630021771881530e+00
2.287268713956272403e+00
2.461297550138338952e+00
2.298611261606080092e+00
2.356454921479864684e+00
2.259634675454906372e+00
2.543181614863311513e+00
2.340965074042292482e+00
2.033816982349737845e+00
2.567255135681360212e+00
2.113469538858518959e+00
2.252064000923776899e+00
2.133163419324884735e+00
2.276586305152250134e+00
2.415087357095163423e+00
2.386782947153492263e+00
2.620597781704547824e+00
2.342486580438221111e+00
2.333111700855231785e+00
2.542214411632048421e+00
2.174776458884883468e+00
2.226230129591212137e+00
2.286831106223997878e+00
2.207650541830441515e+00
2.471713065705645640e+00
2.247092533794764257e+00
2.350248368076857997e+00
2.120348035346595328e+00
2.333376576626955856e+00
2.127340668533536316e+00
2.112554419234880854e+00
2.398804076531971585e+00
2.439026438884424497e+00
2.034621877177153149e+00
2.128968136832718017e+00
2.368273332076148652e+00
2.150183653837718811e+00
2.237203900773944376e+00
2.150056347045759431e+00
2.024028263494874746e+00
2.169796788090172068e+00
2.181101384116962194e+00
2.339881006080434478e+00
2.127299011258226180e+00
2.156411943915088170e+00
2.377367249476108224e+00
2.392467604441566920e+00
2.570777442039063665e+00
2.402551372940954000e+00
2.470654487055855331e+00
1.942927720621740129e+00
2.424662713127437197e+00
2.319789704794419372e+00
2.403767156344624123e+00
2.203433953213036922e+00
2.074128133619584702e+00
2.044097966141637635e+00
2.383542895371436821e+00
2.215637075495044073e+00
2.110370057873484306e+00
2.249849638427041665e+00
2.202163903651803700e+00
2.154396012798797333e+00
2.276109617788199202e+00
2.660463992017098711e+00
2.037763160930024853e+00
2.412773292759917698e+00
2.522098141696318852e+00
2.164223170500863880e+00
2.462648225369870936e+00
2.272502643131350197e+00
2.296933641871286902e+00
2.240518384499621707e+00
2.230167954462883184e+00
2.429781371626840158e+00
2.124877039511239296e+00
2.276024653254280050e+00
2.385552526660065897e+00
1.927086368568754926e+00
2.034287150626287399e+00
2.195510120251283670e+00
2.221224803874363829e+00
2.190286322319143775e+00
2.290831596136634118e+00
2.109587321879686339e+00
2.344877156364215676e+00
2.197898872937900983e+00
2.260734382388989605e+00
2.369631803120065605e+00
2.427423114183628439e+00
2.250658777786233244e+00
2.161110978923474146e+00
2.128097038363869764e+00
2.586400341273935144e+00
2.303254093669565794e+00
2.109963328980084984e+00
2.585946241801249990e+00
2.117241312782247142e+00
2.441174927013378237e+00
2.153878620843943104e+00
2.377600390157231569e+00
2.426116307247737858e+00
2.155821338023111711e+00
2.371942283450398037e+00
2.130470427852281468e+00
2.232142920429695643e+00
2.149478304368543924e+00
2.082276346338589601e+00
1.889260900449903025e+00
2.346522288067816930e+00
2.340690227341932328e+00
2.722487771415919688e+00
2.577309552872773413e+00
2.094566815498127621e+00
2.328303703524135848e+00
2.170429228693433910e+00
2.497713545486640818e+00
2.366681780154827219e+00
2.504371214985713578e+00
2.181124126123356710e+00
2.387352148774937177e+00
2.380569862650596225e+00
2.313946416424350616e+00
2.070775075353412209e+00
2.165172785275773393e+00
2.142972512763965831e+00
2.292924325919635908e+00
2.068483185745619402e+00
2.334428893914297642e+00
2.365801339699547423e+00
2.248948389894608102e+00
2.228885384465167707e+00
2.082653299251184364e+00
2.585081194247987213e+00
2.251761367775176215e+00
2.185133693887137962e+00
2.337380153412642159e+00
2.143649892171052951e+00
2.395270807257544821e+00
2.162282643556893813e+00
2.181645096814504026e+00
1.925960622675406020e+00
2.674743985143811287e+00
2.266358576578087369e+00
2.305395854276810041e+00
2.358004856504794411e+00
2.058161219930915387e+00
2.508426133944947622e+00
2.249636265986606265e+00
2.342768819202901032e+00
2.535576811265212616e+00
2.540840319519313439e+00
2.278779013517939322e+00
2.210987772538425045e+00
2.551236128866879671e+00
2.565366223091668285e+00
2.263142854453882968e+00
2.083543431131199331e+00
2.481650992053234805e+00
2.341878764755996656e+00
2.421222214522947613e+00
2.018947796879960066e+00
2.191839223627914279e+00
2.402064328165633533e+00
2.436230283943552788e+00
2.245876803462959259e+00
2.553772597253036292e+00
2.364850827631958197e+00
2.130491303330142916e+00
2.219084910001370314e+00
2.271032169802708722e+00
2.348250061764315610e+00
2.501479274403629827e+00
1.940937912149598876e+00
2.245331137868392446e+00
2.212779920224869912e+00
2.587974872595055320e+00
2.338687473246438664e+00
2.207909757512825255e+00
2.383904367391322499e+00
2.193077540707585982e+00
2.252537976935869324e+00
2.157067937830819293e+00
2.363292985906173538e+00
2.513200771624643615e+00
2.177369364233361360e+00
2.268067501942292896e+00
2.241303430689369769e+00
2.503435764191607404e+00
2.112182623626021272e+00
2.207141356857790004e+00
2.086357885738322260e+00
2.372509962085890489e+00
2.145634128450247147e+00
2.193997788288325701e+00
2.159260010271778718e+00
2.345009097654153329e+00
2.364947813446495850e+00
2.118259616984873528e+00
2.470334039422856787e+00
2.278023136679205862e+00
2.528055466865738232e+00
2.238808451058307281e+00
2.144995784029793739e+00
2.347283963981453336e+00
2.603479522432269100e+00
2.275974578419637684e+00
2.162660335858025640e+00
2.419077022584453562e+00
2.111508894505766065e+00
2.357156888197693867e+00
2.468818063787819650e+00
2.342895146702861364e+00
2.157967638895918139e+00
2.536725225314589327e+00
2.659821542710637754e+00
2.048450867197491476e+00
2.443010991638832063e+00
2.413583720583167391e+00
2.235032722341808942e+00
2.006985562278980506e+00
2.242282892041091102e+00
2.302087088388321767e+00
2.128623147010448413e+00
2.002576709888954198e+00
2.378323890482059610e+00
1.967975312562699974e+00
2.215273642501330631e+00
2.435787318864986783e+00
2.209158047751098142e+00
2.221778394382889044e+00
2.494589924702947492e+00
2.419305170086167855e+00
2.364655605658271487e+00
2.371021567272193487e+00
2.411390064135657152e+00
1.945079653873247327e+00
2.424970225458456419e+00
2.192672482921154575e+00
2.234395435791428408e+00
2.329935678956193357e+00
2.419267768361016646e+00
2.279938661662082922e+00
2.194581708064823555e+00
2.331198753291469306e+00
2.051233448262309800e+00
2.417963101054686703e+00
2.307125858647636196e+00
2.226810290673530091e+00
2.141346368174149362e+00
2.302626577692601373e+00
2.435590179852074488e+00
2.533078911557782309e+00
2.307369146345571664e+00
2.073062303947039275e+00
2.249623571656127918e+00
2.119505681039882905e+00
2.252575746637962339e+00
2.383002838351526709e+00
2.289819488271724435e+00
2.384124760797567522e+00
2.252585923040585136e+00
2.220922459239068392e+00
2.741931389019407472e+00
2.198984854706969916e+00
2.246892268077007149e+00
2.321956325260875253e+00
2.431162142638359835e+00
2.299653441587024005e+00
1.977253315900028285e+00
2.132964722081967412e+00
2.192522934115554989e+00
2.202717905714079105e+00
2.300861002063216088e+00
2.320129212990013734e+00
2.368164861454914671e+00
2.135653802721829475e+00
2.535370137089594245e+00
2.581425732474640800e+00
2.076645105712719097e+00
2.585476840278459143e+00
2.294005511264390229e+00
2.089758032193672399e+00
1.964556383178496457e+00
2.234511160326452028e+00
2.224429130764139728e+00
2.326056365974171314e+00
2.350852259381374321e+00
2.293062540884648115e+00
2.189861188671724967e+00
2.221478009322272129e+00
2.557181164039173726e+00
1.838199133825400455e+00
2.397086054488829276e+00
2.562301506449710775e+00
2.107735450244717867e+00
2.306642721130964357e+00
2.340252292249360266e+00
2.402202039508674947e+00
2.119194832519308846e+00
1.935865320308938875e+00
2.354317689664481072e+00
2.223241017414802734e+00
2.173213123545314485e+00
2.370572592227301101e+00
2.485806280459212037e+00
2.294803420722372866e+00
2.073961370777006596e+00
2.273868896965052677e+00
2.467402493298167521e+00
2.406871907594218651e+00
2.511490808123340468e+00
2.339667313659025805e+00
2.153185118529839848e+00
2.319878745096269679e+00
2.207597976837151421e+00
2.379421621679765675e+00
2.424902948747710063e+00
2.100197560692187881e+00
2.130295473702482845e+00
2.506110346307961478e+00
2.090560517427291209e+00
2.423906610038278231e+00
2.215069456424920702e+00
2.783314830453712752e+00
1.919635983606196694e+00
2.214463040185232767e+00
2.386503554102162195e+00
2.194029323411264443e+00
2.170873420608528281e+00
2.267587112549770190e+00
2.133837546807492380e+00
2.170366122287934019e+00
2.367378725094187342e+00
2.559376095900044223e+00
2.154202756642941363e+00
2.171094572709908466e+00
2.330661358058474963e+00
2.036514840916047397e+00
2.193173279197629277e+00
2.378975249485268062e+00
2.383217826658190486e+00
2.528093590661137036e+00
2.275169339130498347e+00
2.276505874298505372e+00
2.551435831894111050e+00
2.232867875550939019e+00
2.189907145719890202e+00
2.286105495664209286e+00
2.215000105721119272e+00
2.217376329870712315e+00
2.524299496403383358e+00
2.312527578617562529e+00
2.333735029739597344e+00
2.046642133016154386e+00
2.413819476899378813e+00
2.135920025037062686e+00
2.249240003032444868e+00
2.289330399719504694e+00
2.258125172393435243e+00
2.187932657030339012e+00
2.482070323980146043e+00
2.341445822224313300e+00
2.269200078492009442e+00
2.285700905912483538e+00
2.346316049165850348e+00
2.221377135161354488e+00
2.266559734800852155e+00
2.073054093659868258e+00
2.438382778999311107e+00
2.180780894190588182e+00
2.011801831962041209e+00
2.083787635668929994e+00
2.044701397936029785e+00
2.564849050022464105e+00
2.593014761139981861e+00
2.201957775575496878e+00
2.102882589522338197e+00
2.232537374260846530e+00
2.340357029686012780e+00
2.251892088996894081e+00
2.362415696249460240e+00
2.157862984909391546e+00
2.300825641294062862e+00
2.603618523615348401e+00
2.184674428988593320e+00
2.253982736428326472e+00
2.293163490833286744e+00
2.506943530039998702e+00
2.563780689435485982e+00
2.206427952256123870e+00
2.103052385735993290e+00
2.391078659789339422e+00
2.259386534485697595e+00
2.285860635683324649e+00
2.449294850872422380e+00
2.111183432047790465e+00
2.256808257399792517e+00
2.122731954207636385e+00
2.614013999730674609e+00
2.202830228778505983e+00
2.110691971790962462e+00
2.353254834907338999e+00
2.249561544196764462e+00
2.269198207261225342e+00
2.158647746927463196e+00
2.025259140203383268e+00
2.198996870300353290e+00
2.353981630252148793e+00
2.437623814463056426e+00
2.492041027920097740e+00
2.339920385187763685e+00
2.414820212585687909e+00
2.136893571220163768e+00
2.399591172167997222e+00
2.031593327195387211e+00
2.085721437635846609e+00
2.224043536034182367e+00
2.137075170469687979e+00
1.998629946118555711e+00
2.251671546306643457e+00
2.157963883553229323e+00
2.220228092549721755e+00
2.361857059309873108e+00
2.187478392296370089e+00
2.485899717404124853e+00
2.593390863959668113e+00
2.122321453892650478e+00
2.398829964660937453e+00
2.211622410356903767e+00
2.705798227815169543e+00
2.431978311452231978e+00
2.341207619998251666e+00
2.306676768609311257e+00
2.226860765008185084e+00
2.077462335593214693e+00
2.292829598290538673e+00
2.157271358469246891e+00
2.288428705800864549e+00
2.536019552500594632e+00
2.145357418699067598e+00
2.390331493645911465e+00
2.273805500827632997e+00
2.635916046942178959e+00
2.024181303122272624e+00
2.218917013923457748e+00
2.364120638560020193e+00
2.146517869224444208e+00
2.102520214777113594e+00
2.269618716029697225e+00
2.319749687004837302e+00
2.278954392839239951e+00
2.013308740886862847e+00
2.157095444419893315e+00
2.312704045761473814e+00
2.477551973303266486e+00
2.194107969985872320e+00
2.090366081762530026e+00
2.044183823306012560e+00
2.188188932099573769e+00
2.571155886120558787e+00
2.419323194157509960e+00
2.396006400405142678e+00
2.248609325218664967e+00
2.247717276313875523e+00
2.234383310591930627e+00
2.285833399673021127e+00
2.290294399735829600e+00
2.416555165863648380e+00
2.268826247863319434e+00
2.303631453244800564e+00
2.545934323016965539e+00
2.245100405871615301e+00
2.322894624258656560e+00
2.508352460968404252e+00
2.404824768984878069e+00
2.316977996882275459e+00
1.897172012115305506e+00
2.171141356679456180e+00
2.190971255919433869e+00
2.277278674446935103e+00
2.264651330248224070e+00
2.190495958629658624e+00
2.210995334368420551e+00
2.321041636295004373e+00
2.517501719324815479e+00
2.121221499330002924e+00
2.269645115771284249e+00
2.252386927784256532e+00
2.374342950969174026e+00
2.343032133174375087e+00
2.354774329798037691e+00
2.256147127426148202e+00
2.446298803064494543e+00
2.353751749671959548e+00
2.215785223896792555e+00
2.292682727468989157e+00
2.363019545454882575e+00
2.422058720358550854e+00
2.390420928794487754e+00
2.292185347276071816e+00
2.288780384180026939e+00
2.074039596228222315e+00
2.334136909221553147e+00
2.154979781893653801e+00
2.087101862975996980e+00
2.213125266822373760e+00
2.262742654744131166e+00
2.293841945335689747e+00
2.147618411120258308e+00
2.330692714313315594e+00
2.227730253218454859e+00
2.270185290887159368e+00
2.176150506422512620e+00
2.465554850851722879e+00
2.194500685749760649e+00
2.219828123244588003e+00
2.356967035962072465e+00
1.978505236553522506e+00
2.478647369859345417e+00
2.425710926821569746e+00
2.155820378288509698e+00
2.417561496336522620e+00
2.450110686481858480e+00
2.096482551549072149e+00
2.348158426404337806e+00
2.074924696407491886e+00
2.271004023479323397e+00
2.225598487495593858e+00
2.462928929163553438e+00
2.198412657995172381e+00
2.332366798231086058e+00
2.184176575771649365e+00
2.344489459659992558e+00
2.417332624555654785e+00
2.194268127704353866e+00
2.694678762138051908e+00
2.232811063753169734e+00
2.726339377196619118e+00
2.470635589295281598e+00
2.272965753683389600e+00
2.276290079601511973e+00
2.477030451642293407e+00
2.431221633486663425e+00
2.324100805041433571e+00
2.428168701141544261e+00
2.297023306680996857e+00
2.271567151662813533e+00
2.446787223363296349e+00
2.313199339599511628e+00
2.077479945307959319e+00
1.924176203336661395e+00
2.285605046984879429e+00
2.333601751987719464e+00
2.130686098663590489e+00
2.612812795155916579e+00
2.101112323084347366e+00
2.272314028720940904e+00
2.278760410118109370e+00
2.079432284306267587e+00
2.294840845489674930e+00
2.147748038123764580e+00
2.427603167052128086e+00
2.239069214593051527e+00
2.296959978824820503e+00
2.287982896666974408e+00
2.126113082112973007e+00
2.366538783270450530e+00
2.240432137935671086e+00
2.508723242576019974e+00
2.330825219187801611e+00
2.169960632765364217e+00
2.286670396541238492e+00
2.187290292522291679e+00
2.177645672801590493e+00
1.885266263704427958e+00
2.015675565965239446e+00
2.176962480563898072e+00
2.269817411473008306e+00
2.747595122483232455e+00
2.483958233278017680e+00
2.210894354695271957e+00
2.338230294419436639e+00
2.741569652801897128e+00
2.400232176423051200e+00
2.293542248748634549e+00
2.272048597383284463e+00
2.454724613844200043e+00
2.458539133643552699e+00
2.203930535612625974e+00
2.134305696685418585e+00
2.133956376028224966e+00
1.970081667336546216e+00
2.315772409041367830e+00
2.159503666974063041e+00
2.021938990528340696e+00
2.094846952752702496e+00
2.362972908666914229e+00
2.040051578401743004e+00
2.348897774853903719e+00
2.226712320714341331e+00
2.332021580259080462e+00
2.203373322765147080e+00
1.941268319424154232e+00
2.279358176319607132e+00
2.153702993665994825e+00
2.368116223334462145e+00
2.318184248443682982e+00
2.355928824664456300e+00
2.338625181842343359e+00
2.164961588851126439e+00
2.261693310046130279e+00
2.150535081190520614e+00
2.149169229089388899e+00
2.209437715559125159e+00
2.115024087829839861e+00
2.215137607416616916e+00
2.337740107773711884e+00
2.175097679775340076e+00
1.953724868000950687e+00
2.553554753901344121e+00
2.209881968128518004e+00
2.297052690789573415e+00
2.182217083174494476e+00
2.432342960679974908e+00
2.268039808790151657e+00
2.304571325547152494e+00
2.360054871084244166e+00
2.373502323902988653e+00
2.194257890843210212e+00
2.302511017589604414e+00
2.385775422585415306e+00
2.355393751261070978e+00
2.182202815620467806e+00
2.000241420768134493e+00
2.120765070053159729e+00
2.063735853280303623e+00
2.142879489103671542e+00
2.487404814580103984e+00
2.180155318860060643e+00
2.149717512075171033e+00
2.293069146698439642e+00
2.226193369933217703e+00
2.319199144296217430e+00
2.200942188018404355e+00
2.459013292860599442e+00
2.081679720139530065e+00
2.438134889888452950e+00
2.431861202326382809e+00
2.232290683793729524e+00
2.086740598011802117e+00
2.501552110236017423e+00
2.252961604672842899e+00
2.001868613446363021e+00
2.367672247315808054e+00
2.099801958177292427e+00
2.255513629410951904e+00
2.143746865986100314e+00
