5.000636484235724266e-01
5.362990112313299473e-01
6.330631627141847240e-01
3.605680643891316373e-01
6.213540781484150344e-01
6.435048951651790583e-01
7.295134913776597507e-01
4.899878052307488630e-01
4.574612185078578142e-01
6.029435342832976108e-01
7.227094097511380655e-01
7.413478471394217006e-01
3.691004909876577922e-01
5.074382855283253724e-01
6.177874983064612913e-01
6.767419402417503838e-01
1.126349961720264581e+00
7.000640678006588846e-01
6.040755671531176096e-01
5.137736685549547655e-01
6.347041461496001347e-01
7.628519548866395938e-01
6.529416959254590314e-01
6.153641029972162224e-01
4.465192968871938284e-01
4.844083354218856052e-01
5.180020188584142371e-01
4.716502336897429037e-01
8.010803285790256689e-01
7.645268914941697469e-01
8.425425729600077851e-01
4.232942026973561256e-01
8.202012397416976741e-01
6.286958941217530850e-01
5.107038047085921129e-01
7.210320538503758314e-01
5.892024773784941827e-01
5.360850354105702875e-01
3.974275132181494530e-01
9.355486455282713276e-01
5.813304870938016400e-01
7.589071883726699053e-01
4.852548603555259521e-01
5.968842274389447589e-01
9.010600848427138265e-01
6.918630861353676220e-01
5.532446197486657891e-01
4.903838372114093236e-01
6.528830318359892804e-01
6.002109511562226940e-01
6.020651588856988923e-01
6.584140726125105036e-01
6.234772527271740250e-01
5.239201047078799744e-01
5.358497480806790891e-01
5.947607714396727641e-01
5.658683567559212868e-01
5.349754085839494300e-01
4.698586369560884823e-01
9.776340663650117113e-01
9.150106716016485064e-01
5.943587412377366874e-01
4.941957665707765179e-01
6.326583684072073499e-01
5.336575807233712165e-01
6.541512854756491580e-01
5.484503848736673737e-01
7.213426262588750193e-01
6.036903782477683889e-01
6.703663462467427392e-01
8.526465332404425945e-01
5.508904506927183586e-01
7.442237794282448027e-01
7.404512756819082719e-01
5.076477277204501926e-01
6.037657444239293847e-01
6.433881536651235855e-01
4.572484227242865074e-01
6.831796289441189884e-01
7.130725821879526638e-01
5.250310412584159314e-01
5.598042147734769713e-01
7.234031622428396258e-01
6.409002356629093233e-01
6.659617696726233271e-01
5.220222832416590020e-01
5.667885970973556287e-01
5.069234424323545429e-01
5.374432019606210087e-01
6.402556149905639371e-01
7.782439258662621206e-01
6.031076818192192546e-01
4.893579193288376539e-01
6.888735661232059382e-01
5.762652988361883777e-01
4.484108858658844565e-01
6.274123678044040142e-01
6.625544426152863986e-01
4.943894208383140532e-01
5.714321562980068103e-01
7.130900098486624428e-01
6.950942566994420257e-01
4.666532961429680770e-01
9.863162844655118944e-01
8.225979605234581271e-01
6.025925851534308375e-01
5.862321438824590336e-01
4.300020282624672507e-01
5.739775966745209734e-01
6.284024668212619957e-01
6.294186506490404565e-01
5.915390279010869223e-01
7.826108558984598007e-01
5.711188878831255922e-01
7.305069126918689593e-01
7.137284214749217703e-01
8.915379395444206212e-01
8.437122247003679965e-01
5.054989987061314638e-01
5.852972050373366208e-01
6.425955313152583726e-01
6.824853277868733192e-01
6.894367955430202866e-01
4.728423124835518521e-01
5.742897265949922225e-01
5.497486976013720161e-01
7.835230410225683118e-01
9.792145627910824324e-01
5.635737481981958341e-01
5.534950295340859139e-01
5.338251395270979804e-01
6.717487566118791609e-01
6.799033376561757214e-01
7.242166046523926815e-01
6.338772007346298309e-01
5.199675340217335684e-01
7.123295672631663189e-01
5.086542069037609526e-01
7.196788459837254459e-01
7.493824802806846597e-01
5.510684689405599412e-01
5.092304579550659405e-01
7.296453614853267711e-01
5.613095969854079437e-01
5.965219298685167093e-01
6.105932831848750464e-01
7.254175319071644035e-01
4.243276608311931097e-01
4.770855331270195121e-01
6.521346815390594021e-01
8.237136547837130562e-01
4.940005518820875241e-01
4.338242516502944235e-01
6.877197266395955744e-01
4.625725343895650821e-01
5.888646810820525879e-01
5.014563550612098908e-01
7.392676658826973224e-01
6.292486990714927231e-01
5.720828711911204456e-01
3.867920375448828385e-01
9.454442347727350926e-01
6.002354529815495665e-01
3.849975541580829552e-01
5.819420944887007119e-01
8.137939787918220258e-01
6.482411093282998138e-01
8.950100783264975934e-01
7.037193436183826201e-01
4.698075933188227693e-01
7.736262382181933184e-01
6.104878908870770005e-01
6.165519157672458839e-01
6.096730253468608529e-01
5.919534940237838327e-01
6.028625036218853150e-01
4.438873008342141824e-01
5.137060104562684026e-01
7.917170400001980468e-01
6.260855891357840486e-01
5.343961569243765863e-01
6.051142942894592869e-01
5.815908571871510890e-01
6.141311981842951795e-01
6.354656935855467204e-01
6.428214171236220631e-01
5.903741452145071511e-01
4.189859267190492176e-01
6.571871749460380663e-01
7.247095943330985612e-01
7.031968228577348823e-01
6.245633240874546299e-01
5.820385639383993670e-01
5.067227872973140146e-01
6.296946633109448133e-01
6.804819455355073377e-01
6.019299254839636237e-01
7.001191785876965668e-01
6.403213606731942287e-01
4.619059008471391170e-01
7.846492569749322632e-01
7.217004985941388728e-01
5.269053874777196445e-01
4.161845341503827567e-01
6.492565495500565165e-01
8.592468215126781717e-01
7.678739563044499894e-01
7.299093837638191973e-01
5.657812963834293329e-01
5.241814321230218177e-01
7.371160411774857479e-01
6.309327630167839152e-01
6.093422813661009130e-01
4.717097318565970365e-01
8.896179786334642570e-01
7.718882754494446052e-01
8.150110679375344169e-01
6.021058279037475591e-01
5.815618256042172085e-01
9.713449892766961025e-01
5.876969983339439541e-01
5.747835755997887652e-01
6.657763995333323415e-01
6.276637285119028853e-01
5.075908551776360245e-01
7.294642468545321501e-01
1.150324102542096938e+00
5.985516650559468133e-01
5.043793369878029065e-01
5.169630185984528392e-01
8.812308743304683167e-01
6.948045649794646339e-01
6.304702019251446909e-01
5.149184362659585679e-01
7.434422685895875071e-01
5.605299708391344726e-01
6.155766114260069477e-01
6.549576166653419129e-01
5.644200526446598865e-01
6.651709291916468869e-01
5.438456622409555408e-01
8.174260275290028410e-01
5.131399843935265936e-01
5.141266583250230227e-01
8.010490079166652233e-01
5.552180190985746000e-01
6.435540458365339722e-01
6.621192510399042108e-01
5.870116621590384387e-01
8.209543323113160929e-01
4.556421467651440294e-01
5.376098288119823820e-01
5.695479870712459869e-01
6.896614064165096369e-01
4.274174062641126759e-01
6.894744238030521277e-01
7.864480842199577104e-01
6.115436649983331252e-01
9.429597404372943581e-01
8.650312669462050241e-01
6.043490162781393060e-01
4.861031979530374136e-01
4.499151868919659125e-01
7.609851118416354199e-01
6.510725939616905933e-01
5.749765951922057861e-01
6.477082255196492389e-01
5.452667474848309492e-01
4.330705362984532125e-01
7.742973516999199779e-01
7.095502521941609020e-01
8.101816821589205020e-01
5.336450328569560808e-01
6.026068781008364628e-01
4.860682679300739051e-01
8.589890729840335970e-01
7.399898232991830582e-01
4.417133320388721973e-01
6.054455265105737061e-01
6.469842807318391120e-01
8.204903851498916989e-01
7.531124266126444367e-01
8.040384515491556527e-01
7.369971058365990535e-01
4.201818133983493686e-01
4.023508605257632986e-01
6.225833949161937442e-01
5.165815870103326324e-01
6.777653300802392033e-01
6.463247732860583072e-01
6.408770827550606120e-01
6.646643532937076548e-01
6.612306103544260960e-01
8.398262981479738265e-01
6.720013384195742123e-01
4.693040498996193244e-01
5.705757780726546935e-01
6.698015858238451914e-01
6.334480714482026986e-01
6.000543680763672505e-01
5.959820419822582371e-01
4.955271839257834321e-01
7.383099688068724964e-01
6.010366575490828644e-01
4.540385301994425138e-01
5.566407137266651262e-01
5.681953856149769555e-01
5.481143880284689018e-01
5.213486576333780098e-01
5.305425179272521552e-01
9.563145860877120263e-01
7.870730529261682484e-01
6.436178712833761084e-01
6.270410092972441563e-01
6.654422609267771627e-01
7.683176292440747623e-01
4.548403543475086908e-01
8.658821022216609542e-01
6.615352006471698632e-01
5.021460342478928363e-01
6.433113323345104329e-01
5.433542326550664381e-01
5.496993422338999347e-01
7.638719252003223215e-01
4.594179199192862662e-01
6.185974068081860899e-01
7.198294304163193047e-01
5.122815874268178415e-01
6.676044915748172714e-01
6.698880280387450314e-01
9.300392991299377687e-01
4.904912674559790409e-01
5.329981234626026687e-01
4.906527413880351074e-01
6.893461037486668941e-01
1.038630554405824080e+00
4.356367275870840494e-01
7.317415955315271781e-01
5.303293353486858708e-01
7.163343714340218993e-01
5.407346546482564298e-01
6.388600255000578265e-01
7.453228593970174787e-01
7.197068432448978648e-01
4.458043981341721640e-01
7.693703771304696293e-01
6.573850821558664403e-01
6.451338417866741004e-01
6.281009676186767310e-01
5.258026922593382890e-01
5.911078864316834380e-01
6.234095629569025299e-01
7.124510644601443898e-01
5.042247127505843363e-01
6.150609101276068857e-01
5.737564579529814690e-01
6.233780222693459105e-01
5.631065074711535390e-01
6.370089598105980189e-01
5.348361408087702884e-01
4.815905786750757644e-01
9.333090478494011633e-01
5.853767057975551857e-01
5.877594659706639746e-01
5.543274515045863993e-01
6.927425440819933167e-01
5.928919193824224720e-01
7.335059823704567217e-01
6.314331682102156673e-01
6.923321331399584500e-01
7.013836773329342744e-01
4.309344212430130105e-01
5.376862319248159050e-01
5.054229246542089049e-01
7.386823974432952244e-01
5.519858238951799168e-01
6.908703189105700471e-01
6.664663364465125417e-01
7.049070269803772160e-01
9.747889845275736764e-01
5.433887492208098191e-01
6.606681963126187496e-01
7.495011249326504199e-01
6.164127171728196464e-01
5.818385698453502064e-01
5.708603510046155183e-01
7.553370887639788700e-01
6.770113030653094333e-01
7.321397135281801916e-01
5.524810932811766717e-01
5.639007305508048074e-01
8.367569466687360125e-01
7.429117567115383070e-01
6.042466366198857575e-01
4.670265427505449485e-01
6.700215932390394258e-01
7.389431000586911269e-01
7.852478111778078418e-01
6.619653622355110567e-01
5.201544957847266115e-01
4.903882850238207025e-01
6.850450703463734081e-01
4.622182989093854277e-01
5.663312267660042254e-01
4.667322147900999085e-01
8.266181684290440090e-01
6.168816623745160266e-01
5.545921058391239944e-01
5.617838631576943520e-01
6.203375374963030486e-01
6.865468638394364165e-01
6.150401648517963560e-01
4.412054735550776097e-01
4.833448866563193058e-01
7.162108087922820499e-01
6.297713011067208599e-01
5.296340367023190110e-01
5.007668438132871769e-01
7.370695668309719117e-01
5.020035699644077587e-01
6.866887580922359513e-01
7.300535753464723054e-01
4.697236706401041184e-01
5.882879164288686846e-01
8.359212507025077787e-01
6.027281046254169272e-01
6.065548535475802083e-01
5.739220860548459591e-01
3.819016331737996595e-01
4.224032939472490700e-01
8.040049441955150478e-01
6.440564109675073201e-01
9.755390450211125497e-01
6.626708584462429608e-01
3.764012900639573389e-01
7.435021362502000075e-01
8.301100986026620498e-01
6.287628990063460765e-01
5.849888969413581385e-01
4.071772464327535479e-01
5.822589301943866813e-01
9.013609507085911243e-01
7.162898090006100116e-01
4.727332579296599779e-01
5.782648829326123563e-01
5.306264137417938676e-01
7.734593871397063003e-01
5.508493545229368182e-01
5.612289588376190297e-01
3.842987768635481860e-01
5.463004473992589816e-01
7.356250619767710219e-01
8.974384899707376073e-01
6.364669811642069686e-01
6.179620999585028196e-01
5.956745650827430794e-01
6.606016796203291186e-01
7.713960385950853205e-01
4.973602821341253644e-01
4.638567412982693705e-01
6.847069779752297247e-01
6.598922620602684086e-01
5.595435670583398524e-01
5.510092298143243195e-01
5.332250655937018635e-01
3.856374399157231347e-01
1.051579949828542526e+00
6.560967113812474771e-01
5.518738703363831322e-01
6.379954367227087531e-01
5.418844396566696586e-01
4.071096756894131974e-01
5.146819986224973054e-01
6.055572556206342272e-01
6.644992169302402774e-01
5.780185282568619520e-01
5.886356363535911740e-01
7.332984497624858156e-01
6.004443623479984726e-01
4.533598004637162671e-01
7.890880866841211150e-01
5.728369064795085785e-01
8.058068013892443204e-01
6.522798030288524673e-01
5.764512725017235661e-01
7.841807590567351216e-01
6.833006597818428451e-01
5.378379104590451654e-01
6.205232471727872845e-01
5.627083189244319605e-01
5.651080501808998235e-01
7.163863285342495502e-01
5.703234635689733434e-01
5.389083100717074748e-01
7.822552913342397662e-01
6.641755454105787715e-01
6.417008588530617175e-01
5.433620720357789091e-01
5.906652200578598189e-01
4.635333994395161028e-01
7.021617952921047623e-01
5.670772577586604690e-01
5.954580361312984405e-01
6.692468340836743579e-01
5.871798781217749674e-01
7.234807955441412419e-01
5.631794761695637641e-01
4.737598458089643527e-01
6.360250390567467882e-01
4.921112238092535396e-01
5.453617439803529754e-01
5.488822889040304576e-01
5.390983518337340019e-01
5.838356904525662250e-01
5.028048913605102088e-01
6.922459419088313748e-01
8.804061281171680076e-01
6.157482825619320366e-01
7.778810868450762861e-01
5.668754412269735310e-01
7.355937058276472706e-01
6.177042328395930815e-01
9.453360407566248069e-01
7.683887973425611584e-01
5.182639136204848507e-01
7.800279358977094679e-01
7.228510594400405775e-01
8.164818998019214291e-01
6.452738128896255976e-01
6.101144818256828417e-01
5.937771575836774396e-01
6.726407008859754955e-01
4.646603076289395062e-01
7.435839505273983407e-01
5.867209038276539612e-01
5.957680644971555806e-01
5.720770448430554378e-01
6.096195181267358709e-01
8.664446703575058306e-01
6.810196472005894952e-01
6.322970729754801011e-01
6.217774028648398454e-01
6.807001283077883658e-01
8.559469667162464823e-01
6.612038322721163208e-01
5.435173813273805887e-01
6.320546862476266181e-01
6.473126448607204875e-01
8.347484086976212359e-01
5.179529845283457057e-01
6.641191660991520029e-01
5.347345160911072259e-01
5.996042077848471319e-01
7.843023399741667623e-01
7.257432901190142838e-01
5.116293517857755102e-01
7.446074590711480035e-01
5.721210643374589067e-01
6.859968047969573490e-01
6.399445767048167477e-01
7.846839107691502280e-01
5.214092888366025358e-01
5.301494825327712768e-01
6.639724375922839705e-01
5.700861000201131734e-01
5.375847880205953944e-01
5.247292183709598712e-01
5.968201732142383031e-01
7.342758554483886924e-01
9.701442222000926652e-01
5.542192799083982546e-01
4.883458128790015840e-01
4.916097980240742849e-01
8.408645455164212024e-01
8.163798958719071797e-01
5.892663621112398387e-01
4.757169548040076079e-01
7.357483541803577776e-01
7.327652901164439792e-01
4.431115310132070495e-01
8.174129108449951220e-01
6.257658579041734948e-01
5.079470704415686155e-01
5.407173676036978183e-01
5.918907688691623648e-01
6.268719051001903075e-01
6.737226987845000847e-01
5.901399431199004786e-01
5.975647616381242200e-01
6.248664890157547003e-01
7.076024950887289666e-01
7.723508666694349767e-01
7.269564666390903040e-01
7.924907037550328326e-01
5.135729244113047542e-01
5.404332022501304733e-01
8.044362015015026346e-01
6.022321379643030825e-01
7.325797590575524598e-01
5.023689127307008340e-01
5.235076928153754583e-01
6.831174526050586282e-01
8.710005876778152967e-01
7.051245695220084153e-01
5.652684391784628115e-01
6.387570227536170098e-01
5.715778944702799569e-01
7.193296342763766393e-01
6.946337499690972139e-01
6.156293570363372547e-01
7.024109356432590712e-01
5.716251693433551662e-01
7.588542954310759647e-01
7.297166077447423405e-01
6.252510687646130050e-01
6.782406910240718068e-01
5.979604474013471282e-01
4.853526243235170012e-01
5.742874968243230072e-01
5.844503523963379132e-01
8.538541692909645819e-01
6.455373448468226805e-01
4.722036169254605897e-01
9.761779825855123605e-01
6.979715384577402926e-01
6.243464786151279311e-01
7.187210468267385410e-01
5.707758304013257344e-01
4.977990702903297704e-01
7.645284347463021657e-01
7.966847170155757496e-01
7.234502441405911144e-01
4.670603152925920654e-01
6.001890518004663333e-01
9.529559353746296368e-01
7.492375923969366580e-01
4.111065105024005462e-01
6.857654906329695432e-01
6.299365609105169739e-01
1.000357479366557945e+00
4.953203616184981839e-01
7.843969791799253466e-01
5.710894204815454289e-01
7.417098579910708089e-01
6.698445352571705813e-01
6.274038093714758846e-01
6.263122252808877022e-01
5.664237444909424601e-01
5.340583286274749319e-01
7.506564213536492947e-01
4.638368752929455940e-01
5.082796738035079143e-01
7.776838467915846431e-01
6.498817987020623077e-01
5.296416789240320222e-01
5.660703380126519413e-01
5.254784042432276703e-01
7.490993464639724708e-01
5.731444529460733017e-01
4.797140539988300478e-01
5.639564854455526577e-01
8.176378812937102891e-01
7.315795372130521335e-01
4.287235018843443823e-01
6.379081121554427414e-01
6.412782198454928251e-01
6.125949727399184752e-01
5.327057112827414675e-01
8.298256860990477213e-01
6.057651606055665106e-01
5.899125493936304698e-01
6.302852031639997188e-01
6.456134340302019936e-01
7.349941343818316986e-01
5.189892954578199102e-01
6.449038317518087648e-01
7.636066638124697770e-01
7.187447467522694033e-01
4.810695321270829217e-01
7.972067093799157789e-01
6.003727246736924039e-01
6.819166546994497313e-01
6.001359370649760328e-01
5.577337008968091814e-01
5.883325306804652044e-01
6.218690112028567585e-01
8.648562466456437559e-01
8.363334651909203332e-01
5.276419653411558164e-01
6.959225435822146144e-01
4.291732281704949137e-01
8.164781499621731609e-01
5.161992204553972341e-01
5.929845682127967699e-01
5.981529866918523508e-01
5.574893447506326094e-01
8.144848173783637568e-01
6.298320909591378358e-01
6.464464250447249372e-01
6.560846970805315204e-01
8.190571541713579373e-01
5.682545328678348939e-01
4.166622255424362598e-01
4.502503668245125823e-01
7.968702118271060453e-01
7.087217292190990392e-01
5.996676382409132922e-01
5.032849209794294509e-01
5.821939349525744323e-01
7.959105365359094852e-01
5.266716901371217840e-01
6.569068991134974222e-01
7.865337222223350855e-01
5.070026963253044805e-01
6.069222052048883764e-01
5.859362327138190052e-01
6.651884019839665596e-01
4.529995895851611776e-01
4.924955710456370706e-01
5.768695308147762102e-01
8.163115802975083879e-01
5.538185804273749735e-01
5.976134201674792035e-01
5.802841269630423238e-01
5.040527903126315046e-01
6.957635910540099777e-01
6.693755028642460747e-01
7.086643347752887845e-01
4.037220947410585237e-01
5.308167589166368217e-01
6.755445835457138948e-01
7.400837281372151244e-01
8.561265246498613868e-01
5.416041767769215198e-01
7.094508693513824626e-01
4.574464872081231981e-01
7.397394880152584618e-01
7.962815450391519390e-01
4.627054955602095676e-01
5.374817016247944723e-01
5.918667511335296005e-01
7.225255221165329811e-01
8.112738717163449076e-01
7.013165505421411483e-01
8.828633827442495807e-01
5.644056787226946481e-01
5.853339103066345084e-01
4.433818624459090474e-01
5.387222157977559212e-01
6.942668696987491783e-01
7.193552246205301426e-01
6.216045713077132939e-01
5.606046793875391065e-01
7.402544375023469847e-01
5.236806009150397623e-01
6.771101758942261739e-01
6.294678605279073746e-01
1.088209049049480459e+00
5.329193307525778023e-01
5.570512458888093876e-01
8.209473014918590161e-01
5.646288850902417833e-01
5.728041705883322177e-01
5.868154096616852167e-01
6.752348789230528947e-01
8.131063517918024619e-01
3.813482349956576201e-01
8.254510400444958762e-01
8.651966215979340902e-01
5.812504388012876833e-01
5.938261811271965396e-01
7.092365461405634175e-01
5.383243896591558553e-01
5.933035105575009682e-01
5.121253729067168914e-01
8.282496876430369692e-01
7.286670929151932707e-01
7.316597138619603813e-01
6.765778969529857578e-01
4.590624598158168923e-01
5.960301920630187711e-01
6.430825534692489187e-01
6.263535843732694897e-01
8.364626616930295189e-01
7.110200236912399552e-01
5.303584867814138404e-01
7.538440551674692180e-01
6.380063447962485146e-01
6.295985864120803299e-01
6.614072885720699846e-01
6.480365047301434034e-01
6.825492550586724771e-01
5.344197605681575425e-01
8.290660178000560654e-01
5.352898147731205425e-01
7.438308655959547933e-01
6.256943098732740127e-01
5.922428930199243879e-01
4.415237912255955410e-01
9.519958368952570193e-01
6.385155497255952106e-01
6.616771880820231377e-01
6.829510446440256732e-01
5.228471488384611732e-01
7.255236431672377195e-01
5.078160738335298907e-01
5.829912235089808048e-01
1.069789214890510820e+00
6.150469903666537785e-01
5.324676776318364446e-01
5.211201378106178339e-01
6.708478591614177589e-01
8.298804925270507615e-01
6.001428797616464861e-01
6.701779692122761256e-01
4.655595037613782794e-01
7.164388630587422702e-01
6.546522529767637710e-01
6.237864821916838665e-01
6.296223289300328929e-01
6.612448326891113837e-01
7.925610933038187422e-01
8.015386458642732581e-01
6.571156156171734652e-01
5.758486066119928859e-01
8.548561219057226879e-01
4.637595999337274510e-01
7.541674264208559908e-01
6.206994591877303957e-01
7.062876931275114956e-01
5.448517121003304542e-01
5.132289627782260499e-01
4.008169839159396175e-01
8.876199403646117814e-01
7.264858548090517010e-01
7.877317390070635028e-01
5.120450792505002457e-01
6.378229860435722376e-01
5.729577400735946791e-01
7.721942868602762466e-01
6.989579524826428081e-01
5.212750388120950262e-01
4.609640281340493528e-01
6.337544003472076470e-01
7.226206594659241311e-01
9.834913773395377312e-01
5.737154249633096281e-01
6.835796238339238995e-01
7.640111480185367565e-01
4.997076417363313094e-01
6.705447493604151932e-01
5.843682810218064905e-01
5.668489291532344820e-01
5.828337718106454401e-01
6.290396382072297454e-01
6.313028596704972628e-01
1.020542468939572345e+00
6.539190147742196535e-01
4.944063582406476032e-01
5.104790907323405458e-01
8.623356011783810393e-01
6.190785305750727829e-01
6.848489850273721258e-01
5.985674821725124328e-01
4.660304277023165076e-01
6.759937929685705393e-01
7.110658052203546742e-01
5.101629944076172540e-01
5.896615061966985483e-01
5.440626021605251550e-01
7.777342489292788930e-01
7.943891932051715399e-01
4.827571495272309776e-01
7.677038738711962074e-01
9.672159059851166418e-01
8.274607519811720824e-01
4.958229990519467112e-01
7.984794928182921137e-01
7.105742300264556999e-01
5.937615460568397285e-01
5.796275987727570467e-01
7.576979054837161831e-01
7.405530389635532895e-01
6.402717520769816151e-01
6.108868895090484585e-01
7.381499816932269864e-01
9.158803847180092550e-01
5.577859864650679400e-01
6.947823346985581017e-01
5.569078490832635175e-01
4.099707972668087952e-01
4.545238918969138897e-01
5.912483437293376554e-01
4.739590612864681973e-01
7.469330227180744908e-01
6.074023105162806857e-01
6.197203076746096162e-01
5.758724198477683798e-01
8.847894476103204120e-01
4.991854339959446718e-01
7.522301394495493065e-01
5.042751393712087138e-01
6.328612187487111518e-01
7.003153609066674612e-01
7.904869191247652083e-01
5.459830033756677414e-01
4.190243106166296472e-01
5.849909831005205563e-01
6.642141966835140021e-01
7.297511689547804270e-01
7.122814537223337572e-01
5.805822382265497517e-01
5.815086593647132984e-01
7.547213680040468775e-01
4.567329359225776320e-01
9.077959582348825718e-01
5.738344224820199901e-01
8.667145007428800341e-01
4.492624848674111604e-01
6.004780976966149764e-01
5.400973101053351266e-01
6.735321668648961424e-01
8.009737053636840631e-01
5.291659566154227612e-01
6.252838991256201018e-01
6.848416042795557601e-01
7.272322499116852246e-01
5.971941758762241426e-01
7.422832507829080217e-01
7.010496187058750106e-01
5.860914738741367369e-01
5.488438248410468789e-01
6.098831555064069265e-01
6.637427709485425043e-01
5.324338441631548680e-01
6.006347237033714537e-01
7.068339258257066993e-01
5.466306831857820070e-01
7.924646444181430160e-01
4.850439740046879611e-01
4.071591860755474634e-01
4.980823297788109505e-01
9.005715715277188282e-01
6.859364308714511749e-01
5.293184011052957105e-01
6.765394769738037883e-01
5.775802889264949336e-01
7.229082712397529864e-01
5.447449656852283439e-01
9.498557075880700307e-01
7.316702123091349819e-01
7.640737287094424568e-01
6.331180083451790619e-01
5.867771912582888660e-01
4.346174782861603747e-01
5.177920827996110864e-01
7.098955833647767610e-01
6.215153815609194554e-01
7.713680142073099377e-01
6.272311427649320814e-01
5.659457815885505783e-01
5.643699754560612680e-01
5.335800208082757123e-01
5.542524664795861478e-01
1.000634174074487293e+00
5.156353913610302042e-01
5.335252190115615800e-01
7.071692650776238986e-01
7.051420160684339633e-01
6.440343708355764640e-01
5.329929517928718719e-01
5.451849904259642443e-01
7.530209461908228263e-01
7.609177683477190701e-01
6.696868643987727854e-01
5.847201260571628367e-01
5.990342099559681222e-01
6.501557297490137000e-01
6.184502313534053775e-01
7.274912471526854274e-01
6.855895067571723400e-01
7.301544466101178577e-01
5.486433373727394036e-01
5.726742048461328505e-01
5.995638599648293043e-01
5.790621557776637340e-01
8.673851562976311325e-01
6.326572063777129440e-01
5.763725900657545864e-01
5.894735553859276056e-01
7.170753205885159742e-01
6.039269024429895216e-01
4.772159744871388720e-01
4.917568412357547492e-01
6.357574941829232662e-01
7.089861176209815152e-01
6.073406567291820268e-01
7.485127752065777740e-01
5.084157443101648965e-01
8.115177241060645974e-01
7.078260358916717010e-01
4.572054766783364976e-01
5.127999629437821616e-01
7.650538005446413381e-01
8.340589909892575093e-01
4.844059751578375650e-01
5.590448920837022273e-01
4.360677761857684187e-01
5.472605315941216908e-01
5.984476131799095766e-01
6.996371288867913041e-01
6.103409002992271626e-01
5.336538953056924051e-01
7.016590881838133953e-01
6.132388472621471687e-01
5.894892931535929970e-01
5.794148592550207866e-01
7.828874725233759824e-01
5.675630672847281621e-01
8.785636019022096121e-01
5.049044537058560156e-01
8.318769741703810894e-01
7.613943334228793214e-01
5.327187513820178522e-01
6.162773761250921467e-01
8.663061674071995677e-01
6.263725808757242275e-01
5.403934728100446838e-01
6.814151180321238455e-01
6.629244789156121254e-01
4.619417456208920747e-01
5.381609580813975224e-01
7.944778006378897528e-01
5.462778242530941242e-01
6.283810077188685117e-01
8.859907648912250799e-01
5.509600677371668809e-01
8.038416962426744306e-01
4.892964129122447936e-01
6.285527063530070846e-01
5.321374634599261855e-01
5.823223462132565142e-01
8.924852721204546979e-01
5.499717064758609109e-01
6.661682791709678808e-01
6.013653343024812914e-01
6.445037237147590581e-01
5.649339800534984857e-01
6.366855519554327492e-01
7.735317060374059528e-01
4.738138599823157326e-01
6.021828609883627115e-01
8.493018185167523493e-01
5.895655233581170718e-01
4.893691290236560909e-01
6.102611596080694811e-01
7.117451387607481861e-01
5.450869609425157414e-01
6.678942573493921175e-01
4.961791924003072785e-01
6.251200697479332158e-01
6.669839322421229344e-01
7.307154370047872494e-01
7.516180970234909164e-01
8.624107481369714945e-01
8.208756061461540687e-01
5.406019097901726411e-01
4.248465347660020930e-01
6.477586882758479270e-01
5.544898593644266294e-01
7.590308555106236588e-01
4.604946152087593947e-01
5.665911341180495109e-01
8.558741803644355217e-01
5.909195823793237379e-01
6.792703124828978201e-01
4.977995498889327686e-01
6.483781259648964124e-01
6.123458447325988985e-01
6.306176370038497625e-01
5.180957604518875437e-01
7.192996407942735537e-01
6.978521996681146256e-01
7.295495238188351994e-01
7.630028510162251143e-01
6.130223238455109191e-01
7.230999470482160074e-01
8.855803074514638773e-01
5.622670505695334109e-01
6.383207991539885384e-01
5.051947081439812637e-01
5.276318355524342030e-01
9.194874252392197800e-01
6.422047813951380357e-01
4.873343090501706110e-01
9.549796345982125567e-01
5.962228412613312933e-01
8.884088870422600648e-01
5.930096399739037683e-01
8.263186105863443709e-01
6.545476836080893479e-01
5.401916642115147660e-01
5.589167959301868382e-01
5.491803639986734265e-01
7.614346484376762758e-01
6.066298458541413696e-01
7.587073629223830551e-01
5.304154301146497552e-01
7.888994750807937217e-01
7.428992215624565798e-01
6.547085805309412754e-01
7.286749386140911611e-01
5.698827797543993823e-01
4.279115211539981090e-01
7.416852930775761354e-01
6.509305152756599266e-01
6.362544202560272977e-01
5.085763370947672390e-01
5.110617666643364476e-01
6.699367884645931470e-01
7.339559227472602920e-01
5.434980485544836926e-01
4.582368001209607966e-01
5.578916852118330771e-01
5.230064817617211537e-01
6.866956345801176198e-01
6.825496874101009137e-01
1.001947860666380530e+00
7.188524671377209962e-01
6.236758391572160276e-01
5.687962912977101437e-01
4.107654331019796601e-01
5.727606036288011016e-01
7.409099928467106633e-01
4.191203496587954103e-01
6.957188206339249836e-01
5.109032702803818493e-01
7.492430041481291658e-01
5.653373515127655402e-01
5.379428394236897004e-01
5.147559712835432233e-01
5.785802972857698734e-01
6.314711505813687120e-01
6.321667509762566306e-01
7.615691072809739337e-01
5.154155627387538852e-01
5.137541766552515821e-01
8.234514434080983936e-01
8.198884475915744208e-01
7.034212836745701303e-01
7.735904295536398800e-01
6.350601217409090893e-01
8.145103307433355644e-01
6.752216085427942271e-01
5.707821021213757007e-01
7.369907872438348218e-01
6.898404365979692310e-01
6.274722425872291121e-01
4.184859102769682981e-01
6.447846446734827319e-01
6.004882572085680215e-01
6.644551909042097915e-01
5.402701012021567939e-01
4.188840709068954449e-01
5.305640360894997576e-01
7.046682112742654880e-01
8.905797253630730603e-01
5.713323426058388721e-01
5.316140754086925435e-01
7.192216525279113704e-01
5.165633519779395666e-01
6.748070838823760909e-01
6.213227091134357893e-01
7.533089482383639179e-01
5.136146961231937702e-01
6.331514811077257887e-01
5.461378675367132285e-01
6.692260960202034425e-01
8.327166991782667393e-01
4.264335515394111487e-01
5.388709983435094886e-01
5.345530579165321816e-01
6.909429620717419951e-01
7.967479595335758003e-01
6.744732935174725386e-01
4.296713764472052666e-01
5.370881172993043906e-01
5.494273141908717628e-01
5.625533622482377094e-01
6.852166691032604007e-01
5.288524871588362597e-01
5.176425651494434010e-01
5.004725853588458673e-01
5.361273232193903837e-01
1.029746531168630241e+00
7.085359909149107072e-01
6.790093768740925739e-01
4.846834508002436648e-01
6.077006339956040337e-01
5.504278846820854776e-01
7.191620904117598245e-01
8.115400527965109800e-01
6.768322278717098239e-01
5.420931861015872988e-01
6.332595714211907145e-01
6.839183414259624172e-01
6.347783427068898199e-01
7.609015217091774641e-01
4.647169785044010792e-01
5.914258151563673849e-01
6.713926320656615765e-01
8.466583826324797224e-01
5.123029347751834051e-01
5.062853478370814564e-01
6.966728911462798379e-01
5.808573550773924454e-01
5.528684884514318831e-01
6.215045684395874570e-01
5.185012179616098615e-01
5.718507509579185966e-01
6.245551940808427016e-01
4.475457608826845513e-01
7.374549675422367168e-01
5.569524575607408545e-01
5.933285154993309662e-01
4.746967711202813023e-01
8.414998325557653258e-01
6.962360739067151583e-01
5.814207004118777666e-01
4.577225506607253136e-01
5.544131801043878927e-01
5.437057489902901164e-01
6.211686028951111105e-01
4.949921825931177244e-01
5.607689178652299766e-01
5.992952668122130122e-01
8.801905862443222262e-01
7.260817958450092036e-01
6.597355924300704055e-01
5.830904849938824963e-01
4.991503641878146103e-01
8.143681448093510467e-01
4.343196009310331673e-01
6.350924577467189636e-01
6.877318678278169228e-01
5.473777042165935969e-01
6.692243012813464675e-01
5.494018940418406993e-01
7.223982613555268717e-01
6.158525253113423803e-01
6.811131929957175979e-01
5.125808944638284848e-01
5.903088368420359444e-01
7.632188200020908475e-01
6.947199342499841279e-01
6.257713225829699688e-01
7.595515953686843291e-01
5.725989926426457988e-01
7.185998696948340259e-01
9.116080556212037278e-01
4.230420087004814755e-01
4.840420507091448554e-01
5.597697620844703792e-01
5.130673521309896401e-01
4.905579459229316153e-01
6.758091880286609676e-01
7.591474939507515396e-01
4.343987410087228329e-01
7.615196873311335102e-01
7.843974988774176094e-01
7.361980594905217501e-01
5.547380078470194320e-01
5.094572397828672772e-01
4.480516944535210544e-01
5.360723825348895355e-01
6.456527153087213700e-01
6.645616935947535886e-01
7.979187749626047710e-01
5.549433823366927143e-01
6.327717751739561081e-01
5.928487171660611343e-01
4.957544064220210656e-01
7.184743730232399095e-01
7.978234385078613045e-01
7.577961878105310412e-01
5.260755704885221595e-01
7.081586787060988319e-01
7.493984836891343093e-01
8.630762829927421942e-01
7.999816635737553305e-01
5.660331563248058862e-01
6.613535597557463896e-01
7.438146526082092258e-01
6.626992501248997192e-01
6.427144298081022278e-01
7.833643591585940369e-01
5.588569890453048972e-01
5.427965806491428236e-01
7.586143644559997234e-01
5.237959975292821868e-01
8.190567099929847439e-01
8.071295673933315262e-01
6.394712321087691054e-01
8.124730662759352962e-01
5.436267650258425066e-01
5.704929523335942054e-01
5.841015667307452031e-01
5.115834839188212468e-01
7.076466436267075943e-01
6.917834226224582883e-01
5.742417991542793088e-01
4.808337554617769793e-01
8.625398390046069563e-01
5.329309509109793064e-01
7.658398361247952257e-01
4.424681721154805070e-01
4.364071217987436357e-01
8.142189652633180508e-01
4.703853716849578648e-01
7.507205405626801165e-01
5.392175968962766852e-01
5.889531650572741306e-01
6.192341192030115238e-01
8.249646326835168297e-01
6.022887955533671178e-01
7.519497415937304030e-01
5.015797589382243737e-01
5.281814979950939515e-01
6.845527536406812441e-01
8.727238734225344352e-01
7.683979841372733377e-01
5.222371781877990227e-01
4.918523694100005450e-01
5.599108964358640028e-01
7.210353309138712863e-01
7.679998427463967658e-01
4.759988536206979926e-01
5.609193380760250092e-01
6.761077042896502798e-01
5.822803457416785289e-01
6.381679988919379820e-01
4.166681660867810333e-01
7.228962830959377861e-01
6.071055415671081645e-01
7.964049517270745948e-01
5.090312548972504292e-01
6.228859529564665376e-01
6.520624174797190475e-01
7.359274711479812936e-01
6.681068163984641428e-01
5.728253262354944253e-01
8.744343243197764126e-01
4.900732343746691533e-01
5.782675861888514346e-01
5.028493238504251339e-01
7.519300524502907646e-01
6.782859650414289066e-01
7.202000272340713938e-01
8.551871270702402494e-01
6.269258418624947815e-01
6.446505554883991129e-01
7.009467392583679235e-01
5.530371997038734388e-01
6.200393215551899262e-01
6.767621856284226078e-01
5.551708753333524093e-01
7.208146790234868373e-01
6.205132872476617489e-01
7.083268596339848955e-01
5.608488269331121101e-01
5.936123635642956975e-01
5.980411750490951528e-01
5.507541360826566645e-01
7.397470071453134954e-01
6.968309600964188721e-01
4.309965613340436819e-01
5.483436532737674396e-01
6.780843702074705881e-01
5.506193940357776428e-01
5.605140853687640146e-01
5.808557981173758655e-01
5.719532524809841645e-01
5.828209573393747789e-01
5.912221405840790700e-01
7.705956931368374008e-01
5.933292122905090560e-01
5.663794123903638233e-01
6.523911059593079376e-01
7.353850545237751168e-01
8.428041435459895370e-01
7.965644073102520206e-01
6.835265227318313430e-01
5.346566470595587317e-01
7.677248589550142999e-01
6.175483856703307683e-01
7.613999384265957016e-01
6.542238622363953926e-01
5.112020845440532479e-01
4.697605109962841308e-01
7.165508579074139073e-01
5.970672264495193726e-01
5.891318133904139831e-01
5.508984530969225357e-01
7.115545139895588234e-01
5.438542231243060909e-01
6.312987410522515885e-01
7.643502552804983807e-01
5.929585735869604690e-01
7.625567976396532277e-01
7.756961722901086764e-01
5.523040943864397923e-01
6.579684221212445117e-01
7.599691066300038322e-01
6.865351033077123910e-01
6.642543720020177567e-01
6.364399980381005850e-01
6.965953330714798053e-01
4.347481597603990999e-01
6.754513580548612284e-01
6.477889215899996778e-01
4.113150048691286420e-01
4.189327645252531318e-01
5.156943248226941723e-01
7.024937522146288416e-01
6.199528655916866082e-01
5.484092352737843790e-01
7.107035816658934246e-01
6.031940645173781146e-01
5.688939407105800816e-01
4.515001486315945445e-01
8.044942821142534450e-01
6.134870296197160178e-01
7.156123018964144489e-01
4.929574257228295231e-01
5.405758444735406787e-01
6.754396865388051507e-01
7.451207129771380000e-01
5.271954704263670521e-01
7.232453205812030550e-01
5.646485996325313339e-01
7.008593037861059472e-01
5.701852509603508867e-01
5.982932497634145808e-01
6.434457503084587415e-01
5.570494557211026487e-01
7.094132609661607525e-01
4.525953066699523464e-01
5.293012386519700962e-01
6.237394542236593953e-01
4.436412176235302596e-01
4.454358290855731650e-01
7.595693696597666245e-01
5.902680556949531088e-01
1.216703038936867154e+00
8.742172266963139649e-01
4.295015425955061028e-01
6.082635860128975391e-01
6.920853181685675537e-01
9.055639034934804821e-01
6.779507741478277838e-01
8.052197683648120163e-01
7.007564744884590135e-01
7.066701931397182390e-01
7.175349820000861412e-01
7.887388725452068039e-01
4.803924887482338701e-01
5.918008333492346118e-01
5.628101522761703723e-01
5.635974992479778622e-01
5.106907451231696982e-01
8.538571754286720106e-01
6.085851149172457619e-01
5.436945932172279061e-01
6.204734156722393479e-01
5.924200240854691213e-01
8.444588329979665353e-01
4.809053771238303021e-01
5.392338253023932770e-01
6.369808747679509553e-01
6.541329526577768227e-01
8.046905988369924545e-01
4.870476385881111758e-01
5.847031155017189397e-01
4.424671254193467407e-01
1.018397194511311277e+00
7.306246669120655124e-01
7.898794923202425711e-01
5.699854621784204989e-01
4.223845353685217741e-01
9.709867190560805827e-01
5.735101175294499143e-01
7.185617287827300581e-01
7.844946410680554427e-01
8.346384920987305334e-01
5.236939862794919298e-01
5.671111344647974395e-01
8.299222267496140226e-01
9.738078589178242872e-01
6.197605438245173959e-01
5.436368058543346038e-01
7.696727264793257195e-01
7.737719350900017501e-01
8.115068263980352858e-01
4.066592159472867118e-01
5.192461569595175908e-01
7.503401658544408548e-01
6.799236454592684220e-01
6.675265484126264859e-01
8.712235355393715963e-01
7.176153582924831298e-01
5.173416742966827631e-01
6.189170326947579515e-01
5.795836890691234977e-01
6.662982979383871296e-01
8.099927299345855980e-01
4.915903387342103192e-01
5.667685195874281323e-01
6.005213309964602120e-01
9.330210205604549945e-01
6.027623385999142380e-01
5.692511852395173433e-01
6.476769994486354376e-01
4.946335785449675337e-01
6.059401040358807222e-01
4.689801936179943675e-01
7.473526111749509981e-01
6.422071265944608864e-01
5.807938016981012419e-01
6.394834539595664058e-01
6.045293081679313785e-01
8.927038658715129582e-01
5.290133716595066815e-01
5.528539887910992601e-01
4.913449883654348316e-01
7.479974895372897281e-01
6.598648070622379347e-01
7.213562076972998005e-01
6.173090501232805227e-01
7.166126065369254894e-01
6.131256826550378625e-01
4.203689074388354263e-01
6.426187271736096829e-01
6.265304532807385307e-01
7.487107074040388888e-01
5.177959984104757440e-01
5.446599578911099915e-01
7.226755919161338415e-01
9.302443555425243815e-01
6.315598114104649108e-01
4.943746024021796748e-01
6.651888534667124153e-01
5.076402931466524882e-01
6.719795480180762448e-01
7.746847245491322864e-01
5.576754223558968437e-01
6.392895048735308672e-01
8.220466624918421061e-01
1.053047938386331817e+00
5.310925453409600649e-01
7.486430053718601263e-01
7.336068542279193805e-01
6.492518153510757895e-01
5.330926558166629858e-01
6.114980546248821591e-01
5.520844793583399301e-01
5.296454329001092365e-01
5.024868272286058257e-01
6.638403931841270200e-01
4.936734947732402401e-01
6.905015861336645244e-01
7.498154531375820220e-01
5.564677732378153774e-01
5.685900071068703543e-01
7.412680519440351112e-01
8.191066282187599024e-01
7.142566152609425290e-01
7.003301093731648663e-01
6.669182942938349790e-01
4.947291991358578889e-01
7.552276239912782962e-01
7.087320641368535235e-01
6.510393570364486626e-01
7.549938988132866013e-01
7.188816122283194776e-01
6.332734981549983377e-01
4.959528453026574302e-01
6.190198879359241069e-01
4.394083852253760636e-01
6.198723367262367612e-01
6.184989410847527846e-01
5.870917892089919654e-01
5.147387779466160440e-01
5.958994404474536877e-01
7.326748537387757221e-01
9.619090468112269088e-01
6.363128624019356305e-01
4.764906542373682496e-01
5.846282029107787714e-01
5.467072641164593128e-01
5.981017448911739587e-01
7.934252536600184813e-01
7.662688641548357493e-01
7.795761901754425516e-01
5.102433903818056615e-01
5.736910354122423117e-01
9.149693432940217974e-01
6.007848984953862992e-01
6.719116365513122524e-01
6.280151229056214479e-01
5.812248196934688416e-01
7.328318131814471892e-01
4.280770241384243557e-01
5.822270654048744554e-01
6.499619435606089901e-01
6.388219067252676187e-01
6.017757884729604267e-01
6.074311684778144205e-01
5.704969450988921498e-01
5.087805868537734755e-01
6.930533640914181559e-01
8.116140909886034871e-01
5.054598877595707362e-01
8.473917959752637064e-01
7.507214895262708243e-01
4.720596355825737445e-01
4.298684470806711788e-01
6.249115200603856390e-01
5.658791009549415385e-01
6.089888689602573901e-01
6.331565339922052837e-01
6.266897993588005367e-01
5.798611890052897122e-01
6.281393690462430124e-01
7.610102496381876414e-01
3.874195020147807589e-01
6.790516291103101398e-01
9.918177533150004388e-01
5.840778678360162290e-01
5.692091276333050009e-01
6.920328009432664684e-01
6.659367286974021694e-01
5.387316402133153215e-01
4.801869066563669852e-01
8.039332593052376241e-01
5.038001202946966739e-01
5.064569875024269585e-01
7.497855352552421637e-01
8.877334627733624028e-01
5.112559403092611365e-01
4.635429061119006322e-01
5.861219925831924193e-01
7.211172259903682047e-01
6.478933643708871815e-01
9.647255364957679769e-01
6.658276115163506148e-01
5.285699240306619417e-01
7.836339481812606422e-01
6.266186179611925589e-01
8.375301080860182434e-01
7.712278464285389212e-01
4.630126980233084111e-01
4.324932969623468959e-01
7.537711612816350160e-01
4.640063163971412386e-01
7.460835152358935574e-01
6.419842550590671992e-01
1.161278519607265913e+00
4.084746476106801416e-01
6.317767554456232837e-01
6.719642728793071562e-01
7.132492472867323352e-01
5.564400227983624658e-01
6.103140276422683863e-01
5.182415009429978126e-01
4.827188725826654370e-01
7.558999348095430948e-01
9.787642323281331436e-01
6.099681853043629198e-01
4.705884609484465297e-01
6.085598207736072629e-01
5.717055902299417181e-01
6.699033859061439555e-01
6.609880989329712797e-01
5.930883667656448033e-01
6.805554564642449789e-01
5.143565418538093015e-01
6.739053501436333971e-01
6.593895244735232808e-01
7.611174790838656223e-01
5.896730405928827246e-01
6.764165158157958713e-01
5.746352815561454053e-01
5.156979339845196852e-01
7.757217463645074140e-01
7.591001721475385544e-01
6.424264550849423383e-01
5.234635143074969355e-01
8.048342751510317861e-01
5.224970257068806134e-01
7.334385418849449501e-01
6.718576329877344877e-01
6.380932638927283573e-01
5.023233307488531585e-01
7.701630967616135415e-01
6.544926556113229710e-01
5.808790606373402943e-01
5.489654751722352621e-01
7.972658409806215873e-01
5.218234857609149735e-01
5.189702061189279680e-01
5.733873460634067998e-01
8.119257705683065041e-01
6.356228975367713696e-01
4.545045050350138838e-01
5.396010268313877756e-01
5.163921695786236610e-01
8.525439471433833294e-01
9.503699986882524486e-01
5.824591022662954920e-01
5.612326222626722316e-01
6.088806896041372152e-01
7.997323365025650332e-01
6.800020146189579284e-01
7.016663242123785116e-01
4.994244795671470838e-01
6.694448697620710709e-01
9.851364049873717610e-01
6.077073678244662158e-01
6.609056289020845965e-01
6.160649318023699861e-01
7.458735685592970954e-01
9.491598309713452641e-01
6.394228722543143784e-01
4.273166742352580427e-01
7.046165077903411289e-01
7.872461229788693116e-01
5.653412798655996774e-01
7.003632278447289305e-01
5.229462247138307873e-01
6.292498495593851215e-01
5.576254125262002370e-01
8.144558132099342096e-01
4.668198287217102393e-01
4.494980378039875046e-01
6.326631135190623478e-01
7.573519165633557648e-01
5.974200692085418485e-01
5.361807159808166245e-01
4.910930657280208056e-01
5.925790096035190579e-01
6.391124492935233992e-01
6.834891006230774391e-01
6.416532405530857019e-01
7.483665879248571073e-01
7.749596965600721310e-01
4.782473614536119633e-01
6.967686942366726477e-01
5.346528634352781806e-01
5.183379816768556303e-01
5.698404690633974701e-01
4.199601370080662810e-01
4.798036243262510103e-01
5.943561305780966642e-01
5.284760265489443221e-01
6.344152449747220146e-01
7.009158335835801168e-01
4.920276620195676576e-01
8.815137166633295607e-01
9.827999472113014834e-01
5.873867952575675400e-01
6.857160019852771571e-01
6.072389180565394007e-01
9.853587900189229032e-01
8.355834548348416435e-01
6.061533874228124397e-01
7.520782664035838838e-01
4.399493931465526808e-01
5.868167535073994800e-01
6.249402048576530033e-01
4.993476200772128393e-01
5.883943736872182528e-01
6.587820829292657665e-01
4.859987200058505930e-01
6.505235089798750980e-01
6.714794167714550621e-01
1.066082968076407012e+00
4.295436601437508384e-01
6.487217359786544568e-01
6.068605876519722608e-01
6.162608843499308708e-01
5.787589803538286670e-01
6.836700132016997333e-01
5.723651705982343296e-01
7.069790502719406344e-01
5.351953279993955093e-01
5.945542854141571132e-01
6.541657351683399790e-01
7.379457501532615815e-01
5.373394675998124370e-01
4.670098464164062491e-01
5.324623153193936975e-01
6.518899686276784511e-01
7.078008557518433719e-01
7.496208004937982006e-01
7.169722462932911489e-01
6.915275061157711844e-01
5.827645753125404449e-01
6.067674326460242851e-01
6.743778258222387079e-01
5.994190169028383863e-01
7.438486822678970212e-01
7.735872130071539399e-01
6.851366312868567565e-01
7.826971719341607736e-01
6.270674239237431502e-01
6.360719140346901002e-01
7.796347011640415436e-01
7.870171607071132502e-01
7.654962814323865716e-01
4.982040747999145758e-01
5.782115626591298740e-01
4.682094923892655691e-01
6.961330195595422099e-01
7.089947548225957741e-01
4.884618534002239110e-01
5.084862257939364305e-01
6.614749596041119561e-01
7.360437247901638891e-01
4.921622930528812279e-01
6.097611101077402562e-01
6.328145968101487329e-01
5.942566970908232937e-01
5.484935097257639391e-01
6.736341395139939792e-01
7.545579477870930640e-01
9.053622336524302927e-01
7.273646443994435939e-01
6.094718344966854051e-01
5.788246866919430911e-01
6.963321117810944427e-01
7.773353749776821253e-01
7.120813334894675606e-01
7.208323329593286921e-01
6.314780414971182809e-01
4.473047674814293329e-01
6.052695455613529285e-01
6.339388122288228677e-01
5.110042543658729342e-01
6.321468893965744851e-01
5.652746196098191733e-01
6.218480984630136987e-01
5.961176703741228877e-01
7.824680764372022868e-01
5.432327163619671273e-01
5.253233594085214841e-01
4.996769930864018994e-01
8.674645057412585514e-01
6.450073241553612169e-01
6.374279652648326966e-01
6.774147834857841000e-01
5.142387231359326627e-01
6.972291731800631664e-01
7.752743374029582579e-01
5.041299280872122424e-01
6.894657989323995650e-01
7.635885555120046631e-01
5.145206565949205224e-01
5.564294348572283999e-01
5.386718154469095632e-01
5.955045544507324706e-01
5.883031957017013092e-01
8.357624017600251420e-01
5.750631478437132627e-01
6.128390834082418914e-01
5.978540709159084754e-01
7.247552639468207714e-01
6.985271660403180594e-01
5.419283865963341329e-01
9.458484573928395145e-01
4.708191247308172733e-01
9.085875866778814203e-01
7.178990297830830647e-01
6.604999873403484267e-01
5.780764951730212875e-01
6.225996229620800460e-01
6.383761756438278701e-01
7.063804309508051604e-01
8.526621934383054047e-01
4.873508385410060262e-01
6.561365004191417327e-01
7.436261646481457932e-01
6.926563672940738714e-01
4.890813431525334876e-01
4.260322985128183193e-01
7.288538448272268155e-01
6.794414841024807306e-01
6.009500413489953230e-01
8.029969954207125671e-01
5.042961060678290419e-01
5.933564185750616060e-01
5.556758609778256197e-01
4.152297200952552170e-01
7.348453657925716476e-01
4.646752000973728425e-01
7.021299147736826951e-01
6.638692252822274709e-01
6.767877786462180856e-01
6.525330540057098228e-01
5.876857434306614891e-01
7.080683954310811323e-01
5.170146037001022155e-01
6.877233292266394793e-01
7.605881432008251286e-01
6.035132873936276399e-01
6.634458421628984803e-01
5.621201940776184847e-01
5.679174940031695984e-01
4.209486290221096660e-01
4.726309483040069814e-01
5.626756880137920858e-01
7.420414953565944716e-01
1.097665838939400285e+00
8.337225050953740446e-01
5.703386759784659921e-01
5.952732776762037492e-01
9.077496498413838433e-01
6.843530409697894390e-01
6.038773061621043325e-01
7.041190552351785925e-01
7.282785371284131726e-01
7.110619741282512285e-01
5.516955096710197681e-01
4.240263921096371624e-01
5.142239221244173653e-01
4.881355752556267857e-01
7.153619725618480807e-01
4.885985857580157354e-01
5.356149695097813801e-01
5.053737836528408023e-01
6.241663501877043885e-01
5.415327721451800302e-01
6.234414023440446595e-01
5.725800667908027552e-01
6.404481493256092284e-01
5.414583277054325627e-01
4.425481487923360602e-01
6.192567686390608728e-01
4.874595337428332398e-01
6.755213047449004637e-01
5.814673140312038857e-01
5.387085183129988186e-01
6.906032030885940198e-01
5.807394796261081682e-01
5.132856548339096436e-01
5.920819705267361677e-01
5.681593476928821218e-01
5.246273112325471333e-01
5.810733107633583305e-01
6.772465937508104217e-01
6.251723034826386360e-01
5.126468791402450931e-01
4.932103741758350757e-01
8.095758581505809737e-01
5.748910071743354999e-01
5.639845603756967751e-01
5.719171854655410447e-01
7.096583666468447849e-01
6.500124063901666638e-01
7.563631882994281685e-01
7.938567290119505904e-01
7.355375533924953801e-01
6.062764820328798709e-01
5.422980299244394287e-01
8.354106537034908797e-01
6.371013564902663351e-01
5.968470020313141333e-01
4.210429890269184461e-01
5.126115728279915240e-01
4.609518353765693632e-01
5.611456216407808562e-01
6.710855531232126081e-01
5.500632110955769871e-01
4.928194859528694516e-01
7.571259815270462434e-01
5.432518866988869100e-01
6.559417460894713114e-01
6.075435645451336963e-01
7.295730819312254978e-01
5.049607492578824797e-01
7.054799588223890083e-01
8.078023485334444587e-01
6.651713864282589039e-01
5.022649635461241546e-01
7.586742941740457491e-01
6.951246231810277454e-01
4.931776917576827790e-01
6.562816064129974869e-01
5.579619150346429857e-01
6.353559250652581758e-01
5.992993407502357206e-01
