3.468516951766739741e-05
4.021791255627760506e-05
2.609449550585956384e-05
5.304970768612197676e-05
3.124392623427710774e-05
3.171530537893397670e-05
4.063969348724431614e-05
4.429150210899346189e-05
9.630876536323333475e-05
3.475227581334280224e-05
3.969629248500041959e-05
3.477209041712383939e-05
6.102990589123138759e-05
5.295336583478365601e-05
3.573984442812674515e-05
2.913436021081536109e-05
1.693787439771020690e-05
1.399363468723379241e-05
6.027222272397512879e-05
4.410339755245050789e-05
1.368631284901347890e-05
1.156885065860003120e-05
3.834486838921378587e-05
4.195673790198425597e-05
5.941138755932568030e-05
6.740336516767357026e-05
6.344672494140497657e-05
8.379510935558126474e-05
3.392197042150270640e-05
9.022156178566587806e-06
2.033757216949665613e-05
5.498841033263938369e-05
4.368929338399197437e-05
3.623657267047692001e-05
1.524045837003917485e-05
1.872438642961179542e-05
4.181720107059432734e-05
3.613539140552596312e-05
9.386681038860099076e-05
6.798809540061442403e-06
3.434112002405981191e-05
3.455298183012070869e-05
6.436328651206455517e-05
6.092137070502034568e-05
1.665474003711866872e-05
4.862950561442807716e-05
4.148290787519085812e-05
4.878439409557121221e-05
3.324952779087219756e-05
4.802144733739183993e-05
1.204300097046060938e-05
2.104214416215940270e-05
3.516520036675005348e-05
6.035840479498199906e-05
6.009241898853185775e-05
2.995686452636534789e-05
3.363145775796416720e-05
4.716007328099801213e-05
5.080962494900848503e-05
1.724291654672258707e-05
3.134058874912675678e-05
2.761670578910728428e-05
4.882811251702205387e-05
4.607796819336973506e-05
2.791458769759461723e-05
9.754207624550221011e-06
4.982829168791784268e-05
4.073913752186134800e-05
2.348101583164616553e-05
5.030290370831794341e-05
4.132318238418468349e-05
3.743574654481614250e-05
3.413626115401403611e-05
4.743350789663972820e-05
7.378969173989463441e-05
3.795713179427562988e-05
1.673466638812503614e-05
6.155298928764766069e-05
1.676834189960749847e-05
3.288823000673523673e-05
6.659252706583947492e-05
4.349666274342038315e-05
3.465742488597367787e-05
3.250079930955451573e-05
5.888687018857091812e-05
5.980104482145963944e-05
3.956589391509864561e-05
4.503931778553517797e-05
7.947342375403911767e-05
4.910791215934210742e-05
1.460767859228328104e-05
6.917948264688205155e-05
6.998377256597057203e-05
3.342225673931165396e-05
5.695829230313901540e-05
2.986235118832848882e-05
2.162116343400930879e-05
2.455647471445035962e-05
8.022939305206171678e-05
4.113039546635184602e-05
1.148940439873145755e-05
4.848779362485074456e-05
6.078134315705547815e-05
9.372941927231144937e-06
1.239272256802604676e-05
3.639279526002446580e-05
3.727165249900473391e-05
7.396758592846619203e-05
6.279547289259807040e-05
3.962699966027634731e-05
4.085782448842907328e-05
2.240274984339266955e-05
1.355344120209517672e-05
6.430997936632611189e-05
3.554149175495381890e-05
1.641377460218152706e-05
1.187235706066875254e-05
3.247553872078408403e-05
5.989595524996707386e-05
7.432138017025678852e-05
2.704635715480905553e-05
1.235601012801355025e-05
1.465384007113286091e-05
6.188906156235364747e-05
2.304355883796598388e-05
6.162999332161998758e-05
1.235569595867633556e-05
4.215799473894942440e-05
4.103037984402437628e-05
6.519518148205011982e-05
6.459383323985776377e-05
2.696626966337993601e-05
5.187808903907204129e-05
8.562387900867280538e-06
1.474569113909986122e-05
6.075050921975827848e-05
2.632760738040194193e-05
5.258732354773534617e-05
2.595161575552599087e-05
8.542195313815965021e-06
3.833574161477251350e-05
5.618125172160921062e-05
2.828300667984572287e-05
1.341927165668321009e-05
4.510228835834225938e-05
4.084313167695342753e-05
4.349378083207991431e-05
5.014912005733711579e-05
7.005308544480810448e-05
4.081598586202541941e-05
2.118586627738135229e-05
5.754235647091084641e-05
9.232529495800725894e-05
3.501859076613738725e-05
4.238956438852430899e-05
6.048563865694124369e-05
9.303611441595845979e-05
2.208010019683248856e-05
3.737713377546783344e-05
8.527483614119446033e-05
5.070835406566877513e-05
1.513052109613421882e-05
3.962101236600222342e-05
7.112430592140167400e-05
4.031628155248267466e-05
4.885674803296855581e-05
2.846640290464770264e-05
2.095866204088113631e-05
6.131552021274446851e-05
4.835917228586669383e-05
4.531590494336091727e-05
9.362540675683406503e-06
4.416319713017507543e-05
2.024488027493745047e-05
3.942846165989775188e-05
4.203089693961914404e-05
7.645301292626008674e-05
8.599586119468154545e-05
2.607668473917914106e-05
2.149096996394486963e-05
4.674300428119493544e-05
9.068205398100407104e-05
6.030310277142397507e-05
3.994770613724653074e-05
4.477424790240619229e-05
2.756208264984358127e-05
4.706337763731218159e-05
8.239765716541205787e-05
2.754012060118845345e-05
2.986230925712674955e-05
5.395767538219838777e-06
3.998800259454337897e-05
5.138313776268601683e-05
4.737747612818715340e-05
1.443269930269896747e-05
3.468959923663989534e-05
1.765365832175393721e-05
1.239907699499542273e-05
4.560914125638906917e-05
7.803721456826030680e-05
3.172153791709795309e-05
2.752705016605457784e-05
7.442523196239755228e-05
5.383458546348617643e-05
2.779754776285815160e-05
3.114016717598558262e-05
1.646359165663452130e-05
2.791390125677438886e-05
3.813621607930890744e-05
5.058267311641043374e-05
7.106539343629488363e-06
4.101564468009374562e-05
3.414575643812617979e-05
5.818847477320609346e-05
6.090091775332527705e-05
3.760569652988937211e-05
2.136014316488418565e-05
2.342306778810222828e-05
2.778044397598463343e-05
9.519741775314422141e-06
1.415890705257279569e-05
3.836642976930283955e-05
4.706674615157758302e-05
3.808117955198269436e-05
3.991279453910811771e-05
1.057295140967132322e-05
2.050846359800899857e-05
1.519698955422038818e-05
6.815643549751928848e-05
4.956760372118145376e-05
7.646456767675113164e-06
3.551179298291222354e-05
1.075229472529609538e-05
5.407816868033987783e-05
5.084270274500736703e-05
4.154222814226225319e-05
2.871175611963172635e-05
4.861014327610098211e-05
3.591789203150394229e-05
1.970688729151276231e-05
2.133367786137480661e-05
6.214972057176393642e-05
3.796571515230213036e-05
5.876443569268263110e-05
2.057799703504814673e-05
1.676042837642031309e-05
5.573599331263211947e-05
4.857547657512523766e-05
7.220590552183670354e-05
3.749115718477663941e-05
9.088402088250048744e-05
4.915109993962476316e-05
3.161231106450125973e-05
6.272047800802245583e-05
5.174239328241990926e-05
3.029422384458853383e-05
2.990109249980313960e-05
3.859073717142481576e-05
9.794916404862140437e-06
3.730781239130228765e-05
2.618667137284009009e-05
4.493227556198532192e-05
6.989943869837637555e-05
3.364065716273590041e-05
3.107093693065579327e-05
4.873014124900600417e-05
3.617070215816083246e-05
3.774504727232307175e-05
9.334856284640357337e-05
3.548156359862193602e-05
2.047485862505646193e-05
1.065187109088558267e-05
5.401797881898695114e-05
3.014391715117151611e-05
4.127226488459411109e-05
4.816724524364064502e-06
2.611571164205773481e-05
8.521638331424844382e-05
4.110963514331149587e-05
3.391803672099149837e-05
8.629115316344690922e-06
2.610289506187222643e-05
2.908738006842098096e-05
2.779730321063694868e-05
9.261137144803651181e-05
8.102520839266394220e-05
4.411765056183400218e-05
2.448851229920677268e-05
2.813064662842653087e-05
2.946085119936253346e-05
4.113485956447081234e-05
3.435875694484321632e-05
2.770513060324496471e-05
1.909839535667159089e-05
9.700264567639670823e-06
5.938202951280057774e-05
4.930290115945337086e-05
2.835416738967896775e-05
1.790764186628732068e-05
4.320109198012223083e-05
1.494070676857571807e-05
4.109037440120666700e-05
2.000732263379671676e-05
1.825273403283827670e-05
2.839642777747027354e-05
1.684346644882028112e-05
1.652969584685863970e-05
3.733010982304490121e-05
6.344577508134905091e-05
4.887642812653108447e-05
7.229038684343009257e-06
8.357232271712073564e-06
3.716170444844112749e-05
2.568907586524421256e-05
1.855625378471602042e-05
4.373562276989329288e-05
5.185276404853648627e-05
3.900376215163234528e-05
5.485190028649224761e-05
2.547304038434590354e-05
2.660686199390725174e-05
6.296087489728178545e-05
9.134628278391905933e-05
1.593084316536624666e-05
5.667674438272008651e-05
4.698837905628189173e-05
1.542794423408199223e-05
3.098813569056574634e-05
3.537229700566626951e-05
6.587204786879560629e-05
1.510153892417134494e-05
3.671208574263732510e-05
6.831227084447077198e-05
7.706742711205905787e-05
1.959533959922992328e-05
9.170595661116665400e-06
6.244651431188994275e-05
4.656536096034390935e-05
2.495902345447518461e-05
8.164471402969040157e-06
3.200163353579155710e-05
5.595257852558155521e-05
5.901386700062930885e-05
4.935365912464098219e-05
6.045248990638152456e-05
2.046037140875371814e-05
8.466451539400210181e-06
4.337967121852609248e-05
4.643783230407021032e-05
5.687759486452346200e-05
1.256361016360929621e-05
4.240924181551194354e-05
1.419497976626712043e-05
1.688538869718737736e-05
3.652939000691431191e-05
6.283659423329387094e-05
2.196267656222804595e-05
2.351147588643333030e-05
9.036012221507231344e-05
4.479255232313112019e-05
6.265144397788399168e-05
1.970710212904922548e-05
1.711646750147486625e-05
4.914645013851873787e-05
4.906610436269698587e-05
6.359554774030621292e-05
7.139108864109384924e-05
3.555070272487629213e-05
5.977518602118692820e-05
5.939404535307584218e-06
2.197823319037152159e-05
6.664760264628492663e-05
4.179155405800586212e-05
6.731844458504879691e-05
3.285450198665115453e-05
2.318729411150123961e-05
4.484349822196102619e-05
6.379335993839578371e-05
4.453727623965471024e-05
2.351847646066932370e-05
4.328347683203744955e-05
3.223242397174836012e-05
4.192476817344393603e-05
6.584552261281266235e-05
3.570454219232841738e-05
3.844367910021501090e-05
7.685402068456307766e-05
5.629831084350131796e-05
2.514205747552375459e-05
5.107931078928578967e-05
2.617078727124851978e-05
9.317121904384602891e-06
4.137102355200934263e-05
4.557744003181933253e-05
8.341936132204110280e-05
3.671616976353168151e-05
4.113667091694308257e-05
4.600008626126436012e-05
3.824664896874238504e-05
3.749376782647597241e-05
1.819244752931370164e-05
2.625935529271708848e-05
9.800844864799066684e-05
4.766279264800452319e-05
4.616530703630849667e-05
7.578602370175629398e-06
3.316594939671922541e-05
3.977852478620086147e-05
2.472675077195931435e-05
3.523414762563941647e-05
3.425551621771717595e-05
3.059488073589943890e-05
5.443721185159120890e-05
5.815001047995098355e-05
2.817904275272745728e-05
2.505215510542844337e-05
6.461900466495761476e-05
4.993303006955609579e-05
2.355188320874991199e-05
3.375897604962016670e-05
1.457466430014050844e-05
2.000333158191953609e-05
3.478699966880278315e-05
7.184838189844862247e-05
1.454795993139271572e-05
3.949856431743289817e-05
3.109690633673657271e-05
5.406990647168342083e-05
1.026714959199950990e-04
6.596240296433068914e-05
5.622782658157768869e-05
1.918521190673962612e-05
1.371452883329716841e-05
3.519737189117886467e-05
4.888154260950173846e-05
2.565480146487429704e-05
1.738808685173820728e-05
3.219081844320505594e-05
3.908492942384492771e-05
4.006206158653191878e-05
6.496553944432576920e-05
8.716791862511281410e-06
2.493294251627415517e-05
1.588501733726471903e-05
3.948197315400519121e-05
5.308309208849516119e-05
1.861624744661666636e-05
4.803140544920277751e-05
5.159169494704880158e-05
7.073417841195250638e-05
2.918530364874818717e-05
2.468791071902295714e-05
9.871513164810787725e-06
9.866875417797417574e-06
5.286003787600839936e-05
5.882510447368281093e-05
1.254104005014941078e-05
1.148041257730091990e-05
1.738276889733441705e-05
4.195757185272427708e-05
3.787439506226395277e-05
2.676381317617991046e-05
8.094091390594596416e-06
3.881527681654380849e-05
4.195675338742337919e-05
1.026664631758473356e-04
8.064665956777014464e-06
4.136921339827688316e-05
6.374222422999594037e-05
1.873161231912751133e-05
3.984551291709778750e-05
4.006278852487586407e-05
5.590934806317083780e-05
3.663702815882486264e-05
3.044239311462628464e-05
8.078757376122398142e-05
5.750093872503639201e-05
9.672385880810865859e-06
3.148260310161080143e-05
3.987941732041097093e-05
5.524496553911795957e-05
4.410379689041608273e-05
4.992178238850986680e-05
2.805896954275581432e-05
3.036380215233416710e-05
5.683206958784927753e-05
4.939444732880145055e-05
2.730679324600565085e-05
3.524789534075148650e-05
9.645600164411740796e-06
5.245141533400703095e-05
2.738628770490333960e-05
6.288821564608634038e-05
7.524815724408362091e-05
2.623041272256167753e-05
2.401277521814196143e-05
5.788127345583172627e-05
6.811757100785089140e-05
4.262828946233461431e-05
3.620188491940204569e-05
1.761540804914792733e-05
4.202960394664135516e-05
5.140081187731398987e-05
3.783901211842196965e-05
3.724757398274024798e-05
3.183847668542542166e-05
4.451902054873702681e-05
4.753600790570182313e-05
3.561640393618974631e-05
2.529826538356547242e-05
1.495196975401321576e-05
5.275917636067126626e-05
3.834294923030464236e-05
3.773301939339051159e-05
7.069531904704708222e-05
4.359705278464652962e-05
2.350165921751358868e-05
3.088540192103166000e-05
4.764754711316563565e-06
4.966107213699140564e-05
5.183580267188521060e-05
4.492964992269502412e-05
3.722165916172886352e-05
6.565192644568765944e-06
7.468116198929105243e-05
4.410105205438892643e-05
4.353388202952944300e-05
1.194372382204740664e-05
3.570433087553613963e-05
5.373932035735533015e-05
5.644477973880583448e-05
2.887055414476393634e-05
2.480674859201036355e-05
7.395298277089083881e-06
3.360656215328300606e-05
3.486974364589778450e-05
4.623632032425725432e-05
4.847630507566419520e-05
6.391733776149972114e-06
2.372018663650754864e-05
4.239552294078814199e-05
3.064033280805337827e-05
2.499815125176480223e-05
2.615055823977595735e-05
8.582130495448315121e-05
7.823213010884697417e-05
6.462544748817798104e-05
1.477698373265445577e-05
5.117230666042721935e-05
6.008364484102517519e-05
5.757749023272743346e-05
3.603884025724881279e-05
6.957968727631580670e-05
3.013718562340292266e-05
1.400620871894620559e-05
5.209377971899843706e-05
2.633218961988919210e-05
7.473599193149451172e-05
1.161629377851607785e-05
2.144066670801148949e-05
2.580778745413080737e-05
5.466680097449806654e-05
4.553211334198003135e-05
7.674970889492557240e-06
2.613892990154058541e-05
4.484422139097797821e-05
5.400586030735500678e-05
6.044230939251630808e-05
1.965201008970903404e-05
2.104276140375169283e-05
4.698410052248791263e-05
5.743458176478370551e-05
5.749607568363220586e-05
3.769481432248552986e-05
3.966364058568770792e-05
4.204385131922787138e-05
6.432895251647090154e-05
1.814402319702750445e-05
3.873077368512629047e-05
7.893852334202947085e-05
3.354020592993811454e-05
7.761119185046379178e-05
5.551072460676465475e-05
6.029594875207868138e-05
3.050910078810605672e-05
3.217492744694387663e-05
7.741335812258652306e-06
5.173852943477589157e-05
2.724279943813388388e-05
4.749431255348299637e-05
3.401875419650141275e-05
3.354233449164535158e-05
3.215502144066713955e-05
3.802102945854597519e-05
5.654063688814017161e-05
5.150295884372539521e-05
3.601889863724842209e-05
2.664106246518249948e-05
3.120946387038554267e-05
5.706335219185601379e-05
5.561883160347859281e-05
5.256877677814204147e-05
4.563388781624915571e-06
2.749375779017759197e-05
5.210988034076126580e-05
2.397277003638591285e-05
4.134817527537677735e-05
1.282183689018735817e-05
1.213936439859807303e-05
2.195726887554690174e-05
4.839602536891526331e-05
3.490879494734949577e-05
1.268821527342861450e-05
2.324608268156440880e-05
4.218043456830430785e-05
1.878764786895336175e-05
2.244891875436600502e-05
5.919886879917810561e-05
3.994352086365511101e-05
1.809327341003427514e-05
1.402577623485445508e-05
1.451447476693968888e-05
5.181115531366647811e-05
4.728405523323801020e-05
1.160130464236862101e-05
1.815856970325248356e-05
4.561882110121005780e-05
3.573429538704827718e-05
5.514968612098034695e-05
2.099248725086912641e-05
1.748357604685055864e-05
3.458861310686595081e-05
5.051787986105902222e-05
5.213539598329535628e-05
8.681698256019428241e-06
2.955959519938432926e-05
4.906718499316508350e-05
2.241635633662916274e-05
2.106292750001688283e-05
2.243172343447949262e-05
5.888235958033886914e-05
4.006526609747236833e-05
2.049873555186080976e-05
2.423969263398633180e-05
3.935751359318256627e-05
3.261305576369276377e-05
4.955296838330954472e-05
5.376550837876473539e-05
5.012510111995138664e-05
1.345586009782369781e-05
4.099439782743461081e-05
6.230152524646501351e-05
9.972539292579623416e-06
4.010586661746049490e-05
2.803609324018849618e-05
5.988542713086415916e-05
6.067934686251204009e-05
2.776333106608354248e-05
6.057029964902583196e-05
8.418696357134501152e-05
1.340820685845245864e-05
2.350839660814917062e-05
2.438013698838305336e-05
7.442360473909909061e-05
4.304775588369580782e-05
3.347133372243275016e-05
5.456479683520505252e-05
2.764219824712170541e-05
4.854614224779171041e-05
4.251214808080766187e-05
4.061848654158898962e-05
8.846335367166225535e-06
2.607627496312991413e-05
5.537588984641515809e-05
4.105491227851584943e-05
2.061786210054102254e-05
7.713756742131028951e-06
1.748080740847568541e-05
5.274441104812941440e-05
1.873381945558554631e-05
4.336516305063727782e-05
3.819669044616346381e-05
3.410834924072363373e-05
1.357979647288301480e-05
4.569745228837848874e-05
3.109022089534446476e-05
2.685683266703316145e-05
4.507974198475395204e-05
4.775763040186478041e-05
4.560299998174519005e-05
9.477090432959398611e-05
2.146264370282979038e-05
1.586334307153537340e-05
3.905814680657537785e-05
3.159014079017770761e-05
7.026178174912943019e-05
1.512034999580839647e-05
3.405923037994822557e-05
3.678374422155129147e-05
6.783308173097540741e-05
9.861721271481310098e-06
3.747881665382869082e-05
4.106026536259833312e-05
6.498062093221754025e-05
1.000535895867183302e-05
3.124522734473711471e-05
3.566492709083135976e-05
6.018240911743926103e-05
5.085536186965062530e-05
5.614259795234548220e-06
3.078424542364093213e-05
2.628667991245990269e-05
5.973818793435584502e-05
5.230915629691120118e-05
5.186290988750986579e-05
1.874026993621898021e-05
2.458280977725800764e-05
6.052346589415404918e-05
6.510894283854691468e-05
6.447494008471721762e-05
4.287684824048102969e-05
2.918515995592098846e-05
2.555005103934809276e-05
1.934457859875577692e-05
4.405440179452441157e-05
5.948826561478728252e-05
2.388217436369616969e-05
5.529809719416462063e-05
5.393762937141028920e-05
6.250286733698694598e-05
2.523427526944986590e-05
4.175530192825327561e-05
1.571811036670765963e-05
6.161463205113354143e-05
5.061797773367427648e-05
4.191866599422636186e-05
3.247291263043352910e-05
3.563855320288335021e-05
4.299805663011606007e-05
4.924713474454768438e-05
3.088104141583235008e-05
1.628864200442812571e-05
2.273426284438975677e-05
1.598569929711682913e-05
3.475167076629940384e-05
4.152256350362277143e-05
4.850668086173911251e-05
9.518177345773683184e-05
2.314965138581469384e-05
3.692410830749163147e-05
1.169585927011937825e-05
5.890848611889110495e-05
4.418273709008459758e-05
5.276186286183697898e-05
5.165232398443524690e-05
4.562126865889600181e-05
3.361505224949911600e-05
5.241843098534710513e-06
4.164402127375396788e-05
2.638051532450518336e-05
8.323090327552610376e-06
3.332002495258546174e-05
3.646725127019948671e-05
4.882269324883401087e-05
4.479381379235451092e-05
2.958256825707033830e-05
7.394345886663337725e-05
2.249466204311859776e-05
8.627637404791199013e-06
5.887169177932884096e-05
5.573162007491086359e-05
3.277574583412678252e-05
3.136037495956662180e-05
2.479523328975770247e-05
5.183729631134111700e-05
5.286393410771252478e-05
3.840622565581727202e-05
1.114555195075790141e-05
2.318441688326903190e-05
2.685965240253810523e-05
5.647024752555051858e-05
5.429704937378590832e-05
2.060139374394162078e-05
2.749096500695628431e-05
2.606327849214419242e-05
4.765808821202361306e-05
3.035199697143779683e-05
1.329002470236884627e-05
4.051998099926561533e-05
2.795903088799417296e-05
1.130154225378139296e-05
2.426798311679575923e-05
4.894110197123714993e-05
2.166974287083499841e-05
4.454931427550905569e-05
4.990115419008709204e-06
2.417985982723530025e-05
3.685400164441839647e-05
6.030120545281455547e-05
9.835686347249050809e-06
4.810355773232763752e-05
2.065836999888535873e-05
6.505767827288895565e-05
7.937535405427604152e-05
2.177534035809173090e-05
3.751157815611574968e-05
6.521830082934726726e-06
1.002728941075033824e-05
1.415131541325196291e-05
7.234817308561942431e-05
5.744847858535232708e-05
3.003310483359352586e-05
3.527994811337684951e-05
2.078634877780761008e-05
3.971990286860284906e-05
6.770289173478109238e-05
6.087727986324758031e-05
1.895565477899586226e-05
4.934996143827706641e-05
5.024014200173597221e-05
5.048066199752762135e-05
4.804716025907184411e-05
2.448440894888265619e-05
1.266853324715187886e-05
3.774582795596796492e-05
4.245082637395497803e-05
7.011454322367158438e-05
1.519185223247742644e-05
3.586356037597810868e-05
2.703592814050441892e-05
3.997301396038262575e-05
5.403682197688655550e-05
6.368115649192150163e-05
4.508741681989406085e-05
2.161796957306366809e-05
2.641880114521853495e-05
5.584459034235558241e-05
7.960957705513990821e-05
5.650011539131063337e-05
4.162054117433026783e-05
6.327876560507505067e-05
5.939743522344030917e-05
4.773041613996959587e-05
4.124868465592159241e-05
1.347011953845411166e-05
1.084934521590472335e-05
4.622817693802851771e-05
4.209505297981315942e-05
2.654955606157354258e-05
2.951464193359555971e-05
4.381011555679336424e-05
2.882801640175919187e-05
1.895251506809683730e-05
5.512648473138777381e-05
5.020708744956684340e-05
1.421271753794138212e-05
2.482554312400076730e-05
5.309717969039284483e-05
4.828924509365755937e-05
5.808762488764037925e-05
7.241800886791243857e-06
2.105713614574066222e-05
5.050024741775819794e-05
2.469482925120650811e-05
5.561603326798451532e-05
3.055541517889912159e-05
1.402125975818225252e-05
4.808667550890931400e-05
6.050334437927866102e-05
3.978682591072668580e-05
1.634217576353519974e-05
3.333119608376319592e-05
5.367152934695770767e-05
2.291826984277021902e-05
1.023099906323760254e-05
1.458527314013985987e-05
6.016487723337795419e-05
5.083384772924133668e-05
1.002310116390653182e-05
1.914187653737216380e-05
4.639516055098401206e-05
3.662244284548189961e-05
2.847460994647769985e-05
1.220535505613448986e-05
3.373292449600446484e-05
5.758042700268143764e-05
2.581179114074915192e-05
2.920745635231976716e-05
4.447293042020986818e-05
4.164608575988784617e-05
6.615332979860316935e-05
4.085785413238101217e-05
2.045669123066890012e-05
8.753124742472828809e-05
2.304449431882675170e-05
3.473333150501347737e-05
4.560375962129081974e-05
4.630008050560697601e-05
1.197667637208379727e-05
2.530523748714238086e-05
2.499733149907552268e-05
4.221630056733542864e-05
2.463336857263410945e-05
4.863863624963475564e-05
2.550372259000136655e-05
4.936301234430221771e-05
9.275854618531315890e-05
5.363379091309908515e-05
2.135641426860377258e-05
4.111438684280408677e-05
2.965149183563379570e-05
3.989982259648195052e-05
3.599836722680848137e-05
7.412400285976470890e-05
5.655876079314371696e-05
1.011323442522082895e-05
4.258122387499480699e-05
3.149794253449047859e-05
9.406012666531459365e-05
4.844165296901694983e-05
3.905861883039985779e-05
4.440370386830624542e-05
7.733291166891206211e-06
4.394875738387865626e-05
2.509258783852346661e-05
2.519383822603482454e-05
2.988847254655345424e-05
4.178223218473500121e-05
2.123923288112205494e-05
1.674777089492371956e-05
3.223643429325091233e-05
5.979598775414831632e-05
4.377903420240074041e-05
6.014477419954718902e-05
1.691444997277793857e-05
5.547705895511486929e-05
1.784419575956036369e-05
2.842469557974485207e-05
2.160380417677724892e-05
4.731267220425811439e-05
6.397311524265030783e-05
5.085936229033744167e-05
2.716670292111864410e-05
4.928187636918404760e-05
4.051412929641423145e-05
3.145178614814183172e-05
2.285838999102932870e-05
1.262288954410717260e-05
1.025574032919673270e-05
5.470361955519292352e-05
1.354623862771427032e-05
1.643976909361731352e-05
1.591495408922373008e-05
2.524163184125583070e-05
5.384815104080072648e-05
5.413441499032008272e-05
5.022186614274575450e-05
3.746892389138767093e-05
2.384141721112761566e-05
1.968406369853815344e-05
6.848089454073100755e-05
3.608153584880836808e-05
4.021327849420883020e-05
2.134375163018087433e-05
5.143191492236164854e-06
6.050344907696464061e-05
7.120056947866844137e-05
6.412011050115743491e-06
3.182698007465581429e-05
3.187021693981844300e-05
7.865628257457232993e-05
4.618689163846992736e-05
7.579858616527075425e-06
3.743247409785590039e-05
2.019665112795995807e-05
3.930336428332762365e-05
5.490413061876724831e-05
3.308566907550006074e-05
5.248810458948381869e-05
4.509870715568727289e-05
1.747453510929733263e-05
3.382435215979202311e-05
3.827372977973726904e-05
3.457218550380379909e-05
4.953184503128162005e-05
4.540218242842063975e-05
2.607085852671772768e-05
2.785506911261479102e-05
5.032943399968464553e-05
5.789727147578905821e-05
2.080925701899100029e-05
4.216379451297941046e-05
3.403895548829314965e-05
4.061142857373704727e-05
3.723781049938099834e-05
4.098209915556379337e-05
2.673269452115695924e-05
7.200671255582581595e-06
7.651075143522148504e-05
4.366674869109340019e-05
2.536695565493793974e-05
4.820618076305473100e-05
3.878880172896629166e-05
2.542209564740184521e-05
2.150204055391869465e-05
2.942027218789800675e-05
5.499813890894990554e-05
6.333548164877371022e-05
7.234541329689155574e-05
1.729860245277402110e-05
3.505471717477660367e-05
2.265222473692554749e-05
5.643043666040274865e-05
1.822459102531059165e-05
4.740767480896575416e-05
4.665132944165474674e-05
4.198638675541506177e-05
7.830669190701022771e-06
2.529414678206211322e-05
2.361999029818801863e-05
4.705445239379966120e-05
5.692406794878898108e-06
2.137495990281426032e-05
6.744205973299297518e-05
2.980066528321929803e-05
1.287996226604810178e-05
3.228269977425046798e-05
3.620711304761796618e-05
3.874209527385810085e-05
3.915030709845424716e-05
9.047719863375548862e-05
3.882456674610925746e-05
3.157629882330680130e-05
3.602161536639280395e-05
6.075868727468862007e-05
8.942326412879403593e-06
5.419968025280234392e-05
3.077277856922858119e-05
6.571356174913654564e-05
8.496663965027928989e-05
2.776740284201958280e-05
5.869115651046525716e-05
6.454619154487188601e-06
2.205825378294256519e-05
2.581298498474427660e-05
2.444096615809071947e-05
6.752207031260627746e-05
7.765959259250162258e-05
5.816280218378654956e-05
5.084293685592730736e-05
9.683234958602628898e-05
7.158905940205725633e-05
1.807985910444050477e-05
6.036150463515098158e-05
7.690894694975323315e-05
6.777974113290789542e-05
3.007498657169086859e-05
2.598818064093097785e-05
5.182794793264852441e-05
5.973361383998589304e-05
3.025541818937857021e-05
1.149247610173053891e-05
2.013016631462261874e-05
1.332692705572873191e-05
4.708786001092394420e-05
3.092846782179798260e-05
5.213871715263174151e-05
8.893806473293233358e-05
3.067207996753230480e-05
4.405721659869057754e-05
1.624223372172960023e-05
6.304041847142896984e-05
6.918574818946004903e-05
3.125006229556008883e-05
2.260170948244099017e-05
4.024512711415628962e-05
6.609947272140678342e-05
5.337945661965543551e-05
2.547639651646397183e-05
3.794228930047514040e-05
3.632284805681838927e-05
2.042385170671755058e-05
2.972873595334774339e-05
6.054742114171923707e-05
7.167166881706656926e-06
3.796451654354431103e-05
3.239877555952459852e-05
2.587725587032853591e-05
1.263433360340361578e-05
3.767392641909642840e-05
4.301905864440806472e-05
3.289308018080237811e-05
1.204428375307898145e-05
1.593678816904739340e-05
9.000433949512913999e-05
1.617866735852809896e-05
6.206369905627767268e-05
3.826905462440085052e-05
1.765681138655621487e-05
3.314660032536666511e-05
3.410383563300945235e-05
4.544440290440116090e-05
4.260768560675769385e-05
3.972031045701028464e-05
4.126731177061181925e-05
5.289151471242051802e-05
2.515391104494173514e-05
2.769607054349314959e-05
6.938743927618877961e-05
5.106872527817679685e-05
3.860364906741089845e-05
1.623031001009866574e-05
5.000190300320139964e-05
5.560228585228932900e-05
2.996968984151010469e-05
7.629557582474381065e-06
2.139673366571049303e-05
5.888839190712784663e-05
4.068208791430947332e-05
2.022905248179995814e-05
1.606552770227781630e-05
4.886576210737969995e-05
4.866315260968447011e-05
8.227768110756151696e-05
2.485429434511006973e-05
4.274336042812799745e-05
2.220420434222648541e-05
5.915366856863722235e-06
4.118732678805328654e-05
4.363380573996421095e-05
2.560372915044572593e-05
7.338233297424653315e-05
2.086800307551328775e-05
8.148580734908309847e-06
4.336420601450536845e-05
5.025971593780174696e-05
5.523970305735680949e-05
1.343917722895074619e-05
4.932819808473882367e-05
3.232896296881158325e-05
3.883170332900357966e-05
7.377876257187269699e-05
1.986927614027063542e-05
1.509810125320046360e-05
6.386384781934499729e-05
4.912407649324692331e-05
4.177078010117937497e-05
1.695722988150455244e-05
2.078277175746215158e-05
2.878664676509033176e-05
2.551993585149961810e-05
2.682251364977972444e-05
3.822730045239604746e-05
5.149312733635787826e-05
6.742579587959187098e-05
1.830963166304803966e-05
2.768066933548638854e-05
4.880803208581268947e-05
4.281219823573530453e-05
4.736312103622260304e-05
3.239621118813224162e-05
2.855742468691109355e-05
2.845623391460740009e-05
5.079444202362151032e-05
3.186532508839878738e-05
9.507727859669021337e-06
1.237507520238089372e-05
2.643448364403559178e-05
3.999578825955824539e-05
4.280456203369856493e-05
3.013689170290173773e-05
3.001235313019143285e-05
4.802714271830302924e-05
2.085944764835308968e-05
6.014418178957797121e-05
6.759760633471949016e-05
4.978754298661567485e-05
2.776045203804693271e-05
4.049764338500450890e-05
5.101299760675289470e-05
5.314577520492420583e-05
4.981387792398560385e-05
3.316510151995477428e-05
1.744123516559369170e-05
3.781475831643046301e-05
2.763467955320517058e-05
2.718584897369150278e-05
1.366837137589693706e-05
3.737815166416071587e-05
5.793707108151861210e-05
2.428971338199107416e-05
4.707471220792774843e-05
4.814952317432203679e-05
2.685907958132511284e-05
2.505002315918495020e-05
2.158331273132911741e-05
3.306724202321241176e-05
6.550276474733885725e-05
2.721591382001341649e-05
5.806655351191046923e-05
1.785727407759065216e-05
3.181915120993093044e-05
5.387003949371053875e-05
6.871886646976585217e-05
1.457537976618590415e-05
3.325515917362980851e-05
4.389986386199750719e-05
5.413009463063556072e-05
6.963354893754799386e-05
4.444962412945787402e-05
2.371599159276202855e-05
3.358949446332027073e-05
5.985140151800932487e-05
4.987949243194577336e-05
4.674712671846640661e-05
5.471602235895881006e-05
1.441129356380586972e-05
2.112954480821704775e-05
1.871117775447265124e-05
3.518230704649540308e-05
6.264398473318521544e-05
6.975834441208406274e-05
2.484365497633200979e-05
3.006248259193311840e-05
4.792242479261346507e-05
6.142082315050026800e-05
1.668059348366444079e-05
2.973827441193134828e-05
4.867163076493044897e-05
6.507719589165898710e-05
3.708492688664999186e-05
3.886536423724359181e-05
4.634442823301959007e-05
8.761013075431362278e-05
4.567016357178335759e-05
3.810798712353354099e-05
6.482065354160392097e-06
4.017976672140734760e-05
2.131754376389647857e-05
4.034396669937256565e-05
8.315264260278740780e-05
3.564650758852361880e-05
3.988956617903140320e-05
3.531073967702913241e-05
5.379305372261791864e-05
5.541855767442783331e-05
1.812882578778443935e-05
1.972264928530114797e-05
4.437244439506570344e-05
6.948472218925571815e-06
4.299860902955776008e-05
9.104625126697354518e-05
3.307296533928966295e-05
1.452291618514743970e-05
1.424719846541774604e-05
5.465361281331605623e-05
5.537777670852703243e-05
4.118268043013672040e-05
4.445184570483332368e-05
7.730397325377752198e-06
7.917693962941437153e-05
2.162008630854639278e-05
2.728234102912366273e-05
1.253010240187049854e-05
3.017774585578283201e-05
3.163206380011078164e-05
1.652027258682999098e-05
9.087603841464836319e-05
6.952701164171318780e-05
1.976383739597956121e-05
1.945232728819246110e-05
3.280120324355577420e-05
5.177169391460604268e-05
7.692952283558376837e-05
6.062805900815672160e-05
5.929687369711343924e-05
3.387971718107088371e-05
1.432339036533623697e-05
5.031817212772715984e-05
5.542247528583280454e-05
6.055783806739692296e-05
4.191068354157857388e-05
3.698923858467437041e-05
1.159774425404752337e-05
1.284117760942462732e-05
2.952153145913538132e-05
5.827582551092453804e-05
2.756147384682245595e-05
1.535375435466144938e-05
2.211739171187310069e-05
5.381582145860765756e-05
3.150391394605977640e-05
1.906894296573364867e-05
1.961697059792838404e-05
4.330355247141174692e-05
3.048666180589003691e-05
5.438177315133476319e-05
5.839806625853676919e-05
3.115560623673395202e-05
5.517567108822422260e-05
1.682910597381655576e-05
1.090514678853968015e-05
5.897947750085276751e-05
2.647821425006845111e-05
5.723833478352515126e-05
2.622824773897975881e-05
3.291841414435289792e-05
5.148220430447796394e-05
4.259305591697632771e-05
2.014872433447319693e-05
3.669545777991094313e-05
2.450279700273616076e-05
3.543676239676785958e-05
4.977575579907853162e-05
3.174136786759117256e-05
9.123283925316439725e-05
4.727191560377219805e-05
1.413140074958103579e-05
4.680251744562145626e-05
5.640226516271401065e-06
4.267046748536774834e-05
2.827569676546210241e-05
6.666925628269390050e-05
1.374586131932511406e-05
3.358597247805798563e-05
3.718341809091454297e-05
4.476299847033480292e-05
5.456848982435775428e-05
4.813016976358563698e-05
2.536171644633244978e-05
3.776606685408971203e-05
9.016896854371251149e-05
3.940995082065838127e-05
4.333672181550678626e-05
1.955198476946299612e-05
2.300459907416796724e-05
5.694991306000788371e-05
3.053481975259072156e-05
3.240850106111358559e-05
4.713131071934384978e-05
4.993928468586544828e-05
8.235025260275434273e-05
3.367565651113216556e-05
2.935298963861293666e-05
4.294264702912755862e-05
8.430804155097229135e-05
6.868787198005713121e-05
2.810330731335484972e-05
5.055910230975082858e-05
4.626770618718108858e-05
1.651839533305805141e-05
2.691029097581722719e-05
9.062460604891097165e-05
5.020501016656647302e-05
5.520424861534870800e-05
2.399220641695574285e-05
3.974360746377783604e-05
2.535613176199271045e-05
6.852304309523512486e-05
5.028544417335152519e-05
5.146304715815660309e-05
4.039121484127651687e-05
3.895874663476389134e-05
5.644026876955021688e-05
3.644734199255904669e-05
3.662394542062824364e-05
1.393981658736166704e-05
3.984195744893864771e-05
4.821935304669466236e-05
4.725508374771426954e-05
5.991384400865567645e-05
2.887945166769142317e-05
9.903130256281070685e-06
5.001528743355992604e-05
3.862696647297387528e-05
8.757157857396195280e-05
4.045123976349545100e-05
3.891396257506555178e-05
6.958015637166273747e-05
5.841894688521544746e-05
3.765464132024121151e-05
4.072458791496463468e-05
3.009145455089135257e-05
1.769488595270110490e-05
2.797778960044861024e-05
1.451788584737908998e-05
4.426141040286595620e-05
5.400245777414095687e-05
1.198190441815934822e-05
2.624283797964383942e-05
2.678814615995493611e-05
6.157270700352945078e-05
3.698441145971942200e-05
5.940463490257681098e-05
2.110098283058396807e-05
2.552579737547225385e-05
2.359518435652528182e-05
8.652482587275183259e-05
5.728021347034805430e-05
2.190211305065304506e-05
2.165233727633054052e-05
5.136603969116643274e-05
6.682207973186853273e-05
1.242841956981697305e-05
2.859189316435292049e-05
5.373125077363505032e-05
5.627083217695014042e-05
1.586659115644161201e-05
9.264878593092572834e-06
5.585063157426639841e-05
4.965443873599967479e-05
5.465312562927646556e-05
9.124827185944690879e-06
3.497406740484912532e-05
2.128370463130055905e-05
2.636462501635013130e-05
4.783728553336319178e-05
9.144434948611116691e-05
3.430240819172886271e-05
4.389275586263566466e-05
7.533510445565988391e-05
5.923004975739425696e-05
2.046373228940894494e-05
1.324846292263232137e-05
3.435223322209114748e-05
4.472315684822620522e-05
6.151420015175924888e-06
6.285819725254289945e-05
8.832971980327136371e-05
4.717348724520349130e-05
2.842551860683814751e-05
3.357583124484346174e-05
2.455991062399935933e-05
5.622015255510547761e-05
5.750437212114498445e-05
6.334603371577539690e-05
2.504323457201109088e-05
5.544810284313693525e-05
2.158660450865834362e-05
4.367754881598910957e-05
4.308083041109652235e-05
3.758354888826113911e-05
7.066986084515841898e-05
3.999473559559948478e-05
3.823601636301529708e-05
6.876827278079950609e-06
5.490570495635895725e-05
6.598876391878550761e-05
4.880785721945982603e-05
8.115655442031272635e-05
6.909223478693976312e-05
2.904049080631871979e-05
4.015709274565602605e-05
5.054331260458268900e-06
4.106405101915633929e-05
7.216028298166559350e-05
4.232839159486363067e-05
1.901941300136158694e-05
4.219289395559945864e-05
4.449871329702778688e-05
2.720280567987662637e-05
3.006901143257180439e-05
3.383854615955900186e-05
1.288240197066792936e-05
2.979416199341059816e-05
5.795230865078451320e-05
1.167245139641330118e-05
2.400474169594463069e-05
6.176748818152856090e-05
3.497403944432442166e-05
4.772542806946883838e-06
4.494079675700066075e-05
3.611479300569299931e-05
4.608253670771387254e-05
2.313551869695364209e-05
2.456522595888566889e-05
5.452324006620533803e-05
3.764247749047024166e-05
6.389442798726762361e-05
6.402014373423616647e-06
9.790556345095265212e-06
2.511870681363693891e-05
5.744193376943144101e-05
5.468923591187341477e-05
1.599145579844050464e-05
9.968038675791830863e-06
1.129328230232680766e-05
4.371929146210793376e-05
5.949216632375360365e-05
5.033099094462942078e-06
4.667168848997623338e-05
1.893438083832484696e-05
2.083750125881567842e-05
1.372530499551079573e-05
3.326283339077314079e-05
6.542944135565227474e-05
1.597462455031139708e-05
1.316852142762137502e-05
4.630819689651148304e-05
2.717611354345822729e-05
4.673115250165900972e-05
2.567877924136867032e-05
1.323249111338973192e-05
8.054121552433936944e-05
7.286646049681028364e-05
4.074303456297815706e-05
2.271989488560948671e-05
3.955652484877908751e-05
4.450548486806669193e-05
4.343015482055474189e-05
6.170917582738680437e-05
2.364250199247461864e-05
2.454942915768588128e-05
1.953586254939235922e-05
1.832482756167527733e-05
4.384322909379489232e-05
3.020962609659923960e-05
3.693967402335678811e-05
6.606599423361000052e-06
3.422542908157222589e-05
4.940535601414002849e-05
4.475738836688489427e-05
4.922835135046320614e-05
6.487018302407467660e-05
4.293018306381802830e-05
3.118815543488796978e-05
6.467622566231532005e-05
4.952299682201357511e-05
3.266432433536035137e-05
4.556707807184410739e-05
2.406532877839382353e-05
3.747460784792319358e-05
6.966330691838208049e-05
4.339375038692627767e-05
1.414838574247876344e-05
3.386319996578806613e-05
2.589271924743032018e-05
3.280276859611917881e-05
2.998425053029305743e-05
4.229004483192346208e-05
7.166213703898911705e-05
3.695516603485005439e-05
3.290051667976596128e-05
2.038338422183409514e-05
8.842453722345637308e-05
4.896337257599295094e-05
5.028684100188062986e-05
1.845082032961803755e-05
3.113530378715782950e-05
2.891838053912871830e-05
4.994978077440555666e-05
2.840926779706793629e-05
2.400195433029066788e-05
3.307832095863149583e-05
3.737442467516971642e-05
4.379703495293672512e-05
9.975786478073923666e-06
8.833237580002996730e-06
6.052373417990913825e-05
1.988587096057083261e-05
3.611083627307392702e-05
2.122418985104698125e-05
6.279390019327580372e-05
6.688719925124775594e-05
2.472952063050181431e-05
3.176085877282903373e-05
5.532421308358984979e-05
3.502294664077235293e-05
3.120778300041483923e-05
8.915255793424014581e-06
3.076036598491516122e-05
3.540297966405286717e-05
8.132770442161274494e-05
4.669476750307975080e-05
5.267284489946826464e-06
3.049360055235325004e-05
3.624185267701187074e-05
8.826522736552403124e-06
3.609641990719601783e-05
4.172679939232535164e-05
5.314200771463298459e-06
1.410628094528414034e-05
6.013923480159323270e-06
1.373915040565992854e-05
3.227325444502807708e-05
2.712050282761009325e-05
5.121978461007412162e-05
8.841397711655724393e-05
5.367574495377650559e-05
2.528232557847780577e-05
4.314524936542111523e-05
6.254478698446287027e-05
5.962902520420658187e-05
1.442869845441778643e-05
2.988230505034096768e-05
9.909168700775276015e-06
5.761826812521050011e-05
5.084582051763793616e-05
5.632440057241694327e-05
4.284711053608977386e-05
1.824177868285799096e-05
2.454214069390339299e-05
2.725562234429649132e-05
8.402597429673291452e-05
5.477986778933845359e-05
2.456915278516547837e-05
3.190429941147597081e-05
3.414361953586990005e-05
5.498979763348166880e-05
2.688251126575271689e-05
3.990490552772363547e-05
6.397875779888160478e-05
5.935380671481504516e-05
3.264981571337533054e-05
8.846478146347007429e-06
6.809351455463784418e-05
4.979883673082060301e-05
6.226442540584757785e-05
2.508138036149249156e-05
5.183511180418698286e-05
1.434014024063078586e-05
3.654348265192675218e-05
1.812315408482637578e-05
3.194762609291863000e-05
6.258652953990897908e-05
4.185617115460147150e-05
2.890271933304940658e-05
7.069851218577529817e-05
3.787004630228806869e-05
6.274559754916003815e-05
2.416550717501282958e-05
2.559141155821894456e-05
1.425804187810484678e-05
5.211592649502505298e-05
8.041551554357043478e-05
3.947168775609164923e-05
2.547511377628800840e-05
7.031616004399789147e-06
4.314630141535891612e-05
1.615487650679117389e-05
6.413907563148835340e-05
3.724013571787636583e-05
3.626896176993529809e-05
1.462728073410936922e-05
8.543082361597156642e-05
4.435269240010069285e-05
1.469476810650045886e-05
2.309247230168907632e-05
7.282808894348834509e-05
4.069709572131820105e-05
6.411538453330254404e-05
1.915056886313473022e-05
2.030847903572897763e-05
6.699962979570906853e-06
6.327564065320674745e-05
4.690757568075750952e-05
4.951434310856689849e-06
1.381903458122804089e-05
2.121379702349891847e-05
2.580479220999648497e-05
5.125542597890859673e-05
4.332123442087075694e-05
6.018408856284156801e-05
8.400893252647425214e-05
4.969815146666910644e-05
2.284434000750403451e-05
1.878794173391004269e-05
6.463689740919885505e-05
5.174886605748990371e-05
2.274067491913787323e-05
2.434133640067399947e-05
1.863362962767244738e-05
5.992898254761451087e-05
3.816919435945544364e-05
5.633117913309285336e-05
2.905587102652835508e-05
7.637961803428738438e-06
2.655207738435709340e-05
4.628114378083799741e-05
2.599406960211392712e-05
2.267210936977143076e-05
3.510242910085361489e-05
5.204047586783629582e-05
6.409089053477299007e-05
5.947255128578102516e-05
7.976926950623498445e-05
3.632073479823665215e-05
1.641970634577341576e-05
5.244936616287174041e-06
3.129571093393562054e-05
6.113795205568319901e-05
3.530167677918258817e-05
5.698418857952311994e-05
2.839951273730750736e-05
9.591727799066325795e-06
2.946815187797356613e-05
2.419596041005847602e-05
4.959074038897445189e-05
2.125833332013228705e-05
7.836926019168022461e-06
1.721322915074463330e-05
5.643681347710785892e-05
5.233231759740217351e-05
1.671800775383681977e-05
3.543737677459656146e-05
4.123728864609824607e-05
5.051234230049336338e-05
2.067612104542141088e-05
6.270596022837468162e-05
7.820093727609536281e-05
2.490797487911617505e-05
1.815224908334903082e-05
1.822099422237885848e-05
4.158654677096685243e-05
2.894641977758807000e-05
2.290681244011585465e-05
2.626057337366886259e-05
2.713767666607317102e-05
3.766100826551493816e-05
5.168076552645218559e-05
4.987404668642049412e-05
1.939423241465790384e-05
2.512759671524849388e-05
2.147083064555222864e-05
6.997334734538844319e-05
4.417484279664681039e-05
2.049387186482208020e-05
4.161377980029964637e-05
3.014001020612564063e-05
5.097667490565694953e-05
3.616893584154153880e-05
1.591311636758825244e-05
2.594207099502911687e-05
6.894337980364756446e-05
1.610995948136980082e-05
4.340468559122397289e-06
2.362425516467484354e-05
5.459704550032288254e-05
4.912048939903231710e-05
4.831296140732570623e-05
2.149143669526362078e-05
1.130144926180086943e-05
4.164231592013071875e-05
7.866168500853639638e-05
7.038209881527591289e-05
1.305171088909516661e-05
4.941124184290651206e-05
7.841688476415147220e-05
3.774593059275175503e-05
3.486003822554612961e-05
4.545321657651364716e-05
1.574847664235615432e-05
2.186106889449908688e-05
2.127531391418690005e-05
2.641651400206367911e-05
6.098766051733957842e-05
4.568662972382696010e-05
2.940614698365953992e-05
3.929586038892912486e-05
5.263162037821331022e-05
7.732450246630023674e-05
5.252596571517683521e-05
2.050752518808290849e-05
3.782027638106467521e-05
3.673522211701889636e-05
2.683542941171866323e-05
3.605659412712508989e-05
1.091974579354457127e-05
3.510783101341402812e-05
5.381753742965236559e-05
3.493590996882587333e-05
8.764598046545314536e-06
1.134553203420811260e-05
2.115316532479838887e-05
3.362696190112166765e-05
7.960179101501642655e-05
2.973918503028353573e-05
3.842593793631709310e-05
3.278419240927701129e-05
5.649376082493447600e-05
4.914765315219301835e-05
5.561176982565430688e-05
7.254112199799252778e-05
3.642577001804421825e-05
2.227696684620005026e-05
1.576360496282044050e-05
7.295234974627577966e-05
3.427454869602728448e-05
3.088923241698232240e-05
1.656079907783697088e-05
2.199764930737394675e-05
4.653448211047214153e-05
4.063533682127259386e-05
1.123047988377520483e-05
4.219755658158143790e-05
4.280487168231118328e-05
2.627701087063021791e-05
7.331868839501897209e-05
5.929773628884578879e-05
4.678855711902415185e-05
1.620308496700425478e-05
4.032960928205520757e-05
2.849074783435064486e-05
5.056161082632482253e-05
1.659708092650514201e-05
7.777947699809739800e-06
4.859900856151153260e-05
5.860476707202197291e-05
3.488217883484423396e-05
6.400908478065783921e-05
1.652078968634423708e-05
5.243478573289193940e-06
2.730199139105810591e-05
1.077608204351769576e-05
4.959102623860261284e-05
2.321707820714702486e-05
4.519631253925611170e-05
3.703990997760263782e-05
1.920633114201711591e-05
2.931961768501234564e-05
2.906749937836821117e-05
6.940390305981739515e-05
8.663369276129456988e-06
2.844308168837988507e-05
3.446901891044283053e-05
5.350531494749585489e-05
3.579022639306870824e-05
3.624009733391439161e-05
3.031709377882609249e-05
2.962671067535479108e-05
5.649497204930791942e-05
6.607747864674480911e-05
8.489063775725474395e-05
1.758724101404593614e-05
2.790571212586885437e-05
8.995676915810423674e-06
9.525480204737516967e-06
3.491389887673011121e-05
3.310825189861047282e-05
3.897521454117462610e-05
5.271608035650399761e-05
3.238869783862109242e-05
1.233446297355580488e-05
2.636718039129423157e-05
4.261516166332654921e-05
6.598038481372841028e-05
1.004557202230255631e-05
2.011161920443400831e-05
3.035129827794264671e-05
6.575395869074520349e-05
3.915427821894580467e-05
3.443394545901216062e-05
2.606192867045674759e-05
5.883590502376251043e-05
5.939785691668016587e-05
4.883513031732502854e-05
2.623144260290006342e-05
4.754829248528457411e-05
1.505369175047750668e-05
5.014732988965287988e-05
3.561652921231710196e-05
4.833723108228275925e-05
7.060412053588680382e-05
6.245404964796853872e-05
4.234084990020288615e-05
3.392600500357947360e-05
5.177767559175895748e-05
7.624283363590778778e-05
4.605725088686549851e-05
4.603328863904485990e-05
1.657507055989509143e-05
6.811654794934581913e-06
4.465375319912679434e-05
4.995736918422240762e-05
2.689481274900776725e-05
8.822600829821477506e-06
2.049737147394440595e-05
2.608682414251322019e-05
1.493738879791842367e-05
7.076220440771987413e-05
2.278883815084797393e-05
6.629776421999110120e-05
3.995554594382912502e-05
5.581296008505366111e-05
6.747159830269885256e-05
5.969057171501631118e-05
3.057222419511243760e-05
3.268119886039127614e-05
6.432214193525778907e-05
3.690137746322645141e-05
2.653053469305070158e-05
1.577389027068376177e-05
4.792955283501183333e-05
5.860825347627539528e-05
1.084735662355876094e-05
1.389977705926067714e-05
3.291654131808421712e-05
3.723613246869517985e-05
5.094204171409920346e-05
5.349885907583955388e-05
3.549385605966472510e-05
7.922123365504259932e-05
1.503740707394015061e-05
5.381742872200323454e-05
3.061101190730091244e-05
1.701120692577935787e-05
2.969096821340451645e-05
2.797116865919203072e-05
3.256154779931244434e-05
5.312502285947366296e-05
5.424249619193928897e-05
5.842908701009121556e-05
2.003951807543276245e-05
5.868866463527186531e-05
2.882845446142333020e-05
4.697072811210019323e-05
6.825843951316370680e-05
4.775760776413675066e-05
5.544697310009288627e-05
4.947013257984683282e-05
2.641453393804466847e-05
1.185550792534925549e-05
3.454866366341047057e-05
6.017048924687471090e-05
6.368195893985147788e-05
3.236417388530305833e-05
3.749701263498289382e-05
5.455747806915757758e-05
1.821854595006167264e-05
3.660141683526892207e-05
2.153284096754282272e-05
4.164239880595713562e-05
7.749109363373880420e-05
3.598204189814007016e-05
3.968056932357379179e-05
7.245023607255125333e-06
8.053765563142889960e-05
3.895209822450532763e-05
2.329195679661269399e-05
5.244068663310080640e-05
2.945531715738985385e-05
4.243824550686664282e-05
3.980396750804835951e-05
3.646269752538150037e-05
4.117496268811468639e-05
9.117001883905589466e-05
2.303494703220714427e-05
5.806626639289391885e-05
1.976680195931616798e-05
6.318564142973612046e-05
4.397790803980568969e-05
3.395195310171015874e-05
2.875530831053064461e-05
1.093845001523808370e-04
5.116558216545133957e-05
3.615829588088695888e-05
5.960073412266193762e-05
2.056128271498336009e-05
4.175942668829813587e-05
5.906644852479644585e-05
6.295212043501125074e-05
4.222985816711625177e-05
3.301866582307500024e-05
3.217637897029936061e-05
2.547487437238030639e-05
3.205939725622371098e-05
6.155178916848168269e-05
4.053954183520468022e-05
8.313905274353292784e-06
1.642443040365952113e-05
4.075559220824821158e-05
3.546402205677184606e-05
5.222257382682427582e-05
2.076297113124288805e-05
1.500980669724746057e-05
5.663050257660428026e-05
3.211139440627450387e-05
4.421534727049927907e-05
6.161091962734449178e-05
5.666119429158457583e-05
1.740871121996739041e-05
1.041717968943791210e-05
8.061134774459102119e-05
1.657777874088476263e-05
5.618440249822184116e-05
1.817366857842521764e-05
1.904606555623605501e-05
1.878193172985329328e-05
5.228990542980118289e-05
4.483858574637300895e-05
2.037279460775620182e-05
8.876509577278896571e-06
1.791611356270356181e-05
4.717710411711385538e-05
2.652184546815323344e-05
6.468015768358152142e-05
2.261985752355830421e-05
2.057756934888555549e-05
3.545279890546490016e-05
3.966476037866272891e-05
