1.405333345278928725e+00
1.383857912942027646e+00
1.654698163132351185e+00
1.076920875945072797e+00
1.515959989966001231e+00
1.514999695865957063e+00
1.698349228958879076e+00
1.271724821775932046e+00
1.391099258183953635e+00
1.656029800955301612e+00
1.628404488211504075e+00
1.705186300785896281e+00
1.172270006251421526e+00
1.551894710465929972e+00
1.490719060276507468e+00
1.693825587264537580e+00
2.164915304799909013e+00
1.711285518801826555e+00
1.541961119930568058e+00
1.329454175052221299e+00
1.487140235628178653e+00
1.754499296799561403e+00
1.577431106213040390e+00
1.644689391758532127e+00
1.209009701488113153e+00
1.347273616464829571e+00
1.459898518996302741e+00
1.385695788349981417e+00
1.798075224717033960e+00
1.655270340883990388e+00
1.919290078041359315e+00
1.294972974235306884e+00
1.927388678216017448e+00
1.614589558592300467e+00
1.333048770482660128e+00
1.653947720718740522e+00
1.604884776434034821e+00
1.425282390075713002e+00
1.338663935400607130e+00
1.958669104986739962e+00
1.413632088013052623e+00
1.701857009715506130e+00
1.359503559171753917e+00
1.489768185185361693e+00
1.914062268518099463e+00
1.609114765898038035e+00
1.474901372068831318e+00
1.317463745188631075e+00
1.644124043506890898e+00
1.457906505173139244e+00
1.667513925281349785e+00
1.603009921638838264e+00
1.600295883608591208e+00
1.401123166257905561e+00
1.428175898897387830e+00
1.499880416060439980e+00
1.559990442262816801e+00
1.516426213445982940e+00
1.228031290631337535e+00
2.023480782980396686e+00
1.960818250173483213e+00
1.576191941113844308e+00
1.366810881165660962e+00
1.617833567034890452e+00
1.342530847936199923e+00
1.562003284355826471e+00
1.482491330882026448e+00
1.722843187016481536e+00
1.478204730932580091e+00
1.712867062729164891e+00
2.024175726036851586e+00
1.426554845082830036e+00
1.800933856899750163e+00
1.759538632616954423e+00
1.498649679519695299e+00
1.573874699330245264e+00
1.555745844136954936e+00
1.400508181694175569e+00
1.645121469806208214e+00
1.845665000872721562e+00
1.430657069493920241e+00
1.430887869898690656e+00
1.764809154623163456e+00
1.625997112447410409e+00
1.753925182665631022e+00
1.379674470082120630e+00
1.658299955796232572e+00
1.284082749989134742e+00
1.574899719294909461e+00
1.641959212413237168e+00
1.754582538018480964e+00
1.648379565418191417e+00
1.462341651683569665e+00
1.610982481639803732e+00
1.441789285891270422e+00
1.211272567720412585e+00
1.704696956080117065e+00
1.580240274098001718e+00
1.388656966094356626e+00
1.439064572280941201e+00
1.680038179822687550e+00
1.666335884437138759e+00
1.397884289586414752e+00
1.974308100065848670e+00
1.959664142061291248e+00
1.484631717695309217e+00
1.586560367437746644e+00
1.301695570092234133e+00
1.465870187457355645e+00
1.609227046261746619e+00
1.522598819767686518e+00
1.669313861164149149e+00
1.883709733735314362e+00
1.586143378609887966e+00
1.697203049537025166e+00
1.738473338992428507e+00
1.942446096767796337e+00
1.953298693429145860e+00
1.373746525280993502e+00
1.543566826062862996e+00
1.559767986476124690e+00
1.624472632074076994e+00
1.717237996832069902e+00
1.278764645379737441e+00
1.464121980436420944e+00
1.432285903869621180e+00
1.915011295548108672e+00
2.041584029452054860e+00
1.427369215760273757e+00
1.649293884226996854e+00
1.520664932644288703e+00
1.846893537750263548e+00
1.651248145582949300e+00
1.689835407403512679e+00
1.482555530728735471e+00
1.413140215053485083e+00
1.573106539646841329e+00
1.336260602052154578e+00
1.607620808569345527e+00
1.756053540836504334e+00
1.486404393140997593e+00
1.311739506869924243e+00
1.672550569157528644e+00
1.386479015850826446e+00
1.561933230073439649e+00
1.570544282148290005e+00
1.644098231256687859e+00
1.180237205200464823e+00
1.276862757070109433e+00
1.512345000493181546e+00
1.874526275649932794e+00
1.357921357489807690e+00
1.280330102167578143e+00
1.695473226924702814e+00
1.300590442239346833e+00
1.540918121465816082e+00
1.444151915527040808e+00
1.885582232996115382e+00
1.550317358755162633e+00
1.545732976324498464e+00
1.143347496242939965e+00
2.216071149293108444e+00
1.595341816815041502e+00
1.220241631476267852e+00
1.388924534802743249e+00
1.934049139139004225e+00
1.581537074977663382e+00
1.990000043672238927e+00
1.689618072415882244e+00
1.322463037398467378e+00
1.854634988437128484e+00
1.405148294909737139e+00
1.531950822591745087e+00
1.621802650292686554e+00
1.489923836156464843e+00
1.479608759233139059e+00
1.242426502922607368e+00
1.414917298381620947e+00
1.848340850469659236e+00
1.672758227911368856e+00
1.510352315787624855e+00
1.635135180303197711e+00
1.607015938051198800e+00
1.523768347731513151e+00
1.651025742395070717e+00
1.576725807648806432e+00
1.601292092700009606e+00
1.228976148388600365e+00
1.591437029770232270e+00
1.686746478342745270e+00
1.748954353625211677e+00
1.714981584228527423e+00
1.685702346760083126e+00
1.309038612804276580e+00
1.517588504387243686e+00
1.534816178765797234e+00
1.444769298359845688e+00
1.615192614007975758e+00
1.540198197302432570e+00
1.444892739106369284e+00
1.990312413409160985e+00
1.596088191461316752e+00
1.519103615599161072e+00
1.196597676361667473e+00
1.540520860149741544e+00
1.846174885873383076e+00
1.780118076738521626e+00
1.791646196136261082e+00
1.471549021854644312e+00
1.407195277619033513e+00
1.764227522035414664e+00
1.550986719619934506e+00
1.636454870725628563e+00
1.306378084503938553e+00
2.003093170665960709e+00
1.701852423648990031e+00
1.789822087135877648e+00
1.515615895866999185e+00
1.542251405957709265e+00
2.016102596844554284e+00
1.338500072761519055e+00
1.515456450170399094e+00
1.489893041686791264e+00
1.692976460689598506e+00
1.581540723884501620e+00
1.692065098586698513e+00
2.234229397710830956e+00
1.456581045834367982e+00
1.392104612562077293e+00
1.357245257875063560e+00
1.843943846138863973e+00
1.669118854938773655e+00
1.553737649412964661e+00
1.460026611853407319e+00
1.761156192523681607e+00
1.463240102943105247e+00
1.569001939480676233e+00
1.556813035426328984e+00
1.489597586461406387e+00
1.552632174596184411e+00
1.345195117580949562e+00
1.858153514191011491e+00
1.378774415241643014e+00
1.348371124709987434e+00
1.788457507840777616e+00
1.356170218209935996e+00
1.664203532745885505e+00
1.661569878938133460e+00
1.436781449563196755e+00
1.789677527329536444e+00
1.334790643794085296e+00
1.435559665634028148e+00
1.457788628566877076e+00
1.626223177560776723e+00
1.239573052521820262e+00
1.669825294673975336e+00
1.818037950663420776e+00
1.447046679988996498e+00
2.028347967977193633e+00
1.967131147825769588e+00
1.413520289719919942e+00
1.522637720780544601e+00
1.332242335722199078e+00
1.768753874264143988e+00
1.468673712096494111e+00
1.430740072841128363e+00
1.583419769849102154e+00
1.402329005352750624e+00
1.162589270900415084e+00
1.764422159343446594e+00
1.773057089102207273e+00
1.791989018519874799e+00
1.451124391791916990e+00
1.630061190439874963e+00
1.250648054269013931e+00
1.760194270997203159e+00
1.604926062829873379e+00
1.249536915551728855e+00
1.553921814582471583e+00
1.642407847493605466e+00
1.926848801525427035e+00
1.718950803923888548e+00
1.908686588907013926e+00
1.763656948696485482e+00
1.285517323096725395e+00
1.215594359550827175e+00
1.507462815893962915e+00
1.363187840413381924e+00
1.702789906365270056e+00
1.561707235953179396e+00
1.628486337646188220e+00
1.636741441053916946e+00
1.703032451028644756e+00
1.756629268781434439e+00
1.605802030293891569e+00
1.322592423396995009e+00
1.513231264775635410e+00
1.602407090468526807e+00
1.501457480963155344e+00
1.550173506873063323e+00
1.491033674653412744e+00
1.225758528783980505e+00
1.774550941312975860e+00
1.518775620797731873e+00
1.219574591032068334e+00
1.442225065404014073e+00
1.496514400613738083e+00
1.427427944944965832e+00
1.328622114940806620e+00
1.341525432766620174e+00
1.927546372715199130e+00
1.857780236337964519e+00
1.603226021356941811e+00
1.575454553991192386e+00
1.604985686720842963e+00
1.927969307689209710e+00
1.253582845540250235e+00
1.892332702567717240e+00
1.561777108479945220e+00
1.411778991801515781e+00
1.578335086497663298e+00
1.370925123907807963e+00
1.520972703423826733e+00
1.847448563829588997e+00
1.314126174327330254e+00
1.527491040403619049e+00
1.748742417170131125e+00
1.367092387544000864e+00
1.575035274197284840e+00
1.671511182847989163e+00
2.001306191267056445e+00
1.264275968921662718e+00
1.434275323177147898e+00
1.307281062047475295e+00
1.570237731362148281e+00
2.182814635871161091e+00
1.200486427622841301e+00
1.692291571680031970e+00
1.435248116341949487e+00
1.517400741230983785e+00
1.398357180567542324e+00
1.683495118779819499e+00
1.897371806650952397e+00
1.765829028391146416e+00
1.253321274889559689e+00
1.821704553497960122e+00
1.663447607329333611e+00
1.719859339339521620e+00
1.456659876927537622e+00
1.339135355753355627e+00
1.484137237992470659e+00
1.662475751944129110e+00
1.627701722757832092e+00
1.337273265841182779e+00
1.639902283729212984e+00
1.462057275718150029e+00
1.582239025831432278e+00
1.439267774471151506e+00
1.689650551607220885e+00
1.379966866769140044e+00
1.401658871820064434e+00
2.070376247833972894e+00
1.455006906021076185e+00
1.540325322627364990e+00
1.504507771007840500e+00
1.685592808260096831e+00
1.472907585754787529e+00
1.808145466450495231e+00
1.655022949142809452e+00
1.618708653673288644e+00
1.648044166130310018e+00
1.178992015007155780e+00
1.357169471243821812e+00
1.415531445390255438e+00
1.712956114828828147e+00
1.293353479191592603e+00
1.656007036138137600e+00
1.586472228997015232e+00
1.632456531223862584e+00
2.141506914479017976e+00
1.472451096924571212e+00
1.620228096744117385e+00
1.722554582744436402e+00
1.599398170681709308e+00
1.469193258402178515e+00
1.478597278632698186e+00
2.051321826766027812e+00
1.746545294622294575e+00
1.722666209691377848e+00
1.545685330008102376e+00
1.466874732551695093e+00
1.870685054398582681e+00
1.730196483896051962e+00
1.594393926456403543e+00
1.428135465663418646e+00
1.693964601250047775e+00
1.736560927448161928e+00
1.826019382906479027e+00
1.624342362605203371e+00
1.381292134238719882e+00
1.248568761259806870e+00
1.567708499442300507e+00
1.246159699299707935e+00
1.620374306596563674e+00
1.382737682319953532e+00
1.758990571838233263e+00
1.483751572234166538e+00
1.473636936213427839e+00
1.478317489052039191e+00
1.407163705032311363e+00
1.700582764339330089e+00
1.507720396577156619e+00
1.251743769087880320e+00
1.216221860183939185e+00
1.870652030022177614e+00
1.571081134930397027e+00
1.401966163640884000e+00
1.281922490513844215e+00
1.875556268339172661e+00
1.311637974639592974e+00
1.605461461357425845e+00
1.694465393713010304e+00
1.282792188680608181e+00
1.455571059612614127e+00
2.058696341717834333e+00
1.466566745570275776e+00
1.673217437879295666e+00
1.450853799767684027e+00
1.261389469824222509e+00
1.286962082218908510e+00
1.917216619557976065e+00
1.474583315301201569e+00
1.958022011096344217e+00
1.767961488334600206e+00
1.196301104837265816e+00
1.679773815619206134e+00
1.777230558483688272e+00
1.576873859141412648e+00
1.488793017812151120e+00
1.187338961720462827e+00
1.457364784422084947e+00
2.048753723175732677e+00
1.684107386225234482e+00
1.359592082888206210e+00
1.372909769514700784e+00
1.490517683550586225e+00
1.825950706866245055e+00
1.406406406967695366e+00
1.476589716239981698e+00
1.285116884696118511e+00
1.363281078597953222e+00
1.658336884566035341e+00
1.847448392984338383e+00
1.529677963827089204e+00
1.634263072331756161e+00
1.606886674723303043e+00
1.581242303138123972e+00
1.741151695128890564e+00
1.358127696151153918e+00
1.268950023592678278e+00
1.692227273331010862e+00
1.636938438040910215e+00
1.252663636363984923e+00
1.541758691990613217e+00
1.475051292932154867e+00
1.103942759043302413e+00
2.079332712167324182e+00
1.609901012683783827e+00
1.383232980621520225e+00
1.617344133934929706e+00
1.276696385551234325e+00
1.173458581558823877e+00
1.372764941464553301e+00
1.497182962640104087e+00
1.599430309316017818e+00
1.513647814545724613e+00
1.586847937224759697e+00
1.653958135663345486e+00
1.455526328318574203e+00
1.342160436733533357e+00
1.910644177786291253e+00
1.490046095070828747e+00
1.854921471243226261e+00
1.648070192693865232e+00
1.496256326053433172e+00
1.855285916266557811e+00
1.700889823098159059e+00
1.412183793274393695e+00
1.672567857277600156e+00
1.453238485651330292e+00
1.442457048030421074e+00
1.725217736560293202e+00
1.516648237956973899e+00
1.487172312929469609e+00
1.777399062897150550e+00
1.546322302039092822e+00
1.586388270756942553e+00
1.504267148279026856e+00
1.479218682519134687e+00
1.331201388390493845e+00
1.595348041927176386e+00
1.555040756271069302e+00
1.545869259115898897e+00
1.675097894964391543e+00
1.527288963143745848e+00
1.699918524485802829e+00
1.434047366636117982e+00
1.234957122134998420e+00
1.691584427393662438e+00
1.511410188361286266e+00
1.284022348533286229e+00
1.452315855281148149e+00
1.391459700405317745e+00
1.581924101943483985e+00
1.333190908573727018e+00
1.668372489424603700e+00
1.941540072721012589e+00
1.603029373663342971e+00
1.847190455705157719e+00
1.408125736041188292e+00
1.729970319267196466e+00
1.546613137344103217e+00
2.083019243987546787e+00
1.656908532859289629e+00
1.414465599725627021e+00
1.848884133236403216e+00
1.845978454579648043e+00
1.745177559148184621e+00
1.626746636169547955e+00
1.432716877567437930e+00
1.577113557398212462e+00
1.693909587453872767e+00
1.172611469142962770e+00
1.800710521453929180e+00
1.527342641093289766e+00
1.367731523720326914e+00
1.598767655439524926e+00
1.782370113422843350e+00
1.941471983275707025e+00
1.544009835132851505e+00
1.546691413201985998e+00
1.457322348903458131e+00
1.670187899460033876e+00
1.942361065934113062e+00
1.611169780082049918e+00
1.422149631637013467e+00
1.686890788389413753e+00
1.543176892435476733e+00
1.854068161196196662e+00
1.353833444789898088e+00
1.683731069372231604e+00
1.437934630467259778e+00
1.673322569647447855e+00
1.839800979796407443e+00
1.615919478142172849e+00
1.481710961152254979e+00
1.687347408012916050e+00
1.590697110579327056e+00
1.546840716835287122e+00
1.545131198328813404e+00
1.797423777723744287e+00
1.342548380053466772e+00
1.377789856753434572e+00
1.615408624441313057e+00
1.515959884360411181e+00
1.361341150977672720e+00
1.474672946674055796e+00
1.566830221897677067e+00
1.790509103451942696e+00
2.116523280950100894e+00
1.509118849088094683e+00
1.304487343802209098e+00
1.337145709811261129e+00
1.837923035157818186e+00
1.937209028798718480e+00
1.626124242437034129e+00
1.373253503529414221e+00
1.847543444015866232e+00
1.708201523074920347e+00
1.366278594387899004e+00
2.067205212402061232e+00
1.624195476415115191e+00
1.424719196067150140e+00
1.457609843810929284e+00
1.634003946791236617e+00
1.563498500947545944e+00
1.560485453283948498e+00
1.594283271856454576e+00
1.534269759006129163e+00
1.639248705096744141e+00
1.740962939053316116e+00
1.879304653301156591e+00
1.720119998084469470e+00
1.866446639550840558e+00
1.435677576204483774e+00
1.393191428480328842e+00
1.823636069361118217e+00
1.525978837891162065e+00
1.650873693456472724e+00
1.452594035476551637e+00
1.399688173781812095e+00
1.723896354807597620e+00
1.800885400408995141e+00
1.749861084020655877e+00
1.532807038617280515e+00
1.692279693129660423e+00
1.328750691024048303e+00
1.758968920457989471e+00
1.514758778622433910e+00
1.598560921646557942e+00
1.717189802442601332e+00
1.659852088232944389e+00
1.735622392864723640e+00
1.755969391356512199e+00
1.666936658603842325e+00
1.650544066559573420e+00
1.389499015564952478e+00
1.390674883491692215e+00
1.538209566096404579e+00
1.387840578806401437e+00
1.892726773750477376e+00
1.545324655539719538e+00
1.394636047956612668e+00
2.134454540963278912e+00
1.674528505474468520e+00
1.601582269220902743e+00
1.677155945737841769e+00
1.492526415865437883e+00
1.418684826181539238e+00
1.728538436216638940e+00
1.798173833026416757e+00
1.591678131219701031e+00
1.559141889614932275e+00
1.723081069176976010e+00
2.127069883885110979e+00
1.685907277639193236e+00
1.276864195018527104e+00
1.650871149850742459e+00
1.643890479905640190e+00
2.008335843877434801e+00
1.411981954799752970e+00
1.820653284965200180e+00
1.493542643302624429e+00
1.667180412235203191e+00
1.585672427601048762e+00
1.569064563106059351e+00
1.605061599574210573e+00
1.601505774492494538e+00
1.295541336492266771e+00
1.699966559477489092e+00
1.301829930219832399e+00
1.351826147359464825e+00
1.623758123467078818e+00
1.536365439523363019e+00
1.384614489838351670e+00
1.468854346513780218e+00
1.514931872040398586e+00
1.716145640471048006e+00
1.529319439305702133e+00
1.452177581802723605e+00
1.566349467083076874e+00
1.804704533495834262e+00
1.698635641224722104e+00
1.267391471635192834e+00
1.645314663681456624e+00
1.588771339030114360e+00
1.590618617547791214e+00
1.405022897139147853e+00
2.049355827043489953e+00
1.480095778534227913e+00
1.531688592300524343e+00
1.412183198782486215e+00
1.614225813717285796e+00
1.715062314197111304e+00
1.536751890001001541e+00
1.864359462326526717e+00
1.683504274535451817e+00
1.710376963804493888e+00
1.308222641898897587e+00
1.917965141506945415e+00
1.501610436699560180e+00
1.665125023651671476e+00
1.656026292191526084e+00
1.408864703216402336e+00
1.643524593411080037e+00
1.523719861603864967e+00
1.960538031093954858e+00
1.807031745359325869e+00
1.319749564652430207e+00
1.679668266493501427e+00
1.240632732609131983e+00
1.952116420235411542e+00
1.287283864984823278e+00
1.561602522197668153e+00
1.572501463673272815e+00
1.412660169733084503e+00
1.889527548875584495e+00
1.567318689031550250e+00
1.638439441285924669e+00
1.517979699696696994e+00
1.864506192949633601e+00
1.434389600127308206e+00
1.140890405642400518e+00
1.264201833494989824e+00
1.837616154602128793e+00
1.626146805542817209e+00
1.462732818337993290e+00
1.419260846966202028e+00
1.639687593712930713e+00
1.729420762183588645e+00
1.266914321948263478e+00
1.675331945021607538e+00
1.769609385932503498e+00
1.385861042503887752e+00
1.592474662418992715e+00
1.514964483820549157e+00
1.589587993199309768e+00
1.239448596937352765e+00
1.322320162675771904e+00
1.541866090122449906e+00
1.852083998664565412e+00
1.373831313122300557e+00
1.497262829517926663e+00
1.488885294187317854e+00
1.417526428205118760e+00
1.821169902436387433e+00
1.712145350408621702e+00
1.729599671087399981e+00
1.209696118404302023e+00
1.420099541786759234e+00
1.740882986662388499e+00
1.701675412491524986e+00
1.842273676570702845e+00
1.528417216903070308e+00
1.894264542119151740e+00
1.256681364875767981e+00
1.663931494432945968e+00
1.759387718221487207e+00
1.302326616839339923e+00
1.474733416943749154e+00
1.516168452822070245e+00
1.705356504411885910e+00
1.950363107584996536e+00
1.632692169106553903e+00
2.009852947313237159e+00
1.470285786983847709e+00
1.464673942335363188e+00
1.251913508547730203e+00
1.416131424192602406e+00
1.652219240235217157e+00
1.659102685014651524e+00
1.645076057998117181e+00
1.371539280454154852e+00
1.741332295190762158e+00
1.449197791329097873e+00
1.641227866732265950e+00
1.642483403849707591e+00
2.123638527425579348e+00
1.343354027667375883e+00
1.527195419796455456e+00
1.703054133274736648e+00
1.415420412724478272e+00
1.487173752599304954e+00
1.453708926832235848e+00
1.553884375563016063e+00
2.011259165294839057e+00
1.077356218383849429e+00
1.844064169339931114e+00
1.905074470005828191e+00
1.614171673579186228e+00
1.511374495219382164e+00
1.710021945085672401e+00
1.323675719634427317e+00
1.470780519119815777e+00
1.564101308887669628e+00
1.822130717908057917e+00
1.725691304871519449e+00
1.637410242321656995e+00
1.618606574545315091e+00
1.256002604628936092e+00
1.543798837037866134e+00
1.616165935688269828e+00
1.498586080787114083e+00
1.985406704146158274e+00
1.625012359071038581e+00
1.387922589415608421e+00
1.664237356692546577e+00
1.558726898337277733e+00
1.631481716125850578e+00
1.587402728866728951e+00
1.531355367428671732e+00
1.790516502053221659e+00
1.391481456222126711e+00
1.793124460135685938e+00
1.406533607821124798e+00
1.681966633996253568e+00
1.679873926796477290e+00
1.674620751564913634e+00
1.177861071157008777e+00
1.937762179187921152e+00
1.539401289669304784e+00
1.643212700049296426e+00
1.743341999946777854e+00
1.491825674694263304e+00
1.715467560235349964e+00
1.371545254890591981e+00
1.465674609438466724e+00
2.240470956875169950e+00
1.453839235943755526e+00
1.468502414228480157e+00
1.422303567308196293e+00
1.633716844528340983e+00
1.881749701953310039e+00
1.547983167787944980e+00
1.609928078456210443e+00
1.372624655227991042e+00
1.744047742311175098e+00
1.625774727967716160e+00
1.617423119663053299e+00
1.628476448126950693e+00
1.590464560657196103e+00
1.883617978179307650e+00
1.912763542112720705e+00
1.714443559150183649e+00
1.396799272040339490e+00
1.875448114859953552e+00
1.406110954625411358e+00
1.715366281612265897e+00
1.524735912269949312e+00
1.535613290842369860e+00
1.463827910197042614e+00
1.464032016457973207e+00
1.195918611017826594e+00
1.980164223572950855e+00
1.861408013523355942e+00
1.806029440468333913e+00
1.498424143273862974e+00
1.683987542184039121e+00
1.424013621180460820e+00
1.754441942810654798e+00
1.755901804455908044e+00
1.308265831767585707e+00
1.525698732039895589e+00
1.550506080685037480e+00
1.857649954453936658e+00
2.025126962233461558e+00
1.594862196331596982e+00
1.603524487874770310e+00
1.698205989371750269e+00
1.267386902899644063e+00
1.736503794973654591e+00
1.549887097397161462e+00
1.389349160429350194e+00
1.586125130071695422e+00
1.709686678674114724e+00
1.539966485372474825e+00
2.093914452959201089e+00
1.564001663682720977e+00
1.342381011092525389e+00
1.369730966989393561e+00
1.840754472852628609e+00
1.677986460621257336e+00
1.591231485082533759e+00
1.527948642751227437e+00
1.302349045448886189e+00
1.685303520460181170e+00
1.677216297671899170e+00
1.327037225366861861e+00
1.640455028714325580e+00
1.477795699912246796e+00
1.865174814455226038e+00
1.731094380944386169e+00
1.339109437907588740e+00
1.802147313945530627e+00
1.964156897908554633e+00
1.791578991560487166e+00
1.365417960091299898e+00
1.860748748328226787e+00
1.622135507290753953e+00
1.404850454242082325e+00
1.564980317122165010e+00
1.696044768634523026e+00
1.937357728524974343e+00
1.576876014407168070e+00
1.514017733448453917e+00
1.897974674268853912e+00
2.139086038833931891e+00
1.649905768645088866e+00
1.630282953962442161e+00
1.440271157675817593e+00
1.104771533371801118e+00
1.299632328238560453e+00
1.373490051372040943e+00
1.336100940860536879e+00
1.609503227186560137e+00
1.581269320886242946e+00
1.628243130637895719e+00
1.498694143673658719e+00
1.953455983507781379e+00
1.296600242384607249e+00
1.719565707068597904e+00
1.270180120792384848e+00
1.632712290042077408e+00
1.661451667748787830e+00
1.820646112208427869e+00
1.341206359365153089e+00
1.214228533047295056e+00
1.660290462921561794e+00
1.509904260488860617e+00
1.667980105744907515e+00
1.669629839998487686e+00
1.631621168376237829e+00
1.455345188473707863e+00
1.758728251408461674e+00
1.450093034103818068e+00
1.946577084344543129e+00
1.579865250677144672e+00
1.825377613131255572e+00
1.361654465380726986e+00
1.495083804375148206e+00
1.589672760763533477e+00
1.587990285354983655e+00
1.753432704206354220e+00
1.384113984041649648e+00
1.562728630665778828e+00
1.686106165744955865e+00
1.801185245715398953e+00
1.482081843517082165e+00
1.676436446083652498e+00
1.690140793068991787e+00
1.484430695585633231e+00
1.539856523349798723e+00
1.669870034501287570e+00
1.656536430365843193e+00
1.385711949947371791e+00
1.587073173032376827e+00
1.594578276173396647e+00
1.389088379475143631e+00
1.731224448671540461e+00
1.239139627469444394e+00
1.289979788439240327e+00
1.325555255375718611e+00
1.910484063806712651e+00
1.546269125401212641e+00
1.425733978292086368e+00
1.658613975226892467e+00
1.479777512214718760e+00
1.624408458072756023e+00
1.336846110517050379e+00
2.030264234758247799e+00
1.681638639021619364e+00
1.822426072244987649e+00
1.576912535648151259e+00
1.519622981005714024e+00
1.179946466806211625e+00
1.415563422641676672e+00
1.733627935742171555e+00
1.470512093265283537e+00
1.725563764047739923e+00
1.571904461971869837e+00
1.642666384360074172e+00
1.493683164398706964e+00
1.383433415361577934e+00
1.475485062945303572e+00
2.083595663267542530e+00
1.433641417899468085e+00
1.551737765903804078e+00
1.647938667444696081e+00
1.634227762177175913e+00
1.468748705434349766e+00
1.487780866913472222e+00
1.421291084478530031e+00
1.680503531518702687e+00
1.815356666001684216e+00
1.551406794439461834e+00
1.670555361477351841e+00
1.603937900372084613e+00
1.636104370813132869e+00
1.675315677615811127e+00
1.719723853550625847e+00
1.675717391709781623e+00
1.691048127388920630e+00
1.452437984951054251e+00
1.460487386412037347e+00
1.515301668112448041e+00
1.477599631728887086e+00
1.933108039091529395e+00
1.564545900567459347e+00
1.530442136333160175e+00
1.500594213460781701e+00
1.636480175405998772e+00
1.494584392840311304e+00
1.261846319400009131e+00
1.331963288473291707e+00
1.679685789960496889e+00
1.744987457880288417e+00
1.539742453449681747e+00
1.816778748908608021e+00
1.399269316209389880e+00
1.975961525686801723e+00
1.646556180119782331e+00
1.287316903504857279e+00
1.365674380068800930e+00
1.755179649009527498e+00
1.893093703111548898e+00
1.325276496099230483e+00
1.433653308603398902e+00
1.334189382732339890e+00
1.497918959942907469e+00
1.541909765493373330e+00
1.700993485381562254e+00
1.431106841592265644e+00
1.442999932885411951e+00
1.652170018688819297e+00
1.547514249860586055e+00
1.709622841298355622e+00
1.539842142434322048e+00
1.864904146534847929e+00
1.465931802833123188e+00
1.882687178353987356e+00
1.317862013491892137e+00
1.808221421344998081e+00
1.766672868411152342e+00
1.438548767286471852e+00
1.534337375703140216e+00
1.908829386278390716e+00
1.601770500550346421e+00
1.390517061597561943e+00
1.769217487390050358e+00
1.578046987644360355e+00
1.233663164657300859e+00
1.406226375207408008e+00
1.942896652129009860e+00
1.406515482163818609e+00
1.648512778009681767e+00
1.865247836465026898e+00
1.605971746424065927e+00
1.787264374961303526e+00
1.366721046529132177e+00
1.644380336873688675e+00
1.404474006954268495e+00
1.425441673343267990e+00
1.930044104524518023e+00
1.389221735680220338e+00
1.628763584759119976e+00
1.575362760057489542e+00
1.678742335634388239e+00
1.461971925371406744e+00
1.662847754069759931e+00
1.843192167703808337e+00
1.367347837114091913e+00
1.575286452558381622e+00
1.933355363584114528e+00
1.568606362716251423e+00
1.348449798231177832e+00
1.475500339980914344e+00
1.845873125587824681e+00
1.591097808663048729e+00
1.711709361224381443e+00
1.350469030766377365e+00
1.669353285769335171e+00
1.592189253555674089e+00
1.762542222803591851e+00
1.700775709949698067e+00
2.005461631032550152e+00
2.003678545673467148e+00
1.401525071022038826e+00
1.234771723062578097e+00
1.465630124850607174e+00
1.468155246334059028e+00
1.705681300864300587e+00
1.302671103861374746e+00
1.463851308030058362e+00
1.932642609758138619e+00
1.567394511651952094e+00
1.741506620162510011e+00
1.330464153637444635e+00
1.543497645593663981e+00
1.602594867937412459e+00
1.647046976937826424e+00
1.347098405131361254e+00
1.681621942068076914e+00
1.745888717896938447e+00
1.783869535219009705e+00
1.705994467346441557e+00
1.533892530204949978e+00
1.715111421718624518e+00
1.912238854070978267e+00
1.387239550090522577e+00
1.575140647537892402e+00
1.364517410697054123e+00
1.379124508123841020e+00
2.022909354477684829e+00
1.440933194970037690e+00
1.523291744551850346e+00
1.974416583868153552e+00
1.658127884279745778e+00
1.934399690171625830e+00
1.549877587959007430e+00
1.789899523194615316e+00
1.582755196340479342e+00
1.311194341390741203e+00
1.496078988267413701e+00
1.477754993821895679e+00
1.786329227332779768e+00
1.545872293232587680e+00
1.844996370910344519e+00
1.323765467439800059e+00
1.803842043396416628e+00
1.763589433795817563e+00
1.679791903852534407e+00
1.693574317657464023e+00
1.422596117815754235e+00
1.289090285897825039e+00
1.737961217251798196e+00
1.419067583438631486e+00
1.572177937244688684e+00
1.401247101971057951e+00
1.463256232155424330e+00
1.633535707483253718e+00
1.775636808632514940e+00
1.415204603335364242e+00
1.361067387084559765e+00
1.472181819945438397e+00
1.548159969808373448e+00
1.650249599922393617e+00
1.705417542837942779e+00
2.092260674940725984e+00
1.623371922044341886e+00
1.592313968331750207e+00
1.529353737276405223e+00
1.224669246273343948e+00
1.427685477970600525e+00
1.632894913903403911e+00
1.162792984402737817e+00
1.892425070412361077e+00
1.398047652244500005e+00
1.736810204803565627e+00
1.404164260835837785e+00
1.353480626385417329e+00
1.471348479038636858e+00
1.596276974527024439e+00
1.503470397568608341e+00
1.451961337034590516e+00
1.739202260678812006e+00
1.538514885677468857e+00
1.388168296862049678e+00
1.798765563103577048e+00
1.724698682567062491e+00
1.666458106151940788e+00
1.754930529489997726e+00
1.450307745489288980e+00
1.863779411209714576e+00
1.614200048265443943e+00
1.596590791052513891e+00
1.673019781610201040e+00
1.817222517242158331e+00
1.572646529371516388e+00
1.327477193938020550e+00
1.629244370702492839e+00
1.474817527022383112e+00
1.611224717977214116e+00
1.514575832215874440e+00
1.277738312286178513e+00
1.267724716040733668e+00
1.553018455442190637e+00
1.909340296103707368e+00
1.442403919954466263e+00
1.435601378030437747e+00
1.789750617517323672e+00
1.356057738168323423e+00
1.735168833975931912e+00
1.487575272414902505e+00
1.708838599209649090e+00
1.384040617454768585e+00
1.633455046495225105e+00
1.497732044921316286e+00
1.551629336258041558e+00
1.891373361777965556e+00
1.244024843026739546e+00
1.467724383673234989e+00
1.346232479175400343e+00
1.675453924145400508e+00
1.766860978871892085e+00
1.524209333526666432e+00
1.399398890152105501e+00
1.346322351494061209e+00
1.509097474047040865e+00
1.467709595581297322e+00
1.830448015763247893e+00
1.386252554059631104e+00
1.411426879977533799e+00
1.442694288413866044e+00
1.454370840420554201e+00
2.138505687812205291e+00
1.576215638158708909e+00
1.668988146838574771e+00
1.413472600405491608e+00
1.553159352374769764e+00
1.414511327361636983e+00
1.607533888357921548e+00
1.853997573551072975e+00
1.732946103623035583e+00
1.515814851357004667e+00
1.395433896512191518e+00
1.690779725870268591e+00
1.532638576845541056e+00
1.831018407654444680e+00
1.213470056497705674e+00
1.443568667205557210e+00
1.523535110858119657e+00
1.907803367790049442e+00
1.323846434359902347e+00
1.480185628192150604e+00
1.725259926317255443e+00
1.606505244832460599e+00
1.412269092221119848e+00
1.461420816513914867e+00
1.339949272891416854e+00
1.491348882669543574e+00
1.632145257310468889e+00
1.200684935944224430e+00
1.884212299288836823e+00
1.542995406411094672e+00
1.559211467776036253e+00
1.398800121375384009e+00
1.754552032532559425e+00
1.741095447614503300e+00
1.454269487879296108e+00
1.265761345468493282e+00
1.426652913259592870e+00
1.462162590881457946e+00
1.612082682241941622e+00
1.288926284036679082e+00
1.445876120393566611e+00
1.600299118788682140e+00
1.855777242007824013e+00
1.675201361714088621e+00
1.757127549522151000e+00
1.611675676861054951e+00
1.553925838710045415e+00
1.772319107948420402e+00
1.207608422429842676e+00
1.507467693840952805e+00
1.687288648461245044e+00
1.515428727440919721e+00
1.646183269820364448e+00
1.413247130941122975e+00
1.926677916294249782e+00
1.458853312167351257e+00
1.576311117788671945e+00
1.450013546741966364e+00
1.593195979145302754e+00
1.787988187860269473e+00
1.674793494725122622e+00
1.591355034742741648e+00
1.813155529083970485e+00
1.579511868341779923e+00
1.671970261475639541e+00
1.992182093839130808e+00
1.297951516882800194e+00
1.295292635604284204e+00
1.541941861967386140e+00
1.293849888190754749e+00
1.327396380190005498e+00
1.635083170347013226e+00
1.736552331572898566e+00
1.286781607395155902e+00
1.896674997785392502e+00
1.763582557666991457e+00
1.727665186321327484e+00
1.317320883864225189e+00
1.440257572983332457e+00
1.278239398937313309e+00
1.445991664915009967e+00
1.619666676625699298e+00
1.580259375790711518e+00
1.876623929212283493e+00
1.438988520558652784e+00
1.538618146101943029e+00
1.513496163789206816e+00
1.292922217880864810e+00
1.864422235973416164e+00
1.810878211922394954e+00
1.724110066266639762e+00
1.366067016350254404e+00
1.613714035570404937e+00
1.850434208090013133e+00
1.879882294036470780e+00
1.874758307656807288e+00
1.434969490593385411e+00
1.690754490526763965e+00
1.785372006364889019e+00
1.646118747838727137e+00
1.559314406218737625e+00
1.877031510159288485e+00
1.464907672340336253e+00
1.422945564128661466e+00
1.768734904737458091e+00
1.377919594179308760e+00
1.834377502456896680e+00
1.889690642652771091e+00
1.628328321096666809e+00
1.856891591319504098e+00
1.570270138171871777e+00
1.338926224908320473e+00
1.414131193788731755e+00
1.345607258192526245e+00
1.730676062671098636e+00
1.786292444720172012e+00
1.570208616846881844e+00
1.237176701403504220e+00
1.979367545160988673e+00
1.473612604014971961e+00
1.813048512240212684e+00
1.333436358300347013e+00
1.273818889572867707e+00
1.855515565855001547e+00
1.350962364736436383e+00
1.613855354522469199e+00
1.401297081941576872e+00
1.590406364206620626e+00
1.590237753815126220e+00
1.801150979705334221e+00
1.663965791818681872e+00
1.786300856216757049e+00
1.380299586098531428e+00
1.397827368499272804e+00
1.749946648579078667e+00
1.845376498826774014e+00
1.863226226443976952e+00
1.443857574159591817e+00
1.391844034018592247e+00
1.622835792435301405e+00
1.544587153709124472e+00
1.787842141101771531e+00
1.320659266793963837e+00
1.523557338529175409e+00
1.520385456630474641e+00
1.479372948696666246e+00
1.486228444169952922e+00
1.224596631760778598e+00
1.721180037859708412e+00
1.628061952687667180e+00
1.840495263537875514e+00
1.463179034009026269e+00
1.648385832106122884e+00
1.575573767961086835e+00
1.857254917577677800e+00
1.659531225706668778e+00
1.386534773204402882e+00
1.995166884480251479e+00
1.336207418872199071e+00
1.548737226679735235e+00
1.388183152357496786e+00
1.664111785613184402e+00
1.733576401523201804e+00
1.753971622487753956e+00
2.007872102597426434e+00
1.612039908759646201e+00
1.616836482535963126e+00
1.841912096682561506e+00
1.420540865070849756e+00
1.522864799203753616e+00
1.649475736119778935e+00
1.472730060100564398e+00
1.774891659894257012e+00
1.510134230660877819e+00
1.682373345880504134e+00
1.399151712124755642e+00
1.567176134941887566e+00
1.419513846582118433e+00
1.410972556027926705e+00
1.773846050504492178e+00
1.731000360387630499e+00
1.283514832869308453e+00
1.388444013498251195e+00
1.639044346490362347e+00
1.418143805713532490e+00
1.481253478279064062e+00
1.443867502369790889e+00
1.364719720989962859e+00
1.511853700769022479e+00
1.504670771738309876e+00
1.724818830180478102e+00
1.450526201883491018e+00
1.443583789568112730e+00
1.655471886417506644e+00
1.745834849233233399e+00
1.952903998225786975e+00
1.795238832231219384e+00
1.775850290727389869e+00
1.281502737289061944e+00
1.788869685196708748e+00
1.660820453865101021e+00
1.794840979149352922e+00
1.555560712250460442e+00
1.331011049552476289e+00
1.277932844146604463e+00
1.722148523934542208e+00
1.545691616004272184e+00
1.396019732730020557e+00
1.482521311571704636e+00
1.547597443487833901e+00
1.402494095536718666e+00
1.589657823891569066e+00
1.941355846622154102e+00
1.364289079957125006e+00
1.761036144594124497e+00
1.881306773189880932e+00
1.439112438286933360e+00
1.698175042426632864e+00
1.689698798203675967e+00
1.625596172417170582e+00
1.586873877132060739e+00
1.535764850231153389e+00
1.701719080580406329e+00
1.328960099082325597e+00
1.599508058017310663e+00
1.678197450353965836e+00
1.145539605473905986e+00
1.324541004378936071e+00
1.475816900561632616e+00
1.623333301095936543e+00
1.479436958342020159e+00
1.545990462234245966e+00
1.507991283479902522e+00
1.625900480216158739e+00
1.444864864089777434e+00
1.455206163347648740e+00
1.779179168648874487e+00
1.727169982248253799e+00
1.619351344413675342e+00
1.418857612533124923e+00
1.399467122342833658e+00
1.856389328409796313e+00
1.673687317277384734e+00
1.378338013373410886e+00
1.932389391045023608e+00
1.364069175314545079e+00
1.729530101783482765e+00
1.447487566296349559e+00
1.689134171978325050e+00
1.690310009075267850e+00
1.400657930369476611e+00
1.675706106577240950e+00
1.350139240089624604e+00
1.437950794354023731e+00
1.468253638607864620e+00
1.306485003274133971e+00
1.138102381900940152e+00
1.735483334214922069e+00
1.531495942924867570e+00
2.252504163922681268e+00
1.980856789227509962e+00
1.303336385539842990e+00
1.619710203195695808e+00
1.521007884543486455e+00
1.915583375984464709e+00
1.706870526641768526e+00
1.892842684152594712e+00
1.575413449506990693e+00
1.694042952992446116e+00
1.722774979595184108e+00
1.707291484047886998e+00
1.323195237111000511e+00
1.483248141453607838e+00
1.437044432480270695e+00
1.594019093043751445e+00
1.329593300544826828e+00
1.770616122147705473e+00
1.667400556943787304e+00
1.583989264960640408e+00
1.517206766931876949e+00
1.413083140485127398e+00
1.963085526251375557e+00
1.418551981419379882e+00
1.469245881563729483e+00
1.620668133036931025e+00
1.518336939989256340e+00
1.789231932386936563e+00
1.405878240524386591e+00
1.500340403829280911e+00
1.195674794634680849e+00
2.150922497327662164e+00
1.633082898903862601e+00
1.709543387148035887e+00
1.583118513935033445e+00
1.258893835587501675e+00
1.935293548778271422e+00
1.527614315190796379e+00
1.716002442134093142e+00
1.890569966580612382e+00
1.933261767411984300e+00
1.540643218183577412e+00
1.466865527082689580e+00
1.931981266834942090e+00
2.005306240188576172e+00
1.535046276716459435e+00
1.426126319091890027e+00
1.868731882145503231e+00
1.745413828737878204e+00
1.810490100217404086e+00
1.189676606891846067e+00
1.449830278493814406e+00
1.723759053579697609e+00
1.742095804212524079e+00
1.593058846427162889e+00
1.936666926486935392e+00
1.729894555830602698e+00
1.337699449277132135e+00
1.525179081628704969e+00
1.550003356090763784e+00
1.612010246868129659e+00
1.868978634095771696e+00
1.235314126608569429e+00
1.542943900514250455e+00
1.527662720645885486e+00
1.995901094386524299e+00
1.557635483900933648e+00
1.489078653469423807e+00
1.703704125897242516e+00
1.415183193760975788e+00
1.533217956801208537e+00
1.386062775467276298e+00
1.717845920018590045e+00
1.821668678387947216e+00
1.446984149794226626e+00
1.593715913789248928e+00
1.530269576129980491e+00
1.953101469327829021e+00
1.364984619248917230e+00
1.468755887987629460e+00
1.340338389357691451e+00
1.753298425242804548e+00
1.461999022201345477e+00
1.542077388745528133e+00
1.446483635298727588e+00
1.711546560786719962e+00
1.635105544708424175e+00
1.328944369448595175e+00
1.710530526297878273e+00
1.596349792141370516e+00
1.843271623975679452e+00
1.492753913230503438e+00
1.405733186725260708e+00
1.667770674039464440e+00
2.068854384978072503e+00
1.590060234564000252e+00
1.402002345519710369e+00
1.730940443734001688e+00
1.381520185543284596e+00
1.700617998179780432e+00
1.825136793197592811e+00
1.615388066753068008e+00
1.505764577753974320e+00
1.909295780132008735e+00
2.106719697057629404e+00
1.338108701489025609e+00
1.785363207700924049e+00
1.806793586903278515e+00
1.552503105237810432e+00
1.310774724865543028e+00
1.552897205386959412e+00
1.570082045362300116e+00
1.395888471553415000e+00
1.288839250698640582e+00
1.674475177389876945e+00
1.258441183090442061e+00
1.589410738723399996e+00
1.792289353999835022e+00
1.519881066962438521e+00
1.497765204173552966e+00
1.798039682910758996e+00
1.801842866657316744e+00
1.710135901247775925e+00
1.713933292565433142e+00
1.740145582241977129e+00
1.266826752569408132e+00
1.777902005819225639e+00
1.571813954124623880e+00
1.542126750759009068e+00
1.705689253024906815e+00
1.747114129301814200e+00
1.583699169462644107e+00
1.419603364776332199e+00
1.616827378532534665e+00
1.247209029240010425e+00
1.640748321033327350e+00
1.585131493741509967e+00
1.525504297582638058e+00
1.370724553632667986e+00
1.598941579345948716e+00
1.799640428610539189e+00
1.992272420818148371e+00
1.615586582119998615e+00
1.311138327125120018e+00
1.523598093918859586e+00
1.394213732735964495e+00
1.561941045053765631e+00
1.748968745623315169e+00
1.646974760539440918e+00
1.782888595932451636e+00
1.432265549581542396e+00
1.458282997804164038e+00
2.131514439848070541e+00
1.483504451619420239e+00
1.605323863990820499e+00
1.565132905035871325e+00
1.726261968582098794e+00
1.665024562693820043e+00
1.231506643966747250e+00
1.449080074698988252e+00
1.527946661150802132e+00
1.489538597129710151e+00
1.606019369563055355e+00
1.599439398264186352e+00
1.638898525331220268e+00
1.360993303016899025e+00
1.792005593125032714e+00
1.957855726486540382e+00
1.330741405294128876e+00
1.960450831470722299e+00
1.652638122411367538e+00
1.314241305841826968e+00
1.228547323641008715e+00
1.516302379589907323e+00
1.484760569517224793e+00
1.606178470236556910e+00
1.635353214644524655e+00
1.620977101089809524e+00
1.502433409903870087e+00
1.529844131421597586e+00
1.924788058676611069e+00
1.071014715226139113e+00
1.693877338266466692e+00
2.017036284858750417e+00
1.416133534019818452e+00
1.575275624278030806e+00
1.665006341559762459e+00
1.646104158284485752e+00
1.399888332535147217e+00
1.227875977416065023e+00
1.750720980359133705e+00
1.444793767980163679e+00
1.420487496691820395e+00
1.723510771476180814e+00
1.917928533738565422e+00
1.496198477638757574e+00
1.291257866531672294e+00
1.535806698249553293e+00
1.845362724308052371e+00
1.728411215034727499e+00
1.986264998896597689e+00
1.637498344741411316e+00
1.379322207183515614e+00
1.723428232468917631e+00
1.503435393896785488e+00
1.781560793654352270e+00
1.783449848228443990e+00
1.309164673321233208e+00
1.325452131654996535e+00
1.788625831486849060e+00
1.285834396669370827e+00
1.773751976850311607e+00
1.534330239529261508e+00
2.283530523001944257e+00
1.119144524840573585e+00
1.506094868714966895e+00
1.734536711406084120e+00
1.575279375996130771e+00
1.431078200953747492e+00
1.567418814211298139e+00
1.408592350232805490e+00
1.365889648657521160e+00
1.740399838053552140e+00
2.008987323427517513e+00
1.457253149210357979e+00
1.428946228425488352e+00
1.622643852481103988e+00
1.326546317238424644e+00
1.533162385115861337e+00
1.688342816108872935e+00
1.664392205123914170e+00
1.872276419390981328e+00
1.446822287607733459e+00
1.616045813066189663e+00
1.849348633519272145e+00
1.641592902882488936e+00
1.458680772159569816e+00
1.599710503124120331e+00
1.536460844875294773e+00
1.477132381615599455e+00
1.857564936315013959e+00
1.675117336390767431e+00
1.651894107897813768e+00
1.365758696167752584e+00
1.775411919526407090e+00
1.408027850943693871e+00
1.600293092079571267e+00
1.601540157518413166e+00
1.552359543602584324e+00
1.441587040916362916e+00
1.810224153966370375e+00
1.658318183355441233e+00
1.566803340149562462e+00
1.496000062733635616e+00
1.728647701369282697e+00
1.447866504958202460e+00
1.501730955619379637e+00
1.379817740854862196e+00
1.816976467372209525e+00
1.520470146032508740e+00
1.224706313664520652e+00
1.373737396684389322e+00
1.349672092178505256e+00
1.940497995352725269e+00
2.029880595679378619e+00
1.508391719689882837e+00
1.382153537442003088e+00
1.527004252239759330e+00
1.739821404411931782e+00
1.589738677607182016e+00
1.757849782939277405e+00
1.360492043803163353e+00
1.594842036258307338e+00
2.056283299155607480e+00
1.483238523007618825e+00
1.602601945789155380e+00
1.558360794094326485e+00
1.812719691528422938e+00
2.011217538172767050e+00
1.528271252507221956e+00
1.310016713983546577e+00
1.713895771377333732e+00
1.676917197197365539e+00
1.580209602956346604e+00
1.794137069347754743e+00
1.374563454204296375e+00
1.549554145709142627e+00
1.431174964585751441e+00
1.950316373752635224e+00
1.403505155208097932e+00
1.326704785496479966e+00
1.654135963555655175e+00
1.636472745723700939e+00
1.494954411720629261e+00
1.412571339349518285e+00
1.292512259579282397e+00
1.479585946620687986e+00
1.690587115640806992e+00
1.763194538203128880e+00
1.765476274332001605e+00
1.692172178281970085e+00
1.750968889650968530e+00
1.401326584369474437e+00
1.769025649467642403e+00
1.328312601277776173e+00
1.325092879706814442e+00
1.504684979870540618e+00
1.356745306033391607e+00
1.264323786875869882e+00
1.520122023302995951e+00
1.394835641987241859e+00
1.554326621571429978e+00
1.688068387360227574e+00
1.407098901320461559e+00
1.906399830396316997e+00
2.067807578743049657e+00
1.438600956137141784e+00
1.762973327624658415e+00
1.529347154886666171e+00
2.100613595581792836e+00
1.795582138286229146e+00
1.618655037875595948e+00
1.698152541909980329e+00
1.433576450458169393e+00
1.391518909410442761e+00
1.616632026461325200e+00
1.394858800680372823e+00
1.524306213584415204e+00
1.772033244862152523e+00
1.359114712216125342e+00
1.691463083140925638e+00
1.593322370218415829e+00
2.136472984917308970e+00
1.201791592113908180e+00
1.542082373468968148e+00
1.655541709909150061e+00
1.481889064660311117e+00
1.411440615071078319e+00
1.604881887873810253e+00
1.623078845503070244e+00
1.654435597204046537e+00
1.309040939635349288e+00
1.478817076262231911e+00
1.662539724402950503e+00
1.800239500588342256e+00
1.457528594927694821e+00
1.288448051902336022e+00
1.344960483896687542e+00
1.510219708684054529e+00
1.881949478757359850e+00
1.818101446407343946e+00
1.733228773305636183e+00
1.590846889941926356e+00
1.511464382750691948e+00
1.485366851835195900e+00
1.646396280998783768e+00
1.584350944280821238e+00
1.792647296414457303e+00
1.635147004385959724e+00
1.663613142559070113e+00
1.911457653466931417e+00
1.556172091887741527e+00
1.620229420247708552e+00
1.853408549916265358e+00
1.758016954033008616e+00
1.706675179979669332e+00
1.191481964631514900e+00
1.475490936744922932e+00
1.372317763683815084e+00
1.667592731660143102e+00
1.598167558870568161e+00
1.434992271100154371e+00
1.488117365924204405e+00
1.652065239526820051e+00
1.841539271213867845e+00
1.389314528064055532e+00
1.567246189939317746e+00
1.543512585382131874e+00
1.656540335745495973e+00
1.594007019448829388e+00
1.654563917469531242e+00
1.676292822628061119e+00
1.866811030638382496e+00
1.723609094515944351e+00
1.542827816185541323e+00
1.546270538908093295e+00
1.694006224010765393e+00
1.791149821981532275e+00
1.726572105878609875e+00
1.668642145647901254e+00
1.563940183380414739e+00
1.302387068905396239e+00
1.593404384925439787e+00
1.503176792489620439e+00
1.398914120408008221e+00
1.521690689364654459e+00
1.519165623008425614e+00
1.585348654481533170e+00
1.465300234790299916e+00
1.709441984867386966e+00
1.487615280289303010e+00
1.503427091043213704e+00
1.437892883473465666e+00
1.847971159999494795e+00
1.511099253661104092e+00
1.532104596443718103e+00
1.658069420313970310e+00
1.280688017960187830e+00
1.799595011824565161e+00
1.792464323974936713e+00
1.410124368673462802e+00
1.694421880421858706e+00
1.783792294454854099e+00
1.365883972797061974e+00
1.597547480134541287e+00
1.379094178192479703e+00
1.555799084488885153e+00
1.486229975277070681e+00
1.828019982116860787e+00
1.503529243659962766e+00
1.620016422217545493e+00
1.470885421182008601e+00
1.697330576019853154e+00
1.732458577338295003e+00
1.468687058976697379e+00
2.160311500512440475e+00
1.449348550949101755e+00
2.161363840170636763e+00
1.735151292772606268e+00
1.599025694683504417e+00
1.557047620795134479e+00
1.769558363042008198e+00
1.734413976349170383e+00
1.630400613667901011e+00
1.842765646801382218e+00
1.471940643594863207e+00
1.582868063850414231e+00
1.778198967505078887e+00
1.656090971154447589e+00
1.297845468026071147e+00
1.187873786807454479e+00
1.643618729175400528e+00
1.614817675698005495e+00
1.464347896083135314e+00
1.980023340279706279e+00
1.359275774001899473e+00
1.567611010559520013e+00
1.545719071022634505e+00
1.222895018199505079e+00
1.666469683892302101e+00
1.359095476469352803e+00
1.742430268432119567e+00
1.613184340590349430e+00
1.574012153310113682e+00
1.598016194973282067e+00
1.454297233048095883e+00
1.657546993613107311e+00
1.496996580992745463e+00
1.810752922177618629e+00
1.713560837331540077e+00
1.469346922797860611e+00
1.636667979213928925e+00
1.493607899140154904e+00
1.489641628606742207e+00
1.125227909228876166e+00
1.277956900177462440e+00
1.445191354536573325e+00
1.667350602658545400e+00
2.280502548487571168e+00
1.856468832197299745e+00
1.462457749326267820e+00
1.664131495235383174e+00
2.110687090950985390e+00
1.715466285405567781e+00
1.578381202658363014e+00
1.598359969261482272e+00
1.747344443060701691e+00
1.835742178553453119e+00
1.462415280517101568e+00
1.310285847898773115e+00
1.360913993867136407e+00
1.265530447492989152e+00
1.687649102300512460e+00
1.366067870442081444e+00
1.315433912813792183e+00
1.327490908285195559e+00
1.650003839236316328e+00
1.336778481287425935e+00
1.613180622929822228e+00
1.466468193263083197e+00
1.615092312502477201e+00
1.479067313676717621e+00
1.155147836834470088e+00
1.574552890747130229e+00
1.372734102870713180e+00
1.712710616309893741e+00
1.599183569454303289e+00
1.517718181287909252e+00
1.652779819696871710e+00
1.461870847824158881e+00
1.448728658161269722e+00
1.431828860199934272e+00
1.438015155216613161e+00
1.479863088489179912e+00
1.439807777481293405e+00
1.558610437273332705e+00
1.620171587387506662e+00
1.400651758925719914e+00
1.223492631744227843e+00
1.914001111408626832e+00
1.471343070129356834e+00
1.579229309519943669e+00
1.444370847676612835e+00
1.782341911291928760e+00
1.624223120178229784e+00
1.696855818144903383e+00
1.721787776089622524e+00
1.720879338470082009e+00
1.488643451418343755e+00
1.531010271733364014e+00
1.815107276436206174e+00
1.656783603657491000e+00
1.496041840060481576e+00
1.258838685079436415e+00
1.399731408870163563e+00
1.332420330076368620e+00
1.392690221216687396e+00
1.823406356813702667e+00
1.468396832861828427e+00
1.403553110915377600e+00
1.715896701057157303e+00
1.492983178877599126e+00
1.625771206513384914e+00
1.538563679538247131e+00
1.755816336793189825e+00
1.347982647545599599e+00
1.749928224747794303e+00
1.785607897529282617e+00
1.593516590839952674e+00
1.360724400808497991e+00
1.850112038352542898e+00
1.617750496247748249e+00
1.265751645895331290e+00
1.695768658358225212e+00
1.423853487346247171e+00
1.557171737468010964e+00
1.475992265332886966e+00
