1.316046510230111033e-05
1.336760989686097006e-05
1.032900224578300584e-05
1.548965128832934548e-05
1.217460972033711485e-05
1.199266434518705210e-05
1.128531850145718207e-05
1.469954703266080002e-05
1.437572028447169884e-05
1.266031569224982506e-05
1.169965081104938748e-05
1.192286475871591571e-05
1.542659200114201770e-05
1.310214716584247441e-05
1.325903768153720462e-05
1.217240646046261959e-05
1.035394648341671590e-05
1.086299778436142940e-05
1.361711481685770555e-05
1.274349464947386201e-05
1.144039697098642958e-05
1.087347669119308581e-05
1.312088352047911864e-05
1.247553402218195219e-05
1.402193682536713417e-05
1.490102648153020870e-05
1.326583017798427155e-05
1.495150553492890194e-05
1.214104705828364732e-05
1.066707345229399047e-05
1.147040154173770459e-05
1.382138019717796542e-05
1.275032399021859011e-05
1.270836936755239222e-05
1.270767826874712694e-05
1.072766740709820229e-05
1.283791789810925186e-05
1.253762387562060530e-05
1.603719308768369574e-05
9.917642858149991705e-06
1.227569536892592494e-05
1.196282710480952475e-05
1.428137849078319702e-05
1.320618577795695776e-05
1.118397697736109333e-05
1.216771056460810124e-05
1.336492526360941436e-05
1.302020104781531534e-05
1.298717402476919881e-05
1.284176177151970548e-05
1.088477671507732890e-05
1.183190377809994153e-05
1.256183148419875969e-05
1.354367512570278313e-05
1.436390101303016114e-05
1.200596179765228496e-05
1.158817457040404249e-05
1.292307631919781116e-05
1.505390044015636810e-05
1.083521111233301408e-05
1.248142691166795107e-05
1.292840185382820554e-05
1.402502660963424031e-05
1.292120059392200382e-05
1.307010462457805113e-05
1.153958756838742210e-05
1.475150872322948633e-05
1.357295423884332773e-05
1.253708127573068169e-05
1.451544324970609984e-05
1.149618196972767188e-05
1.322036852431500588e-05
1.183975429750429741e-05
1.290808073615493474e-05
1.484989039108457061e-05
1.283297283145199373e-05
1.218120565447433328e-05
1.298664195906889993e-05
1.254569933577266243e-05
1.346392735048021121e-05
1.411861549222211628e-05
1.314063505037307980e-05
1.113162133606505612e-05
1.212377173776809386e-05
1.421513824163933431e-05
1.343881488408917751e-05
1.280624815676009526e-05
1.306658410124028567e-05
1.334135563328990821e-05
1.398992315684959799e-05
1.264093953470288320e-05
1.424356828010167404e-05
1.612219881420782602e-05
1.325713799534800133e-05
1.192396681174890893e-05
1.349699868764406491e-05
1.162184996292930782e-05
1.288589188195844852e-05
1.467973488634673543e-05
1.225048000955982998e-05
1.090041085697974888e-05
1.346288094827013852e-05
1.353383353137977114e-05
1.091806838750550536e-05
1.136379675098220142e-05
1.328200732612536062e-05
1.307431452810825726e-05
1.413482967791734064e-05
1.519653936301569792e-05
1.338429522965850741e-05
1.322894246663742975e-05
1.172204871849690221e-05
1.197845793044863802e-05
1.627523006929546559e-05
1.305322373519142356e-05
1.208448981291762380e-05
1.184907585590898997e-05
1.171882399093272507e-05
1.339097321913806609e-05
1.323862247968807587e-05
1.227721847567659568e-05
1.192113057374606655e-05
1.216277521628266138e-05
1.286551642633308637e-05
1.324717475295853370e-05
1.454220807820033277e-05
1.218305907474602412e-05
1.288630565207622655e-05
1.347028807160907264e-05
1.534174633046661281e-05
1.429594473877618719e-05
1.324023529232691618e-05
1.300983321493625763e-05
1.126523567539007145e-05
1.169691111698363719e-05
1.358687637716978485e-05
1.402775261402603697e-05
1.459718882163366172e-05
1.189661993090785821e-05
1.091000167049633088e-05
1.173192054810779327e-05
1.497198886908640428e-05
1.299634346039300220e-05
1.220305990900342566e-05
1.264963573847227912e-05
1.163646143790684118e-05
1.373853716947671723e-05
1.385977876070676671e-05
1.485671227849270240e-05
1.185208703463643829e-05
1.252402580112690138e-05
1.412258510100958350e-05
1.438404750879677744e-05
1.197937295035981573e-05
1.323934773613485609e-05
1.267224014778098601e-05
1.489561785180226960e-05
1.177076075170968026e-05
1.303463521075959472e-05
1.527316290844370409e-05
1.455145858203251784e-05
1.139862377397993428e-05
1.214590666660665546e-05
1.438804157252209392e-05
1.391357266542078090e-05
1.282098384252720960e-05
1.259379213844507991e-05
1.073512414962529599e-05
1.459220101274362599e-05
1.412944711619928230e-05
1.313521429628754505e-05
1.149955076390664733e-05
1.407705739719622599e-05
1.263837599841490337e-05
1.223405769873523981e-05
1.322249258516057768e-05
1.533733690172782790e-05
1.673069906138016411e-05
1.161730699024097821e-05
1.257461761999385290e-05
1.416358799669866357e-05
1.488823416130736598e-05
1.358026397866155201e-05
1.226688732679942313e-05
1.220405630647120641e-05
1.087379444403785363e-05
1.315183728223423378e-05
1.410646501720714784e-05
1.251130499035242549e-05
1.213491459254891806e-05
1.015007697263534875e-05
1.337572809077415735e-05
1.294732491713241091e-05
1.303341863406693176e-05
1.133773645519006624e-05
1.246290734518774189e-05
1.269199454494979360e-05
1.129919308930091267e-05
1.407511547602216680e-05
1.538387358014187768e-05
1.314045483879410322e-05
1.162951225292776892e-05
1.473111858167511219e-05
1.370078104937840810e-05
1.274994475426960045e-05
1.230079819736093869e-05
1.145960995503166987e-05
1.104511269996853891e-05
1.314164814632912867e-05
1.336557059738542323e-05
1.118563617505324337e-05
1.202176363537610989e-05
1.292111376950030098e-05
1.292610247915374494e-05
1.307327142108885824e-05
1.268535596778795553e-05
1.061333788507186205e-05
1.180617150392357106e-05
1.208314670694976809e-05
1.039568036428570906e-05
1.159248812834318270e-05
1.174417101125113269e-05
1.321075308460748892e-05
1.290323213543661729e-05
1.553228376307565868e-05
1.095375504915243623e-05
1.181642313657068011e-05
1.261529517100256111e-05
1.339827662204389601e-05
1.372334522059752298e-05
9.509310043552829459e-06
1.224675837405299820e-05
1.222709799550705407e-05
1.330789046922443931e-05
1.361355263832172674e-05
1.323770542316953639e-05
1.204164893231941537e-05
1.250612361002655394e-05
1.169391735953470812e-05
1.201158700049425534e-05
1.225936875745363522e-05
1.381276978736778669e-05
1.254830220470402980e-05
1.577313947048012373e-05
1.150850828257089109e-05
1.153626771059222083e-05
1.304688021064487368e-05
1.430575784174179520e-05
1.418640136262229890e-05
1.334679590771951587e-05
1.610416665040838831e-05
1.424100723094241380e-05
1.204585219273403912e-05
1.254518174531657171e-05
1.435316035686005506e-05
1.274758719058500928e-05
1.268204843429485388e-05
1.227570911528231034e-05
1.050167135081877361e-05
1.192971188227402448e-05
1.119341404505539709e-05
1.279608925535903002e-05
1.572790949935385781e-05
1.387581395010477393e-05
1.205344582549630135e-05
1.205137866916237871e-05
1.279151833340299176e-05
1.382646244106208509e-05
1.576055981061008060e-05
1.233337542539638479e-05
1.235612752511047169e-05
1.184724808885997878e-05
1.333448052948490431e-05
1.466614125603340170e-05
1.362288931334489332e-05
9.490150373650128781e-06
1.252443665227744847e-05
1.539552357713591205e-05
1.295270764049288536e-05
1.168933732535822952e-05
1.027387542354478312e-05
1.089932112166681805e-05
1.231658226801565190e-05
1.199060854969188066e-05
1.654554785575901424e-05
1.423932758417477962e-05
1.255117062129314142e-05
1.242513462221923274e-05
1.269612402725596266e-05
1.133460006622725121e-05
1.257539425195269133e-05
1.437771863439894494e-05
1.219253430171015281e-05
1.122930659020454552e-05
1.150286897894541702e-05
1.432618229026653509e-05
1.267659181935469078e-05
1.233396584557828514e-05
1.180113328348992990e-05
1.263397740175704432e-05
1.232147252601851971e-05
1.566291082792893171e-05
1.070661039602229320e-05
1.193918007395335168e-05
1.312028345138338213e-05
1.070187947764039583e-05
1.214948307862201962e-05
1.306625389498444836e-05
1.316533760741690508e-05
1.272834682184758360e-05
1.111948861994284457e-05
1.021013833840950467e-05
1.273999817034485583e-05
1.314811941575258048e-05
1.208172998229716246e-05
1.208357170264569646e-05
1.384736041424048658e-05
1.277573557563403583e-05
1.373066757448958843e-05
1.274077286821716177e-05
1.293854158209032520e-05
1.348208132216274792e-05
1.526344662187720328e-05
1.069641335187442560e-05
1.345894580978019151e-05
1.320326761799197301e-05
1.064662564607842669e-05
1.254748087748526234e-05
1.318085675292428077e-05
1.384907436276294381e-05
1.089027913400309639e-05
1.239999217276545759e-05
1.446195686198714394e-05
1.288056512208443339e-05
1.185259176295992402e-05
1.025132981961575173e-05
1.576085721380668692e-05
1.316717844165372049e-05
1.290051714208600869e-05
1.098697288848973997e-05
1.305330558006502285e-05
1.321220865542031390e-05
1.507493744292909133e-05
1.415662287121690795e-05
1.469229282573182508e-05
1.268457927154224206e-05
1.070618369630295597e-05
1.253568406278295162e-05
1.432955723841794309e-05
1.399012602924477598e-05
1.195936131171133759e-05
1.295570363918698133e-05
1.123411936692148449e-05
1.185154231041885388e-05
1.347528690973099136e-05
1.271193955054948372e-05
1.132833116563699916e-05
1.199545333901615546e-05
1.333959079029395854e-05
1.244049175619301160e-05
1.514945284649137463e-05
1.150464415584439117e-05
1.202455789712814178e-05
1.273680632519340191e-05
1.371188660305744298e-05
1.409361558781029368e-05
1.349280559991434358e-05
1.296783723427130796e-05
1.284179470276520964e-05
1.121758357050453293e-05
1.198415186735556533e-05
1.345223833377879318e-05
1.372998136730206688e-05
1.403026574143968493e-05
1.193171771371895461e-05
1.127728814940251059e-05
1.241385291343795376e-05
1.378940960065497304e-05
1.311782608876101398e-05
1.026760393145274814e-05
1.218418162303697055e-05
1.240974706542077029e-05
1.247264953508411168e-05
1.388625212196899192e-05
1.379096997432072426e-05
1.271358523171723025e-05
1.453199177893447934e-05
1.403809577792846726e-05
1.250646001811076231e-05
1.308812246877897287e-05
1.306825874335115428e-05
1.090481563456184621e-05
1.239866163514576022e-05
1.395163669357362043e-05
1.473850821853770537e-05
1.278575659129904691e-05
1.226215935077729442e-05
1.378886680781043583e-05
1.378863222311996708e-05
1.229148696929340250e-05
1.248361339015480615e-05
1.148079624469483444e-05
1.485935577660033721e-05
1.343558567557917527e-05
1.254879808205059630e-05
1.171362485346012800e-05
1.221510491338095697e-05
1.454266232242262881e-05
1.197975383123930288e-05
1.295101047583360679e-05
1.250363045527628443e-05
1.349749655964552366e-05
1.376328477236690019e-05
1.236598413390844262e-05
1.244805664684693718e-05
1.376455942593632799e-05
1.392235934689952147e-05
1.355769168155533642e-05
1.199349212388374498e-05
1.318918014600334625e-05
1.086298166502805446e-05
1.210225073292120990e-05
1.334324543297726686e-05
1.357170673364179748e-05
1.049441653924590702e-05
1.293459284417734465e-05
1.289384309253399344e-05
1.436197852935606325e-05
1.649636615621646074e-05
1.338159294784009729e-05
1.248207357384382360e-05
1.165169095414283155e-05
1.087088190788292944e-05
1.205014203482734182e-05
1.477381333837882173e-05
1.144119049280750664e-05
1.152210850225367271e-05
1.138179719221939255e-05
1.417224299146301130e-05
1.360378785943835415e-05
1.382832771823132658e-05
1.039977009007547537e-05
1.157572752880832936e-05
1.269882580609670161e-05
1.314577627881472639e-05
1.364902674588715269e-05
1.110943235634721654e-05
1.276849863614099578e-05
1.424336187728298054e-05
1.602331387314570767e-05
1.357136103611865904e-05
1.223491973838080291e-05
1.086108190876658355e-05
1.150358993642881740e-05
1.265494935431944900e-05
1.336012417760085397e-05
1.112923922721395564e-05
1.092075922575657439e-05
1.230019363925249956e-05
1.318010315135974540e-05
1.326693758077739957e-05
1.225490666009086312e-05
1.197101174729684331e-05
1.347549039061252940e-05
1.355790003770517299e-05
1.545085657678658167e-05
1.063633375483806326e-05
1.226920974288204099e-05
1.353663403463738776e-05
1.154561125262070044e-05
1.367015552398020910e-05
1.359051367936956716e-05
1.471604217868867899e-05
1.180673495219007135e-05
1.174924376367342817e-05
1.560052623084769494e-05
1.230602942145419548e-05
1.172267988811825290e-05
1.276018907896966787e-05
1.403014584921508487e-05
1.367584104391247250e-05
1.332467217549674253e-05
1.270980009856972367e-05
1.139445608731781986e-05
1.383110356135569043e-05
1.408085032625959416e-05
1.354558941351540768e-05
1.264349621614075738e-05
1.211030935920584222e-05
1.112589390833776031e-05
1.236073930920580471e-05
1.225768007373244930e-05
1.327819993440919162e-05
1.418508519475844792e-05
1.108586987749360752e-05
1.230097021633501085e-05
1.422645863768021136e-05
1.379928409027173140e-05
1.212470568861819389e-05
1.214460127225417014e-05
1.126739571925198059e-05
1.427105824962765829e-05
1.428487898776245620e-05
1.240964168810908448e-05
1.143964037109901957e-05
1.162612039730551350e-05
1.390725240700687163e-05
1.271318558975291808e-05
1.379649223513445278e-05
1.219663666382025056e-05
1.184499060467038031e-05
1.267480094073696418e-05
1.196930049839089873e-05
1.423685018444646655e-05
1.373485569988505362e-05
1.290181718034811946e-05
1.253813313535768411e-05
1.182951734840266657e-05
9.756859185681093463e-06
1.319312106598134401e-05
1.333602134453786106e-05
1.254512198340619061e-05
1.161374862661097955e-05
1.028155822382323018e-05
1.535960062626049886e-05
1.256940616316719573e-05
1.253538869344613039e-05
1.150835931470290204e-05
1.211306065996873785e-05
1.307425734513304270e-05
1.459966354007104197e-05
1.069570882026606253e-05
1.247835014198332744e-05
1.060122145373865173e-05
1.285283277809911312e-05
1.285646606636725909e-05
1.312090008982479646e-05
1.254936868635790169e-05
1.081609382573264075e-05
1.137850146686525391e-05
1.384955386913159820e-05
1.344781703825827770e-05
1.250054484270092806e-05
1.237844388138241608e-05
1.383107305961439727e-05
1.488168255205943163e-05
1.261949368000105963e-05
1.163906294835522607e-05
1.356272748449358805e-05
1.388449942100821381e-05
1.359232805847751334e-05
1.169772491747233808e-05
1.289382225966612076e-05
1.269558858019805633e-05
1.068439524562536373e-05
1.311044852992673625e-05
1.318387419994310109e-05
1.579929003292693433e-05
1.022837764721570890e-05
1.210882403094322046e-05
1.191639038157172829e-05
1.378442845731104310e-05
1.257627831889547867e-05
9.980299746854396739e-06
1.286133761435467839e-05
1.256899739336432288e-05
1.487299301340925891e-05
1.450660856601494854e-05
1.240373010902593042e-05
1.153033679459364624e-05
1.463932297194443768e-05
1.364553798966583619e-05
1.411588529048873169e-05
1.253660033744886247e-05
1.283803427709471891e-05
1.371250498603965182e-05
1.398347592083621796e-05
1.235915508883159482e-05
1.229489163336641994e-05
1.356035399296292546e-05
1.209434881978740070e-05
1.397664717129418497e-05
1.383954336818683768e-05
1.433893783176035581e-05
1.114581764077235313e-05
1.306895190626622454e-05
1.122455711177745091e-05
1.361654112713150673e-05
1.426165674803706149e-05
1.209037641479317065e-05
1.128400224729479550e-05
1.196559711997609247e-05
1.261005483490140149e-05
1.190645607788640735e-05
1.485422992319138395e-05
1.341451769814868699e-05
1.197805354766815725e-05
1.256989955817915595e-05
1.177674545623723951e-05
1.349471326827559742e-05
1.480329323438514844e-05
1.250634888538901534e-05
9.966788682467176195e-06
1.199029222712122658e-05
1.338286811471679017e-05
1.274289983071906746e-05
1.364126900280801707e-05
1.184921514143272601e-05
1.096144219417122194e-05
1.167349206942732563e-05
1.300457508828318537e-05
1.299422135076026096e-05
1.190141692337643306e-05
1.197057777387940480e-05
1.280524884640626852e-05
1.266014949329131749e-05
1.200312856948726426e-05
1.296834698888573111e-05
1.425931724368297026e-05
1.220288672680817532e-05
1.094780445994605428e-05
1.140255422282491105e-05
1.349216299815700518e-05
1.284190363681727740e-05
1.152682134682073389e-05
1.127133766241567000e-05
1.375060621198784528e-05
1.355551873458788030e-05
1.382374404347275798e-05
1.145506758733768670e-05
1.155835201564722407e-05
1.309313887536230197e-05
1.351131497791246385e-05
1.339055925526125912e-05
1.057620048632291344e-05
1.301401003929538827e-05
1.332149666597981249e-05
1.240174747530448012e-05
1.190454849149915730e-05
1.142981120517680300e-05
1.311503009137827284e-05
1.230054854354696964e-05
1.194834638169504477e-05
1.150697749036845296e-05
1.261965564442206730e-05
1.293851247015923669e-05
1.363410659494288958e-05
1.277201864853876860e-05
1.220837402763447574e-05
1.021802058929082567e-05
1.386522493536772598e-05
1.364605131366572680e-05
1.148853315691448704e-05
1.265405250197931754e-05
1.247022173038894514e-05
1.334445653372417809e-05
1.439955603651249510e-05
1.256096663646681022e-05
1.261216891101293897e-05
1.560754490963096186e-05
1.151043625720520947e-05
1.122705441701280605e-05
1.277041764442223470e-05
1.446527822925707697e-05
1.300151251460234485e-05
1.117668676279954332e-05
1.224035598994020494e-05
1.244076558765975498e-05
1.305403679094908233e-05
1.242426626694531420e-05
1.326720913404077881e-05
1.108637585949038724e-05
1.176993232944885168e-05
1.295662078856475518e-05
1.287862760336756836e-05
1.160426549294150738e-05
1.050669990932736142e-05
1.254567986190070827e-05
1.518135172597586511e-05
1.285568451793572329e-05
1.331130118166837748e-05
1.276153642960918316e-05
1.256077858060587070e-05
1.165019219070963119e-05
1.240009560957042474e-05
1.433190528608234670e-05
1.073276175182349287e-05
1.236141451521822042e-05
1.322173112204500879e-05
1.339014947929250879e-05
1.483854009163718409e-05
1.134544061017999151e-05
1.194493080691405350e-05
1.264782673210049394e-05
1.380941721236077213e-05
1.459091468690684834e-05
1.110524689811417122e-05
1.229021755292834029e-05
1.209437514507664942e-05
1.521346941888543566e-05
1.037757086564822081e-05
1.356928909510925770e-05
1.328573590103678094e-05
1.410900475675862963e-05
1.150648317997412764e-05
1.165098680446823464e-05
1.259902029092323595e-05
1.423024490603912761e-05
1.307875032941835101e-05
1.044093240384362128e-05
1.257929152444323980e-05
1.215006332393718772e-05
1.336762415540128544e-05
1.375257398413835088e-05
1.311275316335522072e-05
1.228316125824325542e-05
1.206306079556185722e-05
1.330367301911032928e-05
1.447004893770147660e-05
1.360562071706826608e-05
1.265637726759602435e-05
1.250117430844512029e-05
1.220356012201386456e-05
1.266836352555162200e-05
1.411484839770992125e-05
1.419280648233559561e-05
1.127381049557407575e-05
1.173268757736322854e-05
1.464011174981595105e-05
1.415996697015477853e-05
1.218650306291085562e-05
1.255512134473109341e-05
1.078674358733820779e-05
1.483100901165793511e-05
1.337544090053978488e-05
1.258705024964423674e-05
1.134835817457244154e-05
1.202398454665046629e-05
1.427219266087383346e-05
1.200261565709929049e-05
1.359404221233563597e-05
1.180469080180538753e-05
1.088404078575616869e-05
1.150828536407225726e-05
1.227120991154492127e-05
1.190775949622332296e-05
1.409642356521151861e-05
1.338598566145235266e-05
1.281216204151388448e-05
1.216061212413614574e-05
1.136409942484978558e-05
1.301745527987458054e-05
1.392676997254390117e-05
1.216942658857993233e-05
1.309448522411161642e-05
1.279245773998413966e-05
1.221830341572043432e-05
9.493412972642382660e-06
1.371978870344665034e-05
1.317421421210885252e-05
1.108412462829423243e-05
1.177162076878299560e-05
1.212023462009576409e-05
1.284961080444375165e-05
1.219037283823491711e-05
1.230670668898318922e-05
1.542244957532950839e-05
1.145685711608315262e-05
1.113220949641756484e-05
1.349206811607251949e-05
1.253525042254323443e-05
1.288294783687282619e-05
1.162709927075872651e-05
1.156182392444509375e-05
1.318534635253098399e-05
1.328829533486890304e-05
1.396714389195696061e-05
1.127557931116982005e-05
1.131121378416904346e-05
1.257676462199537118e-05
1.410282206419785873e-05
1.297658718547198029e-05
1.171164098233359845e-05
1.188320765809784632e-05
1.278726090776908486e-05
1.276304496916479999e-05
1.200602721720212478e-05
1.188829705398396214e-05
1.327545079896333801e-05
1.181374272184939906e-05
1.113963301616593497e-05
1.165456678955175546e-05
1.369749446396303799e-05
1.279971002964983890e-05
1.240151983213808132e-05
1.019770063005186188e-05
1.319585158233352945e-05
1.292197579933422067e-05
1.591851165936311813e-05
1.104649063872566261e-05
1.270154842363348775e-05
1.205274851643151760e-05
1.388627600143978545e-05
1.346399758393630978e-05
1.219204646456436821e-05
1.257347700523130892e-05
1.142281766870009588e-05
1.022621302633205476e-05
1.209197891487397111e-05
1.429493659451334993e-05
1.264020767962907625e-05
1.122307612417097144e-05
1.172253825701676804e-05
1.256946740605596371e-05
1.272525350905191695e-05
1.419081232005981445e-05
1.546813842100820151e-05
1.209574425584201449e-05
1.316396436145606486e-05
1.367422608070813822e-05
1.351075209558271109e-05
1.363827049249830063e-05
1.240515435310646881e-05
1.133862186985259518e-05
1.397707411874920562e-05
1.433398337321245623e-05
1.243950109620573226e-05
1.077154788390712259e-05
1.228599370514316986e-05
1.288407001847734150e-05
1.280194724801274325e-05
1.516259220943236998e-05
1.410472309256894456e-05
1.191064669429326580e-05
1.172716382317274801e-05
1.165234542662847775e-05
1.351094971650591417e-05
1.534703846606912315e-05
1.322587694728696480e-05
1.294342562744388627e-05
1.376051252541767048e-05
1.312772198553618724e-05
1.360449486765272280e-05
1.177165353537538467e-05
1.070694176333064854e-05
1.121343872154915542e-05
1.362601565777188758e-05
1.306599637413280683e-05
1.170986869246254843e-05
1.361677026925726535e-05
1.171295690709075702e-05
1.258708427733271515e-05
1.339235669449168031e-05
1.351208395203584474e-05
1.187632372493931400e-05
1.095593364326231908e-05
1.125112800074872427e-05
1.341107509958365716e-05
1.310608678949196606e-05
1.313999076088345782e-05
1.070907690404799179e-05
1.200000840464879323e-05
1.327946481217396566e-05
1.279103990766355041e-05
1.421041585980288852e-05
1.159265547215273299e-05
1.107616193283320631e-05
1.251263870500493266e-05
1.517263500698168613e-05
1.326926043208236103e-05
1.181254336507731087e-05
1.301533879468800298e-05
1.319602967790882096e-05
1.236780122241931347e-05
1.174014047934409573e-05
1.108235396663961074e-05
1.384735972360055005e-05
1.319415786268697385e-05
1.177764342559624934e-05
1.118571105025415516e-05
1.353754764609557562e-05
1.373432129890660977e-05
1.237960208783757717e-05
1.133161614022256612e-05
1.394212424842633261e-05
1.395445429019063235e-05
1.165701367918197710e-05
1.278122109508613784e-05
1.242867638109531480e-05
1.398914357995085910e-05
1.499648154291433021e-05
1.335562151048601562e-05
1.350306983689962755e-05
1.552018573190875548e-05
1.126698418399797738e-05
1.241460329915939372e-05
1.438978144028815158e-05
1.304875578552766714e-05
1.173369078227772581e-05
1.228034157764675997e-05
1.243933002262983709e-05
1.348084746373188186e-05
1.317343345980231329e-05
1.190425568216641451e-05
1.192963327235964477e-05
1.447150410129730836e-05
1.513845597546141533e-05
1.270818317644065756e-05
1.232005201432762281e-05
1.233982941720626722e-05
1.190662356927315448e-05
1.280002653752185220e-05
1.301993758528847563e-05
1.416482464722440490e-05
1.424672524308063297e-05
1.091963277821365530e-05
1.213179858259233160e-05
1.291034881412966817e-05
1.548677874456845109e-05
1.408156106990298044e-05
1.259364360045351138e-05
1.231571067020594976e-05
1.065058655071787721e-05
1.328351049169873781e-05
1.152705781936312781e-05
1.083338941776128140e-05
1.343715593482301903e-05
1.438682151923979066e-05
1.300584975147821257e-05
1.161195760952960547e-05
1.119701811845812410e-05
1.405025919085265338e-05
1.281165311772728256e-05
1.309578334686728930e-05
1.150567065829609210e-05
1.546777000390731129e-05
1.249724562366255042e-05
1.267150454626749206e-05
1.195561844335965403e-05
1.365629078345132301e-05
1.448631396601520060e-05
1.383783875293607968e-05
1.154180572402096850e-05
1.258554204213152375e-05
1.309411692358317816e-05
1.309591462117900585e-05
1.244266397002875577e-05
1.108441351784201420e-05
1.123709371844647004e-05
1.322238565554029349e-05
1.106726095469996974e-05
1.073404263156883706e-05
1.275071483704051622e-05
1.340905169576229649e-05
1.301173671165639563e-05
1.324255570718292482e-05
1.402140536924037568e-05
1.278628999411188013e-05
1.097238032259432634e-05
1.172963463377275330e-05
1.371280304777280063e-05
1.249228252448899587e-05
1.267739655917050505e-05
1.154065694877146956e-05
9.484307097817164654e-06
1.417573577967255512e-05
1.502735777850988784e-05
1.089981407768389562e-05
1.192791149366039162e-05
1.317391841209923548e-05
1.380798989917109522e-05
1.338749704713665873e-05
1.126231554517160093e-05
1.245923779843298733e-05
1.221717240051213681e-05
1.324990511427135685e-05
1.423430737405361643e-05
1.382305304435760733e-05
1.266522675651292457e-05
1.299917078557446812e-05
1.186715863675514845e-05
1.200947313398084447e-05
1.238648586092988279e-05
1.363022369573191063e-05
1.288701551082281560e-05
1.428879187911430643e-05
1.228890703420649656e-05
1.224505779312489032e-05
1.305194327887592016e-05
1.440098281234843777e-05
1.098616320941430563e-05
1.260709481871690371e-05
1.265995088579260298e-05
1.337435734459720362e-05
1.398506010994384138e-05
1.218155918750787147e-05
1.198904908245069931e-05
9.937763768107227410e-06
1.602300774394041280e-05
1.282963217168743148e-05
1.208401742385323666e-05
1.439663268068084287e-05
1.254100618949560764e-05
1.170792406225205540e-05
1.264830320785768944e-05
1.147539594304714211e-05
1.289462202692744372e-05
1.411230366525807106e-05
1.453348187368253031e-05
1.188491379030527466e-05
1.230857696927806565e-05
1.381344842619587454e-05
1.513340499497346102e-05
1.112117207330048425e-05
1.205206673929751517e-05
1.359133217416548719e-05
1.283408871506817547e-05
1.115081497170121138e-05
1.241491215109445863e-05
1.207923862218720617e-05
1.294046871115671774e-05
1.080616506988043082e-05
1.156256978043249345e-05
1.322978484616941192e-05
1.289766564034320766e-05
1.109730224931786821e-05
1.117231854132296686e-05
1.299922787922521505e-05
1.259877118349990079e-05
1.335994042987710494e-05
1.629527565135552381e-05
1.220580810648087888e-05
1.136472547954296972e-05
1.310221454627160168e-05
1.385485808805500263e-05
1.088886152763079553e-05
1.245931496468818626e-05
1.280638694059238643e-05
1.498542842978009979e-05
1.431918709386736738e-05
1.285160609389359931e-05
1.301549442134067255e-05
1.054064620034874826e-05
1.239457312130420945e-05
1.089144247856904833e-05
1.226268549873733714e-05
1.485946083891063265e-05
1.321073728541825305e-05
1.167859503160181835e-05
1.256877952899710697e-05
1.573524878976684474e-05
1.471069692769082652e-05
1.188261657685453887e-05
1.529064664711880748e-05
1.449111772884830433e-05
1.338125460628569318e-05
1.193150485999706617e-05
1.155010385377653192e-05
1.294185688704263510e-05
1.510588615943330558e-05
1.218304318550439915e-05
1.007264743972136518e-05
1.180281307290530699e-05
1.158454829203936761e-05
1.226040184448218185e-05
1.170569200994314040e-05
1.420781451369518384e-05
1.343031008838319531e-05
1.287438282967238090e-05
1.330882484429386397e-05
1.165822795315028535e-05
1.604060324400907226e-05
1.372396414690473493e-05
1.223008293992888435e-05
1.190944454956875593e-05
1.223129748377817804e-05
1.436020838782776231e-05
1.361282067105254955e-05
1.244515204116396596e-05
1.269001556682968781e-05
1.130955132090654349e-05
1.161239742715106416e-05
1.250922550391111723e-05
1.348313317252319804e-05
1.112805622980504188e-05
1.305775494732250175e-05
1.236613922126545667e-05
1.211527162739826257e-05
1.206067058628175134e-05
1.250432165937885642e-05
1.560703014044863724e-05
1.284602808150412270e-05
1.135790837114172990e-05
1.151169487334513519e-05
1.467061486176628043e-05
1.307612252311921026e-05
1.234569991797701845e-05
1.316211560717940340e-05
1.135661875651856426e-05
1.176166214526675247e-05
1.255893236806674772e-05
1.341356821120683081e-05
1.337539222573838397e-05
1.490877782640157506e-05
1.201592337860665041e-05
1.269080658678560153e-05
1.136061165793162650e-05
1.158796762566722186e-05
1.415920908654785755e-05
1.318568203201328387e-05
1.341540217652271396e-05
1.115752185163037470e-05
1.425559823671359338e-05
1.382553676427154349e-05
1.192594221574136046e-05
1.133094257765239407e-05
1.225229671858342671e-05
1.466222359399331079e-05
1.264787762551293023e-05
1.152584006858746808e-05
1.293457242264853408e-05
1.231539504296966667e-05
1.384657419827821339e-05
1.517669566292811310e-05
1.175373349343236803e-05
1.230787331043503474e-05
1.055407508236921692e-05
1.033316175207642500e-05
1.226703460883514040e-05
1.244908833569225005e-05
1.278217888271548157e-05
1.545015635985194202e-05
1.242402501290884652e-05
1.029163487432521401e-05
1.345234312427289208e-05
1.470693590581836075e-05
1.360246182404744846e-05
1.163349736358862304e-05
1.277592556326198096e-05
1.279500878870743811e-05
1.366070079119410050e-05
1.452323970813397580e-05
1.222382318060052559e-05
1.109458571537893247e-05
1.456975071081886059e-05
1.367164535689917322e-05
1.353424631600413080e-05
1.212557943117518677e-05
1.244242841986651507e-05
1.154498646946719494e-05
1.218313240579267292e-05
1.237924037949701780e-05
1.337792987826595609e-05
1.448876978402552339e-05
1.357090801150216973e-05
1.110545795262990172e-05
1.242601644686832467e-05
1.373657335350317920e-05
1.420173923526991132e-05
1.349463012435639329e-05
1.245958091111524561e-05
1.240583847890432870e-05
1.246792013626293668e-05
1.462184926513936128e-05
1.255129997457480473e-05
1.210950759217547078e-05
1.081793744498123695e-05
1.286486835454083608e-05
1.326428036392271642e-05
1.127354054792934121e-05
1.424394616703136180e-05
1.211023536788367536e-05
1.209767998354571383e-05
1.045118882221477822e-05
1.547308969809401370e-05
1.367245566102353646e-05
1.313702530265505150e-05
1.118457103632172683e-05
1.224467170820129666e-05
1.353468628120146666e-05
1.311627237657591533e-05
1.357831321200074808e-05
1.181072363220339423e-05
1.161402256298109666e-05
1.308545464633209147e-05
1.343219246897144611e-05
1.116683725736663346e-05
1.170286066162313729e-05
1.213798865479871332e-05
1.284295363695471758e-05
1.248196768362272239e-05
1.351606610195283395e-05
1.286087500277846365e-05
1.404729715874179442e-05
1.200718542006700290e-05
1.196768663563102399e-05
1.077667992765637114e-05
1.460993807462121685e-05
1.325615951878895712e-05
1.332697384299454906e-05
1.238937735418671415e-05
1.302713198086602399e-05
1.284399422705706090e-05
1.453707636056472864e-05
1.146338647133395456e-05
1.197478481437405258e-05
1.272389232817369635e-05
1.324274974231827568e-05
1.386322056960002042e-05
1.234661413471079819e-05
1.264126590518434897e-05
1.297804827094971881e-05
1.356431425745717357e-05
1.326085150386737731e-05
1.324028941446602062e-05
1.258112966384716450e-05
1.206694471964680510e-05
1.158047466456194783e-05
1.177553584138207544e-05
1.249896446278770267e-05
1.329671984126145575e-05
1.460444701918485804e-05
1.207096632654836760e-05
1.145644899058636889e-05
1.288663264973837615e-05
1.382195942616238465e-05
1.141645694909155355e-05
1.202575285416877766e-05
1.189556396129107875e-05
1.433091554708078582e-05
1.189566685870227008e-05
1.195765187937094571e-05
1.362881980704077047e-05
1.566860147725842421e-05
1.144576537271176171e-05
1.379073724465584231e-05
1.089927763869512560e-05
1.228074829499559243e-05
1.242365547271422876e-05
1.338974550932721445e-05
1.352697481867591891e-05
1.313661505419412165e-05
1.287867729403638096e-05
1.238141873337685240e-05
1.447192973428581852e-05
1.473824479183441485e-05
1.292057250578468720e-05
1.267371536973253405e-05
1.139522755820150150e-05
1.068097518367524892e-05
1.314132853332588484e-05
1.615769392878589104e-05
1.239971486887876300e-05
1.047804137928376849e-05
1.170617711340958546e-05
1.251441923684865236e-05
1.346478799167679074e-05
1.458787868200771317e-05
1.149847747013935631e-05
1.092098993038783757e-05
1.424019442333270632e-05
1.307995927915033597e-05
1.099334692253076526e-05
1.301691444979575447e-05
1.246075794536631337e-05
1.120039807768339048e-05
1.131063989535208550e-05
1.558225812202142168e-05
1.235058948425846653e-05
1.084113822899559705e-05
1.126844276738024092e-05
1.319488710945608850e-05
1.301660273636087478e-05
1.530275313471755790e-05
1.391484224561060741e-05
1.448170875225515869e-05
1.298304151121137999e-05
1.040023598114139515e-05
1.282448259565393428e-05
1.365113857982812963e-05
1.375819514350395718e-05
1.313648426012597286e-05
1.246854272710985066e-05
1.033300769417661755e-05
1.105680056898721871e-05
1.330828976634115232e-05
1.327263143394419840e-05
1.173110649991733263e-05
1.195316118095475306e-05
1.212435609149450332e-05
1.347767208217710177e-05
1.271101555927615153e-05
1.234549750269241666e-05
1.165818832050485834e-05
1.341701877936325439e-05
1.351448765684978502e-05
1.497483700073254685e-05
1.397472953917686885e-05
1.352094618968620358e-05
1.339484232290484385e-05
1.161980084412761928e-05
1.119267675960404935e-05
1.334566508777836913e-05
1.331256062724010232e-05
1.370721616528182216e-05
1.212546229804367093e-05
1.224812052874519293e-05
1.409520173783340674e-05
1.295975254646956501e-05
1.143075834242052706e-05
1.153431669843659472e-05
1.333689050732658936e-05
1.188382014832370833e-05
1.420668206843420903e-05
1.181041135317302811e-05
1.553882289003604889e-05
1.415116191951780454e-05
1.258719876158815301e-05
1.274511380113859126e-05
9.982425545551674404e-06
1.297624861445797876e-05
1.318622928289633808e-05
1.479816475741253638e-05
1.079079143206750041e-05
1.182084511405244948e-05
1.172148220086172404e-05
1.360977652824636387e-05
1.494513719643465167e-05
1.199939533748925657e-05
1.214820964221230461e-05
1.129194749777097455e-05
1.621581648407342918e-05
1.370326430263918297e-05
1.243403897500941426e-05
1.235715617478111227e-05
1.219544772892624797e-05
1.480998684596706864e-05
1.264745476279400407e-05
1.236307075625238242e-05
1.352132909030447944e-05
1.490268359390692807e-05
1.474135615048837334e-05
1.223054162048987879e-05
1.302385360866720044e-05
1.423197924758694731e-05
1.375203841448008431e-05
1.325234514653957123e-05
1.236994653206373982e-05
1.232577073158414317e-05
1.277737436871391074e-05
1.263105173188157537e-05
1.197760837753628165e-05
1.578199212541252534e-05
1.285974855471867997e-05
1.336708277878853462e-05
1.193922587977146949e-05
1.265971230046039231e-05
1.328802844925016340e-05
1.385070139762913636e-05
1.359866287795372251e-05
1.343370636865257201e-05
1.215219036639574764e-05
1.210806115182267012e-05
1.350321331170703561e-05
1.356443656424080656e-05
1.266048095450390530e-05
1.093476696665326879e-05
1.130663576527920950e-05
1.433028513330730525e-05
1.252300482031456465e-05
1.256186301521740725e-05
1.189599653801783856e-05
1.144626038255867293e-05
1.317840830613388813e-05
1.294433421690660511e-05
1.574939724125717951e-05
1.146186929887141619e-05
1.295875583648497529e-05
1.481191819309915690e-05
1.357993781831755769e-05
1.325069335124081332e-05
1.355174221276070294e-05
1.378351892088441194e-05
1.270960950952902789e-05
1.240235662774155992e-05
1.227806293754024348e-05
1.301830382350251621e-05
1.325654351557888734e-05
1.123108765108208440e-05
1.156397419165855353e-05
1.254187956659745716e-05
1.317247095019615373e-05
1.402298537464384830e-05
1.438651221089794075e-05
1.242709481224716953e-05
1.235539397034036436e-05
1.301801882779630110e-05
1.627291794234110245e-05
1.335446773571543045e-05
1.205561220781754451e-05
1.241608524713767840e-05
1.291102728440191290e-05
1.467205278474433140e-05
1.156585451164592820e-05
1.447927581814013881e-05
1.372224465242664401e-05
1.360084250725567055e-05
1.251938387580998457e-05
1.052469792653799181e-05
1.255323815655855583e-05
1.408515836101754490e-05
1.313019695175894463e-05
1.168272251314280785e-05
1.192037376360168398e-05
1.284966955490669993e-05
1.247139523132655481e-05
1.423127640301656677e-05
1.618471805825631756e-05
1.252178677739205757e-05
1.219918731576639272e-05
1.545193133013738807e-05
1.504146902685603859e-05
1.260331475043038637e-05
1.278031782128145000e-05
1.168009850504319631e-05
1.232936210121770834e-05
1.072239440905216577e-05
1.304886956764795559e-05
1.468350038599767534e-05
1.360032702732968887e-05
1.162736465442688062e-05
1.237615580979810269e-05
1.229571155087113150e-05
1.366652897109641659e-05
1.482374491786872063e-05
1.170124378065144444e-05
1.181692733794781193e-05
1.300847865182919592e-05
1.194163032851797425e-05
1.257231185583345523e-05
1.192560932562561055e-05
1.322229281011500461e-05
1.528900931487416783e-05
1.181860985137452670e-05
1.249271961537839963e-05
1.007977392905746548e-05
1.412455503098992907e-05
1.295611658985899587e-05
1.360118819854242388e-05
1.457643318678641652e-05
1.530392212385364321e-05
1.256544434618633511e-05
1.276667610002520623e-05
1.027604148784261545e-05
1.336572999587283723e-05
1.592856422371253150e-05
1.334811137812204191e-05
1.154051969042797096e-05
1.239503976341901221e-05
1.389511412040847966e-05
1.217111739302636148e-05
1.383675164916708791e-05
1.179694038239958337e-05
1.161759194517297033e-05
1.289015443569306845e-05
1.209380925109921799e-05
1.186324749305052509e-05
1.185488744115316671e-05
1.363975211120250511e-05
1.298022059861319956e-05
1.000726585217722481e-05
1.314584134285107566e-05
1.369468432767360035e-05
1.213227683327149947e-05
1.187846256395793550e-05
1.058369404429341304e-05
1.342972250216853587e-05
1.253067039107376302e-05
1.273794222261520395e-05
1.085470120775928315e-05
1.169710433291235722e-05
1.268817238351863595e-05
1.339855329220732773e-05
1.514868512597221388e-05
1.173788282295824714e-05
1.063129668027100480e-05
1.243184063075289575e-05
1.302587029759915068e-05
1.348808469636533552e-05
9.517890670038604584e-06
1.228349192790499737e-05
1.240616081354544936e-05
1.051400526931172167e-05
1.101461996007669709e-05
1.271861725861071267e-05
1.367821615168477744e-05
1.042449982623354382e-05
1.100915365913868737e-05
1.338221564933902820e-05
1.288643353121150981e-05
1.394988791451528576e-05
1.297063257529560440e-05
1.151495348815361252e-05
1.494802979006251837e-05
1.408202463460845195e-05
1.160711481226507320e-05
1.165733385376478356e-05
1.169070579215417226e-05
1.388675632213722476e-05
1.478816738324939115e-05
1.196565142373402110e-05
1.195392913569921504e-05
1.148669362041396174e-05
1.041394648643065845e-05
1.156078779247444274e-05
1.351476939014047523e-05
1.357048383218223039e-05
1.317684331168775843e-05
1.062456060546173124e-05
1.212253562474901687e-05
1.281412421393723635e-05
1.278603086020305390e-05
1.355463791841015231e-05
1.362523651817505643e-05
1.255916085332823728e-05
1.195916331329107948e-05
1.372720486735321234e-05
1.435034661470688665e-05
1.266460494675339069e-05
1.264581717924911056e-05
1.214302308653175937e-05
1.303251213361609367e-05
1.515820744553796904e-05
1.229283091975419421e-05
1.127089075754720804e-05
1.164505889418589903e-05
1.112841761164768510e-05
1.248578880719724063e-05
1.243353807367855723e-05
1.366650872830263708e-05
1.715631571670613178e-05
1.182262243466170718e-05
1.207103692432041629e-05
1.055472621864732201e-05
1.454018023875885409e-05
1.379058666945312321e-05
1.280093120140264528e-05
1.178039991979136862e-05
1.234702466534204176e-05
1.289655128848796702e-05
1.307884329572740486e-05
1.205043076987184167e-05
1.160238007242280391e-05
1.137997015294920252e-05
1.325459958275326775e-05
1.353168230225780373e-05
1.093249343085608183e-05
1.008694854799910836e-05
1.436629824883252623e-05
1.128303278874874170e-05
1.299782979013575752e-05
1.154037209628955575e-05
1.307441901827096825e-05
1.448373732636301037e-05
1.225609467647741828e-05
1.163657276392981441e-05
1.557998675977411511e-05
1.267285155942698208e-05
1.228801284851457838e-05
1.146139031361847972e-05
1.254663348792979177e-05
1.213000070214524171e-05
1.543765318266984574e-05
1.154068273050905423e-05
1.014082398880715268e-05
1.207177190149914022e-05
1.273324396033945832e-05
1.111906030951404555e-05
1.409348829733966618e-05
1.288360864935975535e-05
1.058105397050313493e-05
1.118220677430524237e-05
1.065369712897629178e-05
1.103077135434494779e-05
1.256401667276135877e-05
1.303534068649015758e-05
1.267852866239206088e-05
1.576518274688403743e-05
1.182935330847771241e-05
1.182739444371663381e-05
1.335362119631021539e-05
1.407126952419927747e-05
1.452416606030107608e-05
1.146387105281679140e-05
1.223728893696105906e-05
1.221888424467991762e-05
1.405275752298533417e-05
1.417466317246818542e-05
1.353810761275652674e-05
1.367754686503857217e-05
1.137652720995886011e-05
1.160655097805119702e-05
1.206126908668290329e-05
1.373277683523762321e-05
1.345179925545329143e-05
1.099651622057741437e-05
1.181831816230690589e-05
1.277172713702929264e-05
1.217011149373411820e-05
1.244026872511937752e-05
1.280656227204072943e-05
1.485184024976852701e-05
1.497814667494963777e-05
1.226846835387126848e-05
1.026392461461203025e-05
1.496928731166876831e-05
1.361021997305077292e-05
1.244264232408349786e-05
1.161759736251178738e-05
1.157225375208202338e-05
1.149270604764758941e-05
1.247537308377964798e-05
1.170894875418366582e-05
1.314906173895440701e-05
1.354446470304743983e-05
1.388679735287243578e-05
1.237376494853799416e-05
1.248873208408774614e-05
1.390026027237105254e-05
1.361793049281326996e-05
1.289779436756219101e-05
1.239942453428253259e-05
1.184049426949946805e-05
1.301675583982024557e-05
1.534731184303932380e-05
1.242957004717881019e-05
1.179290223006355292e-05
1.138628287203656584e-05
1.294563975120595529e-05
1.195617090818683589e-05
1.389355717105685795e-05
1.319611307713737568e-05
1.323395420929241871e-05
1.142129665247564156e-05
1.421947361343519523e-05
1.440418096118744241e-05
1.152378601340471454e-05
1.265868007361951784e-05
1.372070751593459332e-05
1.256321488924679444e-05
1.382729502431338980e-05
1.299214587837169104e-05
1.147574586327170288e-05
1.067247824739637697e-05
1.316086804676766594e-05
1.280478875836914361e-05
1.049135543413042778e-05
1.143689456703344596e-05
1.287190861451724625e-05
1.277699487432268870e-05
1.407359296120010011e-05
1.356935824406441494e-05
1.277147990799851176e-05
1.565387150992182008e-05
1.223569278045133312e-05
1.104837834318058305e-05
1.150109957364157063e-05
1.430430783176151790e-05
1.275666453027258712e-05
1.326694952129714799e-05
1.269138402003290320e-05
1.139821692371457824e-05
1.313868547737164569e-05
1.336279649697640133e-05
1.364064577026820717e-05
1.166396612797552879e-05
1.025623721037410844e-05
1.248832188361463782e-05
1.465468956112331380e-05
1.298204170147199295e-05
1.107978496561973312e-05
1.243431948633765218e-05
1.197986930668302079e-05
1.285334985543843309e-05
1.392208448223959037e-05
1.444239667039877462e-05
1.372525014987019339e-05
1.076519049394347781e-05
1.042794309480549062e-05
1.268856540798137780e-05
1.342679116770538338e-05
1.296129047898416872e-05
1.419642680086700848e-05
1.257014338737206440e-05
1.183729998597331157e-05
1.347162353450957834e-05
1.376692930634857403e-05
1.256313890787189235e-05
1.265483823127624776e-05
1.054206706064427590e-05
1.135962543154057820e-05
1.291376053203818457e-05
1.312712440010210523e-05
1.079210387996935696e-05
1.219387064719278404e-05
1.308367621766944847e-05
1.237648073478595488e-05
1.160128944569391897e-05
1.266247205840260108e-05
1.546098786765943379e-05
1.186395929256188139e-05
1.077138741486909497e-05
1.178274196365393626e-05
1.473808398859435065e-05
1.334192679172945587e-05
1.313150246060293711e-05
1.100368380696884233e-05
1.188253528102547168e-05
1.383732645738003933e-05
1.373382783632959268e-05
1.422956823199497461e-05
1.176852160444344131e-05
1.177733821221903849e-05
1.181551684072407075e-05
1.381799041003539690e-05
1.318286934301018884e-05
1.089797955541383928e-05
1.209446215306747488e-05
1.263337284529187283e-05
1.272330918586089589e-05
1.129162453710754861e-05
1.130207784421392691e-05
1.355388058029489898e-05
1.288260669824855130e-05
1.083843107545103957e-05
1.012344463346227918e-05
1.248327949350054356e-05
1.237436306327377461e-05
1.290608056754710314e-05
1.352176872943391744e-05
1.329763127057789129e-05
1.054491694455100688e-05
1.265435222131217794e-05
1.371960964259275444e-05
1.517482933866657965e-05
1.135781487727857769e-05
1.232605613418901110e-05
1.526157189225214373e-05
1.403087631555313491e-05
1.231300843899412107e-05
1.266646558040300372e-05
1.115957699514365460e-05
1.136572880516357865e-05
1.098470509592624789e-05
1.140376551008016957e-05
1.460716731453280776e-05
1.282353519776216851e-05
1.236516290529293471e-05
1.252294492921783720e-05
1.292663127170542563e-05
1.401538783818388643e-05
1.494464192642314957e-05
1.201864026976299528e-05
1.411642920108316043e-05
1.347282969718648154e-05
1.176501438819482362e-05
1.256486358349054082e-05
1.176647988609807541e-05
1.250555230994701912e-05
1.416671000728691782e-05
1.234876018885191126e-05
1.123042962215924999e-05
1.065509419837344685e-05
1.211554497187053987e-05
1.212229116324474952e-05
1.565508831186975111e-05
1.350853453092571217e-05
1.306793785117723915e-05
1.210102462777597062e-05
1.380151933810191709e-05
1.328007942240059176e-05
1.226511926966716806e-05
1.474340805514788798e-05
1.181411634104535267e-05
1.128306800471988059e-05
1.117806268255177475e-05
1.396973148978749207e-05
1.324381372979624261e-05
1.320994048741987460e-05
1.209396375019055252e-05
1.107165626649786879e-05
1.287110847822457125e-05
1.322538411062371419e-05
1.123597628843367498e-05
1.455579729367091941e-05
1.325837598942891463e-05
1.241860316747847127e-05
1.403295005823339743e-05
1.319973498344968341e-05
1.164017656653299789e-05
1.170211543706199279e-05
1.213329149887502635e-05
1.230045030512221145e-05
1.356537775120116528e-05
1.109538657104924077e-05
1.122351359872944082e-05
1.295956263703335898e-05
1.315048792631140759e-05
1.298298909521746976e-05
1.393150420495829321e-05
1.250899936613254671e-05
1.036593461308796630e-05
1.367070447877191952e-05
1.116572044913894776e-05
1.474194205319021334e-05
1.295239276523382660e-05
1.305721944185666775e-05
1.224529414877128771e-05
1.174298039780018185e-05
1.407773768833433008e-05
1.338394733660383672e-05
1.494976168615196166e-05
1.095961068696882451e-05
1.192861191581915428e-05
1.236095949597133168e-05
1.542796363421308420e-05
1.276072468774117833e-05
1.161090909525393258e-05
1.208793930585725969e-05
1.255856155412580346e-05
1.321221758717496890e-05
1.480693031461592182e-05
1.450435225148079210e-05
1.193251444741370200e-05
1.238744164674763094e-05
1.056276799231975816e-05
1.174464997931677454e-05
1.307731166171252071e-05
1.273908332138503374e-05
1.296122097443297079e-05
1.382848338588588128e-05
1.211713620832343153e-05
1.149926721152073544e-05
1.287789344533809894e-05
1.460078926467301093e-05
1.371382917012700627e-05
1.222732903360317426e-05
1.189468895140907039e-05
1.224216553453241017e-05
1.415386535971014177e-05
1.409525863191168690e-05
1.271942010171155733e-05
1.135484522564933646e-05
1.425969292221044320e-05
1.434872484010038171e-05
1.386162933015250137e-05
1.112618485581606891e-05
1.349953090349283856e-05
1.143234106231704346e-05
1.213215448989237382e-05
1.299075109616843149e-05
1.341276783613378074e-05
1.466756186613312682e-05
1.492410847462951320e-05
1.206763024620259430e-05
1.219366887710388976e-05
1.517587989236048637e-05
1.441676110367104980e-05
1.339921484105802125e-05
1.274501276960779865e-05
1.167143657570739616e-05
1.006103245226750432e-05
1.370605267147137203e-05
1.386016105870180053e-05
1.256342071101666296e-05
1.127489817759664820e-05
1.065797720106179026e-05
1.351756128196235100e-05
1.042778830996930064e-05
1.595120145414792608e-05
1.147139487290421022e-05
1.152281678264572045e-05
1.155554100180829868e-05
1.347486276648045252e-05
1.452567193578481335e-05
1.333505947191773698e-05
1.182868570383383644e-05
1.248879931569881396e-05
1.268149782863218029e-05
1.288969992901101701e-05
1.226858065546258541e-05
1.130038615672714434e-05
1.308554776571920282e-05
1.395713060882311594e-05
1.084076738204032902e-05
1.046381779591332254e-05
1.288027775991163409e-05
1.264388873812854550e-05
1.323908573310673190e-05
1.474843539700499970e-05
1.282303503439795695e-05
1.408630305773504725e-05
1.183552797718517979e-05
1.377007258946777911e-05
1.229953754991422244e-05
1.236568314103999412e-05
1.143445517459027586e-05
1.363882071736112599e-05
1.210074296865815820e-05
1.223495706073790995e-05
1.399204606200315398e-05
1.293243965235420154e-05
1.138821429889872701e-05
1.278584816200548163e-05
1.214842036440234423e-05
1.422171826732351409e-05
1.471287685125963357e-05
1.421645482698196063e-05
1.367227916799628002e-05
1.275901740934609267e-05
1.179335866148847574e-05
1.225057479172203608e-05
1.314281079589948045e-05
1.264667298007121027e-05
1.440897423618332054e-05
1.152339363390861537e-05
1.312420567977082075e-05
1.427609399257993107e-05
1.078622420254080140e-05
1.185681286881707362e-05
1.182355446085817074e-05
1.332511798474609682e-05
1.394965296132374486e-05
1.227734385830990291e-05
1.288432435602722817e-05
1.087942286166365391e-05
1.456940135812042506e-05
1.390338041292369815e-05
1.210077972134213171e-05
1.395662455976535881e-05
1.325880983754170469e-05
1.148348912025465427e-05
1.285599244313107161e-05
1.175563515733334653e-05
1.452543742144530469e-05
1.492921874954951291e-05
1.221679978687258998e-05
1.243733460835785838e-05
1.127461572258731028e-05
1.394212801187971144e-05
1.258602009224780447e-05
1.145255196632310143e-05
1.236084372854222952e-05
1.412627902586426943e-05
1.421038354621694182e-05
1.286254390466989221e-05
1.392258620544122216e-05
1.271013522702958312e-05
1.305989222341365230e-05
1.468646339634924154e-05
1.555665278255761416e-05
1.298379227399080697e-05
1.232093359408485126e-05
1.243198832469752161e-05
1.188222634493180166e-05
1.281347075327926624e-05
1.571841513807762866e-05
1.249626248794075977e-05
1.048473306532441589e-05
1.164742195854794212e-05
1.324556003899651050e-05
1.304348783453854296e-05
1.287055246114775758e-05
1.182067921589966827e-05
1.102562447678640508e-05
1.348103500912110752e-05
1.348439501101769010e-05
1.394850115676600822e-05
1.443098068482877198e-05
1.254182815824780860e-05
1.150995485171396548e-05
1.211352674081601646e-05
1.552548878780395447e-05
1.257527161147098097e-05
1.320856449115784553e-05
1.189040484256204289e-05
1.102381122500251630e-05
1.129670865661913094e-05
1.324574946068999678e-05
1.233078402552001865e-05
1.149592982148827890e-05
1.127380136496461788e-05
1.254416429215468321e-05
1.289481169438518659e-05
1.324880264645190623e-05
1.444952336323761862e-05
1.227922604417077299e-05
1.237681239403569279e-05
1.228610956068698855e-05
1.389295837527443285e-05
