1.700790781816286608e-04
1.841453649618343604e-04
1.314998813796750638e-04
2.165916843995343058e-04
1.537157588081040124e-04
1.614744850373020903e-04
1.497450127952978992e-04
1.988818124248077754e-04
2.307574583535740352e-04
1.702885358565191167e-04
1.527137765379095631e-04
1.559345378950267120e-04
2.346674674692816626e-04
1.861263165901671677e-04
1.715934664622993644e-04
1.575399751733645823e-04
1.256015746079585510e-04
1.336073072921348226e-04
1.895286192072992914e-04
1.773914960899629150e-04
1.371494204004400027e-04
1.261664382916565061e-04
1.663670452006210253e-04
1.706063434413045967e-04
1.982751741879286292e-04
2.280054486807933753e-04
1.852366120066077995e-04
2.244352743282218836e-04
1.593408876747180757e-04
1.264611436537572324e-04
1.436342576466968248e-04
1.939030764296456697e-04
1.718731790765737864e-04
1.652240489044582577e-04
1.497265882578386362e-04
1.318160363490318977e-04
1.784391544738761720e-04
1.655405952966554665e-04
2.672033582582327956e-04
1.176486335723513847e-04
1.566935831988327176e-04
1.625818606169348614e-04
2.038053478024246825e-04
1.868345342227479688e-04
1.380337256924556155e-04
1.690951881224310915e-04
1.799612927426093084e-04
1.840178452515037145e-04
1.748120558583785163e-04
1.772429154528976591e-04
1.362541421935996278e-04
1.488826981647538219e-04
1.676100665213914526e-04
1.937579604150986817e-04
2.117982756759564759e-04
1.548735358616443701e-04
1.552452374957071640e-04
1.709436271494139774e-04
2.123208484419514069e-04
1.346942107057355284e-04
1.617581834866149454e-04
1.622490402703146686e-04
1.914591707408172343e-04
1.677293439161325851e-04
1.669376759393745183e-04
1.339067850224555302e-04
2.192350977198660776e-04
1.809467361617540587e-04
1.547902526637340108e-04
2.011012710642600385e-04
1.520338465041939295e-04
1.723267874854675309e-04
1.580272376247459265e-04
1.676995842202832023e-04
2.138722306771779493e-04
1.625461644660977623e-04
1.526542168829920403e-04
1.858914696927902355e-04
1.490702005331471158e-04
1.849106654228185886e-04
2.109202890096051135e-04
1.766702098540302314e-04
1.463762634447542750e-04
1.543314312375040226e-04
2.197702637263283104e-04
1.982963554462621183e-04
1.714689312029303364e-04
1.720929779303506223e-04
2.039988695200539346e-04
1.971239068096222139e-04
1.512223030496424923e-04
2.189938783416022047e-04
2.589638275918630076e-04
1.723317111705646720e-04
1.655749027666778299e-04
1.694183993650486908e-04
1.458562938728904124e-04
1.625787660949436144e-04
2.193658937723086161e-04
1.636023628883669491e-04
1.319435318352302677e-04
1.782640021892991158e-04
1.920765946902082194e-04
1.315720483344156189e-04
1.369015912928038732e-04
1.850443993850532534e-04
1.693115890197040838e-04
1.959878019972298901e-04
2.163726737605983601e-04
1.851758632094044430e-04
1.767967202081035291e-04
1.460997184556459536e-04
1.442458265712145082e-04
2.486788203127440625e-04
1.653880253862416753e-04
1.491682812624374455e-04
1.433926557293094728e-04
1.498472956100843883e-04
1.882072531602882199e-04
1.895312285854004709e-04
1.525811985894989255e-04
1.408888857618897082e-04
1.456935489128815002e-04
1.897282174072067768e-04
1.638199366661211552e-04
2.021589455966064941e-04
1.474766043899477391e-04
1.684533173184984034e-04
1.788785920474750279e-04
2.268771159224745578e-04
2.041621871772438662e-04
1.688794369814074464e-04
1.765212051838828096e-04
1.280111351811418386e-04
1.416824641375096926e-04
1.869664255506061452e-04
1.799253677206058869e-04
2.126395167140486726e-04
1.530413145131087269e-04
1.288224122450044439e-04
1.568766438246640938e-04
2.116515857134710341e-04
1.654353980152155844e-04
1.437298025285110587e-04
1.677011715361158772e-04
1.566936762993076924e-04
1.844801692286353323e-04
1.954179135819666990e-04
2.321991592684573811e-04
1.596466276029122897e-04
1.568405262963926388e-04
1.923152739048224658e-04
2.341518250222609186e-04
1.591629241866474498e-04
1.765060693469947201e-04
1.785378482443988901e-04
2.483765873842653268e-04
1.498670151995549192e-04
1.788243295798517532e-04
2.647330971102141990e-04
1.904944027506514151e-04
1.397666964908346411e-04
1.583809971011240097e-04
2.071444325179730233e-04
1.878860480089456788e-04
1.694935177067814953e-04
1.673245024300507695e-04
1.361547231612591309e-04
2.067084289252179078e-04
1.995128314616988316e-04
1.777545489704719650e-04
1.310619754838949927e-04
1.918114144953234372e-04
1.571140323304596803e-04
1.623655528037337866e-04
1.774470250448366036e-04
2.200195358560512178e-04
3.038895392678190427e-04
1.472219195590242279e-04
1.552769611807079241e-04
2.054032659430737406e-04
2.359268781732831331e-04
1.841069740627553563e-04
1.604746189199997460e-04
1.659899927287764206e-04
1.402457183154007280e-04
1.815711221021334444e-04
2.172748473064204137e-04
1.627362223431222615e-04
1.504544240068495756e-04
1.186117055459758707e-04
1.855901963128821187e-04
1.846236093676224398e-04
1.780438002161082638e-04
1.375894507738515955e-04
1.572067586700324354e-04
1.533977346321194278e-04
1.384282530763970072e-04
1.836193438027786909e-04
2.455790097596343455e-04
1.734254028187234733e-04
1.519594831422705619e-04
2.265358038171614988e-04
1.809098253180054644e-04
1.660205933690385687e-04
1.599370187101844133e-04
1.442691776265347481e-04
1.428447332688445321e-04
1.783374006403741854e-04
1.817953602224062963e-04
1.323590541517996057e-04
1.593790556749195831e-04
1.762351304097684696e-04
1.778654035231181101e-04
1.948170009010021073e-04
1.654436104273832096e-04
1.346366106971146938e-04
1.503881052088574383e-04
1.492831802562190769e-04
1.298744121428009363e-04
1.361018356350771291e-04
1.534553085529143795e-04
1.696444290914233806e-04
1.735491707334516293e-04
2.206745462296070593e-04
1.319205739130027309e-04
1.428941364768415375e-04
1.527640279468182568e-04
1.969111730110438584e-04
1.932832677901777407e-04
1.142798176846738037e-04
1.675725920912013998e-04
1.462889703179272229e-04
1.857279278240193618e-04
1.868204480266572000e-04
1.878288897686733905e-04
1.560326499131860255e-04
1.769361112065012979e-04
1.529640634084092007e-04
1.497101695192678736e-04
1.523400978996209678e-04
2.061445670509573069e-04
1.666202874068298354e-04
2.385948144074883195e-04
1.450762822563782955e-04
1.424153918578416236e-04
1.889542720943685958e-04
1.988266911388018800e-04
2.171457167019430143e-04
1.724532165041650297e-04
2.776224249410838866e-04
2.092968931982645202e-04
1.540791384247432118e-04
1.815957235004556981e-04
2.071834773539805335e-04
1.627895114246840583e-04
1.590689632633910918e-04
1.641254414452496496e-04
1.270590011819750138e-04
1.556194894601359844e-04
1.402837890783153281e-04
1.774312096742012082e-04
2.529139091793199470e-04
1.802032704576694258e-04
1.529522415800783517e-04
1.766175601350999848e-04
1.659090511934708492e-04
1.836429148907496134e-04
2.404717646708358423e-04
1.603440339024832868e-04
1.526129547235322145e-04
1.406924235515010966e-04
1.948963352833431480e-04
1.955651442882619232e-04
1.823169030265933016e-04
1.099641849639973446e-04
1.565448489508776387e-04
2.479635461431494467e-04
1.716278983791074764e-04
1.567987169474691783e-04
1.259310003559006093e-04
1.401101099440997891e-04
1.603648209262338359e-04
1.532607731055144547e-04
3.194033711456689987e-04
2.177712527784738652e-04
1.674697942140674831e-04
1.552965859901094621e-04
1.628396120933803932e-04
1.467925201013442352e-04
1.723086103043932628e-04
1.873229709919176957e-04
1.557495093353313193e-04
1.410407475302613426e-04
1.332440485421853811e-04
2.179983106295915025e-04
1.739086253882140231e-04
1.580854267993337509e-04
1.460148731785154425e-04
1.721140122247458322e-04
1.522856327113420013e-04
2.143668455227447150e-04
1.337481150378254239e-04
1.475008882834157433e-04
1.689976719098647642e-04
1.357251911624933385e-04
1.520698783830884979e-04
1.654161789724298563e-04
2.005694677766442665e-04
1.770349814267350866e-04
1.313650858509314394e-04
1.234706548693610044e-04
1.690479296283055376e-04
1.668637903411868421e-04
1.495595074561909010e-04
1.660523667569109758e-04
1.963527886025447902e-04
1.669053385259369803e-04
1.942951453063963190e-04
1.561845674845083534e-04
1.637159606178822913e-04
1.971704251007869667e-04
2.275691302658678381e-04
1.344675260231914071e-04
1.793362350589221613e-04
1.839787731834289630e-04
1.297142119238177264e-04
1.620512911767458793e-04
1.706037331434277142e-04
1.996188906754961241e-04
1.309344807947339991e-04
1.643812448490682230e-04
2.123027164628010755e-04
1.917012621912430139e-04
1.457678551698007115e-04
1.285645138509052237e-04
2.211848060292711615e-04
1.762990674020803504e-04
1.635336621291702259e-04
1.255594937794261151e-04
1.697611123537334300e-04
1.817348480087604262e-04
2.086567464109781260e-04
1.940209423688769592e-04
2.161003502152588328e-04
1.584903651368413174e-04
1.236686065007909778e-04
1.663324187093662165e-04
2.016395306523671661e-04
1.914934020886615922e-04
1.507214899176467164e-04
1.724246946765205593e-04
1.341977787200115317e-04
1.408847115641066023e-04
1.758705856387629161e-04
1.836994450411424517e-04
1.474486835648766605e-04
1.481345260549507819e-04
2.000739668460732210e-04
1.708466297958026643e-04
2.112794973404096943e-04
1.456913830922142942e-04
1.467910679700283258e-04
1.823938546929029997e-04
1.892541568582833890e-04
2.065337673443721892e-04
2.225121812258977461e-04
1.716077457051117265e-04
1.870191156493252057e-04
1.281823925109887589e-04
1.467698225886409377e-04
1.994468742851937624e-04
1.811088128669836048e-04
2.089529774816940714e-04
1.533337649973746551e-04
1.416844107727764103e-04
1.676492435706820633e-04
2.071479413544693917e-04
1.785396571314174158e-04
1.317474468893588355e-04
1.575822612832696208e-04
1.635226895865065332e-04
1.745072033216421169e-04
1.978978918223684152e-04
1.845285235843557414e-04
1.678579890545761838e-04
2.242103458927066173e-04
2.003124228815521930e-04
1.562610793463288105e-04
1.868986689628572887e-04
1.634818999302357619e-04
1.298995984219383565e-04
1.686775612410788101e-04
1.906404677516338982e-04
2.456850987658630451e-04
1.648248769744137081e-04
1.640213991863856413e-04
1.812461911506919605e-04
1.917499123869918689e-04
1.574270318394395548e-04
1.542032689629469400e-04
1.521650597968185969e-04
2.557217575064489384e-04
1.870860685438049812e-04
1.765957533547020115e-04
1.363539209492441119e-04
1.575309775584695206e-04
1.962903677115467916e-04
1.568290155267607164e-04
1.617239210297283518e-04
1.671279461312402898e-04
1.735936352706004366e-04
1.981618500196501826e-04
1.765244503639498068e-04
1.600790137065331246e-04
1.744441713932453253e-04
2.003086129989043026e-04
1.826784568108097482e-04
1.502676973600900465e-04
1.731592433976655344e-04
1.330468791287380958e-04
1.507020357728798110e-04
1.742607565181644670e-04
2.052811705022743833e-04
1.322057021876841230e-04
1.739279821599521532e-04
1.658542730282307491e-04
2.188701622485526974e-04
2.636214421337283536e-04
1.864878240287879318e-04
1.713411892079951492e-04
1.457750756896137624e-04
1.307739520805400199e-04
1.616103256659195714e-04
2.073950033981855439e-04
1.469672728707060560e-04
1.390087230221365546e-04
1.500760056068555198e-04
1.900623893779216809e-04
1.811374509581569901e-04
1.928473062713662110e-04
1.219806124239327413e-04
1.464778734505381885e-04
1.572678179282047096e-04
1.731987596035100606e-04
1.964462748478714273e-04
1.360459665537220447e-04
1.708521985165483976e-04
2.051672615062301048e-04
2.345499874079142691e-04
1.725498635807870985e-04
1.568343041328593417e-04
1.288213400705461237e-04
1.376479876351865972e-04
1.706057934486377901e-04
1.980428540521897809e-04
1.362715032041322361e-04
1.307469256554638442e-04
1.545627011926713245e-04
1.836684497987498726e-04
1.747172238149284922e-04
1.602318814124013900e-04
1.333528554333643552e-04
1.794835074742158639e-04
1.862089612564146800e-04
2.603249786743480339e-04
1.266931856469396764e-04
1.656090702857858918e-04
1.980162744606249860e-04
1.438097270321001095e-04
1.779027203015727467e-04
1.771804921843013253e-04
2.200251034550869942e-04
1.528343411987782906e-04
1.501020465755207776e-04
2.433131068104836547e-04
1.717403457144313719e-04
1.419732689477657685e-04
1.615353491013230220e-04
1.796389331691800072e-04
1.892181456413726903e-04
1.800951163500467468e-04
1.723046599304286857e-04
1.487660363347684375e-04
1.822466982670798753e-04
1.924178407068567352e-04
1.804167107418390285e-04
1.576023506853917904e-04
1.601806575941428499e-04
1.355542907725628440e-04
1.720355892195976621e-04
1.541302335416942467e-04
1.999026328448083611e-04
2.074828313960015128e-04
1.394383613787670011e-04
1.515209959327294199e-04
2.073708841208466444e-04
2.049827079564243699e-04
1.626634223907235104e-04
1.624630408268065956e-04
1.372690822417520944e-04
1.922358394307982466e-04
2.023327927202380849e-04
1.677351942009850923e-04
1.507085400500460996e-04
1.504536432956040596e-04
1.860665238556026449e-04
1.722107671286392640e-04
1.803106502027434122e-04
1.525713277390579521e-04
1.456669112210518717e-04
1.737326116163503758e-04
1.599468485256777843e-04
1.919177290467284495e-04
2.116560520926999260e-04
1.753586955218382269e-04
1.561685261805813242e-04
1.513304465132412062e-04
1.118425431769400221e-04
1.873563011202657256e-04
1.917312768623937673e-04
1.650097213651283623e-04
1.492187525448432069e-04
1.173038118678654008e-04
2.520939727848956597e-04
1.721248104796325247e-04
1.679040926826750083e-04
1.378161819080683033e-04
1.552707760087137720e-04
1.773477460632451265e-04
1.998613087685351705e-04
1.416934501273527634e-04
1.495819396034239323e-04
1.254975090302111517e-04
1.634632941651026805e-04
1.660482651058276372e-04
1.788537695840536595e-04
1.721792242478052540e-04
1.239112735555404025e-04
1.419241201184582625e-04
1.759302036739113998e-04
1.755960557216555652e-04
1.581751630766351315e-04
1.589971099582175487e-04
2.110845116523836289e-04
2.254844753815326392e-04
1.804345092428303460e-04
1.368070536979474217e-04
1.945105219393397091e-04
2.143417460541019871e-04
1.908954815731541646e-04
1.499440974179183498e-04
1.882992157643391016e-04
1.655103041424140051e-04
1.316556022266762683e-04
1.835215286699121216e-04
1.658378075792552096e-04
2.372586373300489087e-04
1.251588958459596396e-04
1.479292396411076163e-04
1.542141717487118891e-04
1.916708248109585326e-04
1.763596718938626601e-04
1.177836202077720961e-04
1.589128761499807854e-04
1.666512487204373672e-04
2.113299719619912882e-04
2.118615068555795985e-04
1.582693644904763740e-04
1.437963261664054249e-04
2.130581637613837044e-04
1.834210248416527872e-04
1.991936596386593842e-04
1.634776094946949014e-04
1.744689099257166673e-04
1.838664680206241863e-04
2.133304960558326060e-04
1.517761069448315763e-04
1.629068865472585535e-04
2.176504194082576674e-04
1.551132112857102991e-04
2.228474172996694046e-04
1.905210617103090642e-04
1.934930664569601460e-04
1.509274372067893812e-04
1.665534163623174561e-04
1.310042751573663145e-04
1.881067133063667228e-04
1.793281179165417667e-04
1.634831214244751769e-04
1.503113112710278108e-04
1.534873671787518701e-04
1.612850520047477015e-04
1.575332844069922715e-04
2.046489300576656849e-04
1.849940410133891751e-04
1.533916839543972505e-04
1.577185618445285263e-04
1.523250815854624554e-04
2.084048810091493743e-04
2.022702529236189515e-04
1.766097310894822366e-04
1.115258428997055186e-04
1.570160151384339658e-04
1.859145281776438698e-04
1.622965975935870614e-04
1.841429488037456535e-04
1.463398719549080670e-04
1.342298518134356832e-04
1.451362958679771188e-04
1.795950338199665797e-04
1.726598899355848886e-04
1.431455708334955566e-04
1.486586140290824070e-04
1.763846176885346226e-04
1.568955987019495836e-04
1.460002906050189965e-04
1.964211902536754258e-04
1.978852858736083076e-04
1.505909685504864832e-04
1.349908471281212384e-04
1.393871478628651663e-04
1.849964551431598845e-04
1.755146569103545231e-04
1.409998334584666810e-04
1.389152232619643706e-04
1.853257605124920848e-04
1.772097957389686990e-04
1.916176972346135966e-04
1.384536868784078003e-04
1.451751922439099645e-04
1.738280046678488202e-04
1.864160271035284725e-04
1.761818257073806426e-04
1.283753598501476893e-04
1.666600371388031346e-04
1.868861884952353566e-04
1.537360322790043865e-04
1.463917002172761446e-04
1.425884296219757149e-04
1.774416969345019143e-04
1.642468414656389746e-04
1.486911873921593018e-04
1.433185566280343541e-04
1.612221243739382409e-04
1.693131294260632200e-04
1.853628782220408577e-04
1.875379346087297807e-04
1.735614316860872408e-04
1.261916871666422986e-04
1.857723043068168153e-04
1.990547488246329118e-04
1.370514578102941363e-04
1.676561097080239108e-04
1.576887419972724472e-04
1.968667681179534065e-04
2.084894223477112363e-04
1.642079031698993104e-04
1.877491042941488864e-04
2.436866705336747385e-04
1.372399106245283571e-04
1.441913557558368740e-04
1.597334220905194749e-04
2.317272872456901912e-04
1.732122561602258786e-04
1.446561993840150546e-04
1.689267843570370722e-04
1.560742383960882944e-04
1.833791370726797927e-04
1.773159681275290097e-04
1.767096713862004783e-04
1.277277951193324683e-04
1.454924384240209871e-04
1.851843424806232552e-04
1.745495082563229322e-04
1.448312152317855425e-04
1.248067246771259354e-04
1.518676426797232700e-04
2.126533347613470456e-04
1.593326490209513063e-04
1.769112174495993432e-04
1.702222500299236968e-04
1.643671177881571646e-04
1.371190739219543863e-04
1.695627802994217567e-04
1.814134605163958565e-04
1.374775851796762257e-04
1.675382963579442419e-04
1.812685583088060877e-04
1.843268437509782212e-04
2.517976954812946810e-04
1.466801601406444229e-04
1.426943309082460217e-04
1.669613095913602819e-04
1.928369150496972776e-04
2.158370913149488212e-04
1.388985798073377319e-04
1.605246926378284093e-04
1.611654456985827288e-04
2.309140261879452909e-04
1.257698254340803754e-04
1.773513319226415971e-04
1.861115156686885572e-04
2.060809689865168444e-04
1.384504929064181867e-04
1.463891335847897657e-04
1.663599986495137891e-04
2.089665542954266336e-04
1.826182038489846814e-04
1.221697268647365200e-04
1.584493399936418695e-04
1.570627214970044970e-04
1.931592691481653283e-04
1.913445892124762302e-04
1.913561259348919928e-04
1.540400587888053217e-04
1.526844857738438564e-04
2.050817648045352107e-04
2.033432786873355593e-04
1.922173087901941858e-04
1.636385980703879400e-04
1.608371508277033188e-04
1.526506662276690585e-04
1.598407219930978091e-04
1.918506319387400531e-04
2.007148828817279342e-04
1.480318420566007094e-04
1.630474505429709182e-04
2.121405938159557020e-04
1.963203267966010012e-04
1.546076657361116565e-04
1.635929230122868294e-04
1.332560390335031815e-04
2.169044712713216587e-04
1.902060596196499572e-04
1.746296880806301097e-04
1.460550544796212504e-04
1.565342927040640057e-04
1.914343948142244287e-04
1.735651877434958893e-04
1.735444666483409309e-04
1.482138695203681546e-04
1.431925895641544886e-04
1.434256450767359547e-04
1.610150823724243679e-04
1.615781376687988906e-04
1.942035180679297258e-04
2.159184922494690527e-04
1.596458191901572034e-04
1.579163997234480775e-04
1.374878751011210365e-04
1.892248858193305828e-04
1.902627280419927022e-04
1.684934536197556644e-04
1.833030568122636099e-04
1.744842271176460927e-04
1.619199243428946582e-04
1.115226426141902613e-04
1.878981551929354433e-04
1.708259257758123117e-04
1.280332829336465624e-04
1.489791189439508372e-04
1.677033309789104066e-04
1.818114390120716074e-04
1.630455967218696792e-04
1.642517410628041086e-04
2.727758950652886538e-04
1.451763455535303772e-04
1.350425837559228990e-04
1.939124170654582557e-04
1.793740569320569089e-04
1.692715909540422380e-04
1.522282223705718194e-04
1.410931343452006127e-04
1.778484689941436871e-04
1.849739904060409851e-04
1.838103543162466341e-04
1.372849077074871592e-04
1.416649281122148803e-04
1.572449972915249301e-04
1.965656067419724188e-04
1.856662229589610478e-04
1.434465442989336784e-04
1.529121314097607338e-04
1.603048327263644824e-04
1.735413791719110296e-04
1.503609014897713857e-04
1.424792314942461787e-04
1.733655615665531647e-04
1.485268621168554782e-04
1.338664606498507384e-04
1.473080411401253705e-04
1.835179192743803165e-04
1.625190607599003327e-04
1.677078989070992132e-04
1.146998596694405405e-04
1.660493563956580573e-04
1.845130757879028633e-04
2.225587042668984944e-04
1.325745757015371368e-04
1.694667235787728063e-04
1.537119161318838210e-04
2.025221577831949127e-04
2.112746361432324210e-04
1.548467038616768298e-04
1.695142089675690552e-04
1.298336445992706503e-04
1.244693985762020897e-04
1.471868316747820447e-04
2.128123988843036744e-04
1.756157328425134580e-04
1.504368123250139438e-04
1.543192897811736502e-04
1.565543502556129168e-04
1.747846005395637553e-04
2.212847313624107415e-04
2.231805667720471696e-04
1.507780536596206502e-04
1.707583486195726297e-04
1.893531661130032503e-04
1.858594971933225613e-04
1.755274753682994676e-04
1.564144720119880724e-04
1.368356604542058383e-04
1.833130711587059331e-04
1.948708837497621551e-04
1.817748368335773935e-04
1.294695813352175436e-04
1.570720563188382545e-04
1.565226406251467924e-04
1.636059299397365065e-04
2.147218052665751480e-04
2.122383086026880374e-04
1.611591209303287050e-04
1.490828135523062042e-04
1.479426209518441436e-04
1.944953827693657235e-04
2.305864951264786802e-04
1.919702709142997489e-04
1.672433815312159065e-04
1.944778964330039737e-04
1.904798349428741611e-04
1.843033711823752554e-04
1.645833753855136005e-04
1.292923002786178156e-04
1.357326941244982571e-04
1.808191457216455839e-04
1.748448220989808858e-04
1.525653718025211849e-04
1.702859520910601256e-04
1.713528954865399772e-04
1.564980743555223139e-04
1.672646310236470483e-04
1.993851428528839844e-04
1.654169742688277398e-04
1.345951315033677058e-04
1.403862061725699229e-04
1.871843954681085801e-04
1.778655567015593683e-04
1.940603814199823719e-04
1.271681714066260477e-04
1.514073197529676429e-04
1.773092852858895903e-04
1.607464704370059963e-04
2.057236502852254566e-04
1.491729661606812319e-04
1.370378984763448470e-04
1.664941497656611310e-04
2.143815747445958078e-04
1.734181447228090936e-04
1.467028296764185161e-04
1.720566578730713613e-04
1.779583675157868253e-04
1.540288653277519274e-04
1.365294001131034634e-04
1.359236211763342804e-04
1.947794484726905837e-04
1.793570030489895521e-04
1.377748377774505617e-04
1.369981541104242021e-04
1.887975754509361580e-04
1.795376375508888852e-04
1.569888842644575776e-04
1.336098830411921166e-04
1.890040194788502497e-04
1.918162125438892349e-04
1.453592868356742601e-04
1.641394089340489175e-04
1.651741207773574360e-04
1.839666111966636809e-04
2.210193784061495741e-04
1.792870273429994531e-04
1.652281670595474406e-04
2.452987081860324081e-04
1.413233549871982758e-04
1.674940457464600793e-04
1.997849734685441879e-04
1.755298548186152855e-04
1.389516943393253798e-04
1.562238871145659000e-04
1.546709711684434699e-04
1.816558487398860385e-04
1.726484811730084922e-04
1.700263142035041044e-04
1.503591760402716898e-04
1.985371094438926828e-04
2.412328521980666143e-04
1.802933857325096981e-04
1.505466527523423228e-04
1.601305261617395578e-04
1.530288001503168666e-04
1.761511384961367743e-04
1.699183567090340775e-04
2.055408361731343551e-04
2.063601938132801454e-04
1.306712947080103924e-04
1.670244775084559180e-04
1.629082139012603850e-04
2.621851339864897205e-04
2.018462923875667323e-04
1.621692311209212958e-04
1.696613461765828564e-04
1.241084744979494480e-04
1.744138786870619122e-04
1.474481227804846743e-04
1.350642129120056053e-04
1.749436723703444549e-04
1.997788508921008758e-04
1.574082608471586732e-04
1.404812193256088344e-04
1.455827176235784299e-04
1.938917797204987154e-04
1.716449327880402887e-04
1.891791444828276787e-04
1.365346104315233672e-04
2.221438868552930645e-04
1.507033499983111190e-04
1.586919193783302505e-04
1.459204375286024720e-04
1.915027863477580371e-04
2.098756812338634201e-04
1.915871968494839320e-04
1.414766243240507353e-04
1.661339034524136600e-04
1.820635300190116118e-04
1.666932322538621229e-04
1.556694376041937024e-04
1.323613940886010556e-04
1.353669749622679196e-04
1.849169704489683123e-04
1.381853523601987775e-04
1.326068801109099972e-04
1.554647685661497290e-04
1.657305483894445594e-04
1.976806731104507507e-04
1.819968946371037079e-04
1.998053235362909949e-04
1.683051097404839481e-04
1.406802592832161690e-04
1.473280083798882915e-04
2.014680462916546759e-04
1.732863088726572219e-04
1.655936661069061088e-04
1.468282368996505830e-04
1.086838141256872103e-04
2.030925133454468661e-04
2.298248700577849607e-04
1.269569319508464459e-04
1.537461960476481555e-04
1.671938701574841499e-04
2.158282613738009878e-04
1.809265858905327400e-04
1.335132441716904695e-04
1.610969636055510417e-04
1.516903370469796877e-04
1.793147101516822219e-04
2.028995440162939643e-04
1.739593690749118872e-04
1.824623169608962389e-04
1.709078549285632275e-04
1.447955773949683974e-04
1.534572893385801045e-04
1.599683240361429129e-04
1.744148722854688323e-04
1.798759557276576537e-04
1.896714220772080170e-04
1.580953063149795627e-04
1.537995748608841375e-04
1.796394043237390325e-04
2.089405882891835233e-04
1.382399901212942410e-04
1.681497187695166760e-04
1.643542689324778146e-04
1.871404664524052119e-04
1.971748617722402582e-04
1.616483357601314439e-04
1.574920237582202608e-04
1.194568552162886179e-04
2.622829868538237232e-04
1.785504407118568770e-04
1.531342505068422947e-04
2.028108671337370932e-04
1.733327428681263340e-04
1.469876683190018182e-04
1.565699170523033559e-04
1.504178157018059528e-04
1.832239787076038017e-04
2.063348555959391430e-04
2.341097075624578206e-04
1.509558168770632326e-04
1.645405492366513241e-04
1.706328714028002751e-04
2.297012839523804230e-04
1.393668082725708695e-04
1.644501333822640681e-04
1.884427669874472503e-04
1.724202394592965273e-04
1.334541780691683786e-04
1.583386999078594806e-04
1.522972814868196344e-04
1.767658942363645419e-04
1.238639962301686887e-04
1.434191714398896998e-04
1.900124077763021009e-04
1.657450140032932010e-04
1.360545096782001255e-04
1.500262848617411730e-04
1.653096884041440587e-04
1.668128520959742797e-04
1.817493865787488138e-04
2.749990907372575522e-04
1.598151333608013793e-04
1.490051306745934475e-04
1.725844887070595614e-04
1.993697498746129740e-04
1.270692516851740033e-04
1.716686442975357441e-04
1.646003435606546597e-04
2.386593130067928546e-04
2.084996773665648403e-04
1.650019475910344897e-04
1.763379857294523163e-04
1.204394748460631352e-04
1.495243770094872957e-04
1.419503059359340108e-04
1.553469447624139445e-04
2.189910194186805081e-04
1.911803596023103273e-04
1.596329387544166689e-04
1.787609269708783689e-04
2.773614208964248666e-04
2.122661458743296684e-04
1.473414885624398508e-04
2.177998648435715604e-04
2.248566547835421415e-04
1.821953235645296478e-04
1.587972872232990907e-04
1.450870248138570935e-04
1.841564443313872118e-04
2.214689821090208457e-04
1.538208689227483301e-04
1.214761435191581332e-04
1.500352271606449723e-04
1.376536700669863311e-04
1.683552601305413987e-04
1.529525155193645915e-04
1.999422463503140810e-04
2.220162892455218855e-04
1.595691726245506434e-04
1.769403404733899837e-04
1.402876537551510415e-04
2.526635209343480975e-04
1.992088583234295914e-04
1.602383572819623633e-04
1.464970000013325559e-04
1.633950504745640528e-04
2.119835321260079501e-04
1.862637934170711810e-04
1.580595895394837445e-04
1.686941017332089284e-04
1.491636221056425620e-04
1.438952324774082588e-04
1.622033000643080146e-04
1.988478690378549317e-04
1.281777147500497713e-04
1.737322558377744235e-04
1.594119849839346751e-04
1.518348027590799910e-04
1.437860586621146034e-04
1.668691078579906503e-04
2.220251897357046218e-04
1.679701965748654682e-04
1.402523629087451269e-04
1.385397882203944680e-04
2.267059210504616539e-04
1.588217283070064083e-04
1.904889994939385921e-04
1.703354867275873265e-04
1.391844743793438453e-04
1.482259861534891210e-04
1.619129414788302035e-04
1.744905726687195381e-04
1.828254590987228091e-04
2.067741022461384046e-04
1.573343478254782398e-04
1.781083714342101404e-04
1.425064502091877273e-04
1.484382699918242036e-04
2.007843530499964311e-04
1.823881511776659153e-04
1.795773789437819172e-04
1.348952348083961444e-04
1.893738131912653334e-04
1.947840461920050386e-04
1.536418460993564997e-04
1.270045455565641771e-04
1.533907670260272133e-04
1.994246329614157232e-04
1.709115044745408262e-04
1.453185196110565408e-04
1.594454321094076923e-04
1.729823440169243952e-04
2.030536716942109353e-04
2.523551247976469399e-04
1.551450840229933218e-04
1.633358772197184082e-04
1.354005083393571376e-04
1.215231201310711963e-04
1.621891962371583879e-04
1.688782844426477852e-04
1.697508790596119195e-04
2.404413304984669565e-04
1.562739368505551812e-04
1.238560597452026965e-04
1.814443335365519265e-04
2.030700455047501336e-04
1.998182216467944954e-04
1.410364082008534726e-04
1.756685755615781605e-04
1.611801482531079221e-04
1.851783550682647831e-04
2.143060985957783425e-04
1.512012949538021097e-04
1.383435364930537311e-04
2.121253240191860677e-04
1.951606508922266948e-04
1.720135193415558658e-04
1.472855643662450453e-04
1.509026422288367749e-04
1.476305929198498765e-04
1.532207788856225841e-04
1.579892803271185683e-04
1.797777772430350933e-04
1.970679367089888734e-04
1.920869812468060890e-04
1.426666021472259942e-04
1.596966294738505097e-04
1.906333150171892843e-04
1.920991373051712391e-04
1.795237199872602501e-04
1.625300614554926087e-04
1.590055924066357770e-04
1.660258097341084154e-04
2.115037836292717806e-04
1.572782557072260987e-04
1.415881821165371017e-04
1.300241302115112652e-04
1.645168148558992223e-04
1.763632718231115644e-04
1.503431321254466990e-04
1.861266291692713966e-04
1.566942815297198122e-04
1.742060754179548864e-04
1.299858643736386335e-04
2.279851645228355610e-04
2.066019590085031396e-04
1.837847236249086792e-04
1.385424696601378640e-04
1.612662325361195075e-04
1.958139195301093673e-04
1.857024655798697878e-04
1.816699866952186380e-04
1.551754315576752200e-04
1.447345506144524839e-04
1.685224539495686329e-04
1.700814131252953801e-04
1.473502334807743773e-04
1.420239306940559673e-04
1.579803387416925213e-04
1.795070573103287113e-04
1.627455807274084368e-04
1.940480799505843435e-04
1.758914334579743887e-04
1.771855670792426998e-04
1.530963953748349759e-04
1.481234967497642658e-04
1.388972427327606984e-04
2.101122534348608085e-04
1.693162488018204578e-04
1.924726894736792770e-04
1.470098851982637033e-04
1.665965631113669725e-04
1.818407869847832293e-04
2.203861348655996861e-04
1.382523922218283703e-04
1.563466594162316308e-04
1.735928308167845923e-04
1.858674286213872040e-04
1.958181323288320837e-04
1.700825222284987556e-04
1.535686898134091432e-04
1.700465846982741230e-04
2.015564249214150093e-04
1.917917871543798659e-04
1.824575404397945787e-04
1.775391649189347323e-04
1.465366715179980623e-04
1.431090579091451049e-04
1.458966892110256128e-04
1.669373317620577717e-04
1.950690006998110845e-04
2.149601053311776062e-04
1.538117395279225508e-04
1.487732892569238537e-04
1.780865151545048990e-04
2.057929274128157844e-04
1.421657260290996384e-04
1.548638659078373063e-04
1.624044215837212738e-04
2.318198799283683394e-04
1.611966097049569386e-04
1.602478129569361162e-04
1.838754859958872348e-04
2.595006738799171650e-04
1.605532301309181120e-04
1.958671549624579997e-04
1.263269973471205091e-04
1.545167099448118374e-04
1.554520536214418290e-04
1.800926687136170014e-04
2.170410714638688779e-04
1.781064759618145900e-04
1.690789132322643561e-04
1.618155863832724183e-04
1.986603733808093967e-04
2.199951689844637751e-04
1.609850104945016345e-04
1.585577946422583059e-04
1.541340181785431148e-04
1.229775735105064719e-04
1.726541548981073656e-04
2.674430444274866129e-04
1.580139068967318446e-04
1.303109525533200394e-04
1.396150184584198756e-04
1.660693832752100166e-04
1.874168912225346100e-04
2.263437611615962879e-04
1.564861319361680241e-04
1.292083384735539403e-04
2.178003403596710926e-04
1.682691891930795220e-04
1.446434210635821579e-04
1.543012542945096561e-04
1.580838337055050745e-04
1.483320110416632049e-04
1.385093288191823705e-04
2.586691919185821003e-04
1.865618313319360893e-04
1.347555940562355928e-04
1.404179333968342647e-04
1.678873674887931670e-04
1.791091051169082019e-04
2.383115519657457630e-04
1.947674978261468835e-04
2.226476256710006299e-04
1.750602113125912258e-04
1.297565829244408636e-04
1.732776702716448832e-04
1.914633404851511476e-04
1.960447323520850987e-04
1.749104403541071188e-04
1.695672127749960523e-04
1.255706075407484010e-04
1.339726914220085933e-04
1.721865338616059991e-04
1.811096259349705660e-04
1.507263759649152127e-04
1.446992958405472415e-04
1.493716121521485008e-04
1.903041245704293293e-04
1.634421434215705706e-04
1.520604453326063535e-04
1.467536284376709976e-04
1.747371755385997464e-04
1.753621242714908360e-04
2.170417992095597358e-04
1.948585402410167816e-04
1.715027019460724201e-04
1.876274931061893965e-04
1.407249549017169736e-04
1.365123771162514042e-04
1.863907185310855516e-04
1.683239480595937561e-04
1.964751820029880846e-04
1.505335198442739678e-04
1.601001355438749405e-04
1.969848536182821621e-04
1.852527825650178948e-04
1.391211075533840033e-04
1.552499302561872302e-04
1.676644381138574344e-04
1.646006313467768766e-04
1.957039059005070947e-04
1.537259844211447894e-04
2.478294870938767096e-04
2.058806065182318520e-04
1.511121871907883277e-04
1.811836000339508198e-04
1.163340229462388501e-04
1.751269441098222794e-04
1.795198979803873688e-04
2.139368993746025625e-04
1.310997684680972886e-04
1.558516869496076671e-04
1.590305519117942074e-04
1.842424196615646565e-04
2.060601000874496018e-04
1.618740713299236865e-04
1.533107997381542614e-04
1.495694030089228955e-04
2.660534977104365940e-04
1.902544729255707732e-04
1.714717535538103868e-04
1.462178164901528860e-04
1.537714397661259962e-04
2.150089563895631517e-04
1.636181502636459045e-04
1.609764754526106165e-04
1.821892934618058813e-04
1.932611353201847909e-04
2.328448067175543121e-04
1.587474001779806134e-04
1.620457782014645700e-04
1.857068885148726255e-04
2.152134182625486069e-04
1.911625246236336626e-04
1.567792686925158392e-04
1.704020534777303270e-04
1.688742185933995218e-04
1.492402966266934237e-04
1.529657996268610871e-04
2.697422831441912599e-04
1.805533299419802219e-04
1.822011470248765120e-04
1.506698310783976191e-04
1.697494852225174295e-04
1.734091948561491123e-04
2.120830014637554496e-04
1.879840042947217044e-04
1.854859602116475971e-04
1.605503526763939204e-04
1.575967006589739554e-04
1.848976664034436058e-04
1.782373669412289834e-04
1.657493599526155942e-04
1.357479437718457215e-04
1.459449002136754782e-04
1.974138202682289257e-04
1.741735859776677160e-04
1.882052442178930513e-04
1.494155705558994742e-04
1.311859197923754281e-04
1.754354313407437116e-04
1.764791721395007353e-04
2.548512606187720636e-04
1.563918740928811114e-04
1.703588724889351961e-04
2.074767908856723589e-04
1.927019332502963344e-04
1.812231849364077366e-04
1.768837795321090498e-04
1.764381672823482996e-04
1.547758517918274555e-04
1.533642955399023829e-04
1.472092741615920082e-04
1.821900001953694526e-04
1.778001203049121761e-04
1.364456250233601203e-04
1.444550589625347636e-04
1.568427999886335246e-04
1.817012703203726271e-04
1.819206622917350917e-04
2.181515663179298126e-04
1.516534249738511330e-04
1.535762636541620281e-04
1.625866236496139846e-04
2.432342100100931873e-04
2.045792014362641338e-04
1.478771496050950026e-04
1.532330956850681738e-04
1.666779985266578733e-04
2.146916438517213767e-04
1.365802495481632990e-04
1.813732247607946382e-04
1.860481103238651606e-04
1.906479934224702413e-04
1.483525459656949679e-04
1.258331450146921485e-04
1.718539997450850803e-04
1.913043793212714113e-04
1.877186704748658066e-04
1.356642291476001130e-04
1.577250880543284214e-04
1.574707581026767937e-04
1.610635441122097147e-04
2.038682448687029853e-04
2.604602309682763615e-04
1.668226864047897063e-04
1.616516971708306292e-04
2.329022329395240612e-04
2.157022582872877327e-04
1.590963357174673715e-04
1.535320033710144117e-04
1.562027525057841997e-04
1.713649993065084949e-04
1.184083327875252881e-04
1.900738947512744224e-04
2.309911765503579900e-04
1.949492469533896833e-04
1.486039088503014684e-04
1.625231501087854842e-04
1.571933952165199355e-04
1.898338492160088573e-04
2.092990833420732631e-04
1.656551094156302414e-04
1.517007778233835839e-04
1.894426816548929111e-04
1.489838261421305287e-04
1.689406769639273441e-04
1.585521394909462011e-04
1.737518754886132569e-04
2.316716123035814795e-04
1.630808977140900666e-04
1.600779177941318780e-04
1.180514451741414994e-04
2.025695365895704297e-04
1.835525051265886082e-04
1.802934603169798898e-04
2.176236670932520437e-04
2.246256687436667509e-04
1.590847879634479998e-04
1.688951759623880404e-04
1.170353150885747047e-04
1.819966019570306594e-04
2.692475507238638300e-04
1.779491650515640231e-04
1.395884052973797563e-04
1.628164349082601291e-04
1.976553468513480216e-04
1.642423410717603434e-04
1.745339495810208747e-04
1.562962174399490172e-04
1.408938341163900069e-04
1.674961786925105195e-04
1.770084768196236984e-04
1.404842555932185111e-04
1.510323520107485394e-04
1.878876048264494208e-04
1.736328045211384368e-04
1.134621188073980751e-04
1.829680434673110906e-04
1.801550989911918565e-04
1.708863117821426145e-04
1.482169697865006212e-04
1.368101434662768220e-04
2.005252057837961807e-04
1.735035520291138900e-04
1.793937106080592883e-04
1.222904771227230271e-04
1.372871958838161005e-04
1.683745931450034074e-04
1.872040632127268606e-04
1.991650469145317024e-04
1.432591795804341193e-04
1.277859370044013936e-04
1.471883277148156261e-04
1.870267176529900345e-04
1.962917356365006573e-04
1.093228363188366740e-04
1.631402429726162156e-04
1.535475606074880291e-04
1.374186381978128116e-04
1.360277774059671734e-04
1.680341140639221098e-04
1.913748949374239326e-04
1.276315963957270865e-04
1.334339791067629187e-04
1.916376823667874049e-04
1.623648339759829371e-04
1.882604980750316208e-04
1.627104583330929335e-04
1.397246413619758769e-04
2.424754347987091881e-04
2.118089850657963911e-04
1.523742218390761226e-04
1.494680329663030402e-04
1.598891327753561666e-04
1.828171369475353107e-04
2.065674916208120151e-04
1.640366726684656874e-04
1.510452218199059642e-04
1.482368323251286545e-04
1.280283262682318341e-04
1.426720927608955008e-04
1.778725474101100327e-04
1.775979744061392590e-04
1.763876694233421072e-04
1.258683184222811997e-04
1.611455471461345685e-04
1.689139840630067817e-04
1.724191110932998328e-04
1.926333296088598697e-04
2.141629583704587848e-04
1.686705014018939316e-04
1.561444480304070327e-04
2.080115793260383652e-04
2.149993049469691310e-04
1.663855968458219652e-04
1.746162051718880748e-04
1.511182109104568770e-04
1.714066369968445728e-04
2.260067840571834945e-04
1.669574099393635904e-04
1.377376363963096187e-04
1.500850887466837456e-04
1.382593796160269868e-04
1.589087564387753912e-04
1.616005033486575114e-04
1.815059820591071219e-04
2.836692093989518566e-04
1.623624016385205257e-04
1.585317144770999104e-04
1.311989391393670083e-04
2.242146670797998511e-04
1.943259521725829067e-04
1.774949504049486073e-04
1.443628816314464073e-04
1.537937199821883395e-04
1.685534010821371177e-04
1.734042062861625990e-04
1.561298148042177447e-04
1.488631839165552718e-04
1.462162208278042414e-04
1.781322945576513904e-04
1.804232495978245630e-04
1.316143114630621868e-04
1.203669081531484185e-04
1.943347663975318357e-04
1.439926895431793501e-04
1.688719921439609439e-04
1.469692185923822272e-04
1.895868821584477957e-04
2.210805841889303212e-04
1.546780427157061065e-04
1.489918792494226020e-04
2.285379087504930528e-04
1.706021571930883569e-04
1.618479326068721644e-04
1.333682493141258773e-04
1.645941769419904954e-04
1.645850653020636397e-04
2.500653754216685233e-04
1.581093341535131551e-04
1.144677628738574284e-04
1.560181208173660225e-04
1.718861006072337262e-04
1.324263290992264900e-04
1.780611979594835239e-04
1.706985025211992652e-04
1.196535521199118703e-04
1.342184421120420391e-04
1.256674980380317018e-04
1.362441409173798077e-04
1.634336416727250106e-04
1.683906409065176414e-04
1.779375157623292489e-04
2.559369585083337497e-04
1.647769333271481204e-04
1.471594734765142669e-04
1.741302254798696538e-04
2.055938561479711297e-04
2.122613921325386182e-04
1.406447865914817999e-04
1.542575482757392461e-04
1.469466845647852146e-04
2.010307422598439934e-04
1.844453137662625244e-04
1.901554386245665838e-04
1.880346969140425976e-04
1.414768567463929041e-04
1.406787376847807572e-04
1.538588608750587016e-04
2.043954630809086722e-04
1.826877961839193387e-04
1.382390087452107347e-04
1.583110666782630452e-04
1.648683197746988614e-04
1.738928527348827411e-04
1.585870572036157775e-04
1.738256910868156326e-04
2.035594055084242505e-04
2.207141303446252042e-04
1.608273810284021861e-04
1.194439150375068537e-04
2.234233446232685263e-04
1.921920891314878542e-04
1.859199074327605721e-04
1.445142516370150911e-04
1.634522147754309941e-04
1.402093267144851360e-04
1.665337280156910661e-04
1.431849906813350117e-04
1.673871065982481204e-04
1.924862620939539752e-04
1.884634494931348666e-04
1.597048973332135539e-04
1.779584428395991982e-04
1.890164619265123343e-04
1.930889179157984162e-04
1.629461861921045079e-04
1.550604771668961609e-04
1.436588147364974643e-04
1.758949159264647797e-04
2.287504286667662039e-04
1.662547067527207843e-04
1.456278899571064427e-04
1.307560533735542942e-04
1.763067304703085786e-04
1.438073833979598649e-04
1.955051871935363397e-04
1.722994081455037475e-04
1.676537805408783799e-04
1.376356230735135391e-04
2.328419782688361526e-04
1.978041659895383498e-04
1.385989222567542319e-04
1.558880317456279860e-04
2.123083769715238217e-04
1.700016848510347970e-04
1.939401024620059782e-04
1.588799823038582442e-04
1.418227051783883103e-04
1.248537496730158772e-04
1.893963012628881312e-04
1.760965098529916021e-04
1.175736848885953345e-04
1.372062925573963458e-04
1.578077389968886551e-04
1.648126701202216220e-04
1.857861705015950878e-04
1.917143160137210517e-04
1.862054180543526341e-04
2.451264548603184347e-04
1.628667029578933741e-04
1.383825988449417788e-04
1.408996798049043386e-04
2.171213379698228333e-04
1.727060087902253661e-04
1.633680577367356112e-04
1.538493652141643682e-04
1.415100688154775324e-04
1.874739496463882858e-04
1.788578639771432586e-04
1.927313235221593069e-04
1.492241869387436661e-04
1.226414392330131000e-04
1.565882779638485926e-04
2.074027725529966227e-04
1.686517514174203601e-04
1.387806568758701540e-04
1.611221403448108121e-04
1.678753804839779571e-04
1.806266360644010751e-04
1.960229595158539929e-04
2.330419691716049697e-04
1.845208371219334606e-04
1.319031902330078409e-04
1.198260588451335602e-04
1.629390565010790633e-04
1.856430831466095361e-04
1.728153271038459810e-04
2.106931686067284835e-04
1.605220699257515148e-04
1.342031863891093629e-04
1.727968529440690698e-04
1.727929896923987348e-04
1.677668164170797939e-04
1.587175584973119066e-04
1.257995094648230096e-04
1.381629231488150638e-04
1.874693571945056667e-04
1.849680781080531014e-04
1.330859215257984768e-04
1.588163223163650774e-04
1.702805507184459739e-04
1.789552794857519349e-04
1.457349287268453581e-04
1.833563915135701778e-04
2.421920245134107660e-04
1.556225569505291343e-04
1.337495672791707776e-04
1.427126376834928411e-04
2.062361273197579220e-04
1.737860622918200237e-04
1.657638611803779636e-04
1.446338254591478896e-04
1.461202718722786676e-04
1.803757093540069370e-04
1.857390760895009159e-04
1.929865889408238419e-04
1.448970085421291405e-04
1.434363664738435001e-04
1.522020154827315424e-04
2.214635282848887387e-04
1.808333540089632652e-04
1.366494699099351541e-04
1.588264467990404877e-04
1.668962638178082391e-04
1.769311910956522320e-04
1.511540786266599482e-04
1.368427382788203501e-04
1.725145651863262564e-04
1.911905762346893768e-04
1.360371518360191389e-04
1.139868312792812665e-04
1.562321211224253399e-04
1.822937666260068010e-04
1.751798776502796248e-04
1.834376242164410407e-04
1.618311340118200358e-04
1.287239647180131777e-04
1.692221807619257324e-04
2.080024318063075531e-04
2.259938706612091069e-04
1.378162094852328678e-04
1.743741288687758473e-04
2.354948490922542626e-04
1.881594323499936959e-04
1.606061579728363504e-04
1.734103192248364874e-04
1.386502202928105866e-04
1.424317540478400022e-04
1.339713379718006467e-04
1.497062715092823619e-04
2.187637037307406385e-04
1.798196871555120507e-04
1.489438858268717753e-04
1.655426874069160518e-04
1.796351724254425868e-04
2.114381583797155558e-04
2.261126260693297266e-04
1.487105348460045662e-04
1.925381772321642663e-04
1.745755552423036607e-04
1.564880074276252568e-04
1.619420433741503159e-04
1.381431682146784285e-04
1.649367191520396980e-04
1.942412303398397303e-04
1.623745009952868559e-04
1.350070248418746546e-04
1.270339179240070155e-04
1.487190473050895164e-04
1.605095428998856147e-04
2.272341665350443402e-04
1.756201135347181690e-04
1.687979411251455241e-04
1.514300427630979726e-04
1.991290049175197712e-04
1.875270167141899233e-04
1.704645309539544679e-04
2.225525831025102798e-04
1.584506445098303007e-04
1.406939415239666770e-04
1.400563952268252818e-04
2.121896128355329960e-04
1.744208249791288478e-04
1.680490940567380416e-04
1.449182239565797461e-04
1.397096423709819958e-04
1.834613718030062674e-04
1.794006983368354852e-04
1.329462596827872068e-04
1.955965698899104924e-04
1.802672831074361086e-04
1.559743231104606905e-04
2.057919072312122287e-04
1.913613380433468408e-04
1.629713213799943218e-04
1.419270238354801374e-04
1.573364910454956328e-04
1.630405583377663857e-04
1.819493425754122810e-04
1.387396793000689958e-04
1.306345994999378343e-04
1.670291869186393287e-04
1.904177711218963613e-04
1.717610667248055422e-04
2.021218711046085699e-04
1.549815593159478580e-04
1.132109932991319469e-04
1.705247923754965383e-04
1.354217727671629123e-04
2.036137072887740749e-04
1.641506153422484882e-04
1.686962580906514969e-04
1.579542164377803763e-04
1.451629136970741677e-04
1.710433896133492688e-04
1.709036856129340747e-04
2.242739137500679729e-04
1.316089040665502374e-04
1.489040085852866931e-04
1.554778553907628627e-04
2.238000136956287700e-04
1.678280403074015068e-04
1.513285525451217974e-04
1.580761443704552835e-04
1.639196815485718386e-04
1.837928643139102695e-04
2.182731332833009292e-04
2.267984859566131450e-04
1.462056882124756422e-04
1.592978223736505716e-04
1.234693782811727364e-04
1.362943789637748233e-04
1.702671373516822075e-04
1.720836744628771080e-04
1.699337313286807612e-04
1.970754871161441125e-04
1.568190845356637786e-04
1.366493974167675167e-04
1.679895475309664283e-04
1.993400777548044657e-04
1.958806197309913256e-04
1.413422402400895707e-04
1.487074106165371754e-04
1.576042974962176468e-04
2.119917417471861847e-04
1.909461823881569568e-04
1.595783489053442144e-04
1.471710576771335271e-04
1.907369412581794697e-04
2.127329504645741876e-04
1.874462311846474016e-04
1.372248392769679368e-04
1.759504507178255236e-04
1.399574279627218353e-04
1.698606738983610002e-04
1.661949051558492415e-04
1.749387810294834357e-04
2.179882506255594369e-04
2.241189466989978519e-04
1.753114901598041187e-04
1.566240922674799621e-04
2.201712224553965412e-04
2.091392185772013193e-04
1.738800323878901218e-04
1.723830513586723802e-04
1.452953980123110268e-04
1.167060824958415284e-04
1.798649691955423282e-04
1.850255680876692027e-04
1.653794416099066324e-04
1.316211699589409426e-04
1.415060063054382510e-04
1.709320393827174335e-04
1.274782487736759366e-04
2.422096543889460372e-04
1.486706431694632426e-04
1.694680356969642759e-04
1.520261649745229047e-04
1.884601903309275812e-04
2.244924731879197738e-04
1.776921509357396204e-04
1.518371160168376468e-04
1.597672701690635297e-04
1.883471727417326792e-04
1.664015173990646406e-04
1.587602821885793387e-04
1.374154959924240779e-04
1.864476443385191574e-04
1.945757719901256878e-04
1.318094393136784372e-04
1.266861256089014400e-04
1.633535442643267016e-04
1.640557445450387954e-04
1.864218945022124904e-04
2.086838047183066196e-04
1.764602792083817579e-04
2.227154186077141774e-04
1.434527072068498253e-04
1.936823408936405252e-04
1.620092444012979330e-04
1.488993150665765053e-04
1.444961093076563578e-04
1.758202916961244832e-04
1.518048957426160791e-04
1.694002833018179021e-04
2.020051885490685038e-04
1.974699738378866900e-04
1.452552061618093623e-04
1.798392911045686702e-04
1.559491159306091953e-04
1.875967237381236281e-04
2.119263180778623110e-04
1.957047758202452002e-04
1.883453332913066899e-04
1.806202710748114305e-04
1.525219700867755292e-04
1.479181382577399759e-04
1.667301102686213530e-04
1.874272645173513207e-04
2.153139605457407015e-04
1.496598472768986637e-04
1.702339349393298343e-04
1.943848129786687610e-04
1.341901797884868742e-04
1.577749555402984814e-04
1.538901811395691700e-04
1.821926735733811465e-04
2.112669711517801616e-04
1.640462627882821774e-04
1.644602707163670286e-04
1.274371803361183458e-04
2.200479148485562201e-04
1.864628843021249390e-04
1.540763951171516231e-04
1.959006806960797073e-04
1.678009210658225564e-04
1.564369505901165819e-04
1.683493066235200962e-04
1.556232167684099682e-04
2.007305044487553208e-04
2.492228066534815396e-04
1.559696047123098998e-04
1.670628661413021206e-04
1.410613086940469920e-04
1.916087959188854449e-04
1.766709724694141327e-04
1.487303384333404552e-04
1.590992165795987402e-04
2.448633898491223886e-04
1.931534084976369741e-04
1.735392487909654833e-04
2.144569790103911149e-04
1.564002491928858155e-04
1.658386520268603130e-04
2.107179633924683619e-04
2.255769940343661686e-04
1.783939663208601871e-04
1.630381774824517021e-04
1.592686475350948603e-04
1.508624884475576351e-04
1.643162212860171153e-04
2.224424166380894758e-04
1.605051752732653794e-04
1.278925248671472503e-04
1.401639908276709474e-04
1.830798138944408568e-04
1.743371092328451215e-04
1.843575564874057543e-04
1.476203284799849382e-04
1.363418202220512501e-04
1.882612173050346492e-04
1.769516803400026034e-04
1.922091043384009993e-04
2.187046111209472890e-04
1.761643394947780771e-04
1.442166957718475152e-04
1.443762206201285178e-04
2.445159886546745655e-04
1.580577130603969102e-04
1.828442719391864331e-04
1.481262440214618076e-04
1.415173037555288616e-04
1.406083640123834881e-04
1.857391642255889976e-04
1.706457852108982044e-04
1.434727758113531323e-04
1.352869487159573890e-04
1.550909718445606989e-04
1.770539644417926366e-04
1.668399897468749045e-04
2.147873769683670869e-04
1.554044616931020623e-04
1.478226693316235551e-04
1.711287313647022175e-04
1.863431962758102219e-04
