6.585099254048513203e-05
4.686810184017043757e-05
4.707775738692265892e-05
6.135977248858459426e-05
5.405109709329537337e-05
3.809013355765219106e-05
5.956458468738536164e-05
5.069163601177076230e-05
7.650284455581644275e-05
4.525820131523696806e-05
5.399949054595417432e-05
5.509114352286057978e-05
5.596367327969445371e-05
5.470642654394565940e-05
5.311143909613429685e-05
5.281311571389253959e-05
5.165066151480863095e-05
4.301569074950555488e-05
6.491415697752568668e-05
4.712355357342001632e-05
4.871416273571262942e-05
5.307590045969595233e-05
6.095439426038506742e-05
5.633421070682201223e-05
6.028340846242924997e-05
5.638886625036420127e-05
6.757868929168209108e-05
8.193768601847679206e-05
5.018655446349447623e-05
3.810279176974182020e-05
5.824573463108974770e-05
6.529779298690127686e-05
6.029183000507672217e-05
5.933990147808967502e-05
3.777188686550565674e-05
4.701196140877638238e-05
5.216083222340251184e-05
6.935710695556971978e-05
7.234055299291201608e-05
5.237122423826705102e-05
5.207040000079823916e-05
4.418612557352393037e-05
6.966815041912910868e-05
5.781784995724373251e-05
4.450979706095613357e-05
5.734300238957015290e-05
5.699494305391418551e-05
5.440078106986586331e-05
3.867426370095917678e-05
5.609990439019788271e-05
4.177452091777173761e-05
5.046582342346976158e-05
5.524987190700548373e-05
6.191795143094783085e-05
5.058542590156053765e-05
5.200870034493291973e-05
5.088829671835204855e-05
6.823987298542206472e-05
5.429599034271822021e-05
4.517480634160288153e-05
4.746128368055800583e-05
5.682455795491259527e-05
5.693956558005767315e-05
7.086145482443211594e-05
4.801409675725833821e-05
4.203226893235050335e-05
4.550320099955758221e-05
5.380406543682349641e-05
5.164218674258408805e-05
5.989326523509795413e-05
5.724413183115339813e-05
5.330319987591769108e-05
4.456141869778512449e-05
7.169360712879734303e-05
6.751891814288097770e-05
7.138964317417551637e-05
4.373492056162718285e-05
6.227340497613523241e-05
4.046738315811292130e-05
4.070655155827967997e-05
5.905492710509333936e-05
6.306592058842167600e-05
5.814866564297915141e-05
5.555729029980871112e-05
5.077576185459874982e-05
5.219412817937736545e-05
5.433457646690949126e-05
6.173021345571379128e-05
6.896006253736413922e-05
4.802480009617241360e-05
5.331366960457322812e-05
5.832499549163662619e-05
5.809992627275948322e-05
4.955005954853100109e-05
6.207636423657852715e-05
4.416652501455257468e-05
5.353305609565275794e-05
4.795604390234740785e-05
8.022528312398170933e-05
5.508886700690647297e-05
4.394222506522906121e-05
7.027221001171722549e-05
6.313906431822882291e-05
3.519368089407314573e-05
5.430548984147817325e-05
3.654028924295534426e-05
5.750239019356978267e-05
8.425995369098449538e-05
5.448276781636918491e-05
4.730013012315683555e-05
5.275814987693465326e-05
4.809237577974016960e-05
5.878443195331024970e-05
5.149422408495965911e-05
6.228328581035788374e-05
4.439964788651516156e-05
4.360596591986878846e-05
5.938046113802012077e-05
5.745957473269511738e-05
7.381298808360761362e-05
5.211105078537394254e-05
4.781002867339833652e-05
5.665986350330142905e-05
5.892917137433731264e-05
5.068825605105820432e-05
6.759252526108064222e-05
3.937956846196809398e-05
5.843262026472030839e-05
6.770756801864613724e-05
5.833091492539756829e-05
5.681744146704936061e-05
5.288172883418633955e-05
6.914584637356151675e-05
4.685069122052711889e-05
4.732967683593769948e-05
6.465979889716614573e-05
3.314088289120912785e-05
4.989049673861418880e-05
4.257287545220004351e-05
5.641469912442275439e-05
5.912231917562649474e-05
5.578266845087339102e-05
5.132560855731217562e-05
4.237412235179523098e-05
6.663004844781042415e-05
5.805264804308174752e-05
5.251012280618975455e-05
5.813956497065723956e-05
5.883371873724440053e-05
5.154926313691077694e-05
4.287498802127321805e-05
6.424337833122970855e-05
6.914363905341947437e-05
4.833187274548928289e-05
5.486702834455912340e-05
6.614634288795830173e-05
6.572443692244701690e-05
3.860567494850458486e-05
4.749865419698981141e-05
6.316491435272067446e-05
6.841263174162096517e-05
5.658649668207339610e-05
5.189401110783843938e-05
7.845466008387330756e-05
4.833718348986457331e-05
6.038209363215347531e-05
3.727876028790613641e-05
4.389368161634383332e-05
5.864938356573469604e-05
5.834007109026870914e-05
6.065010576270374050e-05
4.886034987162733267e-05
4.743775795571262503e-05
3.495519899431745681e-05
5.551585321302934150e-05
5.354053691358754997e-05
7.269742183123442452e-05
6.038365756386744599e-05
5.146997595409156086e-05
5.922932449513430657e-05
4.146368558501241884e-05
7.429158142745525141e-05
6.791078727355376755e-05
7.079462311110421837e-05
6.278171292706665959e-05
5.060606212754587485e-05
4.952502291794707873e-05
7.548472021505673950e-05
4.690841552480845534e-05
5.807390576940754803e-05
4.632740068459433508e-05
4.282277855563209793e-05
5.555130005933146418e-05
6.304996540786467901e-05
3.033723097973415022e-05
5.515512079779528581e-05
3.789844549780894669e-05
4.952772950386627259e-05
6.288883629849926766e-05
6.891985444879715256e-05
4.721745341488120778e-05
4.063711031069047036e-05
6.336788108484809831e-05
7.287277325665307429e-05
4.549896027983607371e-05
4.659532941132530146e-05
4.358999149942502843e-05
5.447755062553590326e-05
4.885081986994510908e-05
6.078654286327944548e-05
4.701549981599339914e-05
5.986833956139260457e-05
4.414487415683523172e-05
6.800024366021053797e-05
5.427656925410147813e-05
5.846120003232897273e-05
4.062082848925473356e-05
5.038722386094933323e-05
6.285639388684926675e-05
5.095980342567521613e-05
5.235227539755450227e-05
5.256545125947480391e-05
7.148440360693405636e-05
4.825416633447079663e-05
4.086618071443331779e-05
4.480427269257363383e-05
5.315793836798552758e-05
5.193480383915733426e-05
6.523983728638489514e-05
4.785654324721445586e-05
5.078317264016323098e-05
4.425916249542221937e-05
5.507911701833745599e-05
6.070498046723038136e-05
5.492295717018644068e-05
4.572558045995190083e-05
5.275067893483904169e-05
5.159218170187419904e-05
5.895728769225826572e-05
4.535041587923658397e-05
4.364446939056679085e-05
5.136574118264555246e-05
5.667093104380463203e-05
4.808825168904624334e-05
5.033839474100058631e-05
4.418981806079344272e-05
5.542974139366626114e-05
4.837393575888238788e-05
6.070971275080116683e-05
5.482418547572107418e-05
6.402831868734912453e-05
4.761619313756595767e-05
5.221846320204682145e-05
6.113686531630200269e-05
5.311724262922434239e-05
5.460576809889339781e-05
5.576782362998907019e-05
4.481967198938141599e-05
4.089301520230676266e-05
6.304397076165077875e-05
4.565511941867946959e-05
5.492508960896722600e-05
5.536652393577334548e-05
4.795015814714467865e-05
4.683488030186982310e-05
4.456879546761859139e-05
5.510579053039259332e-05
5.315272547777566127e-05
7.821797523263428588e-05
4.869266989860886885e-05
4.929911086170676751e-05
4.723730073507849777e-05
5.666178089107229638e-05
3.759748210836905428e-05
5.447422016910232406e-05
4.307296346271551643e-05
5.706043113629018790e-05
6.872152384040220276e-05
5.001798398761384814e-05
4.777427320849743147e-05
4.952941197350163132e-05
5.405747338493367720e-05
4.757772052134219749e-05
6.058979914349927812e-05
5.866062237375359182e-05
7.041818507087797732e-05
5.870840148074027594e-05
4.514319163118915248e-05
4.786524696137439531e-05
5.204656490133005521e-05
5.268688315779846250e-05
6.055335502067990170e-05
4.925347242778683636e-05
4.225774105989252652e-05
4.363390091786201419e-05
4.892595759718082108e-05
5.652827712739293120e-05
5.681758074323459736e-05
3.519754460414644282e-05
5.503987167130346895e-05
4.436514184364231364e-05
4.814956950764749167e-05
4.757682075815856715e-05
5.117383167476214571e-05
5.249480261647785983e-05
3.878777523718127324e-05
4.095969425162758004e-05
6.503348762929754903e-05
5.243869941807991175e-05
5.577573083215293384e-05
4.903685232283660616e-05
4.484320011875260080e-05
5.296020055196753768e-05
4.412745055552654201e-05
4.287997585399047016e-05
5.398645644994077962e-05
5.621324254251456096e-05
6.219768818129154894e-05
5.476315980770670399e-05
4.720901846425269098e-05
4.313093288148648491e-05
6.348878544531047551e-05
8.295995853235295370e-05
5.920980103774252731e-05
7.258120348908260098e-05
5.181584433924926519e-05
4.931597693264382201e-05
6.144512735418261151e-05
5.370651076241540501e-05
6.522086084384897905e-05
4.651973931545090010e-05
5.027020655636151101e-05
6.867776481639820824e-05
6.823005800501950467e-05
4.296257075774330002e-05
4.378271690101199939e-05
6.263490431880578964e-05
5.699690639443167240e-05
5.264987098158238615e-05
4.192861300062775907e-05
4.899847682897861233e-05
6.425573275773572830e-05
7.265877835293936028e-05
5.777239621263489396e-05
5.705731836645016577e-05
5.528955834973041557e-05
5.043344086779835982e-05
6.016441910492299587e-05
4.611791943382169976e-05
5.989371080823230548e-05
3.018500394766462680e-05
4.905102767940863268e-05
4.273290366810000217e-05
6.757849492834371963e-05
4.764453290585695462e-05
6.851938661753434565e-05
3.282178352941814842e-05
6.264285637828280939e-05
8.874732138188228415e-05
5.470060256835223124e-05
7.229166255567878090e-05
4.317477184032848434e-05
4.670593905912425110e-05
5.188844217117410089e-05
5.999018567078241899e-05
5.796579369752045876e-05
4.904633723896358613e-05
4.972097061233607407e-05
5.963904605865693188e-05
3.087388698275674742e-05
5.433887014781878965e-05
5.858913801115066202e-05
5.364410027595109315e-05
6.298234332074348536e-05
4.992832726809603956e-05
5.405915728476481437e-05
5.297009543412086797e-05
5.430802315870559400e-05
5.536000692095887423e-05
5.296894681955119317e-05
6.152867369832070636e-05
4.977888342473834802e-05
4.702360391977725797e-05
7.690644139989384783e-05
4.645867830314727377e-05
5.356493342319221213e-05
7.111738862565727981e-05
6.186987902126337086e-05
5.461636447064633135e-05
4.962965636237769292e-05
5.635979213734862192e-05
3.737902980708283657e-05
4.775024255259162711e-05
5.533541554702526129e-05
6.722255970582849286e-05
5.485540692761197730e-05
5.158735077015023658e-05
6.185769361279816589e-05
4.648947338845012495e-05
6.426721480474534764e-05
4.105479489185873951e-05
3.889584164397161785e-05
6.886073717378916241e-05
5.114211447923090373e-05
4.901207281555688576e-05
4.804120496872010029e-05
5.357374818008775930e-05
4.448006109856801914e-05
4.430011239225432976e-05
5.875253432087802535e-05
5.406542619656237448e-05
5.581217421532220883e-05
5.194834578148273621e-05
5.647523400307051880e-05
4.785218837024710981e-05
4.841269853011489176e-05
6.617494357454940725e-05
5.547635793652466019e-05
5.332339390493947304e-05
4.847030693902844230e-05
5.772752832863625667e-05
5.010495840452663257e-05
4.627307919438959421e-05
6.219035473659763954e-05
4.630527253143026890e-05
5.566394215366714081e-05
5.580633016780225150e-05
4.921733220262645059e-05
9.063728016248982582e-05
7.042080836404610435e-05
6.150611278617916283e-05
3.951314723470845366e-05
4.106073003241902068e-05
4.942806930049549257e-05
5.467208271787973379e-05
5.682235144764125192e-05
5.248495036444731613e-05
4.830060864602655861e-05
4.391398390007129101e-05
5.161251628816269373e-05
6.569529615990490933e-05
4.733481906954066450e-05
5.396476360577943845e-05
4.583075497018610579e-05
5.769326648290746846e-05
4.917593271319912470e-05
4.885462996046723103e-05
5.962818953432262955e-05
4.878551486863163758e-05
6.991791556164589502e-05
4.506898766217650674e-05
4.607895412077396032e-05
4.946747505913008110e-05
4.780807449628768580e-05
7.350168753623109957e-05
5.361927262906176459e-05
4.763572321779805426e-05
3.486073382119892356e-05
3.926516152260107123e-05
4.494338474530575083e-05
5.021833399799659052e-05
4.240164569045312053e-05
4.789859787293474137e-05
4.987004845203030624e-05
4.955613944588673381e-05
7.032688752843915998e-05
4.843307887552872326e-05
5.255022254041689738e-05
6.045626301506463476e-05
4.585183471611565690e-05
5.552648556026523686e-05
5.174106142916368124e-05
4.964531491168722502e-05
5.621219577543864267e-05
5.354589149295333486e-05
6.170432752160509658e-05
6.794873139925922568e-05
3.858091261642541660e-05
5.376554162719135064e-05
6.346949617068477754e-05
6.277012933755148939e-05
5.807293554716218265e-05
5.822342597463391116e-05
4.486257955937662367e-05
4.071105529747301845e-05
6.327150735898132280e-05
6.610729192397562972e-05
6.769168643121973965e-05
5.172541107966403270e-05
3.655514870087927197e-05
5.055903991667221666e-05
5.692696346048936460e-05
6.191643877367781330e-05
7.735729784654175347e-05
6.722782251504439463e-05
4.697346961307595758e-05
5.665045504906497236e-05
6.325448861947977140e-05
5.649608511613027199e-05
5.363373842574384342e-05
4.830389625273010055e-05
5.704604013370088972e-05
5.051732391880774217e-05
5.130495583791062718e-05
5.188633525824151504e-05
6.072989413792070749e-05
6.098703877303898957e-05
6.070194644473948873e-05
4.916583621146587620e-05
5.418707877047355053e-05
5.220749265447236924e-05
5.612630834336195608e-05
5.781403461879337926e-05
4.170468813125140879e-05
5.926256011069553205e-05
6.419950874229030590e-05
4.671323846275202488e-05
5.188903920054290810e-05
5.291239523096113588e-05
4.994232250186285866e-05
5.111400739424795285e-05
5.974303215418749578e-05
6.006141322984277260e-05
3.759201499966837942e-05
5.523575855828283319e-05
4.876277041783508959e-05
6.207549341839350965e-05
4.431017664785237288e-05
5.376740850557210408e-05
5.960534144978889677e-05
6.486927869329395225e-05
4.312864019382140797e-05
7.060969624629930355e-05
4.227508360958188164e-05
6.039819863386397541e-05
5.655183287223621312e-05
5.502683052919582284e-05
5.585019741559109921e-05
5.238712420511934596e-05
4.632459162737232231e-05
6.396429218818942808e-05
4.295487191393357286e-05
4.451745247984188503e-05
4.477909683208376642e-05
7.372748887724659447e-05
6.991991958752065287e-05
6.288410148566950762e-05
5.362250645260882993e-05
4.704879056326057425e-05
5.118460439232529386e-05
6.132088343374339815e-05
6.216314760862602705e-05
6.861179903573473766e-05
4.459411189896406690e-05
4.026083874661329139e-05
5.808237857990151504e-05
4.913208856040522828e-05
6.737420526623782708e-05
5.505870213462308731e-05
4.853381334568513853e-05
4.513699984529819220e-05
6.631558379499825570e-05
5.527702471717094998e-05
4.160185934078164291e-05
5.730215123704719926e-05
6.335699380627090043e-05
5.569342069441870379e-05
5.235303338771283340e-05
3.474192939668711789e-05
5.308189908127509629e-05
4.338487277404501471e-05
6.955854568581706270e-05
5.749984290675852396e-05
6.224888195417844865e-05
5.338346825105759811e-05
6.466088758403177922e-05
5.670424595351582540e-05
4.662489466800240844e-05
5.608285937347527061e-05
6.503455479299484379e-05
5.440485451708913740e-05
6.415351830255532799e-05
6.335413728133834610e-05
6.879033643050061551e-05
4.740803259174949382e-05
5.165496138416921749e-05
4.575504150880643387e-05
5.978819578916525304e-05
4.496106024044626979e-05
6.332213259033427522e-05
3.893733303949438261e-05
5.224869003894210191e-05
4.560874039311351889e-05
4.975998961882237059e-05
6.297089908972086148e-05
6.293461817053164035e-05
6.573730612626004031e-05
4.894436978179154268e-05
4.339576863934257729e-05
4.942713570262248529e-05
6.016425178580141854e-05
6.052637132998562962e-05
4.528098539582889234e-05
4.695290843838628361e-05
6.933493327290708632e-05
4.704174684640062673e-05
4.415941480124065311e-05
3.812383897892141144e-05
4.819030529863285516e-05
4.208223012828222212e-05
5.694070970806973815e-05
4.856752787187629413e-05
4.977205122854765296e-05
4.954104754949138848e-05
4.963928713088157471e-05
4.243915882033443855e-05
6.005626101189182379e-05
4.964159129286156485e-05
4.337592282419878151e-05
4.617449125458733821e-05
4.312215071549851730e-05
4.953202694790619299e-05
5.989535151269141297e-05
6.279348137223704051e-05
4.945754874798531561e-05
5.396653977845853451e-05
5.329938257897011032e-05
5.204259239575397287e-05
6.344750153127804619e-05
5.116383991404507760e-05
3.918870792732990767e-05
4.305316540738830968e-05
5.967117029272845757e-05
7.972386337934236672e-05
4.430039503896767610e-05
4.666923939063565447e-05
5.633623670291270659e-05
5.252803924629119670e-05
6.448656376615468288e-05
4.901302071784727129e-05
6.717322525797901980e-05
6.020558073870727614e-05
5.129273726557954266e-05
5.125997907629177954e-05
6.339184595356599022e-05
5.302316158986370624e-05
5.557951360628548990e-05
5.341949801569842102e-05
5.765506758955391095e-05
5.373812958073422410e-05
4.744403826546795806e-05
6.726742140899873872e-05
4.177323222870207652e-05
5.564688200976750440e-05
6.167280875526187276e-05
5.445554707623682353e-05
5.887258406217025895e-05
4.245233336054963374e-05
5.748434275588733955e-05
7.842815931118311682e-05
5.473885564770015073e-05
3.883940391589424683e-05
3.914201277423713172e-05
5.359458591947565938e-05
5.454778510449022702e-05
5.060041938546624545e-05
6.489714112859763090e-05
5.057822146270198684e-05
5.300537816617551001e-05
4.454875093987529280e-05
5.176210830729747380e-05
5.038327236495079213e-05
6.014143265684183698e-05
5.021155243890522679e-05
4.974065518293983124e-05
4.151953663329472651e-05
4.446051457934084632e-05
5.268975540072791462e-05
5.083646671109806468e-05
4.723756789741742775e-05
5.559222788561655836e-05
4.890444361743346896e-05
4.537798110115962659e-05
4.732465083013506107e-05
6.360985321055955682e-05
5.203003609485122382e-05
5.533395357661662230e-05
5.075471019987569046e-05
5.231966818389226128e-05
5.307915426331771418e-05
7.075979885356800387e-05
4.694321922595076180e-05
5.188523523060004251e-05
5.684387721178240445e-05
3.506998743933183822e-05
6.200914315475253313e-05
4.576948129443801470e-05
6.381526878304772386e-05
5.378669023586889127e-05
5.776354387164311797e-05
5.437283012114849763e-05
5.402645177853807637e-05
4.095511539299325984e-05
6.301776081617786350e-05
4.672943957572308352e-05
6.509953380690322925e-05
4.907322574859263964e-05
5.586625673929506287e-05
5.829995045699464863e-05
3.738870713986786970e-05
5.672926949656455534e-05
5.298588519819703873e-05
5.567376068300407450e-05
6.046463816498206986e-05
5.270614022564905148e-05
4.339434857416402450e-05
4.554737331462364907e-05
4.997492712385831639e-05
6.741637247652219347e-05
7.304686213656108064e-05
6.200012189819406963e-05
4.877827450704860882e-05
5.145553528504330173e-05
4.455577618830137260e-05
5.623851452976373150e-05
6.196529350397782937e-05
4.718254925952115587e-05
6.831762855972346564e-05
5.480423473238433331e-05
6.770759983277689414e-05
5.936054698363405342e-05
6.190309430476455222e-05
5.699090834850168271e-05
6.947570229753739389e-05
5.612915751941297698e-05
4.721843394322694054e-05
5.921240678507768340e-05
5.282525877089969032e-05
5.083171431528505816e-05
5.450514938294947218e-05
5.235772541468710744e-05
5.269087613605317127e-05
4.428455795767280608e-05
4.523155933250527398e-05
4.382737542902622455e-05
5.681426623447574463e-05
5.407673005517134079e-05
7.363547639729002049e-05
4.967014809940030771e-05
5.367383779875867835e-05
4.605920910785819974e-05
5.656731290183029617e-05
5.016594807114950537e-05
6.070878296121121450e-05
6.013933562877586480e-05
5.503611382105974786e-05
4.872073626202297548e-05
3.799044556253519818e-05
4.705075490469767742e-05
4.450366562759675292e-05
5.169337835116941289e-05
5.519107762283014771e-05
3.914860362828454199e-05
4.968583021251955675e-05
5.131557766886874611e-05
3.994300843954536138e-05
4.874636911015415458e-05
5.582836981314399000e-05
3.773251983067913676e-05
6.528325518988107234e-05
5.741414784185488405e-05
4.677160926847991588e-05
5.136363890176440255e-05
5.392924413910784719e-05
7.497518422425911795e-05
5.439620599472932305e-05
4.983303805285861610e-05
3.695004346874159682e-05
5.142868163033004290e-05
5.836189223321764627e-05
5.915739574887848824e-05
5.547353686337077813e-05
4.530499821967696685e-05
4.686642507759532369e-05
5.480130351071092764e-05
5.889678993965342322e-05
5.789501176515114358e-05
3.802185026080566525e-05
5.949430926027140701e-05
5.589379815147650583e-05
4.164715723332816020e-05
4.881166950518272234e-05
5.986282857886771221e-05
3.378288169772989140e-05
5.443674448704757720e-05
5.202415946953736292e-05
4.534172493874856914e-05
3.982107242103684298e-05
5.978822077633458266e-05
4.825114749954840555e-05
6.706578558434216173e-05
4.822907109388337285e-05
6.141401785935202335e-05
6.418061077283954325e-05
4.301996137562834593e-05
5.002012884854254528e-05
4.616181076318084925e-05
3.530218419828555959e-05
4.502076861763625910e-05
6.529257305420231431e-05
6.697044530634978210e-05
3.953233898600778918e-05
5.100521145722130466e-05
4.519642214579095850e-05
4.483466386396142077e-05
5.423409325255371919e-05
6.337200242978300755e-05
3.811628785069226923e-05
6.997837667073510278e-05
4.961467232999836578e-05
5.868460189800398148e-05
6.633442017158507119e-05
5.030337772332949155e-05
5.771788317286713097e-05
4.469507840930207309e-05
4.766865269696544325e-05
6.701052311106242586e-05
4.793703451114432744e-05
5.697284252725488157e-05
5.914254846193495700e-05
5.723463140018765548e-05
5.524362100683051930e-05
5.406828856913381667e-05
5.601024281641987828e-05
4.095151815723157342e-05
4.566580415543565176e-05
6.016042045496819836e-05
8.073505763068630715e-05
6.015773651855968267e-05
5.500582114936515825e-05
6.691123100112615618e-05
5.610472937376764454e-05
5.548536969091819287e-05
4.833258012607082938e-05
4.704254089030028980e-05
3.516176810029936526e-05
6.276697999985019296e-05
5.375918541009141224e-05
4.663204963434810802e-05
4.869323147214126875e-05
4.194310698172317109e-05
5.731383542369158831e-05
3.680245997157790703e-05
5.758584943488643490e-05
6.050090341424185276e-05
4.338769333138535608e-05
5.243356003763680734e-05
5.366379401117930652e-05
6.475884650105511635e-05
5.501766651893542676e-05
4.786215725043466883e-05
4.278485637523876412e-05
5.663025315104644930e-05
4.340319319842979962e-05
5.433784134680767801e-05
4.961847665805947698e-05
4.570793814658500839e-05
6.094726453993657816e-05
5.853262479894564841e-05
5.770892174582848490e-05
4.458433579882112795e-05
4.585461821609571189e-05
7.026277253691024232e-05
4.857141780711903397e-05
5.383472425371362225e-05
3.276472607244800803e-05
6.122787992613820760e-05
6.374412073632357246e-05
3.859773646960621622e-05
5.255367788473060435e-05
4.844289202595768526e-05
5.472969538873800400e-05
5.532204975936091447e-05
6.224288016741601995e-05
4.653735439635618617e-05
6.796288243635297693e-05
4.606927379043976463e-05
5.193980680860566798e-05
6.010448047914394507e-05
5.155230674862815681e-05
6.312249103909333477e-05
4.733604542391182647e-05
4.304042246712274852e-05
7.218420012220357019e-05
5.399298190708957300e-05
4.701177277833011792e-05
5.347912277609113372e-05
5.776567855822042278e-05
5.310084509836683197e-05
5.409888325780089278e-05
4.973484235733877725e-05
5.185771449708058190e-05
3.787612811932619135e-05
4.908862564717431510e-05
5.534218360475937981e-05
5.385950222406890565e-05
7.136454092134908401e-05
6.434003822004562875e-05
5.047137263450211748e-05
6.954629805607567133e-05
4.766427376856097219e-05
4.787644914564656508e-05
5.394239894040744188e-05
6.444727571806345358e-05
6.140168553370975880e-05
4.870889180247414126e-05
4.834638920532205870e-05
5.150270826139622348e-05
6.968574595248910387e-05
4.638238501378756586e-05
7.164875760476925918e-05
5.063288695796033735e-05
4.033851063016355860e-05
5.257059792838519624e-05
5.908445644976885664e-05
5.581253160633948169e-05
4.827391560883911685e-05
4.115550249277536403e-05
6.187316396321840468e-05
5.219600356870579604e-05
5.296182092425773361e-05
6.882914928169390047e-05
5.719343333808196982e-05
5.280388022119232344e-05
5.859873243601890973e-05
4.932977162427242728e-05
5.261551637772996035e-05
5.117540747578158840e-05
4.310539395419608276e-05
4.939264047268189268e-05
6.214877649806594870e-05
4.848478857501905073e-05
6.770560666539455911e-05
5.761390996224507994e-05
4.327518316371163675e-05
5.429934789653011602e-05
5.132673445285220349e-05
4.359609470225781619e-05
4.208346089333539524e-05
5.910149816060760212e-05
4.710370895202647869e-05
5.627022883941019824e-05
5.330678517698326011e-05
5.307958453498184417e-05
4.370230003368918710e-05
6.370537064657068717e-05
4.972997610546431714e-05
5.061748159220972834e-05
4.349617565693904547e-05
4.545876972801998777e-05
6.539879155660646118e-05
4.104283018794437462e-05
6.571015738450033581e-05
4.931307463388713097e-05
5.449159512141135621e-05
5.796196723291275737e-05
6.583350139227487144e-05
4.461650482883394947e-05
4.944664022750675918e-05
4.746589722030662966e-05
6.290661720843216027e-05
5.563568667869026675e-05
4.619830913388658716e-05
5.804114071610933304e-05
3.910966376667257484e-05
4.805744315099027305e-05
5.342437340337101719e-05
7.040108241142357059e-05
5.541487418622498344e-05
5.953975256825094905e-05
4.832677227190830587e-05
5.247360826144804272e-05
6.452354278083486403e-05
4.939197058129652149e-05
6.133897371152470057e-05
6.190774098909003508e-05
3.429635374988649856e-05
4.915388256048668298e-05
5.508915517806867152e-05
5.374795288488101844e-05
3.893619412451296090e-05
5.630332276145054107e-05
5.955962563194510507e-05
4.515270218107250082e-05
4.024507624214175550e-05
5.655219943756139222e-05
4.689532647348248898e-05
4.177187363290719757e-05
6.149865164679072698e-05
5.952426196852707258e-05
5.249452448714206761e-05
5.421311349568494784e-05
4.989834514217251447e-05
4.905008418417204348e-05
5.497193826430450702e-05
4.909033818972725937e-05
5.453077527503907357e-05
6.701149691758592243e-05
6.455924474732107287e-05
4.860028101216159492e-05
4.672968357361932554e-05
4.127898074632207928e-05
4.487661842414003132e-05
3.884154064902559252e-05
6.816955266150047073e-05
6.568230463155621266e-05
5.322274229528700456e-05
4.471023201925786172e-05
4.380155776099913309e-05
4.274314867171672284e-05
5.913262672043490296e-05
4.319233284348632950e-05
4.164663893990920118e-05
6.502505118338482301e-05
5.304426282592995389e-05
4.140823661995591583e-05
4.580334578317617569e-05
5.492846413729500379e-05
5.675583880279630623e-05
4.868220488619341880e-05
6.431940157487807874e-05
5.624729706056747489e-05
5.852994181715582070e-05
5.600437546282764569e-05
5.649932981714357599e-05
4.392979187903473578e-05
6.263631596167983551e-05
4.982150841557710422e-05
4.894049224164657519e-05
8.905829357429870079e-05
4.457995373186894659e-05
6.535862037837221559e-05
5.681694008893065068e-05
5.351627121844798976e-05
4.703106395779215772e-05
5.064890125146606219e-05
6.404146550581840040e-05
6.895570387391623075e-05
6.780783665974672895e-05
4.808792236180514049e-05
6.535130159413056103e-05
7.267403321148330284e-05
6.190310612938730833e-05
5.788935201274171717e-05
6.023118223343878135e-05
7.871395921222146903e-05
5.272948506804810235e-05
5.589554669506205625e-05
4.857887112002928900e-05
5.678371135124022956e-05
6.161568467390444407e-05
5.118185787848545683e-05
4.091930132854254776e-05
4.258374022092641266e-05
5.157315830800741858e-05
5.756225343820252149e-05
5.055535790554190685e-05
6.559597610629417925e-05
5.817436278847360154e-05
4.789986976815708382e-05
5.291962287818702997e-05
5.036109251496966494e-05
6.427397797920380434e-05
5.100997380213785713e-05
4.832056124339836596e-05
5.002413364848261508e-05
6.189459820461366618e-05
6.091945681295412641e-05
5.023779511752448143e-05
4.854428617337746340e-05
5.638894775508579291e-05
4.996460023240190628e-05
4.872038042098468595e-05
4.878368531019780806e-05
4.674033211255528090e-05
5.538608230131560523e-05
5.483718348977703968e-05
6.516311004387844146e-05
4.617535217925176905e-05
4.695934539041269734e-05
3.956790073741912954e-05
4.489347798145431478e-05
4.322391858466215458e-05
5.218667047637428149e-05
8.370380195697414347e-05
4.877383074945221660e-05
5.068521969903310213e-05
5.266540161067472729e-05
5.823954504131492656e-05
5.883400751896405463e-05
5.134163131416039473e-05
6.685957229544950615e-05
4.807110969082448556e-05
3.706250806134617979e-05
6.005057514294633958e-05
5.548999270481109124e-05
5.177422197551335823e-05
5.435211258739043740e-05
6.699265546129338079e-05
5.641298456022469075e-05
4.886422847175761095e-05
4.968425593827332197e-05
6.251233799481709867e-05
5.745535553227474078e-05
4.335773139386157714e-05
4.098515687790249535e-05
4.069993020654908767e-05
7.339772473422813100e-05
5.148334844761220979e-05
4.577945081194967700e-05
3.354271618232453002e-05
5.752160728413299490e-05
4.916927447005271367e-05
6.504291364491408345e-05
5.294577449299140283e-05
5.976061044879484285e-05
5.060478727895781066e-05
5.152676530947678261e-05
5.468416541652148404e-05
5.102760804089317287e-05
3.826881695348639367e-05
5.766297821451481389e-05
5.070790232439639517e-05
4.135463488261431966e-05
5.992006117949402250e-05
5.748154455160898584e-05
5.668351688867300300e-05
4.515558978168562426e-05
5.109298385349982059e-05
5.370947915367115731e-05
4.953203130841186968e-05
6.792781177048700042e-05
5.289613978691373009e-05
3.349084600534210171e-05
5.591653023119520462e-05
5.322318401251995858e-05
7.167485866802130801e-05
4.200901244971014416e-05
4.986129770766602377e-05
5.673692629636367549e-05
5.093163961265935637e-05
3.877253045570607420e-05
4.799490011159594387e-05
5.478770240847090800e-05
7.294042200817599296e-05
5.347599705241360535e-05
4.766155181433392183e-05
5.395862333640414092e-05
5.131737151476722291e-05
5.834501677113797019e-05
4.693909529188959893e-05
5.129866313990192749e-05
3.796141566621870762e-05
5.296175719803436580e-05
5.270273637063696353e-05
4.232630387287713864e-05
4.818271161862168906e-05
5.675391451223974994e-05
5.417817164208713532e-05
5.897990620496178400e-05
4.413685240161646683e-05
5.028659933463081267e-05
4.866891964684392298e-05
4.702374832258963809e-05
5.990653485858080438e-05
6.133731805314515337e-05
6.083176182069047590e-05
5.244570961548452725e-05
7.098696268179819756e-05
5.157815659954894093e-05
5.379100281581373799e-05
6.744328782876564800e-05
5.643868704510523966e-05
4.904514182132759919e-05
6.002059593363962556e-05
5.360621864587732446e-05
4.016523542664565932e-05
6.472053652217864424e-05
5.845359295039882097e-05
6.624513771971386126e-05
4.473271226593285711e-05
4.583536471342082477e-05
6.033010916089912425e-05
5.069376960800472281e-05
4.208435095486414085e-05
4.679152696931963455e-05
5.260231535267491767e-05
6.547641536446277631e-05
4.157697547847828348e-05
5.550232415116572595e-05
5.868604516992057240e-05
4.526062803724883787e-05
5.445123074683073185e-05
5.639338383100778998e-05
4.284649844761284491e-05
4.234147264108826804e-05
5.430415535730730083e-05
5.921259010275947796e-05
7.313481728685809866e-05
5.448716233644256246e-05
4.714953968900238278e-05
4.149877935645721982e-05
5.466351935290982781e-05
5.823348229128204177e-05
5.663969961652633048e-05
6.652617696610911796e-05
3.884607552199697498e-05
5.040167505479504979e-05
5.338396492357212238e-05
4.954386799957648105e-05
5.713201593610801166e-05
6.632286529668234877e-05
4.726099010409180398e-05
5.179501215694420804e-05
6.047953519073164506e-05
5.628617706363296425e-05
3.986380068347299534e-05
5.046327912495845866e-05
5.812348828501838808e-05
4.820538654337494858e-05
4.382075547864860391e-05
4.846887663929032465e-05
5.861455113805323679e-05
6.825644154200545088e-05
5.683146607120604147e-05
3.692717821457012286e-05
4.642289871663528810e-05
7.671078287318885871e-05
4.840157222051860150e-05
5.299345971122654335e-05
6.621618884060613411e-05
4.656714887102976475e-05
5.082973888278989036e-05
4.963162993163644146e-05
6.005470506656101435e-05
4.671847561557106556e-05
4.677709465823227133e-05
5.122325684093515126e-05
6.951120088905100543e-05
4.498161168799546394e-05
5.548574290156281210e-05
6.975780896911985818e-05
4.922981839926679118e-05
4.616984276677937535e-05
5.676427624413447437e-05
7.443034801083007774e-05
5.911144227416050874e-05
3.779757804596788030e-05
5.797091415991271470e-05
5.577618415918705490e-05
7.901626631078462627e-05
3.860075653216300226e-05
6.147550679729997113e-05
5.641280629732928572e-05
5.051318691140732706e-05
4.894410272362770411e-05
5.946674277832994152e-05
7.156915748079777616e-05
6.098656857512121791e-05
4.364465104541645485e-05
4.881823757504547131e-05
5.481596275267323405e-05
6.817430798024028398e-05
6.172985133305921559e-05
7.115876527233291513e-05
5.098002183584919236e-05
4.370529461732267388e-05
6.003021240810277060e-05
6.113149308559220831e-05
6.122256822908152230e-05
5.987464755708486822e-05
5.655625824110121759e-05
4.832989387973397595e-05
4.207464658693329786e-05
4.588678282807036638e-05
4.744517675592785751e-05
6.589540687700030453e-05
5.236519817752035790e-05
5.130638291568051360e-05
5.777652833609460441e-05
5.584669306712775001e-05
5.049664891981493590e-05
4.440122273397619147e-05
3.670604976722390168e-05
6.373346820505295599e-05
5.402212346275626621e-05
4.896803670143233523e-05
5.884744534967192934e-05
4.649056373224551948e-05
5.738516426919794883e-05
4.846046772995546138e-05
5.313719514765589779e-05
6.636225023367263573e-05
4.885291110704258037e-05
5.471970116290176942e-05
4.358964471442271644e-05
5.319505240629406138e-05
5.338480048335221345e-05
3.925446268828152173e-05
6.114234507674959655e-05
5.344695788979811688e-05
4.701932622418995307e-05
4.512486677410586949e-05
5.503924838614528288e-05
5.163305195821341244e-05
7.762037897535060493e-05
4.745252172747509807e-05
4.405784013908102065e-05
5.256761749107383722e-05
4.099260237758026751e-05
4.899433584657860748e-05
3.391497839891371340e-05
5.625655779226558083e-05
4.895060401390488895e-05
6.187344807667221030e-05
5.179639615091815739e-05
6.012078293474573600e-05
6.422442106481180205e-05
5.801614137528630298e-05
4.392665322469816824e-05
6.086858239399552486e-05
6.481269670056715360e-05
4.319637875937986212e-05
5.305888543462579198e-05
5.526463122285608031e-05
6.220849986813352362e-05
5.145252761685043224e-05
4.450344981186084487e-05
4.668369361381975464e-05
5.408943808420743637e-05
6.533286674246393763e-05
6.637068324709231599e-05
5.287270829789234776e-05
6.540056001513683368e-05
4.999820566103659291e-05
6.256295719366418960e-05
6.416770179586077480e-05
5.343310506431963192e-05
5.825485613018698179e-05
7.351262988386473587e-05
4.761842193521589612e-05
5.762291499755649413e-05
6.157270221211172704e-05
6.143937477998125216e-05
6.543583950012721003e-05
4.213133961391668758e-05
5.248697436728236586e-05
3.846552239909517860e-05
5.308470016490912587e-05
5.223252899472519828e-05
5.687086251910158095e-05
6.549017476126952719e-05
5.301404736835894801e-05
6.100521913511757963e-05
5.799113538636090944e-05
5.185736237590102331e-05
4.073612617705902624e-05
6.118423253898729519e-05
5.624264992417929513e-05
5.781102620414331955e-05
5.088956248222132277e-05
5.988736477863244834e-05
4.518479217792534166e-05
6.940534584159780871e-05
4.163348026817981874e-05
7.092905468630291517e-05
5.292879494840409271e-05
4.569531840633907774e-05
6.917791535129563395e-05
5.700835844535348410e-05
4.779548234339755581e-05
5.325651531856848343e-05
6.201687282733170208e-05
5.668045414239877589e-05
5.237339935079972472e-05
3.836148228204278715e-05
4.815154695584788916e-05
5.939858041169932326e-05
4.969891863456533937e-05
6.637908864626041263e-05
5.173217333040618576e-05
6.578874867833494537e-05
5.563619529500402571e-05
5.486193239944372091e-05
6.950353816189250614e-05
5.131747008796750471e-05
4.760375692522324248e-05
7.395257292127118797e-05
4.552302889649878465e-05
5.245919235238421092e-05
4.061794976478267033e-05
6.672978991760024727e-05
5.735257538541868876e-05
4.915026234369519091e-05
3.993722791371039316e-05
6.524494639117762497e-05
5.479282599862444499e-05
5.624309231510371201e-05
4.054036455219469390e-05
5.585021423025621088e-05
5.815344378100646699e-05
4.863961103915801236e-05
4.999724357440007267e-05
5.017855801604025555e-05
4.774714472766048150e-05
4.729569023097057831e-05
4.460168125301665424e-05
7.003153212699618794e-05
4.269252765085285807e-05
6.195356801081093395e-05
7.189001438039543859e-05
6.412931565658440305e-05
4.919822281393771611e-05
4.415274969961124939e-05
4.797980991315106746e-05
4.938344071560223461e-05
3.193607321521903746e-05
6.769685441703015259e-05
6.831807370952110408e-05
4.837603863238588384e-05
4.504164783727225568e-05
5.114364326468990880e-05
4.683647699063653357e-05
6.872412721155410397e-05
6.152539123950629167e-05
7.016232343959915630e-05
4.179226994372691308e-05
5.145248227166047446e-05
4.110429757957448512e-05
5.537236461024309128e-05
5.779046279307293471e-05
4.627274486965526809e-05
5.786655860286724106e-05
5.285090488531969373e-05
4.831150433035500346e-05
3.962880266880180043e-05
5.975782923125755699e-05
6.788326815615640581e-05
5.757843210172926518e-05
7.527681650833192341e-05
5.935035490286017830e-05
5.640382688305095799e-05
4.925176973535537011e-05
3.897005504158779817e-05
4.898905579382476866e-05
5.047500913833508822e-05
5.457045246129673576e-05
4.861233467890409184e-05
6.245145288572763356e-05
4.450919372086202790e-05
3.693227005143630954e-05
5.256446072915684571e-05
4.954930975362773209e-05
4.585902691470255881e-05
4.475279401993519801e-05
5.966722155922374310e-05
5.587516173367156324e-05
5.173188936154633202e-05
7.197496790486645709e-05
4.668279934503116334e-05
3.829106602128576554e-05
5.197257471335130045e-05
5.537480383236935546e-05
4.890039567585493060e-05
5.348370207672190963e-05
5.239523710382863183e-05
5.098055451400241341e-05
5.149274457998978088e-05
7.595391842566777527e-05
3.362227153624141289e-05
4.690542296994788373e-05
4.387477785841574789e-05
6.240169816400329555e-05
7.818410615431577474e-05
5.605869041992189462e-05
4.193273733419602305e-05
3.637796697249847267e-05
4.290324214527102363e-05
6.009225840468413843e-05
4.006879370088235802e-05
7.090361126012977445e-05
5.460163110504841010e-05
4.713269967690077666e-05
5.831864118782870881e-05
4.704288865605163277e-05
6.468724152519633990e-05
5.516297802324311267e-05
5.146695249917325563e-05
4.437075937369372458e-05
6.424181044752844767e-05
5.389092481240894577e-05
4.773913513027210954e-05
4.236802877007001732e-05
6.264864524188496083e-05
6.162889488753369111e-05
5.702023798700037253e-05
4.479772406165427330e-05
5.199690496168790410e-05
5.895950343008364721e-05
4.506068045486557536e-05
7.516374809567862383e-05
4.229510041627838158e-05
3.683785685185136000e-05
4.777413855693353218e-05
5.120998125635003626e-05
5.368013093524526567e-05
5.206701898534108521e-05
5.127402407377977116e-05
4.765960561619160080e-05
4.855597410077808559e-05
6.791725488725998720e-05
5.971632200824113218e-05
5.334344812758496740e-05
4.919082875001039854e-05
5.863692401385113670e-05
4.840452235119989800e-05
6.123576170680103284e-05
4.504583046737227226e-05
5.154403189026222708e-05
5.147086293040169567e-05
5.410478245417757708e-05
5.328907340967320807e-05
6.822222300727924028e-05
5.119330870541057514e-05
4.865621929876254949e-05
5.246288194529523044e-05
5.249792028658328320e-05
5.982628014091286061e-05
4.799642831299144390e-05
6.160004027613291276e-05
4.889624891188139582e-05
4.966968466039510495e-05
5.019576656236562283e-05
4.981271308711229763e-05
7.544293934679969908e-05
5.857309645104753033e-05
5.516658744798804738e-05
5.582764659252043758e-05
6.849396626538898725e-05
4.760030401150741342e-05
6.879901196192879224e-05
5.669139589228865421e-05
5.064432433826066736e-05
5.800386475110277658e-05
4.397841559931115515e-05
5.437965060720011546e-05
3.550791065560001140e-05
5.298319127643355938e-05
6.843029046523295509e-05
5.207306487891463998e-05
5.328488250150989128e-05
4.223413519904154666e-05
6.171596227081003257e-05
5.884985734969149716e-05
5.772458644878064880e-05
6.723501296762158087e-05
5.252993704153427533e-05
4.538652301258682775e-05
5.455542717642881446e-05
3.856478578347341036e-05
4.575558473555062022e-05
6.274048353762008571e-05
6.001445925359013861e-05
5.656166849378457530e-05
4.791002162593467243e-05
4.810910402105820892e-05
4.721116562462271936e-05
5.924760297111614931e-05
7.214520903901197905e-05
5.441502455144369592e-05
3.559458868544695899e-05
4.381918786907136891e-05
5.236768287833805933e-05
3.425240597242146847e-05
4.966959795703941469e-05
4.125008786401665353e-05
5.983515471240147856e-05
6.863833024915013206e-05
5.661937733534292468e-05
4.794538267975558942e-05
6.911180252897638869e-05
5.956267050294093983e-05
5.387394330794023433e-05
5.568225364372581421e-05
5.292019849430540547e-05
3.876227164778526564e-05
6.123704587665163598e-05
6.470006199850660315e-05
5.647470780298792081e-05
4.839894029735537269e-05
4.131780752882815300e-05
5.071892864298450238e-05
5.748942681688804413e-05
7.820683063643432578e-05
5.803116999356597728e-05
4.921023327334489330e-05
3.883065109904915976e-05
5.683239721564674823e-05
5.666069157651616348e-05
5.172761033654589183e-05
4.638755427558356905e-05
7.174373362131469182e-05
5.622838716602089338e-05
4.798044369832565756e-05
4.654049174670664624e-05
6.804035542369196211e-05
4.927702810699649641e-05
5.985783529737291576e-05
5.874473072339785892e-05
6.208018318180815722e-05
5.159305225187375219e-05
5.157233567307202083e-05
5.253861665250139803e-05
4.886324682731752611e-05
6.745966412224028020e-05
5.792969710259009673e-05
4.303474892742690540e-05
7.824740256505318997e-05
4.388405766179571645e-05
6.102120774852341897e-05
5.937603022886930263e-05
5.127233687666869088e-05
5.239243402626529537e-05
5.851276545861484657e-05
6.687475411566655664e-05
4.877105344259576481e-05
5.644236106534822615e-05
3.654636914809254505e-05
5.311462560322657145e-05
4.233939703697572069e-05
6.712864563498270370e-05
4.775952121211317732e-05
5.847380996704978456e-05
5.541438683584885730e-05
7.050479954926190977e-05
5.012001847170801722e-05
4.705782060626743360e-05
5.047557509224217252e-05
5.845792336403595428e-05
5.455744148971608895e-05
6.304401520520757794e-05
4.316826685179900346e-05
5.076217191664250851e-05
4.872354566206348780e-05
5.305005712130793659e-05
5.931554154882062268e-05
4.555865531917358663e-05
3.962203031079429447e-05
4.735811452879125241e-05
4.259582055814507378e-05
6.620653151508470806e-05
5.612261281974881982e-05
5.471815766506405593e-05
6.583007945244669524e-05
5.942645751519949604e-05
5.093313087308132188e-05
4.550649961703060267e-05
5.480325906248023214e-05
6.475237856070256682e-05
5.712727803695791522e-05
4.999794147229402123e-05
3.765930421877784756e-05
6.290605656371227501e-05
5.723039198125573506e-05
6.102982453400320259e-05
5.086944721743707749e-05
5.790442155680056873e-05
4.485552152118961325e-05
5.083646558843541254e-05
3.626665240706238930e-05
4.407907090596486555e-05
5.402748796195844033e-05
5.706906351982549288e-05
6.859578665894692975e-05
6.008137992941079737e-05
5.847991831575918316e-05
4.380253645700082237e-05
6.144141263497283174e-05
4.098331437650950886e-05
4.726557159019812175e-05
6.741109009642409116e-05
5.371244567987794826e-05
5.087699533609398012e-05
5.306535408953581693e-05
4.847647189885769231e-05
4.893540193627878666e-05
4.412087788623475363e-05
5.959586350315483849e-05
5.346081608239629403e-05
4.905270009032949640e-05
4.206573598139058239e-05
5.691474346625502873e-05
5.814587110644325158e-05
4.858831786052570452e-05
5.858591701540673388e-05
6.639455672991444960e-05
5.235023404696605788e-05
4.522799184800207155e-05
5.918801870003155736e-05
6.501401287649611835e-05
4.320852775174898310e-05
4.962560154141291340e-05
5.436302191282178472e-05
4.152545954917276301e-05
3.931374644052155641e-05
5.831838414502290641e-05
4.190612921893951883e-05
6.419241946352584197e-05
4.843316321499184388e-05
5.603818126442375335e-05
5.841619692444057838e-05
5.517692772975711987e-05
5.660196293526722474e-05
4.687215071271438405e-05
5.309087303645380066e-05
5.034193637683773311e-05
4.873430352595917951e-05
6.019460718778300357e-05
4.196689952230144401e-05
5.538063303373153527e-05
5.167824427608739711e-05
5.256542241057609048e-05
3.745344759577209378e-05
6.501912781378099801e-05
3.998100728507762697e-05
4.912235071526973429e-05
4.733960860336599517e-05
5.685513196198390572e-05
6.503234557511652014e-05
6.024455086426997190e-05
5.544386937380220724e-05
3.897297844114088557e-05
5.727476079568763262e-05
7.180058493704285041e-05
6.727106390581062939e-05
4.564406468820992653e-05
5.057953103767138099e-05
6.249167559536923492e-05
4.438126340879110422e-05
6.116176933957375654e-05
5.763519161888830454e-05
4.205798553261551169e-05
5.365088892119503766e-05
5.696178176178616438e-05
4.577203128185742279e-05
6.012690467313035387e-05
4.970002491362684782e-05
7.624007378079271586e-05
5.115005532033892308e-05
5.953080876619978455e-05
7.293445620233184165e-05
4.158827941102026310e-05
5.373276422830658037e-05
4.503032064577970405e-05
5.398158820962112406e-05
3.852805847371912004e-05
5.952679488606168871e-05
3.505018290493088423e-05
5.876404992597638661e-05
5.770228345328561422e-05
5.449461823874074331e-05
3.926504319484015157e-05
4.322999360941402747e-05
4.988663909337671330e-05
4.548173768668070275e-05
7.367277170521793880e-05
5.618132199321251879e-05
5.517786096611883019e-05
5.898575105068207367e-05
5.293554956045424615e-05
5.313308437412589180e-05
7.106496843594751957e-05
6.082579365966028464e-05
4.851099754304426286e-05
4.432187030871089298e-05
4.095911214173481425e-05
6.166228587750863005e-05
4.358206697884720249e-05
5.895633314051113813e-05
5.202021612151886776e-05
5.319847905366703670e-05
4.844615592929913913e-05
5.496959967695977704e-05
4.872020857055900470e-05
4.991961099131096561e-05
5.438553768283231464e-05
5.759438443746177496e-05
6.423610311205284478e-05
5.421421316625602227e-05
5.097056775453522747e-05
5.504993882051298284e-05
5.996137686675580373e-05
4.119941765760651433e-05
7.038678873103034405e-05
4.013959770497492002e-05
5.465514843866517934e-05
7.020154426349241631e-05
5.350970420883591005e-05
4.838811433088357160e-05
6.185300144180871419e-05
4.235182486831146753e-05
4.679358835327583876e-05
5.283574846716425518e-05
5.524530567746816401e-05
5.056391688840825965e-05
4.760679532240868431e-05
6.445212540380669541e-05
4.909715820504705237e-05
4.702155388628629241e-05
6.044929101970086772e-05
3.987721179882909681e-05
6.430159780658786220e-05
3.742693902276644899e-05
5.641476271895404742e-05
5.739038920146788614e-05
5.090998836345892993e-05
5.226648528962243579e-05
5.902137652067933647e-05
5.581741883623417960e-05
4.147606746795592567e-05
5.674080472151858348e-05
6.760522701373445796e-05
7.230876589950606121e-05
4.647947698596075232e-05
4.667562676437396512e-05
5.017646554086544885e-05
4.062113301680066814e-05
5.208657769315263512e-05
4.314976861503306643e-05
5.880610644013749863e-05
5.562566388083775148e-05
5.130972427875692344e-05
5.246194456269466657e-05
3.621336149876724784e-05
6.094101375574532698e-05
6.480275175556340591e-05
5.551919864802761461e-05
5.439762522883216872e-05
4.890765232699817520e-05
5.793210785062317400e-05
4.611202877352224246e-05
6.833553322829046342e-05
4.924716730340280538e-05
7.890799096311501462e-05
5.289316228375653853e-05
5.561910547402072280e-05
5.536702703473650352e-05
6.023957352066429291e-05
3.906713570409724851e-05
5.369578954741583007e-05
5.737465115108703951e-05
7.078889338202608598e-05
6.055288754110350370e-05
5.378045698340532373e-05
4.181523225571986334e-05
4.906353290995124199e-05
4.794636775115730350e-05
7.620839586643364061e-05
6.311732787442967242e-05
5.561159268434103133e-05
4.097737905434459808e-05
4.441222421368723618e-05
5.623190061632764671e-05
6.531509940178272433e-05
3.457663182185827602e-05
5.098492243358793309e-05
3.830505786924293983e-05
4.591894260490914168e-05
4.744144686571924148e-05
6.905157288077512620e-05
4.144000775610117072e-05
6.326848171648005096e-05
6.013682449116307497e-05
7.096954510014610992e-05
5.789141621698477212e-05
8.132549557639598544e-05
4.419134134277120501e-05
5.739920737405223986e-05
6.476945999771589204e-05
5.714574147306606083e-05
4.202883493794514884e-05
5.847755104258194877e-05
4.667279207915470330e-05
5.871234632934936392e-05
4.089196868809119232e-05
4.218862913748333787e-05
5.368195052339582921e-05
6.127004240439855656e-05
6.453759696297474858e-05
5.839303683774050110e-05
4.071456337597108136e-05
6.104658541086720029e-05
4.593718323422772178e-05
5.730241547638960831e-05
4.731795693049100488e-05
5.352113091301373773e-05
4.712705766419215150e-05
4.390854263635928840e-05
6.018019759422190546e-05
5.731576104819360412e-05
5.276484318157849120e-05
5.212135182394822102e-05
4.457966595839762757e-05
6.237256246307166119e-05
6.008869263625939399e-05
6.058369378500337083e-05
6.149510545553269999e-05
4.786991907487445232e-05
6.443643197031318870e-05
4.802531896977110961e-05
4.438521441525925237e-05
3.286877832729424159e-05
5.683378255292073476e-05
5.363544811707352222e-05
5.692322865957016393e-05
4.928706257617201128e-05
5.031356677855981942e-05
7.165265299655892257e-05
5.190651440630790166e-05
5.206565693105334866e-05
3.774422879812548866e-05
5.665609551651226922e-05
6.660386121109203631e-05
4.386454164827903657e-05
6.847386492559678114e-05
4.388780962912112597e-05
7.110947192943213764e-05
4.494891061890260702e-05
4.741130391485755816e-05
5.582873022655819790e-05
4.943579008836627639e-05
5.617446704728214349e-05
5.461837915706789569e-05
5.192829628990629399e-05
4.408941893715070796e-05
6.194833597774205745e-05
3.944972827844741691e-05
7.247131736088158389e-05
5.124896189351867452e-05
7.388715919483162587e-05
4.938891311560134187e-05
5.316155625240656429e-05
4.453942453601983842e-05
8.342639805475447897e-05
5.210630738154096851e-05
3.945207488263256649e-05
5.003022429570309128e-05
5.253039730659277693e-05
6.385910985152689527e-05
5.461380728850576572e-05
5.713528754820528617e-05
5.128229049918966656e-05
4.240090563010405836e-05
5.257682466262531636e-05
5.382186442681984994e-05
4.884877397912888573e-05
5.771449927231005574e-05
7.110364433269005403e-05
4.235679377761074517e-05
4.536082586016595205e-05
4.555542140965602462e-05
4.912040937617228817e-05
5.973614648369100679e-05
5.631043053591947792e-05
4.729531331110391554e-05
6.422439826603575140e-05
4.748156269369791920e-05
5.057359511600554577e-05
5.507348275668499574e-05
6.157041893558505650e-05
4.584572115714121825e-05
4.845177011595119441e-05
6.882271166744895641e-05
3.629603702659266781e-05
6.329432530651444026e-05
4.772847549371485136e-05
5.766139238851710749e-05
4.455428351072227109e-05
5.227960249613646947e-05
5.318177975446766433e-05
4.316412793611332487e-05
3.908533228803193844e-05
4.353792692276494991e-05
5.334290219851175210e-05
5.542080892114950065e-05
5.802870701449369738e-05
5.155647361785257044e-05
5.504758745272352055e-05
4.020763213715676401e-05
5.086175430181134654e-05
