1.114650665457410254e-06
1.195400813756084804e-06
8.839069020955679384e-07
1.403090277381534502e-06
1.014585602914554882e-06
1.043987917082452709e-06
9.787861689457377639e-07
1.297272826792109587e-06
1.446201665322905713e-06
1.095683025112960621e-06
1.014085036497621364e-06
1.006141288187692173e-06
1.476275696611042249e-06
1.185776162674822118e-06
1.138823079613004283e-06
1.031988865076941909e-06
8.351908271341158470e-07
8.852453013145139380e-07
1.228363043474521671e-06
1.153093046661871964e-06
9.367167059993748914e-07
8.674825027750466940e-07
1.110756230746276113e-06
1.103887672058085171e-06
1.320113855805600372e-06
1.415085237535252118e-06
1.212705012333750274e-06
1.443331291102473747e-06
1.042805840935545775e-06
8.555235536527349163e-07
9.454964283123007852e-07
1.265186365472650272e-06
1.094409021909774226e-06
1.077673245962409747e-06
1.039062976041219042e-06
8.960126967822638054e-07
1.146313144230059623e-06
1.074492891316595915e-06
1.671986116007872401e-06
7.760241941781765073e-07
1.057929588673288529e-06
1.049397492440779714e-06
1.313440384007280199e-06
1.184376648094050130e-06
9.121872809977268293e-07
1.097314953256462297e-06
1.171129839908227296e-06
1.180674318201384191e-06
1.132794064612895934e-06
1.145013433005254536e-06
8.970160116663122248e-07
9.668405969854837502e-07
1.085552709680163972e-06
1.271696531386134211e-06
1.322674933533856781e-06
1.024507875105366850e-06
1.015017056671735727e-06
1.136269765945995133e-06
1.370678105251664868e-06
8.830717496593069118e-07
1.047508001354486507e-06
1.067399781659102901e-06
1.258640824997263317e-06
1.105356232800397308e-06
1.114336513682198497e-06
9.269315959600958760e-07
1.350999882593140389e-06
1.169601733091687536e-06
1.036593047229386510e-06
1.269820111983280847e-06
9.799643034030849141e-07
1.145270428283428820e-06
1.031222896283403475e-06
1.086942900445956178e-06
1.363845433450237958e-06
1.081826889191437901e-06
1.004853875092670886e-06
1.238400488417908422e-06
1.003177925145555469e-06
1.160471875627197497e-06
1.330005130650677527e-06
1.135702704861414349e-06
9.656106518998838935e-07
1.027144003471560752e-06
1.355153416203918482e-06
1.279699583333882892e-06
1.104983031031966357e-06
1.153558583511345382e-06
1.298716489609690657e-06
1.246584730272840683e-06
1.005165377708673721e-06
1.341033555019040047e-06
1.539803300120148199e-06
1.117910094363773870e-06
1.083243896205123906e-06
1.169413065520747850e-06
9.537448590731265376e-07
1.065488539021143677e-06
1.389974114917378126e-06
1.079546305390035953e-06
8.815497509512527237e-07
1.161198248523124365e-06
1.242331784740650315e-06
8.474010248853507458e-07
9.055580016667766782e-07
1.194528577607244024e-06
1.104832847280667787e-06
1.313037000208325563e-06
1.374900980951846198e-06
1.159128999720464519e-06
1.160801899687065876e-06
9.711166795993437317e-07
9.548775800890904432e-07
1.520248851434567221e-06
1.081538683221055028e-06
9.840046175549081610e-07
9.369602193403397381e-07
9.878667548411568632e-07
1.241509278971539676e-06
1.234512331203662448e-06
1.026349755857100768e-06
9.508058936441462752e-07
9.670006728570293315e-07
1.222119077731999283e-06
1.097254084471397076e-06
1.312056446188527177e-06
9.712530041339994573e-07
1.062022860474732402e-06
1.160180275017397681e-06
1.429087181466120734e-06
1.310320331997746929e-06
1.091804826166027145e-06
1.135705150802653323e-06
8.931763803743973033e-07
9.511249133164345061e-07
1.225932224782770027e-06
1.172428775749565158e-06
1.383644916165368214e-06
1.004928993620078449e-06
8.753619998476630570e-07
1.023927367989625559e-06
1.350937545186118325e-06
1.063635935279368074e-06
9.880238785273873971e-07
1.093710843237054299e-06
1.033983050182952868e-06
1.188326577816343751e-06
1.257079803820818235e-06
1.480471698656802569e-06
1.047822523437057793e-06
1.019137134840963677e-06
1.265326953917224053e-06
1.521596395572046155e-06
1.025020038728514173e-06
1.171603684932660096e-06
1.143745255204005451e-06
1.531190151660433713e-06
9.585166078069632165e-07
1.144695065671058482e-06
1.578425721869663149e-06
1.276586057165637837e-06
9.097688281900222696e-07
1.046986575410784930e-06
1.348182106293150648e-06
1.230782820860631293e-06
1.100535835944470707e-06
1.091793082997337217e-06
8.911096011311392542e-07
1.306986265164761444e-06
1.263424359650993951e-06
1.138550808256562105e-06
9.244154277226197388e-07
1.242086627061433202e-06
1.046535479457544869e-06
1.062799916741585949e-06
1.158156876112670668e-06
1.441820994408892061e-06
1.804633598767584178e-06
9.570292220842579912e-07
1.044346223192317734e-06
1.304031953269507992e-06
1.432625625360695371e-06
1.204570121886338037e-06
1.044035004902401168e-06
1.088328142899544161e-06
9.348210626656522668e-07
1.152572504014987382e-06
1.410343454960287338e-06
1.058102289705776251e-06
1.005613043096080155e-06
7.931417501826557885e-07
1.171868888185053578e-06
1.180956092007736130e-06
1.147250176880619613e-06
9.307529482448133202e-07
1.059816894997432203e-06
1.036454558348192014e-06
9.196730079176228514e-07
1.181090406090446324e-06
1.514879742642887089e-06
1.100620587804981285e-06
1.000301905652299443e-06
1.396728686546123843e-06
1.234656102689726449e-06
1.075138532532899661e-06
1.046921646864056029e-06
9.436420705531329387e-07
9.278685001456384426e-07
1.150163928504885031e-06
1.193177564119577122e-06
8.803511490844293894e-07
1.053106733461519129e-06
1.136036837859370526e-06
1.181078320424959109e-06
1.200410396177080067e-06
1.077224756859206559e-06
9.002152999930235133e-07
9.876501240350656878e-07
1.012157321109160208e-06
8.450704671818386867e-07
9.455651543088460133e-07
1.027745481424765470e-06
1.120242527402761082e-06
1.121723333771200240e-06
1.373479940350281934e-06
8.852761882524619147e-07
9.258982380353371162e-07
1.017960919726360653e-06
1.260015657576491204e-06
1.242804434720949316e-06
7.668110834051002634e-07
1.072061634688939360e-06
9.805383061108139458e-07
1.189639855411810962e-06
1.171966924789707707e-06
1.174584697965468077e-06
1.024473317043261761e-06
1.134617323099093705e-06
1.018794579547474048e-06
9.921858478469550357e-07
1.028217758884110331e-06
1.304449241357769945e-06
1.095585588405366849e-06
1.472682935611994574e-06
9.342826433094463656e-07
9.586901732401070094e-07
1.209225738433152936e-06
1.276817423479665219e-06
1.341505682197919472e-06
1.112727278017598603e-06
1.677727072108923350e-06
1.301483479151381356e-06
1.022186922484871227e-06
1.185638688389313574e-06
1.344267850352005547e-06
1.052024597322664938e-06
1.037929960927917491e-06
1.085224906653200821e-06
8.339191530221052208e-07
9.942881644259197198e-07
9.545721881972327334e-07
1.144040028173446845e-06
1.551397304887196969e-06
1.137588723370789292e-06
1.033409748420274799e-06
1.140452978371940242e-06
1.080935469834351294e-06
1.196647455487897322e-06
1.574228178372584002e-06
1.056420291731863124e-06
9.968864982862658791e-07
9.474219345884166068e-07
1.224063595300680214e-06
1.241227940162945207e-06
1.201056438446912138e-06
7.420774384596898186e-07
1.023712326846785898e-06
1.562581035440253847e-06
1.135860738512692617e-06
1.019354488294653123e-06
8.331497932381266995e-07
9.181602600000190592e-07
1.046436512552611857e-06
9.854348350783227739e-07
1.873689441989346210e-06
1.396415676242428232e-06
1.091018444827669144e-06
1.046795486377653888e-06
1.059859861116213544e-06
9.654891586440188050e-07
1.108381419990194104e-06
1.201788715839412735e-06
1.018823190424015103e-06
9.233157415502112622e-07
9.115733147376626306e-07
1.361868535103721445e-06
1.125655545708764422e-06
1.022874414215938474e-06
9.787725822588567806e-07
1.118757612247368521e-06
9.934833915497659852e-07
1.386015380977157791e-06
8.826528936517819448e-07
9.846211730267591522e-07
1.120183026991190683e-06
8.988937219500868626e-07
9.956855190724697453e-07
1.110139006464433255e-06
1.279967593016616136e-06
1.158403047701176347e-06
8.656689464425592931e-07
8.157050274321310133e-07
1.099087326776168230e-06
1.092153428250800040e-06
9.985523805227045701e-07
1.061239982977292301e-06
1.287606778119506170e-06
1.082874880972404387e-06
1.240846352590658149e-06
1.068452706750496587e-06
1.077921454929118474e-06
1.261042779668183996e-06
1.478859068924822656e-06
8.789996997510530396e-07
1.208416726325832663e-06
1.198947223925220822e-06
8.693725326665345492e-07
1.068934252990293955e-06
1.117254800002014903e-06
1.264302703006514183e-06
8.824217386794902418e-07
1.109115797642812161e-06
1.328309269943375649e-06
1.251245310202239299e-06
9.823822153783046880e-07
8.347879969033973874e-07
1.445919004623001527e-06
1.144503710168947414e-06
1.078528269593337134e-06
8.667771322691578039e-07
1.118019320180875121e-06
1.181886055981454522e-06
1.320976760071435278e-06
1.234394572414623255e-06
1.388364812040289080e-06
1.020379042037792070e-06
8.514563686884368633e-07
1.084175671458522311e-06
1.299162060413191568e-06
1.265230939641990490e-06
9.758438645175368357e-07
1.131390373860416913e-06
9.188441769612202366e-07
9.776408377809535547e-07
1.144992460368850887e-06
1.185578399015961510e-06
9.837403281518342210e-07
9.987149672680059287e-07
1.265192925762749819e-06
1.125619113809030446e-06
1.340457011250960970e-06
9.340633628863447594e-07
9.878252888722496793e-07
1.167073463132370917e-06
1.213184403091130527e-06
1.278385487100150306e-06
1.396266488866080032e-06
1.088540740600263890e-06
1.167917547473972202e-06
8.635068749171195475e-07
9.709689550459399300e-07
1.308021592089566733e-06
1.204757990476426768e-06
1.342238775147149936e-06
1.019501520380501757e-06
9.530667229282884119e-07
1.091302896745768631e-06
1.302354592972998016e-06
1.154464935383809141e-06
8.546945437487297456e-07
1.056859325417299611e-06
1.064267481736854509e-06
1.128109352083062896e-06
1.243660531778640464e-06
1.184458910599784318e-06
1.099409730527828948e-06
1.354759553459694583e-06
1.257966645756785915e-06
1.030485264369160501e-06
1.199612132155641759e-06
1.094311907502625479e-06
8.626958841825362493e-07
1.078321518021921462e-06
1.229555092333666174e-06
1.490054164853855899e-06
1.093799545472226749e-06
1.066725329392664325e-06
1.162864228707056686e-06
1.193376241207263647e-06
1.068741305643135860e-06
1.047985692919651139e-06
9.989649528799154115e-07
1.591414261438935311e-06
1.193182417283693278e-06
1.159178020672426368e-06
9.035490336982706688e-07
1.038035837103464157e-06
1.249841224678444717e-06
1.023580527379889423e-06
1.100645739980745251e-06
1.056110385457688131e-06
1.122466268370744501e-06
1.270900288202724383e-06
1.171586571687443072e-06
1.027712046649262394e-06
1.124739688345782121e-06
1.276521506716160913e-06
1.210962256183114775e-06
9.661399688123709668e-07
1.144614786072727176e-06
8.881342468148208628e-07
9.895757038062723201e-07
1.181609205014872501e-06
1.312553005938837375e-06
8.658054905306539060e-07
1.127047986150924513e-06
1.086860997014466048e-06
1.353153117647343548e-06
1.635300062309770800e-06
1.237731046503360541e-06
1.098141110579981844e-06
9.647929347473742810e-07
8.689429676022054460e-07
1.024066528781374966e-06
1.343913278742192557e-06
9.601431263895299953e-07
9.349911794367096721e-07
9.840996741105430005e-07
1.226457009786923507e-06
1.224201767180888777e-06
1.263105247519564825e-06
8.247802822140217950e-07
9.650891184269353086e-07
1.041398528363214982e-06
1.131035432929332199e-06
1.247179439960151185e-06
9.085690546234701931e-07
1.141464073305374869e-06
1.295341678905793849e-06
1.497884429675505217e-06
1.156180921561163748e-06
1.021267681532099365e-06
8.601012117265469355e-07
9.143299552489572813e-07
1.096605482912636701e-06
1.244444181234116695e-06
9.107979561448969764e-07
8.800123014951835994e-07
1.031469605575802576e-06
1.200779991083569915e-06
1.128401717367451417e-06
1.032962090516802982e-06
9.502667361845535141e-07
1.154688706461627281e-06
1.192864373388817646e-06
1.678809812807096762e-06
8.337229133271286332e-07
1.078813368220840069e-06
1.274537411140156115e-06
9.489108122302587853e-07
1.187585507635073873e-06
1.201998545760508961e-06
1.384011146535595865e-06
1.019701060354307939e-06
9.954321308130113507e-07
1.493944669196370552e-06
1.117139008272078323e-06
9.333254801288851904e-07
1.075948993437449632e-06
1.210877342108096962e-06
1.201646582610484656e-06
1.169042967908742534e-06
1.118472983865171209e-06
9.572665194629411130e-07
1.181310633986616302e-06
1.214203666521747855e-06
1.155523326707477819e-06
1.059196448142898681e-06
1.043067468960181470e-06
9.006177747507479583e-07
1.140463322306200150e-06
1.020526602137248721e-06
1.245000709893034958e-06
1.342670110264305269e-06
9.157747136841040927e-07
1.012164791004547608e-06
1.309936994504427910e-06
1.297159778315001222e-06
1.076118302759242070e-06
1.077316341336041399e-06
9.305200449523924087e-07
1.216395047560981284e-06
1.307228761178462211e-06
1.058416745589518171e-06
1.002097676545751316e-06
9.814652286788305350e-07
1.199008250603116621e-06
1.143184900487619487e-06
1.167409943654017009e-06
1.025770281209710395e-06
9.813113069900929639e-07
1.164370069502204751e-06
1.057195008636450724e-06
1.231468590186445685e-06
1.338034605254716783e-06
1.108559723303734338e-06
9.945066877884328544e-07
1.000618747795125422e-06
7.602561083093784364e-07
1.219401891343279482e-06
1.199264925380629533e-06
1.073601597749060830e-06
9.634302600437020647e-07
8.006399894765772788e-07
1.546606428956396511e-06
1.106818194462188683e-06
1.073822360592395151e-06
9.155657405253356480e-07
1.033549605783145683e-06
1.181398366559088153e-06
1.290138202149106200e-06
9.320850054622098549e-07
1.043169567616148767e-06
8.396368171899369882e-07
1.080821013829188486e-06
1.093496768450833624e-06
1.148999847380726387e-06
1.123912503636039459e-06
8.417648882545880720e-07
9.451053333992616142e-07
1.165804994157187961e-06
1.141971317412750117e-06
1.049577916339381766e-06
1.007316457906296198e-06
1.352284902535615174e-06
1.407883144145435717e-06
1.153595012219193669e-06
9.383617950662886854e-07
1.230436359263254636e-06
1.357784040336810439e-06
1.214971053014651699e-06
1.010493222163701908e-06
1.207866900324619349e-06
1.058892268329340011e-06
8.822586759183133354e-07
1.169542004647658007e-06
1.063166512401357996e-06
1.478011199448098580e-06
8.440537227962668146e-07
9.987223614930894045e-07
9.927056142191054781e-07
1.224505370478583023e-06
1.130161251284909208e-06
8.053717228098067667e-07
1.066897730630499273e-06
1.099259249026371193e-06
1.327782916245355678e-06
1.348297345771345128e-06
1.021976900851339873e-06
9.230661245432349871e-07
1.368602928031312631e-06
1.215240711434053146e-06
1.298306732692153384e-06
1.069336761668694099e-06
1.103500922663981780e-06
1.169066455627125966e-06
1.356159637413396808e-06
9.919966257669327754e-07
1.055148298435092597e-06
1.399999030178790674e-06
9.964992506107871355e-07
1.379767045770931379e-06
1.237943134455880775e-06
1.278233150947919094e-06
9.719728915527222368e-07
1.094139181417235694e-06
8.889487160324040695e-07
1.217798614788962765e-06
1.182305235922440403e-06
1.069200204642779175e-06
9.959469032191249452e-07
1.010787358793570145e-06
1.058549495364831471e-06
1.014212128049831918e-06
1.323054411502586144e-06
1.200370457486696937e-06
1.014278297033417478e-06
1.057434490249913255e-06
1.012560549698940448e-06
1.307235332917983397e-06
1.310035799819525662e-06
1.107769739473030663e-06
7.663465960749848789e-07
1.012145439906631449e-06
1.202302198371795416e-06
1.049816020334153414e-06
1.207890978865778844e-06
9.546104655924045621e-07
9.029057018357558675e-07
9.729757367935619926e-07
1.139223304737487950e-06
1.120813564640072093e-06
9.621813822930794227e-07
9.784388373328727070e-07
1.140372650859543218e-06
1.030155456488236450e-06
9.977771792546091199e-07
1.274409650463269942e-06
1.267425251956519942e-06
1.005154531529144919e-06
8.983400734200734264e-07
9.357730913787335343e-07
1.204979496290971546e-06
1.106566157909854917e-06
9.323121735358410459e-07
9.338926687075694458e-07
1.193225867239199763e-06
1.170754037814747762e-06
1.244914217050003471e-06
9.352000230174099555e-07
9.443104619763980077e-07
1.139620533653034991e-06
1.203048012719557934e-06
1.157601289497884332e-06
8.357866978499056903e-07
1.080309010763049338e-06
1.226420490030838587e-06
1.010205860574074629e-06
9.729337759176691951e-07
9.294934171104035459e-07
1.171828149674723669e-06
1.054942292840489139e-06
1.008597236116521767e-06
9.579020222802055902e-07
1.072657351417428951e-06
1.084249679765419878e-06
1.223468679709277870e-06
1.176176581930354652e-06
1.131793191785317578e-06
8.362860493620911737e-07
1.234076720394345092e-06
1.275794213268009907e-06
9.208529150450305246e-07
1.100015409541450084e-06
1.050002150751488341e-06
1.252207550268658225e-06
1.315080639106346134e-06
1.057232665190319440e-06
1.196345247340595554e-06
1.489911423825422125e-06
9.293826162297274996e-07
9.438590683297139705e-07
1.055248069110167288e-06
1.478244637405069280e-06
1.111924437898231981e-06
9.569864767821736989e-07
1.095056474903766136e-06
1.055335968127226159e-06
1.137787880794001497e-06
1.118778490769053498e-06
1.135768371374090968e-06
8.873485863644046059e-07
9.797671256401082953e-07
1.197590480316474974e-06
1.137958232587387543e-06
9.463063547001200759e-07
8.381326363888791603e-07
9.992950961210277798e-07
1.390218521371255387e-06
1.029582789804441157e-06
1.157579050248451878e-06
1.098217871882874143e-06
1.077714184463465158e-06
9.518526021499753946e-07
1.103265954976661009e-06
1.187707814122973987e-06
9.005654985922553870e-07
1.085331192047380351e-06
1.198328191347543455e-06
1.187502836607585180e-06
1.573972499758510981e-06
9.426240935442751325e-07
9.827650404193109141e-07
1.084593414197193289e-06
1.210268223041122507e-06
1.406876579681373724e-06
9.048326904781938272e-07
1.053254547345845791e-06
1.052954369563216858e-06
1.441912573763041890e-06
8.369956792911937142e-07
1.163906299376237708e-06
1.243255771535425820e-06
1.324049947495923994e-06
9.188472072196873441e-07
9.831332140145058115e-07
1.103633147229106501e-06
1.325812205231410662e-06
1.169548641794798683e-06
8.146540621520737776e-07
1.077755846131040659e-06
1.023541840171340759e-06
1.207903131822228155e-06
1.218827734827739550e-06
1.205660677981335452e-06
1.018559186854578788e-06
1.016447574061645272e-06
1.314014153064257854e-06
1.327799501027015277e-06
1.229507986775661530e-06
1.061978663730533682e-06
1.068755110635121019e-06
1.028931927711764001e-06
1.045718934736581830e-06
1.240053199937446674e-06
1.238217095377849887e-06
9.675695961715312572e-07
1.051643697152786350e-06
1.372490503068299180e-06
1.283767947159218667e-06
1.017134845048347425e-06
1.062622259641300461e-06
8.908642505828947582e-07
1.356835009956030966e-06
1.208059497568277006e-06
1.146111957344754045e-06
9.613101797445374980e-07
1.017370861936433526e-06
1.261660256049055448e-06
1.111922184581734924e-06
1.139347618640902169e-06
9.778136385350485912e-07
9.273174023411455044e-07
9.341191228578908450e-07
1.034051025509911383e-06
1.037997489205819848e-06
1.242154016477029473e-06
1.384722828392664002e-06
1.059864601045331963e-06
1.035254976835401710e-06
9.164507590752477909e-07
1.192228586996296175e-06
1.236974776276769027e-06
1.081266438469408232e-06
1.174211576259622987e-06
1.130293399612890475e-06
1.050246208991302173e-06
7.383073834799562720e-07
1.232212868281642394e-06
1.093332841014091233e-06
8.685175335405895514e-07
1.015018879033517943e-06
1.092258715436937246e-06
1.169112426908712328e-06
1.078301705838068008e-06
1.037893182157700899e-06
1.725825778111327632e-06
9.373656609578140190e-07
8.837036124536026391e-07
1.198697844852846420e-06
1.158013886622747880e-06
1.084320249630380992e-06
1.016882398006578535e-06
9.700483441073521707e-07
1.135319594881681982e-06
1.180543136672356068e-06
1.188026651962067121e-06
9.177741535470133171e-07
9.441488261875504291e-07
1.067228889110413922e-06
1.252932902731408743e-06
1.193514833788367240e-06
9.710707701514835444e-07
9.811967530172587186e-07
1.058159245847612908e-06
1.129350211967172774e-06
9.969028668304433373e-07
9.540577714840576461e-07
1.128299064902660623e-06
9.936184954727459950e-07
9.070147308638873404e-07
9.527513968918116482e-07
1.206190874929678081e-06
1.044983650975122894e-06
1.098450901277985657e-06
7.870422248534890385e-07
1.089523420958573365e-06
1.159114621797180653e-06
1.445439979963336323e-06
8.706425741952789323e-07
1.105818779895968690e-06
9.920396028571607814e-07
1.264145018962716823e-06
1.336060398569755999e-06
1.007083049814062704e-06
1.113983289412449663e-06
8.885653104928821216e-07
8.078316097331036425e-07
9.859177589015079622e-07
1.334934173427607537e-06
1.147005063652859574e-06
9.892629447575492543e-07
9.943640276614895478e-07
1.036584097518443847e-06
1.124801884375243290e-06
1.378839611668752889e-06
1.351998088999039345e-06
9.964877942348069459e-07
1.131764439491219367e-06
1.209176208851170373e-06
1.184389314652261142e-06
1.133355724673124092e-06
1.020322222430022885e-06
9.184029787112076884e-07
1.220451031166487218e-06
1.231513471922610771e-06
1.191255042226956022e-06
8.862138006207090918e-07
1.052336281147733208e-06
1.064838238164407360e-06
1.101320127886236599e-06
1.361562577864670398e-06
1.372255398183675458e-06
1.034543593764691665e-06
9.670568900710784784e-07
9.844622340105034928e-07
1.238877155904903234e-06
1.417056149837764307e-06
1.239389026199742806e-06
1.102851918695627001e-06
1.231647198130662767e-06
1.254314167300312184e-06
1.210797246917270274e-06
1.071996605620864493e-06
8.568363815095646873e-07
8.932448994776686729e-07
1.192210419582859879e-06
1.130952892700785358e-06
9.984063846414751142e-07
1.155769212088481412e-06
1.084777102492893262e-06
1.051301424238826314e-06
1.092332956762715070e-06
1.257470050228993682e-06
1.075033131019517638e-06
8.945332347640736228e-07
9.163190083543150898e-07
1.199098116853714375e-06
1.166726484278809282e-06
1.242415549292327512e-06
8.431500062086200307e-07
9.999057543576910697e-07
1.167830960270282004e-06
1.059813627523350093e-06
1.321025572775025984e-06
9.961361973040047771e-07
9.024986438953344608e-07
1.121307587126916090e-06
1.351527397044682749e-06
1.151491237716187516e-06
9.621307102536498210e-07
1.112907305051034895e-06
1.182823668633904440e-06
9.996909753332358012e-07
9.071769950423355068e-07
9.046858391338983102e-07
1.285133649993085537e-06
1.147100917521838191e-06
9.339882646514422038e-07
9.406331604069703742e-07
1.222816388538510845e-06
1.152450737452131470e-06
1.009383853676402399e-06
9.170328241224331335e-07
1.205751637767995843e-06
1.204266197262304020e-06
9.580082475280108328e-07
1.087294005585721708e-06
1.080524221065887678e-06
1.216631674508109701e-06
1.443825616185310915e-06
1.209478058493204466e-06
1.107156347650627506e-06
1.532879252575723515e-06
9.370500338504080597e-07
1.089301898875607176e-06
1.266192256702213940e-06
1.147495108826627355e-06
9.238550828833620476e-07
1.037468811361134257e-06
1.017413975972133119e-06
1.186409599502002727e-06
1.106783529964671006e-06
1.087309549024371433e-06
9.723967528683778291e-07
1.277021239571102307e-06
1.550280151630912386e-06
1.150784697840299807e-06
1.016076006782349165e-06
1.039950001531558486e-06
1.017329065881305026e-06
1.131025073153398360e-06
1.115559009486185923e-06
1.286217517186551785e-06
1.309220712144970597e-06
8.704386877243942291e-07
1.086191751970076672e-06
1.061649761662727591e-06
1.598265452773709590e-06
1.286588810210723751e-06
1.076633985306432515e-06
1.125036790205845600e-06
8.425461111256873662e-07
1.178965582559269534e-06
9.578254889672236260e-07
9.082647626575211018e-07
1.130950914169823415e-06
1.292136830273803470e-06
1.038992252969706378e-06
9.430955531875213251e-07
9.735607098106166400e-07
1.240147916317441011e-06
1.101792527323439190e-06
1.212680729647497741e-06
9.463087152547074713e-07
1.416068497435583571e-06
1.016230925820000693e-06
1.058512161790661923e-06
9.791530556128496661e-07
1.230391246272381141e-06
1.371902909338278926e-06
1.277889022029702338e-06
9.379604682718321623e-07
1.101538425105091702e-06
1.171684956384295035e-06
1.093319655215890929e-06
1.036202115116773309e-06
8.942170810211133240e-07
9.090785225325676479e-07
1.144432513367345585e-06
9.187349657833842245e-07
8.810281527938880504e-07
1.020114219282003313e-06
1.109435691619304645e-06
1.281529412607563286e-06
1.190906968751299987e-06
1.237354404552190929e-06
1.119415430554225615e-06
9.356735560065852531e-07
9.772752308917921616e-07
1.284867122598386564e-06
1.122616843910026218e-06
1.098180679403134987e-06
9.774390824177689859e-07
7.355095186891666506e-07
1.339118834787822322e-06
1.416240548630675544e-06
8.596477721736995273e-07
1.006250068450627811e-06
1.127446238200532522e-06
1.358506532971772710e-06
1.186985177647142427e-06
8.863851626707810192e-07
1.040712411430430027e-06
1.002984986172593901e-06
1.155750466751018698e-06
1.283561634944570312e-06
1.111125685942022334e-06
1.156733943833691191e-06
1.097095831701431439e-06
9.728742032695480676e-07
1.017680064591309795e-06
1.069841261563622047e-06
1.170889940193284043e-06
1.158583142004124685e-06
1.218898497557094459e-06
1.036865644652124599e-06
1.034811930558839622e-06
1.179057881909731663e-06
1.327867558391043004e-06
9.177301881808413688e-07
1.108662316983612735e-06
1.090071988320895657e-06
1.211139143308538679e-06
1.243976622410237936e-06
1.040521066773818177e-06
1.018108208129208907e-06
8.020686762411526058e-07
1.616191189123323332e-06
1.112286742522588944e-06
1.000316294124315429e-06
1.301453010706047023e-06
1.118695405696333014e-06
9.657894892910036950e-07
1.022361198947718280e-06
1.003511783673362685e-06
1.191076013703024255e-06
1.321088141702216372e-06
1.440913463443789008e-06
9.881058547644990829e-07
1.064782435695867505e-06
1.149471635381039979e-06
1.442224247919525528e-06
9.292826305555778354e-07
1.059698748923436700e-06
1.194730700357207085e-06
1.122371015811507790e-06
8.794866678393329171e-07
1.051789451830237757e-06
9.941371110137443627e-07
1.160259721289262210e-06
8.315632996553386634e-07
9.632532146059291068e-07
1.241556228670908258e-06
1.092200165469199253e-06
8.911421947245817242e-07
9.817975133492075916e-07
1.113501320053830779e-06
1.058849644590823283e-06
1.182387334320791394e-06
1.707011840113374607e-06
1.068207087056067628e-06
9.668646660203668562e-07
1.127652135877361311e-06
1.251468290440044588e-06
8.562192341923723533e-07
1.116118484680188551e-06
1.068339047117113191e-06
1.471750841407585809e-06
1.328227327703783338e-06
1.096647793727441481e-06
1.176365214044993855e-06
8.234580259521219152e-07
1.023126371709376589e-06
9.397796133426502787e-07
1.025256801126219397e-06
1.365494649582597159e-06
1.260962098821575819e-06
1.049763419297612503e-06
1.149570855355680379e-06
1.700890926938757725e-06
1.342602213845944033e-06
9.631332467780857805e-07
1.381935874798692314e-06
1.428776574837572992e-06
1.200404367523212716e-06
1.012934460694408553e-06
9.794591900724334769e-07
1.168090926279603032e-06
1.434295891032294186e-06
1.011477951753346161e-06
8.199184868586372057e-07
9.912577177661944260e-07
9.186947999802761738e-07
1.063609551217704083e-06
9.784236211854079437e-07
1.301947589291240338e-06
1.397913425544716180e-06
1.072137702728271350e-06
1.187965236743022165e-06
9.460887398648037532e-07
1.547318301053618872e-06
1.279581064165154400e-06
1.013260913504200053e-06
9.880208658881010123e-07
1.053486693250252351e-06
1.361640297724044796e-06
1.201011450160356093e-06
1.042305484999734297e-06
1.089735965420793729e-06
1.002694245577310903e-06
9.480088622934090676e-07
1.045416989111305724e-06
1.244243765297451424e-06
8.678225865476243318e-07
1.124108860767245321e-06
1.051398294096499668e-06
9.804662443017670528e-07
9.787357278206872041e-07
1.083404528176740824e-06
1.406086194607796403e-06
1.116569895253801553e-06
9.109021078230639834e-07
9.431060953343536581e-07
1.439468178528692680e-06
1.032594452621918126e-06
1.189866967127305408e-06
1.099565757137493782e-06
9.341385418627879987e-07
9.878805023724913117e-07
1.086443338872477782e-06
1.172111425143357586e-06
1.181492256302904175e-06
1.320339495475999162e-06
1.023450056283585056e-06
1.159149779726159115e-06
9.337440842168911376e-07
9.886424095011728191e-07
1.266623694462321225e-06
1.163419130634650545e-06
1.157288970184834796e-06
9.019341545575237673e-07
1.249176126381337034e-06
1.272250347989383890e-06
1.003505060482563290e-06
8.940823062344128974e-07
1.003858575036309983e-06
1.289809631448920492e-06
1.107511765799931767e-06
9.556575234935169542e-07
1.029233069958637189e-06
1.126421436672026589e-06
1.292190265007401838e-06
1.535522336685195952e-06
1.007551008195376034e-06
1.065605750176996547e-06
8.872891594921992184e-07
8.005702084332549585e-07
1.059118147356725622e-06
1.109392816048259180e-06
1.076120851818219315e-06
1.529163935056917063e-06
1.030164365416803221e-06
8.359360231816085549e-07
1.201055004833508232e-06
1.273602736241908104e-06
1.267079383863651919e-06
9.396134568587533132e-07
1.155534614455659448e-06
1.085679399717117107e-06
1.186061367294720776e-06
1.359877261613055225e-06
1.011920928883269761e-06
9.226562966045800779e-07
1.325508455735888589e-06
1.224577362609600861e-06
1.152801253247047951e-06
9.788884389973040543e-07
1.008501575083130414e-06
9.820115735393099326e-07
1.006245872849506239e-06
1.045982367164459398e-06
1.141831926984933722e-06
1.270063787552929719e-06
1.224890762047805762e-06
9.265553680299086662e-07
1.031850370462639215e-06
1.231063752511677746e-06
1.253738210779785593e-06
1.163113168439105951e-06
1.071268028158766244e-06
1.055764281069404229e-06
1.083866278646234233e-06
1.338707685389058771e-06
1.072239618882613429e-06
9.581808244932540651e-07
8.717916138523254485e-07
1.088900234182561506e-06
1.153251374917166681e-06
9.825611150993103777e-07
1.216613541600188508e-06
1.014628261961578819e-06
1.125159195227982454e-06
8.733733116503171004e-07
1.436897462389754866e-06
1.306374688561728510e-06
1.186792362729561170e-06
9.439371917121389223e-07
1.032604998300380323e-06
1.255596886874189274e-06
1.210830324208680762e-06
1.216923432411767732e-06
1.009601868658242261e-06
9.489780974648126091e-07
1.110871683655595571e-06
1.124059742534808595e-06
9.819377199398266781e-07
9.496245669703669222e-07
1.054461450741214973e-06
1.143908968439452650e-06
1.068140461138329704e-06
1.239623731805861177e-06
1.138260326672006977e-06
1.147760564581140765e-06
9.653758932705825678e-07
9.945729380862191213e-07
9.319124114920237001e-07
1.335232001005896069e-06
1.081166991969857307e-06
1.236820040262394309e-06
9.856063746090086139e-07
1.068929867709721148e-06
1.159148911844232147e-06
1.381349901459094481e-06
9.330979953969005183e-07
1.042994745860079059e-06
1.122487537173908199e-06
1.148013315041481508e-06
1.292529018150388508e-06
1.094898336179171387e-06
1.044920602953930969e-06
1.070419682764729704e-06
1.297071247733444166e-06
1.213470003876659867e-06
1.169296990241569411e-06
1.125913359751742121e-06
9.949693717976146791e-07
9.630072609494362714e-07
9.682949894112701135e-07
1.097082502426602530e-06
1.235467050831485847e-06
1.375473890462008559e-06
9.946444595931329089e-07
9.881817762910179507e-07
1.148125337797900348e-06
1.297296642659110163e-06
9.294856144701568260e-07
1.000138996427515917e-06
1.060588295749776259e-06
1.452515915824566554e-06
1.075376244303565933e-06
1.065984514849792140e-06
1.179273954463657836e-06
1.612902589709807487e-06
1.036082479363954589e-06
1.225034419052459656e-06
8.436169292406001952e-07
1.031936572993626736e-06
9.980705440708643689e-07
1.151639060286178908e-06
1.366574242879034828e-06
1.118681993872361336e-06
1.149876048300497996e-06
1.078511978962699706e-06
1.269150809906773786e-06
1.367972978168651979e-06
1.047903001464137779e-06
1.045945477030661239e-06
9.980704405128354074e-07
8.470456654978176239e-07
1.130428826931991802e-06
1.634608651481374039e-06
1.069637218194694554e-06
8.538575554369456207e-07
9.360642099855953619e-07
1.100106572314094826e-06
1.178606977476787470e-06
1.341162051742393093e-06
1.015718264587145711e-06
8.640759559667740079e-07
1.378098242243593719e-06
1.108948887027230071e-06
9.482997782773101464e-07
1.040403421977127302e-06
1.063077547875702269e-06
9.685573714370278977e-07
9.304050840065093813e-07
1.592928845311921950e-06
1.162343805814755754e-06
8.994872741683863657e-07
9.245521420383594140e-07
1.125263024848250733e-06
1.174639766843829244e-06
1.508933926831955020e-06
1.257335027198351949e-06
1.385499007704782667e-06
1.129040194994885532e-06
8.563656154194389230e-07
1.144342717917055941e-06
1.219047140635565033e-06
1.255253626514421735e-06
1.177439137368116634e-06
1.071206871764510180e-06
8.344467419128735009e-07
8.926540808569565930e-07
1.133279094816800214e-06
1.187166992486307399e-06
9.896339782271103176e-07
9.441112030361280442e-07
9.870090181616811525e-07
1.231173072252481787e-06
1.059861632955927456e-06
1.016656705036617140e-06
9.765695895049358286e-07
1.150724268234677884e-06
1.092593172403514145e-06
1.384692068582283142e-06
1.285329414535820100e-06
1.111140280152287675e-06
1.210379801971425859e-06
9.372599701301271969e-07
8.828066492672154119e-07
1.202779022558829855e-06
1.087436839444326879e-06
1.250331531808202887e-06
1.034095182903954271e-06
1.050952583868385612e-06
1.284496004454660450e-06
1.175607744419897895e-06
9.353811415053073103e-07
1.010954101155837952e-06
1.132893599081274248e-06
1.035198789879317614e-06
1.273251422078308321e-06
9.965120637548373683e-07
1.541595644951053531e-06
1.312504005351103577e-06
1.001272727013767579e-06
1.169317243993174449e-06
7.889883490561332632e-07
1.165087761104089381e-06
1.137903523946184202e-06
1.346721251805827617e-06
8.686202590957168854e-07
1.003195429913869166e-06
1.011465066006303923e-06
1.211926276031071939e-06
1.328103793779866340e-06
1.064686570616439806e-06
9.944462944594014124e-07
9.668104417346309055e-07
1.632960195651883966e-06
1.226523783521274040e-06
1.111767326325099236e-06
1.009496415299306555e-06
1.006010002828079580e-06
1.388174137798457508e-06
1.084458439704999140e-06
1.063345362109881839e-06
1.175723430906914468e-06
1.273203560269618146e-06
1.504295320389567083e-06
1.037073708160834946e-06
1.078196829179191876e-06
1.184144756814223081e-06
1.351331821646366189e-06
1.238861903136524650e-06
1.026272766362622765e-06
1.100844149995558975e-06
1.099511818938898442e-06
1.040523672239173870e-06
9.915336731353097231e-07
1.660617653596950718e-06
1.159613323902074448e-06
1.218702389283165825e-06
1.003818591108440992e-06
1.090788963592936072e-06
1.101498467402798691e-06
1.300805496380420846e-06
1.198657173816983848e-06
1.195859676135678696e-06
1.031169562609345220e-06
1.054764102892433550e-06
1.194901050027821416e-06
1.143269431659110952e-06
1.098799538125019718e-06
8.828648692295239978e-07
9.823614361669882949e-07
1.230833725486485304e-06
1.131555808212501604e-06
1.201674609953647267e-06
1.001525237644991690e-06
9.247118724342476277e-07
1.141034765401500149e-06
1.122724517410833172e-06
1.593829566516157936e-06
1.032087289187556373e-06
1.119994413984116157e-06
1.341632855888567483e-06
1.241793777471316548e-06
1.150008108832262365e-06
1.196569498015616117e-06
1.146335599512826148e-06
1.035786403381459396e-06
1.028053803347299578e-06
9.993874133529464432e-07
1.178643767420802452e-06
1.163977463401799270e-06
9.040207970533864722e-07
9.455503440138897227e-07
1.039841444282942644e-06
1.177048828111128399e-06
1.212583327494378001e-06
1.336674544224048933e-06
1.019513452411508753e-06
1.021503680189841144e-06
1.078969855215441754e-06
1.543348320505103170e-06
1.305993671006113975e-06
9.843557213387818888e-07
1.033117561368234203e-06
1.126622113984218828e-06
1.354745552534607164e-06
9.330994140413427279e-07
1.199594042068342756e-06
1.196222637741639322e-06
1.185175740930557153e-06
1.003251326555405677e-06
8.524723674939697291e-07
1.110186434805600647e-06
1.253975776524995031e-06
1.186381444527744100e-06
9.198975746988963736e-07
1.027615723626753859e-06
1.047242296254192910e-06
1.046919596790854781e-06
1.245442970204353251e-06
1.572263494964176856e-06
1.093857938210832337e-06
1.054720254005290388e-06
1.491131089703532667e-06
1.406954392477209660e-06
1.050650818644846240e-06
1.022391936997970321e-06
1.029477382752608848e-06
1.106888782370303650e-06
8.362550872865595750e-07
1.203990434818980549e-06
1.452970227914038332e-06
1.237438807161811095e-06
9.923526609034341478e-07
1.042143223144165357e-06
1.026436114783732227e-06
1.229758980104082695e-06
1.363209081896788659e-06
1.069113847154643653e-06
9.990072847548012680e-07
1.226306134331703217e-06
9.679434749191747694e-07
1.108650115142506370e-06
1.038100507658174138e-06
1.150579542385094797e-06
1.436347458925178418e-06
1.048510244745962748e-06
1.096022500792606481e-06
7.935402158293396826e-07
1.303272130397943272e-06
1.194870826177738042e-06
1.201897526913991121e-06
1.385942924718635670e-06
1.500774537875981521e-06
1.034393071523501682e-06
1.110858665298112515e-06
7.790238431764163837e-07
1.137798053316340722e-06
1.653445739663357162e-06
1.147757602241379811e-06
9.536923279278607313e-07
1.049815310713864697e-06
1.247636543340987963e-06
1.041105455677809172e-06
1.137716189656444703e-06
1.021531476858614558e-06
9.239062501098414013e-07
1.088223677397945433e-06
1.143084009682641666e-06
9.505131938999878007e-07
9.955147224386447749e-07
1.223964760515703852e-06
1.147233155151629161e-06
7.772443629876259485e-07
1.164073214299544764e-06
1.167255010903829989e-06
1.111229554650878224e-06
1.001722383259032907e-06
8.915241912717753264e-07
1.253811187145515807e-06
1.106055484475201123e-06
1.149696151735933875e-06
8.484886630758689167e-07
9.218939696976661545e-07
1.090351484591691427e-06
1.212299610619276678e-06
1.318625214621674060e-06
9.230781495084145198e-07
8.594604222085170554e-07
9.743996096025928983e-07
1.172818798397172078e-06
1.289883685373561362e-06
7.356347145877642394e-07
1.087194188204747803e-06
9.971921934798288241e-07
8.918840227261609698e-07
8.850931322668754902e-07
1.101461890086997263e-06
1.243792173354130225e-06
8.543018636175831584e-07
8.791929970304624736e-07
1.240600233653495583e-06
1.076726544957405090e-06
1.185814291540165407e-06
1.077266744254557229e-06
9.366003846662765125e-07
1.511450766221226977e-06
1.373378502868584217e-06
9.976040771990570361e-07
9.801097772560641394e-07
1.040336618487212158e-06
1.139656869541559832e-06
1.276437010006850558e-06
1.079512086131970916e-06
1.002607164003543442e-06
9.898350185448979971e-07
8.655102753471274599e-07
9.329799973498582465e-07
1.201219323527538616e-06
1.133897354278527296e-06
1.143343758211553089e-06
8.262911879123673916e-07
1.038086333921237413e-06
1.124791727464075343e-06
1.104967615244884165e-06
1.217486077601135248e-06
1.351228022888579577e-06
1.111873690750029842e-06
1.020215149403498959e-06
1.283222089114194262e-06
1.331798782962834769e-06
1.081467941495259745e-06
1.146339374462168743e-06
9.796857757535968286e-07
1.126259857102024998e-06
1.399531015453535813e-06
1.110682017981642895e-06
9.169692593749649124e-07
1.000269114596825726e-06
9.378701163695529216e-07
1.050617490008812393e-06
1.047574797518664201e-06
1.144078975984442707e-06
1.721269214209055634e-06
1.033936836279885907e-06
1.035156963256692178e-06
8.676815517916335642e-07
1.430088020588689202e-06
1.228637881923421408e-06
1.146905476905816125e-06
9.512537196570935800e-07
1.027475857949522126e-06
1.103698946383564369e-06
1.124529637567624126e-06
1.027078072249390379e-06
9.870021322359187285e-07
9.625683867598258143e-07
1.164178443596098645e-06
1.176094442906783510e-06
8.585046399933202069e-07
7.908080000009986747e-07
1.284231202087076706e-06
9.364569415814447378e-07
1.107555362623812512e-06
9.693590315823937270e-07
1.254702430217120543e-06
1.367783371797907136e-06
1.020192533198474757e-06
9.927955494599332755e-07
1.459402841435741264e-06
1.099029929787000780e-06
1.056335349888037558e-06
9.129071541829033045e-07
1.056841079886705882e-06
1.060374016564126505e-06
1.523354460713588066e-06
1.020498004291491538e-06
7.835072839686447996e-07
1.016149879517118367e-06
1.098414891778944476e-06
8.816876831494425143e-07
1.187576078502048191e-06
1.107058078752907606e-06
8.217501839554100040e-07
9.064191432432687105e-07
8.361806435013013261e-07
8.918597771843253595e-07
1.067462460083814474e-06
1.107518527932286771e-06
1.133489181763377923e-06
1.590629769380174174e-06
1.074947450511375854e-06
9.831307689795467747e-07
1.143058311386167807e-06
1.315338701471471479e-06
1.333109987290972874e-06
9.344400308468838145e-07
1.014424216863340602e-06
9.659704679306849286e-07
1.296609202096003911e-06
1.214295002721553105e-06
1.244309944813886601e-06
1.213885308692590676e-06
9.303459488490649080e-07
9.594920295356158571e-07
9.974547819980249942e-07
1.308710165268381318e-06
1.191690329532380458e-06
9.003148118262852208e-07
1.043917968887424806e-06
1.087265309738452850e-06
1.115197043872852947e-06
1.033665772961594451e-06
1.132207371643810358e-06
1.373920012996679582e-06
1.397765611872664021e-06
1.052635747706742757e-06
8.298536249138487060e-07
1.372657524400313358e-06
1.227985722218959730e-06
1.185861862425560666e-06
9.805993782929989134e-07
1.042610415663856739e-06
9.126446739803472600e-07
1.098430997548530106e-06
9.396443508021086678e-07
1.083479363165321433e-06
1.258269546504863345e-06
1.236957143735985703e-06
1.055125305628034976e-06
1.158876975854147439e-06
1.187306205477814257e-06
1.213998899165896136e-06
1.054681706199337729e-06
1.046640944319633114e-06
9.631905785835005263e-07
1.123326761782908415e-06
1.535037223178507056e-06
1.096377254827203555e-06
9.601275421587105612e-07
8.972983506039355681e-07
1.142065326909206483e-06
9.632848553021239100e-07
1.244649590845687872e-06
1.153931386338662839e-06
1.154738147433456118e-06
9.296133601117200820e-07
1.433854373167985612e-06
1.284090739173891298e-06
9.308596110382896781e-07
1.027306358741588015e-06
1.346045182239830079e-06
1.129851699743431280e-06
1.258472845036515130e-06
1.039070174095706619e-06
9.488074090541056144e-07
8.341138289200334878e-07
1.236757387835071428e-06
1.148758292265898699e-06
8.098301989406546748e-07
9.373001592401721190e-07
1.032143530149073322e-06
1.056665175187841592e-06
1.226998404425350296e-06
1.209782795375589654e-06
1.177404849620503576e-06
1.546069136585910440e-06
1.079308096248247698e-06
9.209631057994795083e-07
9.068949135786947336e-07
1.411276992338190308e-06
1.125577415935591292e-06
1.068481894593099866e-06
1.046308784857326660e-06
9.560030255037716797e-07
1.208578088009616669e-06
1.152680283025909616e-06
1.234821498466755887e-06
9.887637271655646478e-07
8.131566891179423667e-07
1.048846004342568746e-06
1.326775664775370751e-06
1.089839827594520016e-06
9.500237069060151631e-07
1.060038615330494905e-06
1.093825631676306603e-06
1.176299226974188914e-06
1.221114992743414358e-06
1.437765786897183653e-06
1.188990631779398604e-06
8.809299346889055144e-07
8.183946555253474724e-07
1.083760547887350058e-06
1.207030464160081410e-06
1.120889656637096569e-06
1.337544873781924641e-06
1.038731387084091035e-06
9.230192921274176726e-07
1.116546222592995891e-06
1.150161754946601651e-06
1.082718392976227746e-06
1.047737117093535950e-06
8.487267562270770282e-07
9.292082886784702448e-07
1.198477174722466417e-06
1.194803104550678369e-06
8.771676467013622291e-07
1.034144595323771634e-06
1.122078312844665190e-06
1.123886900943069402e-06
9.582736581778165136e-07
1.198197483745788685e-06
1.476927246386420394e-06
1.022306291298044629e-06
8.918002472676320515e-07
9.682616842510766958e-07
1.320103517755761780e-06
1.141828169300356219e-06
1.097826974411679942e-06
9.277803317560329650e-07
9.681261334252958010e-07
1.182772632599469107e-06
1.224436910293927989e-06
1.247952827175629144e-06
9.563760388377108923e-07
9.726188494055499424e-07
9.844834419347794462e-07
1.410180274451424601e-06
1.166055481038655744e-06
8.928105484180817925e-07
1.055536209897803732e-06
1.094399494892548392e-06
1.142631392511536990e-06
9.886240104621733721e-07
9.033754888273365968e-07
1.138601034535057938e-06
1.253302707353426303e-06
9.083596073791089378e-07
7.690606317569427265e-07
1.040680788914086218e-06
1.156565511614671065e-06
1.154672948758303337e-06
1.171025302441062737e-06
1.081206011065071414e-06
8.403251795561921045e-07
1.112059915708454416e-06
1.338850140535324379e-06
1.409117258666328328e-06
9.267864762555629999e-07
1.133532933844913206e-06
1.481227464229713425e-06
1.244236416356938889e-06
1.046731635104828538e-06
1.122400160282176099e-06
9.148776225969438757e-07
9.350784449807638851e-07
9.102200301403229821e-07
9.646734559429092497e-07
1.394337936069306467e-06
1.149466635829746862e-06
1.030713360821965757e-06
1.106473364285765472e-06
1.170028206894773901e-06
1.352002050182030724e-06
1.438648970901372285e-06
9.794288163615033082e-07
1.239309043710349379e-06
1.146607397058959636e-06
1.012795607363859853e-06
1.083339333218786202e-06
9.291279374118211091e-07
1.052251728398811365e-06
1.266743890784233132e-06
1.060238309086988778e-06
8.965285137222315371e-07
8.337211114490355486e-07
9.721220477656663399e-07
1.047981369910516407e-06
1.411078817147402636e-06
1.128300650641342736e-06
1.132216305404103643e-06
1.031517845560339432e-06
1.272065241028196751e-06
1.191036395568446672e-06
1.085065248524806720e-06
1.421304949115144078e-06
1.041367463387179100e-06
9.397407643152595632e-07
9.078651667514555265e-07
1.381946019782670958e-06
1.137349391669604762e-06
1.090007091540457565e-06
9.869270600624400260e-07
9.393318599966512603e-07
1.173186344317295430e-06
1.150870727023652202e-06
9.070591629931393030e-07
1.277924983642067459e-06
1.167768317619241240e-06
1.024729304751755195e-06
1.291063102686337878e-06
1.244370529022017170e-06
1.079245981449007942e-06
9.588469694181562934e-07
1.054831179968254762e-06
1.027166147916399233e-06
1.171300006563506596e-06
9.247759135827464890e-07
8.908410642547844368e-07
1.118641454369385771e-06
1.228539649182586752e-06
1.116054909955813165e-06
1.291455971570389334e-06
1.006558213028442054e-06
7.954459697586593873e-07
1.099964648253150974e-06
8.931393342993555604e-07
1.307603516016402401e-06
1.063655253267372801e-06
1.078582842760909972e-06
1.053279381257899930e-06
9.617867668587682775e-07
1.172652013332835567e-06
1.138850951631402148e-06
1.398663583512174121e-06
8.866041493764245392e-07
9.985094767621442754e-07
1.063865665086475454e-06
1.410465983803141225e-06
1.100514971710887521e-06
9.891610445939483169e-07
1.046478952317590075e-06
1.086962007392652990e-06
1.188597298348028773e-06
1.349610794514807509e-06
1.427703159015275846e-06
9.668007759172728968e-07
1.047731186606887658e-06
8.380191288212878002e-07
9.323589140819616577e-07
1.131849915152253137e-06
1.103551074468677183e-06
1.100159141993334152e-06
1.216074818205919867e-06
1.022608154860453228e-06
9.247113324509063834e-07
1.087622775434988796e-06
1.277853049621864822e-06
1.244629052530938089e-06
9.606036773185016033e-07
1.000305737922720565e-06
1.045639055678324205e-06
1.330295627035720133e-06
1.223349597580803530e-06
1.077291545879247278e-06
9.586114197189698686e-07
1.245701847446882745e-06
1.325887916002765437e-06
1.226633391385686009e-06
9.228196677787183212e-07
1.168024177731864006e-06
9.367858846503420611e-07
1.101328414870113000e-06
1.117776420587537341e-06
1.140617701355137281e-06
1.366711325327952181e-06
1.415343074774333592e-06
1.108158311687866886e-06
1.019762370668101090e-06
1.396720008863212182e-06
1.321391018639546287e-06
1.171339465115303866e-06
1.134418958563134021e-06
9.575726329206536459e-07
7.910149561257428537e-07
1.195520549004830557e-06
1.181084382340102468e-06
1.097529763569332926e-06
8.876703644378527749e-07
9.142284904783299639e-07
1.121191659550701944e-06
8.544051733515450888e-07
1.511163351128968991e-06
9.642146882948158938e-07
1.087381005857091443e-06
1.019129507350888381e-06
1.194571410006854841e-06
1.393441100662264445e-06
1.156849658559105077e-06
1.011960695686665520e-06
1.043559693656583790e-06
1.185039485574809965e-06
1.095252328965355395e-06
1.018008267300361332e-06
9.146425371244754433e-07
1.214121693412020300e-06
1.318156524775043600e-06
8.802119242287242105e-07
8.555512727438989202e-07
1.094351010438486735e-06
1.048507248286188749e-06
1.193686356114299638e-06
1.310860763408277386e-06
1.142689051203390050e-06
1.415093179276104092e-06
9.485293140754757547e-07
1.258199590071596597e-06
1.034603748309195670e-06
9.972514580017502425e-07
9.825240790073879398e-07
1.132835497015849994e-06
1.034404701862440693e-06
1.093182162877567062e-06
1.296113227110965323e-06
1.244442074825687344e-06
9.498831364698694253e-07
1.189467011662789814e-06
1.020981073889618484e-06
1.228623381436679983e-06
1.383931928923899266e-06
1.306871997382814310e-06
1.245844229641593185e-06
1.186738987866615584e-06
1.014266034672232878e-06
9.438851475477788425e-07
1.069568580345184612e-06
1.196333370933602482e-06
1.353621729336385363e-06
9.588748529645368327e-07
1.109954993214900798e-06
1.244719432908522982e-06
8.899800748114489704e-07
1.009008381391232035e-06
9.848677297008035330e-07
1.162344792230429526e-06
1.354152060214848048e-06
1.094910239534095853e-06
1.115807765754934078e-06
8.614213590871613844e-07
1.387923464930647033e-06
1.222524942092828880e-06
1.015861939134747469e-06
1.218178289052214030e-06
1.115227779713011799e-06
1.022964650579055734e-06
1.115078404015397720e-06
1.008188679556247016e-06
1.276211428588435809e-06
1.541142584001974485e-06
1.034713407590417596e-06
1.121984701869978539e-06
9.360217345748992377e-07
1.230843817116752644e-06
1.127459353199851966e-06
9.784525588501477966e-07
1.049728540649138590e-06
1.494009831223230019e-06
1.271035059839880602e-06
1.154183102914697544e-06
1.352364897853711376e-06
1.043828081523179824e-06
1.114998479562128128e-06
1.316147522342177806e-06
1.415143746276470801e-06
1.169050988408272461e-06
1.054157902509171381e-06
1.047732815110275504e-06
1.005310301733845126e-06
1.096775282234783917e-06
1.393904053384118741e-06
1.070547714788910638e-06
8.372099913659277997e-07
9.391192024550463469e-07
1.161130100335022826e-06
1.123202256887615808e-06
1.162275754170700649e-06
9.758643566057722652e-07
9.048283567815967423e-07
1.219069370823757925e-06
1.173130785333820144e-06
1.239250081993539166e-06
1.403877960011871491e-06
1.143018311950764984e-06
9.399057094297876432e-07
9.678100086343996836e-07
1.526841189140013862e-06
1.032054077305346060e-06
1.194059718097747730e-06
9.690055161442516758e-07
9.280234907290607678e-07
9.217513037829991295e-07
1.228281424919479373e-06
1.090557126714040195e-06
9.420320452520103332e-07
9.037542738162287595e-07
1.047098304152492494e-06
1.113394730283641633e-06
1.089481131816598801e-06
1.382184457759459826e-06
1.009266383940324884e-06
1.015017619126667092e-06
1.097732459318315613e-06
1.212291420520966371e-06
