2.661614804213608643e-05
2.702889946329589736e-05
2.082485854418880518e-05
3.127559240683676925e-05
2.422746184361463536e-05
2.413836340373768641e-05
2.271773818176430038e-05
2.944276785172299761e-05
2.916009005719526773e-05
2.560393966941495338e-05
2.355793344497003990e-05
2.392740642892432878e-05
3.112387984512055472e-05
2.636636085233055499e-05
2.675747588056808361e-05
2.468693824315536261e-05
2.085024023943842154e-05
2.188639430125182943e-05
2.748465645614188316e-05
2.568756253855701286e-05
2.295224698480513573e-05
2.170113371802514181e-05
2.619408793457714466e-05
2.547019515785213018e-05
2.815141303143496655e-05
2.999484052856435688e-05
2.676739936240021519e-05
3.034483061347514860e-05
2.464992027859717026e-05
2.144522127951790463e-05
2.324744556954859613e-05
2.796637518873184474e-05
2.572291150703264566e-05
2.558188484509855038e-05
2.524710697482993152e-05
2.166147311535982471e-05
2.617097187009772690e-05
2.543861200374247973e-05
3.257652113584157366e-05
1.992367562885483627e-05
2.457776003382350718e-05
2.428444686932939209e-05
2.882398771433403314e-05
2.620913924687896332e-05
2.257261848523757974e-05
2.479284535380867137e-05
2.702126578176379271e-05
2.636999401569911552e-05
2.628167241324361691e-05
2.579160701242311172e-05
2.217155759872819863e-05
2.375732018512236599e-05
2.554846959883238128e-05
2.744091208196551446e-05
2.872646982755678533e-05
2.423411944534912147e-05
2.361317440515157119e-05
2.616035035084005167e-05
3.041463244292919756e-05
2.192977672185792942e-05
2.527653432151797975e-05
2.590679642350967002e-05
2.835737315836059887e-05
2.591013182923014018e-05
2.620182728975283844e-05
2.303958783364251159e-05
2.964999192302734171e-05
2.750492260151281239e-05
2.517941816327723959e-05
2.933477185215191608e-05
2.312880257829393334e-05
2.663304542385241407e-05
2.405411048933685743e-05
2.573840478551831960e-05
2.977262354962351447e-05
2.579680793943103407e-05
2.469244865734416972e-05
2.617573809340042039e-05
2.494276276112809276e-05
2.746083056775117017e-05
2.844085338260745431e-05
2.640340734638075876e-05
2.266811462058093072e-05
2.446875100994380211e-05
2.889879624041055697e-05
2.721924810185694164e-05
2.587333095030314709e-05
2.609637802754698820e-05
2.712441213629286996e-05
2.805790018214747387e-05
2.526488823895034898e-05
2.843085193387597775e-05
3.243417662472989184e-05
2.672476907336848332e-05
2.408312897781770046e-05
2.693344940010174811e-05
2.335914697865445794e-05
2.591659319294643739e-05
2.976480136482754558e-05
2.471401530031508954e-05
2.187198182661483317e-05
2.714981453896880292e-05
2.733702543971739944e-05
2.185824754013057465e-05
2.293389161375602423e-05
2.686606532116460818e-05
2.626355200911173918e-05
2.847146756211643730e-05
3.036901937213401043e-05
2.690999461581198559e-05
2.669113148524114424e-05
2.356588159418106167e-05
2.413495003741261693e-05
3.248195159846325926e-05
2.604056266822684206e-05
2.442305180219453919e-05
2.374617809984019997e-05
2.370752190027420982e-05
2.698943284035621378e-05
2.666966924957451911e-05
2.459516925502123721e-05
2.383241129959274719e-05
2.437841778094498716e-05
2.609419031438695873e-05
2.659945820971046365e-05
2.932202794651638618e-05
2.454342437237009520e-05
2.547980969126031618e-05
2.718809022738010350e-05
3.094421237490793664e-05
2.856057593457688273e-05
2.674493969238588527e-05
2.615121227736383620e-05
2.243923929314616691e-05
2.350087254003771126e-05
2.734074267255342890e-05
2.801009081815927191e-05
2.967013009951000778e-05
2.387034178720128387e-05
2.203839692531049216e-05
2.374781104495072049e-05
2.993248044559581084e-05
2.603898115784714835e-05
2.438604437490170574e-05
2.539148947478298248e-05
2.372832963872980913e-05
2.756811698938301905e-05
2.800176432485325091e-05
3.004528944656554968e-05
2.392252989080842929e-05
2.524694664937674477e-05
2.838026962325960079e-05
2.911355261958844352e-05
2.418109023037280625e-05
2.657325492672411697e-05
2.559057134196401196e-05
3.015995809594763780e-05
2.345595749861222542e-05
2.647731128750044965e-05
3.093490635653858742e-05
2.899616243067967340e-05
2.295250329810471693e-05
2.432499426236144397e-05
2.922176435869543098e-05
2.808384393022206012e-05
2.571179588390277326e-05
2.546943228871818808e-05
2.170639793098467425e-05
2.915620522628920982e-05
2.843786705726801341e-05
2.659431127857735301e-05
2.288126106469489312e-05
2.828243084959921740e-05
2.535306875620996014e-05
2.470896424122693142e-05
2.661620751194281718e-05
3.088282323088271415e-05
3.371841354782715211e-05
2.337457443047978275e-05
2.543202497630291312e-05
2.847272846174830443e-05
2.972207067625030791e-05
2.719623161745928370e-05
2.472331125118668981e-05
2.479034075688183635e-05
2.201783329335358616e-05
2.588699864218506867e-05
2.859017992945233488e-05
2.534130140143515158e-05
2.423241500610866234e-05
2.051833670147141763e-05
2.685174091212653665e-05
2.632742806625978043e-05
2.624809316105069531e-05
2.269692885446877785e-05
2.497846875146954556e-05
2.538375111408399632e-05
2.287986790183356388e-05
2.802720881423367006e-05
3.124457019747095966e-05
2.651286254892992102e-05
2.349372339113204385e-05
2.953125194254814891e-05
2.749817404419805311e-05
2.566399488263583302e-05
2.491766490128527047e-05
2.328865723241438056e-05
2.239701975062869654e-05
2.653591434292065456e-05
2.697607716027794380e-05
2.250649850463675117e-05
2.428711270340562541e-05
2.629034058461871557e-05
2.601742968356308836e-05
2.647077321739952388e-05
2.554976859730810490e-05
2.154187017731018863e-05
2.379599879234981652e-05
2.418851384096828568e-05
2.136976945060795692e-05
2.307902014346413375e-05
2.361330626742354073e-05
2.633645258559017658e-05
2.607364571122377766e-05
3.113429582546703851e-05
2.214028690777666871e-05
2.335817038592859446e-05
2.533832201917453672e-05
2.716536243429651477e-05
2.755101851619510216e-05
1.933537733662657181e-05
2.478110935139030043e-05
2.459207265074092691e-05
2.672000920248658327e-05
2.706301488250467441e-05
2.663977107275805592e-05
2.438426637042629159e-05
2.531489074640306801e-05
2.372953145992602752e-05
2.420653642103014517e-05
2.462674553541853396e-05
2.789780115983234415e-05
2.537030221756601188e-05
3.156222158081286862e-05
2.319097369108643795e-05
2.317658582810559959e-05
2.639310833057776045e-05
2.872562328956134819e-05
2.843860191053369796e-05
2.672745526345637578e-05
3.234566982222884053e-05
2.868561741054242095e-05
2.414071156256878450e-05
2.546598181173661117e-05
2.917691577841900557e-05
2.564569366394416850e-05
2.542589676242863240e-05
2.466503744631590332e-05
2.112511157658754699e-05
2.386347746649556900e-05
2.242615669730743785e-05
2.597106148188216594e-05
3.162415309814677755e-05
2.775062412746279579e-05
2.423005749563795046e-05
2.453864663191831697e-05
2.569702467598431372e-05
2.792357401841719355e-05
3.169674076749774650e-05
2.486907729793320644e-05
2.474013488607474580e-05
2.380012808491948392e-05
2.703836795039262197e-05
2.944742671623677899e-05
2.741685931143475271e-05
1.919476725486671251e-05
2.510905657697711169e-05
3.104843121654798167e-05
2.609710120665415583e-05
2.376004996751011292e-05
2.102046317190663281e-05
2.203144636390429347e-05
2.506237608599112037e-05
2.402036941748242755e-05
3.370712831167586734e-05
2.899457628511005968e-05
2.523177649353170772e-05
2.496929910212037807e-05
2.558467550792078686e-05
2.291686366937910246e-05
2.556937966218187963e-05
2.906471728278976543e-05
2.461656394397977412e-05
2.265481957188891478e-05
2.299241751024017245e-05
2.882661111962082142e-05
2.548465804805490509e-05
2.480368603940705192e-05
2.369154202809183751e-05
2.562131373466640727e-05
2.479506439116722897e-05
3.150923881519597768e-05
2.146682568697488858e-05
2.407586968587311415e-05
2.639968239777961277e-05
2.160241177328660491e-05
2.453015024896151045e-05
2.624904616540781272e-05
2.654989711565993642e-05
2.572009075839696047e-05
2.242855212522143363e-05
2.063429137898176350e-05
2.584445923652900468e-05
2.640449205928147358e-05
2.428963658660897843e-05
2.451609759738003093e-05
2.788858004638221762e-05
2.586220880336007389e-05
2.773433274579136535e-05
2.545219126710032576e-05
2.595926184926564202e-05
2.740135974297162874e-05
3.073045771167472651e-05
2.180614293525086564e-05
2.710083495994028034e-05
2.673688931072308424e-05
2.144869387907132914e-05
2.534021742126108738e-05
2.644347030367183150e-05
2.794208272675822823e-05
2.184817977109198935e-05
2.496837596576134672e-05
2.906949302526657026e-05
2.616295405660795138e-05
2.377769567961014356e-05
2.112611173961956857e-05
3.166009736268021307e-05
2.651459282878029525e-05
2.594896945096413610e-05
2.183180140623955547e-05
2.625594588017061450e-05
2.678664123922726200e-05
3.031390503996322274e-05
2.845842447244440089e-05
2.978542738696410340e-05
2.544887154235358701e-05
2.138989310237032930e-05
2.532309765497472488e-05
2.875465966858892165e-05
2.809629931756016470e-05
2.419301006188713852e-05
2.612097523051946541e-05
2.254303868921326515e-05
2.364480869417993241e-05
2.693138118745478705e-05
2.594171437796193816e-05
2.304007511812884940e-05
2.413113219715735488e-05
2.702132935830510544e-05
2.524029797987400667e-05
3.045071480901674789e-05
2.326447062354048372e-05
2.410547631608326240e-05
2.585074820671684001e-05
2.769229806824551266e-05
2.819535883340701577e-05
2.744466447205684510e-05
2.578059103844247563e-05
2.575566898955117769e-05
2.247878780351956042e-05
2.397084441919217524e-05
2.723558625321463705e-05
2.750962844272223921e-05
2.835324332933797272e-05
2.401892058356190168e-05
2.265873979522462810e-05
2.499142173751823137e-05
2.764674653420611569e-05
2.657764060598492831e-05
2.101492389861941935e-05
2.435695352875627071e-05
2.514007780270943141e-05
2.538708840156585884e-05
2.806554552099596337e-05
2.760420636840451767e-05
2.561989230180678368e-05
2.919557032834860867e-05
2.832844067708846557e-05
2.522615033967963503e-05
2.638014318850957716e-05
2.628891228890576165e-05
2.180491814252407556e-05
2.496522488952743665e-05
2.824001461569579014e-05
2.979904316959191833e-05
2.580966369337874813e-05
2.475913435814459631e-05
2.772659702660647539e-05
2.789518937601529632e-05
2.478554560896728152e-05
2.508556581537672742e-05
2.335666366813110996e-05
2.996142199171355900e-05
2.697912888542216485e-05
2.545472296130076040e-05
2.344997039183283223e-05
2.458157240291406278e-05
2.886674925888981644e-05
2.428921822315537382e-05
2.585839531507983676e-05
2.520083512355242368e-05
2.712537753319989477e-05
2.760750640892812609e-05
2.513797969034378647e-05
2.512270194217216420e-05
2.761565535246356627e-05
2.799536028375109429e-05
2.713237106394124863e-05
2.390656902415006906e-05
2.649942647269413611e-05
2.186319972157816722e-05
2.442351280177299907e-05
2.685027591773751584e-05
2.744989881217528235e-05
2.146289343214996024e-05
2.621499527574662445e-05
2.603793823131614029e-05
2.900353329586426962e-05
3.332684835583161456e-05
2.691944399697630803e-05
2.508725686474457811e-05
2.343616265699835139e-05
2.184303936244618496e-05
2.395318173708125479e-05
2.987226416582025208e-05
2.326070372180089524e-05
2.308222082897103223e-05
2.296247080317256520e-05
2.837198240908234392e-05
2.746950653846598497e-05
2.783886680225324510e-05
2.088122173003715502e-05
2.337192595726843134e-05
2.560129086192111761e-05
2.628382728989095925e-05
2.750194254010586282e-05
2.228813007051992081e-05
2.566310072876909414e-05
2.856841580728606525e-05
3.238424454099900261e-05
2.723165904417555665e-05
2.463478769188495583e-05
2.182184208246451201e-05
2.304860570723561949e-05
2.547940551467191210e-05
2.662595690676317485e-05
2.255792931043734033e-05
2.196517438887096252e-05
2.485490691843900504e-05
2.658714184516797088e-05
2.677550627615463266e-05
2.462202474148706658e-05
2.365771493986617310e-05
2.701894934017753263e-05
2.729298449743851343e-05
3.125752315313759348e-05
2.148118157970695195e-05
2.481169596242886838e-05
2.739745287509092231e-05
2.319601964401157897e-05
2.737831963872687155e-05
2.716970034630218861e-05
2.958940402997963605e-05
2.381563617434313943e-05
2.368600772383247505e-05
3.118124439790361278e-05
2.497130872091522119e-05
2.364548063569221076e-05
2.555064338268633114e-05
2.817742611580006641e-05
2.751511758088567123e-05
2.692962223740939023e-05
2.560578030400124963e-05
2.286978816349085678e-05
2.783360218197099110e-05
2.831896890979741801e-05
2.705476131697832687e-05
2.542689577849237788e-05
2.443832544019111460e-05
2.246111102133340661e-05
2.495969029983376644e-05
2.471155082528447399e-05
2.682348690246421985e-05
2.897617398796040688e-05
2.235459226065923357e-05
2.453955432948609134e-05
2.872934624597873587e-05
2.801885978380516481e-05
2.452633548655719383e-05
2.465972898495074163e-05
2.263886061060861122e-05
2.874550010248287660e-05
2.890379256214595569e-05
2.476489213613677391e-05
2.301866331997169245e-05
2.354563351149184370e-05
2.791528901576604459e-05
2.567596422314053444e-05
2.767675493460892020e-05
2.458514544327998429e-05
2.382653786699658296e-05
2.549932354342394626e-05
2.426355445708741162e-05
2.845802398744355302e-05
2.792952007803672077e-05
2.611769515951768849e-05
2.491913764714619690e-05
2.378543017290659029e-05
1.974577610563962586e-05
2.671463709086582317e-05
2.688756391802995664e-05
2.510888291924798482e-05
2.327217292520944379e-05
2.044367816966023035e-05
3.103266643028259198e-05
2.537746298852456805e-05
2.545292729072114730e-05
2.313465343925175932e-05
2.422417339470073504e-05
2.627598300301455027e-05
2.936997875597379665e-05
2.175869023981624541e-05
2.481309413764687724e-05
2.138651701356790162e-05
2.583935109211653175e-05
2.574853130324516838e-05
2.625677308163929725e-05
2.551947762654964660e-05
2.168641095182916143e-05
2.271042491485073599e-05
2.774221889643577055e-05
2.702164813463358667e-05
2.525412821426929573e-05
2.470684074863111867e-05
2.804444874258404398e-05
3.004417466701379558e-05
2.534387350776135331e-05
2.321892524382006081e-05
2.726001876300076940e-05
2.822433545599243430e-05
2.743696381569341652e-05
2.355380055044411483e-05
2.622911972717963984e-05
2.537640835182736416e-05
2.156788940221365653e-05
2.632687609062072244e-05
2.617082302018362941e-05
3.176069216333469184e-05
2.067523674421363711e-05
2.419197092366232331e-05
2.403257293393707854e-05
2.779564955066665544e-05
2.556746382435397979e-05
2.010265769132837496e-05
2.572177784523643309e-05
2.528589520264473922e-05
2.989994895767715736e-05
2.914608944229899411e-05
2.514143871869825713e-05
2.314133762636056896e-05
2.972506400753284619e-05
2.730132086900570733e-05
2.839808822353145833e-05
2.539913672579112853e-05
2.590424227644318175e-05
2.762369655344775008e-05
2.851647450242936915e-05
2.470890215083883647e-05
2.475894305466009524e-05
2.772453866683262632e-05
2.419422005197143196e-05
2.837996218117408824e-05
2.785961728755406518e-05
2.879047014353095890e-05
2.282794204689500705e-05
2.615517831528872908e-05
2.247298325828594632e-05
2.754104107710451292e-05
2.859089918738504153e-05
2.457403631275882559e-05
2.274766711954122331e-05
2.406723811436749935e-05
2.514745409947078582e-05
2.395780328937892437e-05
2.980804854203767857e-05
2.718388333580398514e-05
2.425751993001548241e-05
2.521814160994008763e-05
2.369233849493156030e-05
2.736609983590657932e-05
2.977176521895714888e-05
2.524971624583037118e-05
2.004919899509904536e-05
2.434074971314757852e-05
2.725192388440896249e-05
2.565818175109609061e-05
2.737337335139188989e-05
2.387558526448627279e-05
2.216647657719911238e-05
2.339758319471797483e-05
2.610658165950810596e-05
2.628098718343650002e-05
2.397876084147051114e-05
2.407373408491020041e-05
2.598571397675004932e-05
2.544183711719778807e-05
2.397792183933931010e-05
2.639602579908330090e-05
2.875594379401674296e-05
2.450337663900535617e-05
2.222907260613822758e-05
2.297653623694743928e-05
2.731531615407032572e-05
2.608003440373110265e-05
2.333723814528909291e-05
2.270296913408533369e-05
2.762486965654876853e-05
2.734097477548748961e-05
2.783932214039544649e-05
2.290133565267585326e-05
2.333774705759247424e-05
2.642335049145841445e-05
2.746709249166548326e-05
2.712929596911292697e-05
2.137899904496065831e-05
2.615607457552856122e-05
2.698987805907814965e-05
2.480591113204370785e-05
2.388314472789317106e-05
2.298413851648813773e-05
2.634334728231748493e-05
2.489373133224246311e-05
2.419776413844540967e-05
2.317298216608207727e-05
2.538352986249700532e-05
2.597060842413804018e-05
2.750916741401114837e-05
2.585631864386716614e-05
2.480407691995924793e-05
2.070009865395801068e-05
2.792693470389809253e-05
2.786130588420569361e-05
2.309693847611438684e-05
2.550174671481517262e-05
2.504645929122730771e-05
2.696577195230842516e-05
2.891698327663436857e-05
2.535413426709208514e-05
2.555431253663007648e-05
3.158781827122092407e-05
2.304606624147483579e-05
2.268707727587421832e-05
2.557968787178094893e-05
2.927268991917075726e-05
2.594348994189837386e-05
2.250402563081207508e-05
2.477700888092809753e-05
2.495028530086890105e-05
2.590647115089277083e-05
2.509437034866616372e-05
2.660194328420008707e-05
2.210120359965354211e-05
2.368072761516386364e-05
2.619797022365140626e-05
2.602896030522698244e-05
2.333549381005827652e-05
2.123276357806507504e-05
2.498079958467829545e-05
3.049683874901381662e-05
2.580113694464928416e-05
2.684876379083438977e-05
2.559502409976906697e-05
2.532362766750690579e-05
2.323206939229118263e-05
2.541500185674164822e-05
2.861350751875280148e-05
2.175991284844276682e-05
2.485110320193526502e-05
2.663329357964286595e-05
2.713078926427517850e-05
3.019968082368000174e-05
2.308600545439199605e-05
2.377894968500721758e-05
2.541730562423919089e-05
2.790559765775215380e-05
2.947233456214071556e-05
2.251249706653870382e-05
2.501474025878409215e-05
2.451710282349414720e-05
3.069888664538249706e-05
2.102800893925803802e-05
2.724151138971759244e-05
2.679103606573026827e-05
2.842633923263454209e-05
2.330583510240686145e-05
2.349389306826079924e-05
2.538745943749020481e-05
2.866621341436737834e-05
2.652054467270907910e-05
2.108178799219218158e-05
2.518932353735169708e-05
2.462577817328424234e-05
2.678422397153895347e-05
2.754617199779867389e-05
2.657465946289164997e-05
2.482175807039069970e-05
2.433956924872212620e-05
2.715684905838073077e-05
2.916872454774560513e-05
2.749085767926176874e-05
2.530969322634765101e-05
2.520145879525633140e-05
2.452862209962652560e-05
2.558761231567989759e-05
2.852618471425250727e-05
2.823392130909211240e-05
2.308665088411705285e-05
2.380849922490872969e-05
2.962801896142816624e-05
2.861633761064274532e-05
2.469478763355280822e-05
2.515264817431502511e-05
2.187485923910580080e-05
3.016145237993784263e-05
2.731630232908257636e-05
2.545332093490547379e-05
2.289283475097363268e-05
2.421273235716278938e-05
2.870221346330659507e-05
2.463760840723479745e-05
2.728461952283271123e-05
2.408173823827428894e-05
2.237551077852882917e-05
2.309835941094310314e-05
2.437020103563682953e-05
2.396537413826891783e-05
2.824236342661657148e-05
2.722816717861129075e-05
2.573648443401883469e-05
2.441927127620574400e-05
2.292463234496993772e-05
2.615275836354064883e-05
2.795170782263290066e-05
2.460254425918308031e-05
2.640996120737162551e-05
2.585657105503131359e-05
2.474265263326355080e-05
1.925137125493566069e-05
2.771485167178131938e-05
2.644475432717213962e-05
2.215557015234348651e-05
2.358763489244432559e-05
2.444798485871567962e-05
2.596515381548829320e-05
2.456826238534064375e-05
2.462158176490088498e-05
3.132024540593925435e-05
2.321365437173289605e-05
2.255484650773528798e-05
2.704328519766275956e-05
2.540611029498825792e-05
2.591468976340452140e-05
2.350275666892926167e-05
2.310959781979062778e-05
2.642061006192298375e-05
2.667305288631794486e-05
2.799474159406297662e-05
2.280880700617008618e-05
2.271780303403187574e-05
2.522393233411875465e-05
2.837808157699751207e-05
2.645006959941704575e-05
2.345975647132236423e-05
2.379382110770614803e-05
2.578830289289827418e-05
2.566219896579561050e-05
2.405909569218503923e-05
2.368607768720789339e-05
2.658636978264850110e-05
2.381985009693671237e-05
2.245732375341293215e-05
2.320940656680188987e-05
2.750378802122376880e-05
2.566052064509719664e-05
2.500110046210060675e-05
2.040624926040497062e-05
2.656987125628326756e-05
2.640608994334710981e-05
3.188985989431348839e-05
2.218320762412168579e-05
2.560402843257049765e-05
2.437726635129704002e-05
2.777262272781570526e-05
2.721735036612304024e-05
2.467310685183043587e-05
2.535109193755818468e-05
2.277785660779525117e-05
2.041904979231133529e-05
2.432728729248820275e-05
2.856678251356137470e-05
2.565667426437828508e-05
2.288799203531799404e-05
2.366100049015196872e-05
2.528260965974784579e-05
2.564443970500668223e-05
2.860078115571013143e-05
3.091715287205683288e-05
2.434376947003243053e-05
2.643269260803282980e-05
2.728164649955251285e-05
2.712659194273520281e-05
2.699247272592741846e-05
2.507546692825411770e-05
2.280666553966260776e-05
2.800863898319229964e-05
2.865353389897419304e-05
2.526068440384138207e-05
2.162218495929953840e-05
2.464533077116426858e-05
2.569706647373690324e-05
2.556976901224110559e-05
3.052500069677858247e-05
2.863888424788875659e-05
2.407061479658568207e-05
2.360251812964868809e-05
2.357497323595896414e-05
2.732914527356280427e-05
3.088156768409521175e-05
2.675180683235175885e-05
2.584273512810463427e-05
2.763807991549084608e-05
2.659459881201330415e-05
2.741045237125674976e-05
2.394827836671641833e-05
2.148670373340739778e-05
2.254307606521333636e-05
2.752224668861672009e-05
2.620066398228593178e-05
2.378636877471680696e-05
2.719264959482105236e-05
2.399397250505375340e-05
2.524481792858089427e-05
2.685034525605568402e-05
2.753695801203231229e-05
2.420162877578504069e-05
2.205884467054022583e-05
2.268263451658695460e-05
2.707832532518981232e-05
2.649878635929348299e-05
2.648607855635995778e-05
2.162213193188173752e-05
2.424901198817571880e-05
2.667408231195195155e-05
2.568409080544262964e-05
2.858678085146972692e-05
2.339416611228307448e-05
2.235814671201958627e-05
2.514213364870883052e-05
3.037215866903562644e-05
2.675031291212883177e-05
2.378926271146634603e-05
2.630012314166586273e-05
2.666115234415305772e-05
2.472880630687685792e-05
2.337210361724988754e-05
2.221908470445315331e-05
2.792481172353679456e-05
2.666926810653478432e-05
2.357485576176033843e-05
2.243409557387770231e-05
2.736619235047398717e-05
2.756084185228132021e-05
2.481687193871323562e-05
2.266370164790233922e-05
2.822509266873607275e-05
2.786667147394413904e-05
2.340642772564358552e-05
2.591039031862946910e-05
2.509911069647565200e-05
2.815753949518831490e-05
3.029750584822314327e-05
2.686806010564550168e-05
2.699986016647822989e-05
3.139459593330981801e-05
2.272534624318158021e-05
2.515912496088127694e-05
2.925740324072230854e-05
2.632212717256444056e-05
2.336031267105033969e-05
2.467913766156689108e-05
2.490329779277475870e-05
2.701489733220843571e-05
2.672377416860836124e-05
2.416867008510863299e-05
2.389113656673645759e-05
2.889950047035491553e-05
3.050473645453603784e-05
2.607183275949163224e-05
2.470852387119571600e-05
2.472501947641955611e-05
2.406723292904943629e-05
2.579415873854097572e-05
2.628472945551505946e-05
2.816225017853530367e-05
2.897305574095463622e-05
2.207217995835157004e-05
2.460249453625612244e-05
2.578105463008165007e-05
3.119751563192843063e-05
2.840270993090598665e-05
2.543187453097573719e-05
2.499966831977146116e-05
2.138920128706028358e-05
2.660220883595896326e-05
2.326177995554806337e-05
2.182567678489641386e-05
2.716946872355248806e-05
2.897150159004003881e-05
2.597862513301307075e-05
2.324587183036933363e-05
2.268319551989963400e-05
2.815108053053436431e-05
2.579781808497856499e-05
2.640134395351215980e-05
2.291315680216703072e-05
3.114971727425237927e-05
2.503568393399926162e-05
2.530265375590088484e-05
2.394266392561283322e-05
2.746761564017320237e-05
2.938327460011965075e-05
2.765558491009037213e-05
2.304958440096406208e-05
2.520209012884518668e-05
2.641174976172168339e-05
2.633001962144398950e-05
2.502624048046857066e-05
2.221569335663376509e-05
2.253848886439521003e-05
2.638308370836192580e-05
2.258570902039165165e-05
2.174587537428150405e-05
2.544300658095852610e-05
2.690369872788811294e-05
2.654241372209660134e-05
2.664368436770526600e-05
2.818242696969426255e-05
2.571091963670433950e-05
2.225729526544993839e-05
2.369575772477180514e-05
2.791678770332466441e-05
2.540152735516682488e-05
2.562702241272112066e-05
2.338257414056339059e-05
1.909265187075947544e-05
2.850942932080416863e-05
3.025844299468105235e-05
2.194372438397276112e-05
2.389216233648020700e-05
2.643692143787478157e-05
2.789806803117069953e-05
2.697212217449852700e-05
2.280876052022172187e-05
2.497649123619554988e-05
2.447513920392563051e-05
2.681997178680283796e-05
2.838250372248784132e-05
2.744105763777561209e-05
2.568255585242225261e-05
2.583771653730035294e-05
2.390235261351740753e-05
2.417262267777241317e-05
2.498340532471948481e-05
2.734730676053336802e-05
2.629374549227360920e-05
2.864872908116338987e-05
2.469552582919144100e-05
2.449262864763329030e-05
2.635391188562766668e-05
2.914915515410354226e-05
2.210027483556629093e-05
2.541456647860140726e-05
2.544318900669817783e-05
2.712951226796580959e-05
2.841222409240646760e-05
2.447771687123475028e-05
2.426542906698049483e-05
2.022612137010014344e-05
3.222874861298300885e-05
2.626428985354093025e-05
2.432037547622906194e-05
2.907581451416600942e-05
2.546386487961610595e-05
2.350778668869506300e-05
2.550387649970800463e-05
2.319991201926042206e-05
2.602005140770194947e-05
2.866416177947892459e-05
2.974551264124909933e-05
2.406307656706019383e-05
2.488802559888685735e-05
2.756951286497486730e-05
3.048284284414250542e-05
2.246328514407435937e-05
2.439573864163069813e-05
2.786432278085132256e-05
2.597605773906135854e-05
2.252171005202414924e-05
2.503858209300479889e-05
2.431620218949324890e-05
2.620242525493769636e-05
2.167368864493854935e-05
2.321560069269736952e-05
2.672825449935253996e-05
2.604049564294203789e-05
2.251279817046941949e-05
2.275292568508135432e-05
2.603878252573330572e-05
2.524675731679850728e-05
2.710154032289358502e-05
3.280628016774217979e-05
2.458283121177521404e-05
2.318905288681391398e-05
2.646326947205626223e-05
2.760658693308280681e-05
2.179453720588762832e-05
2.520645963591187691e-05
2.570921223794903824e-05
3.008707003003883076e-05
2.892923788315597712e-05
2.586877618594618142e-05
2.609581594863983082e-05
2.116187478681323846e-05
2.470216888898277020e-05
2.219603775428509955e-05
2.469565624362160479e-05
2.992665917883826452e-05
2.648730429562046231e-05
2.370436750954532001e-05
2.545161568504850070e-05
3.186561272437208833e-05
2.969173723805778334e-05
2.408193052623967535e-05
3.078040712995151024e-05
2.918477710541614637e-05
2.682908188342357825e-05
2.430149838064175178e-05
2.331548913935093030e-05
2.588938173510956897e-05
3.047185637295878638e-05
2.451079968337238854e-05
2.023198749256230658e-05
2.394735579626315174e-05
2.301562622881314166e-05
2.439317563904740241e-05
2.380041175987764133e-05
2.858311782615015697e-05
2.772088373945487150e-05
2.582082826220262510e-05
2.672089280690034837e-05
2.337634912032293005e-05
3.213535439825599771e-05
2.770482498839774705e-05
2.468869594297267540e-05
2.392145119211174523e-05
2.445817569911879630e-05
2.903986024370329514e-05
2.730982171750683882e-05
2.513851411455275773e-05
2.543362250081282445e-05
2.285342758835767844e-05
2.324686445886014731e-05
2.516999576273852641e-05
2.677448736941881064e-05
2.228042852985814072e-05
2.635969864108492168e-05
2.494941792531497180e-05
2.438805091087115510e-05
2.413957452028359508e-05
2.510797162200991512e-05
3.128897508474371146e-05
2.580868520841922078e-05
2.293231563759571794e-05
2.303859499880760083e-05
3.015376188559698771e-05
2.625017243108197023e-05
2.497618762479813018e-05
2.623434060034523328e-05
2.288630291055144674e-05
2.363759268061410755e-05
2.532960571327783146e-05
2.692299345182855031e-05
2.683960415356806666e-05
2.986917824928587406e-05
2.419097052098471469e-05
2.564716587934531781e-05
2.267622833933096143e-05
2.333060342459547306e-05
2.843236400042793518e-05
2.660698906609563542e-05
2.703078498666377567e-05
2.234300607075120090e-05
2.861331099746312214e-05
2.785594442869308068e-05
2.397525498065916229e-05
2.248069465814453566e-05
2.450517299864949058e-05
2.951115131173282297e-05
2.551911136481572269e-05
2.328311618026844310e-05
2.602004428222106652e-05
2.499023718530460293e-05
2.830552292269608851e-05
3.086648562500785015e-05
2.406389241171419087e-05
2.481823648852068983e-05
2.138768364182101005e-05
2.091054345124038723e-05
2.462176632027288025e-05
2.526575573118095591e-05
2.564145501017528681e-05
3.119503205422661173e-05
2.506394382567577380e-05
2.088593286031271989e-05
2.725118496612871085e-05
2.967482143630750460e-05
2.767725907068983049e-05
2.340468427121396893e-05
2.560570913510077162e-05
2.560195982157436340e-05
2.750339667257197399e-05
2.933771564646404248e-05
2.461303829065832614e-05
2.234682759252907901e-05
2.924118641248727680e-05
2.767184652776446144e-05
2.705677533048405641e-05
2.426610940211262793e-05
2.488745030836870910e-05
2.340375411342440179e-05
2.458069013359215192e-05
2.477844889975517587e-05
2.690686551211315776e-05
2.888937998189166907e-05
2.741090726678890817e-05
2.266889280949426362e-05
2.489404665077560481e-05
2.785992681107731528e-05
2.858541080382109029e-05
2.700285352294702181e-05
2.506180242366122136e-05
2.515812533066064666e-05
2.523876600549305947e-05
2.960638239547864537e-05
2.503743372028485349e-05
2.429219104803126381e-05
2.181718017911763284e-05
2.612180809520495801e-05
2.675938328885361049e-05
2.282753425316938714e-05
2.864268308868993276e-05
2.434441031378121832e-05
2.460238615527806481e-05
2.097165969924478566e-05
3.139226653206832109e-05
2.778207554868986870e-05
2.669188737609674570e-05
2.241740358664980976e-05
2.485348099309224286e-05
2.743713028588731860e-05
2.647656688700081036e-05
2.742937481210445358e-05
2.397197951301031506e-05
2.349392384379264480e-05
2.627416961970887929e-05
2.703515206773113663e-05
2.268349038593504467e-05
2.357326216117751138e-05
2.453843569068761717e-05
2.607359176471920625e-05
2.541173629737975028e-05
2.723018735260636849e-05
2.591919112549368706e-05
2.806485213934359609e-05
2.390851574978229691e-05
2.405511071975006198e-05
2.175944361522381566e-05
2.954811210766109824e-05
2.628441689135690987e-05
2.692356372760987669e-05
2.459587580156609674e-05
2.593354138762448294e-05
2.594128625294391300e-05
2.918194722796701979e-05
2.288454871361156882e-05
2.415139895926783674e-05
2.561132073517978131e-05
2.653596398210018761e-05
2.792359896779694105e-05
2.488855368153702994e-05
2.520950621537920732e-05
2.572856338406322570e-05
2.739403696742176116e-05
2.713092371156829036e-05
2.680743990830600982e-05
2.545889286917611230e-05
2.422134715042783361e-05
2.324646591947563594e-05
2.359729279237912211e-05
2.535338902362517882e-05
2.677164086093518285e-05
2.959095997126661194e-05
2.442328634001090598e-05
2.319234784195990101e-05
2.622298977099844121e-05
2.801156412042359175e-05
2.294505159747396871e-05
2.411544047596048362e-05
2.395846965803132421e-05
2.927262047085234367e-05
2.410906144677837608e-05
2.412429814678381321e-05
2.731637281688200139e-05
3.173431824258184840e-05
2.321953812027072739e-05
2.768273800153886815e-05
2.194489132993009294e-05
2.468422808561108688e-05
2.470135402508525803e-05
2.690430700423815141e-05
2.770273349275687206e-05
2.656388557171835950e-05
2.589294532074205333e-05
2.494925659469739867e-05
2.898353164354725369e-05
2.953628905632079988e-05
2.599483986259830309e-05
2.553199175051921893e-05
2.334047323519404676e-05
2.132523614514371578e-05
2.621769437807374383e-05
3.251569526021822913e-05
2.495053465344903296e-05
2.117510223916291588e-05
2.345209134561286534e-05
2.535086105919753498e-05
2.673460103229837853e-05
2.946667145379892568e-05
2.319065242222294261e-05
2.205804826144013698e-05
2.905382741830109535e-05
2.643464221008804118e-05
2.248204968638653172e-05
2.603842336332292512e-05
2.494268980489863243e-05
2.270167869682857743e-05
2.281233510287306371e-05
3.188393049726230300e-05
2.493107002115474999e-05
2.189629136412510286e-05
2.271917197444795790e-05
2.639698863336088560e-05
2.625983689253848184e-05
3.096871100204631359e-05
2.817074644442397793e-05
2.921516920093604542e-05
2.629744125248488753e-05
2.117216289758714620e-05
2.591428744823756861e-05
2.733680699961735597e-05
2.768584451744638523e-05
2.655421416225711869e-05
2.507020239347561473e-05
2.087063746593569144e-05
2.219951461126122282e-05
2.673554838994515596e-05
2.672455309541750562e-05
2.371954005449174529e-05
2.392449991580138891e-05
2.445168878931437958e-05
2.732472065721941389e-05
2.540661619550973126e-05
2.490580248920560674e-05
2.352417972124780927e-05
2.708525707682038470e-05
2.707866535437947238e-05
3.017094034794785208e-05
2.818249040454616036e-05
2.704499838811414607e-05
2.694652817568879245e-05
2.325312752827939222e-05
2.241601107537739788e-05
2.707464567446403792e-05
2.678059212911241950e-05
2.731865023248491593e-05
2.415470362829012338e-05
2.463062554569932897e-05
2.842490074401839555e-05
2.598764118491874817e-05
2.296144598766385544e-05
2.344964719012991304e-05
2.677026898015445717e-05
2.432277676396445794e-05
2.862582933446500532e-05
2.374748320099144794e-05
3.147085354558570045e-05
2.882697200805828898e-05
2.519631842408313923e-05
2.594020683656832191e-05
2.016547357097643072e-05
2.616739108268703606e-05
2.661549178626319688e-05
2.971454498714392836e-05
2.172872066627867999e-05
2.394424926513596372e-05
2.363997790256393709e-05
2.756398127571919600e-05
3.017711201916518663e-05
2.424779858823513859e-05
2.441539300878484728e-05
2.271510821396172930e-05
3.248968247293291015e-05
2.772030498372789726e-05
2.531446902733585537e-05
2.467511737695530643e-05
2.457508607164360143e-05
2.983101399281226930e-05
2.547972589643436622e-05
2.494431313274872797e-05
2.710057363671169726e-05
2.967317486883884619e-05
2.968871609000198010e-05
2.466347681331048153e-05
2.620666469428835563e-05
2.810162170509609321e-05
2.760750629170872730e-05
2.676707267823521524e-05
2.481534546902391079e-05
2.503467739063657547e-05
2.588489672280728412e-05
2.516073659844486374e-05
2.420264607359273661e-05
3.191707311400473178e-05
2.617760001816457231e-05
2.705596058197612825e-05
2.400789348962991440e-05
2.555005851868507352e-05
2.668252791842654691e-05
2.753585830144503313e-05
2.726591514779847097e-05
2.698609048397461406e-05
2.459143717104661899e-05
2.419709985181210337e-05
2.711391484977371515e-05
2.740963234205554325e-05
2.547322840104633134e-05
2.194172232621449269e-05
2.274644919488688581e-05
2.867427950039895740e-05
2.539527135758329140e-05
2.535416523288891655e-05
2.391029025518132977e-05
2.277674386927023122e-05
2.674499199772200012e-05
2.587621238132739986e-05
3.187946775910556902e-05
2.331325687276249344e-05
2.596222097325722608e-05
2.955134128776340944e-05
2.725691437772218435e-05
2.661453319725885997e-05
2.715486159673984756e-05
2.774180935644879843e-05
2.552138674490469505e-05
2.489896959068708430e-05
2.453292691011016742e-05
2.639522511577427523e-05
2.653152477566376782e-05
2.264639546955170824e-05
2.328332794381038665e-05
2.512671469461589001e-05
2.646757597268479834e-05
2.812022713284829787e-05
2.891895279550004631e-05
2.497426298658890823e-05
2.486461573064295986e-05
2.617174771188572757e-05
3.261520291029213706e-05
2.703756454900452163e-05
2.419062016149874726e-05
2.486890509131904086e-05
2.580713525548913981e-05
2.925877764577896139e-05
2.310622345761527776e-05
2.850503191869112869e-05
2.755118185707143230e-05
2.700254122616537605e-05
2.488019533869757150e-05
2.126768568207844292e-05
2.522779363269073830e-05
2.826888941147546617e-05
2.616118990682337949e-05
2.334037966514415188e-05
2.412910547745975953e-05
2.576310573626191988e-05
2.507628911141265152e-05
2.832905518407111139e-05
3.260147010402645484e-05
2.521917923469094568e-05
2.462937879082556020e-05
3.136049770185580723e-05
3.034362167361522592e-05
2.547429831574249396e-05
2.558860496841378017e-05
2.370028765195497300e-05
2.475824253636762300e-05
2.126947098086021066e-05
2.656964698627225808e-05
2.974130659958192018e-05
2.746109457130779596e-05
2.348483143013004994e-05
2.497684534142662204e-05
2.480048961530266361e-05
2.777824028912421420e-05
2.986946098204204352e-05
2.381886170899826934e-05
2.380008673936604492e-05
2.642949548020679428e-05
2.393221894346984744e-05
2.530836625083140941e-05
2.397709476542462769e-05
2.646991564734282233e-05
3.039214040235580441e-05
2.415567665083714937e-05
2.500280057871946969e-05
2.018029257159008295e-05
2.864693937968074505e-05
2.603528956590756165e-05
2.729861545547586786e-05
2.953355823362695349e-05
3.066034991750198464e-05
2.515264070569817127e-05
2.552665805769234833e-05
2.062223419599306328e-05
2.696274614284400998e-05
3.220244549360204471e-05
2.681073430981236353e-05
2.310084925468640344e-05
2.494040846778785119e-05
2.821057225776380539e-05
2.475276179280340555e-05
2.767397291175391455e-05
2.397638710421618686e-05
2.330544324807689181e-05
2.612527187920350870e-05
2.474712456712223411e-05
2.374680781400119006e-05
2.390349244009315968e-05
2.762582572626254653e-05
2.628812788744433736e-05
2.018029962524445239e-05
2.665903480228408795e-05
2.773041759960205119e-05
2.468622316828993963e-05
2.383994739067432333e-05
2.150352322347292739e-05
2.707660348702794841e-05
2.550425196877954915e-05
2.579824632233246453e-05
2.163921723759954603e-05
2.354055814792619441e-05
2.594088797414356181e-05
2.720053030753936073e-05
3.024149942223070030e-05
2.351821574184590451e-05
2.147241214954897343e-05
2.472610774490081406e-05
2.629055376450425047e-05
2.724941062958435094e-05
1.916931686861709505e-05
2.487813944943555126e-05
2.483189728602153571e-05
2.156257470640503545e-05
2.224862495580214348e-05
2.574951214962692766e-05
2.744958145060099613e-05
2.103271418134815585e-05
2.217786978532801845e-05
2.709752436726062965e-05
2.591073429753138713e-05
2.777985070987864635e-05
2.616300271687112104e-05
2.324107247236354253e-05
3.037283901337424873e-05
2.849044235995988741e-05
2.322435206194922789e-05
2.370078194172815079e-05
2.380501560901408459e-05
2.751625511546794441e-05
2.957934215587619162e-05
2.409963734947883482e-05
2.401613587852324130e-05
2.317451127775150196e-05
2.091261521114944850e-05
2.320685792165751423e-05
2.711965827153267326e-05
2.731581894408164843e-05
2.667843579649160359e-05
2.146207305980219832e-05
2.427634233051602518e-05
2.581629605536344346e-05
2.585362879451951257e-05
2.734480903010890837e-05
2.758133465966921801e-05
2.530803679219945025e-05
2.421793298139055835e-05
2.802125775991536595e-05
2.889347643164825565e-05
2.560512252940290028e-05
2.558285672708376620e-05
2.426766334463383368e-05
2.623201408867018773e-05
3.062872373746196791e-05
2.479526032480700479e-05
2.271944352523593078e-05
2.332023504993852809e-05
2.234449875516912785e-05
2.506989068345997666e-05
2.511107532676253175e-05
2.715805529505495910e-05
3.426687375933309558e-05
2.407826434346751080e-05
2.434860043569728440e-05
2.119443298386248262e-05
2.948548538514615875e-05
2.770300354543306018e-05
2.585766990986009822e-05
2.382454217629096177e-05
2.475468839411305557e-05
2.605346144310639124e-05
2.629070054280119510e-05
2.435854302123803140e-05
2.364837659218478217e-05
2.299958862615486898e-05
2.675712208357000719e-05
2.715171895594045121e-05
2.170709419076673546e-05
2.032736342988726255e-05
2.865098770684253168e-05
2.302973499351818184e-05
2.624062752245249480e-05
2.327682348340941106e-05
2.664916690654902873e-05
2.931562234658838351e-05
2.475768528639611785e-05
2.348193297451063041e-05
3.148626716633698961e-05
2.574134917518918958e-05
2.476953016949507661e-05
2.287672528746584758e-05
2.532978889807312975e-05
2.494210257789961077e-05
3.079355420591803637e-05
2.326114237320651279e-05
2.032565307110693428e-05
2.435000077592251096e-05
2.568137015853039069e-05
2.242106205343643270e-05
2.826731015847744555e-05
2.585628945403160297e-05
2.119407598160598017e-05
2.243976842730025518e-05
2.150096083334845936e-05
2.215281975105975486e-05
2.525555800705843839e-05
2.624034723556145036e-05
2.575281597001762449e-05
3.195075460596833263e-05
2.390858576621983334e-05
2.364273883751308680e-05
2.685717257900181336e-05
2.835626987277055843e-05
2.921560320764143322e-05
2.318637370809238288e-05
2.469843939771091413e-05
2.454507763357354329e-05
2.837153357813117216e-05
2.831423970888375473e-05
2.719763085350522495e-05
2.762886926871420016e-05
2.288537455144875382e-05
2.314489269330489773e-05
2.437825084563797877e-05
2.780732154019753690e-05
2.694048003297491736e-05
2.201844016732113865e-05
2.379115619559917224e-05
2.580515242916055254e-05
2.468113568734745574e-05
2.513633440245630201e-05
2.590819489756164128e-05
2.980590782670535034e-05
3.034965914442395201e-05
2.471375585260296884e-05
2.049807918577708886e-05
3.025841395917570193e-05
2.744779185246828016e-05
2.547466192719270156e-05
2.337893397224946972e-05
2.353588538532299407e-05
2.293447424006847088e-05
2.511828115465314007e-05
2.359827208241799384e-05
2.621491172696521258e-05
2.738180433834620989e-05
2.806225260809350043e-05
2.487897052094714795e-05
2.528221297192512567e-05
2.757234898751396963e-05
2.713439474291404381e-05
2.604862115800592989e-05
2.496496343560850029e-05
2.380354945907437540e-05
2.588609991777952423e-05
3.084732307531269597e-05
2.512063624798224437e-05
2.371170931143873079e-05
2.277530579783305101e-05
2.608728680909124323e-05
2.393030650593273195e-05
2.789766727256375254e-05
2.652465773856232074e-05
2.658633566252480623e-05
2.297353367318764406e-05
2.901948307554649831e-05
2.907693630924917561e-05
2.307853159094639395e-05
2.543680457024981837e-05
2.772793054978973780e-05
2.548816842120931866e-05
2.775070013395998021e-05
2.604309523290755960e-05
2.307361879029864456e-05
2.153910895061230044e-05
2.651372981568574452e-05
2.596350250981695586e-05
2.106479019325023280e-05
2.288221791936012744e-05
2.573706930032473004e-05
2.576326620668089242e-05
2.805479735171239591e-05
2.755892345984267515e-05
2.564205133602630733e-05
3.163597751184525614e-05
2.470013153153929251e-05
2.221789681098058081e-05
2.283871947754808940e-05
2.892782045350183887e-05
2.568193457474443012e-05
2.650700600487352796e-05
2.535061882889913407e-05
2.291911679879969209e-05
2.667049344556286325e-05
2.695214999727340004e-05
2.744222329797791282e-05
2.360477254233963253e-05
2.077753227621840267e-05
2.505205738668889997e-05
2.975318067072692577e-05
2.614733409087805567e-05
2.229096361267469842e-05
2.485551144053917911e-05
2.438685171151534764e-05
2.593176969797770316e-05
2.776057166141769505e-05
2.916628639604622338e-05
2.759244588635804092e-05
2.179791411604673767e-05
2.096906952665337782e-05
2.550659831297831003e-05
2.703168963207137478e-05
2.633002375363611961e-05
2.865430963624843142e-05
2.530492359920969944e-05
2.345022489264270027e-05
2.703731362210963821e-05
2.766101188929306597e-05
2.515025195885801812e-05
2.550551630356459950e-05
2.135062437342540576e-05
2.278129062725913013e-05
2.618096185765747010e-05
2.663221038662002296e-05
2.170020922706820553e-05
2.449106001335182501e-05
2.638551364358284558e-05
2.498962924242362614e-05
2.336723392141003191e-05
2.570897283867596848e-05
3.109737309625285078e-05
2.408070120413607269e-05
2.174590125031267005e-05
2.366010153734727654e-05
2.952268746546482373e-05
2.672998047975630546e-05
2.648107428317068859e-05
2.227384078413815511e-05
2.387760101937377053e-05
2.779548316316674363e-05
2.754813968002342860e-05
2.860922987466392071e-05
2.364170441345356155e-05
2.350731535065360387e-05
2.407915948697251536e-05
2.830883062257505176e-05
2.656762871874443667e-05
2.200723354092434935e-05
2.425477959548924035e-05
2.562800845398209844e-05
2.566932071998787791e-05
2.299373914829875180e-05
2.267858597199159018e-05
2.714819765034009994e-05
2.624420793725793224e-05
2.204814085770026602e-05
2.032227181898210025e-05
2.512966160622263329e-05
2.535550964877626590e-05
2.619614030309316006e-05
2.722111165375675190e-05
2.660018526409052981e-05
2.115670479072717189e-05
2.550469631584657409e-05
2.794138021024473645e-05
3.061165264869035609e-05
2.295027497879454821e-05
2.504825116853095525e-05
3.083072862406424907e-05
2.810103802637338530e-05
2.471889289063024082e-05
2.562355496991410123e-05
2.253750593084512534e-05
2.297649796713821215e-05
2.206593034285351623e-05
2.314582673660866937e-05
2.966675452712696620e-05
2.605191097646753463e-05
2.461454646355072225e-05
2.517535112672034936e-05
2.610947674286987592e-05
2.850556411052371022e-05
3.021477533483630067e-05
2.403436669176909596e-05
2.841357789090538695e-05
2.709616874522526787e-05
2.388254617556093395e-05
2.526300285065535549e-05
2.353325590893547102e-05
2.547753288585376027e-05
2.860162505033825235e-05
2.508608389508043421e-05
2.259814914061206056e-05
2.125231059588433141e-05
2.410542024752527639e-05
2.443020277464629504e-05
3.133898241461266325e-05
2.720258268935759827e-05
2.624711017956006707e-05
2.431795477402993286e-05
2.782438861356024965e-05
2.677771988111015821e-05
2.480594172570678167e-05
2.996384583161888808e-05
2.398359320999251471e-05
2.266746132396442643e-05
2.274357856233308827e-05
2.823782045379044824e-05
2.651380668653678855e-05
2.648645946600364535e-05
2.421495362402679646e-05
2.239541541713743473e-05
2.627823550358375135e-05
2.688207861524805414e-05
2.259537048622887380e-05
2.917812070162138403e-05
2.675560495768888701e-05
2.496791491290566303e-05
2.803820584723028120e-05
2.660445744158024221e-05
2.362459923983543562e-05
2.348173320272668645e-05
2.443020913546987554e-05
2.456895317576600051e-05
2.740086340145085806e-05
2.258325523778481286e-05
2.249303907710975241e-05
2.595274749800721912e-05
2.650922235105195837e-05
2.630244887265332094e-05
2.811649897856929208e-05
2.512281636248736338e-05
2.054288649520045299e-05
2.720737535061965745e-05
2.259386911644976686e-05
2.962822785515470831e-05
2.589627522362377215e-05
2.582741394606146476e-05
2.466724594555510307e-05
2.356904500676907456e-05
2.800031707763689533e-05
2.678288642515177140e-05
2.996238847391834937e-05
2.217989158265153455e-05
2.394622712116149528e-05
2.478194852804510844e-05
3.124845579693155250e-05
2.580751844988377484e-05
2.347726802259334565e-05
2.450690483433864240e-05
2.535759333520944009e-05
2.647911283367206786e-05
2.972766215472470586e-05
2.931282553968801813e-05
2.392676336399115344e-05
2.506709727071855471e-05
2.122321154120607780e-05
2.345010736859806942e-05
2.639571536562233047e-05
2.566345021958479997e-05
2.622417555125303027e-05
2.790363288827591912e-05
2.436946462592669819e-05
2.305536306215301946e-05
2.588176839896645954e-05
2.965520022583381386e-05
2.744089566970266930e-05
2.440091632036842919e-05
2.398156222046850730e-05
2.464648879926512975e-05
2.845560627081032340e-05
2.850711651240682903e-05
2.553851062129311727e-05
2.304423620550786263e-05
2.874119508955873647e-05
2.868887612361411475e-05
2.787209241442127622e-05
2.232013215139289986e-05
2.692978229891716306e-05
2.296879431600968617e-05
2.455361379400854626e-05
2.598931275773319250e-05
2.687184900496129541e-05
2.949378097611858718e-05
3.022069667672841741e-05
2.443022849706509515e-05
2.437766733069887613e-05
3.044839069505156435e-05
2.903708591708506481e-05
2.686656977685908626e-05
2.579945830183105737e-05
2.344284411373519545e-05
2.017163731613613468e-05
2.757752067624157026e-05
2.758764764559595107e-05
2.544428751277686058e-05
2.256415126090559819e-05
2.191536782468330192e-05
2.702224478275463970e-05
2.116775968387579266e-05
3.259254774929325844e-05
2.346351626368128906e-05
2.347130926499231752e-05
2.345968198552472782e-05
2.733453395194468378e-05
2.931923785549496222e-05
2.677878429704895708e-05
2.376629159079424414e-05
2.510194844586007348e-05
2.572614981381504413e-05
2.584348634740764870e-05
2.455831046861836143e-05
2.269231001132330949e-05
2.645815769306360704e-05
2.814016217934399498e-05
2.194664341914854007e-05
2.104250633869053560e-05
2.586704848355131221e-05
2.529850598735875649e-05
2.686716840714036721e-05
2.969895181050315457e-05
2.600946691237356271e-05
2.847678595461215951e-05
2.365396131687146211e-05
2.779561562220913203e-05
2.481704002182051315e-05
2.481330214267123509e-05
2.289291374107917598e-05
2.731904646666713700e-05
2.426828927311654386e-05
2.460176796669673937e-05
2.840124335974246453e-05
2.641981702089753325e-05
2.303442640688049109e-05
2.573037255138076271e-05
2.459457538930207349e-05
2.849981228103601186e-05
2.954053128947019033e-05
2.856175987425937397e-05
2.755824098167363785e-05
2.584693248714246038e-05
2.398756506444550376e-05
2.431077648625896748e-05
2.611785665240698762e-05
2.567055667255726284e-05
2.932181463711668116e-05
2.307630620058426053e-05
2.616746773110978279e-05
2.895601208451811781e-05
2.174486307020310160e-05
2.381391014751407746e-05
2.395074846869388953e-05
2.693213476562098086e-05
2.799105197971375311e-05
2.478997757040882763e-05
2.588336260017497930e-05
2.193766896598664347e-05
2.931320723697091954e-05
2.791497150536398345e-05
2.435813323169113456e-05
2.779096819671263233e-05
2.653111523425122231e-05
2.331817354715226822e-05
2.580870542109797036e-05
2.366240221279383059e-05
2.918941369037004064e-05
3.011488627388622002e-05
2.473806288230411297e-05
2.505264644825767293e-05
2.282626119551787281e-05
2.802894412658300477e-05
2.545849731036612157e-05
2.304837950673779644e-05
2.476738210842756966e-05
2.861511186096477908e-05
2.849908568321518477e-05
2.595407275684590310e-05
2.828346268452665467e-05
2.547462271514154040e-05
2.618512356461813305e-05
2.927013833410111441e-05
3.111343283963003531e-05
2.618476136473002597e-05
2.479944063122462700e-05
2.497397357811901889e-05
2.403580738506305855e-05
2.576161884412144773e-05
3.122602973675174596e-05
2.510462769782314762e-05
2.123508062936707032e-05
2.331819551665882480e-05
2.688065690466993226e-05
2.621087779266465740e-05
2.607962296049726975e-05
2.400171295692550810e-05
2.227737784499749822e-05
2.733381045365828991e-05
2.720393119460566073e-05
2.796224732581610201e-05
2.943659687406093961e-05
2.537226725423481210e-05
2.337033175307457784e-05
2.433915415504072076e-05
3.155729074856802635e-05
2.548213597104515075e-05
2.681846926402102618e-05
2.383305926056201711e-05
2.241040549937543160e-05
2.269582449931402949e-05
2.664625271066088129e-05
2.492104682001814931e-05
2.323927207798160343e-05
2.274155263587390624e-05
2.530015873846357824e-05
2.585188243792965033e-05
2.666977137696119218e-05
2.914086312760453390e-05
2.464435058275067913e-05
2.462025307761121678e-05
2.497291476178450654e-05
2.807652700040565608e-05
