3.452390781483528216e-07
3.574983626034224127e-07
2.748612357640795109e-07
4.145612016186132449e-07
3.134215193211622443e-07
3.137008497765058797e-07
2.965948946012165240e-07
3.882113936519242853e-07
3.978597164648067549e-07
3.324000467608723258e-07
3.105513231891226243e-07
3.078646131057621319e-07
4.171330656398622190e-07
3.474625374647106576e-07
3.505515804242820191e-07
3.205557790185824678e-07
2.667241833629433762e-07
2.805289728019320571e-07
3.639724645662601474e-07
3.417036983316813899e-07
2.991323004497042817e-07
2.805206642678115948e-07
3.435781024819375079e-07
3.330887373750849276e-07
3.858699772202407122e-07
3.972541393042738416e-07
3.581639724263522154e-07
4.115450443941414482e-07
3.202846703475974992e-07
2.751965888928184002e-07
2.990491028005038850e-07
3.736993719981300849e-07
3.313185936179028155e-07
3.311695105703908645e-07
3.340232191647222851e-07
2.837785868719484974e-07
3.435286268597094820e-07
3.291867602571205547e-07
4.524046179667437635e-07
2.502415497331815583e-07
3.259775206293357537e-07
3.165795343354734308e-07
3.835287469209418107e-07
3.430870284922630996e-07
2.894196595848316624e-07
3.275113319506860729e-07
3.553435500598969994e-07
3.479408503574568410e-07
3.445407953049661249e-07
3.388928514430380467e-07
2.838778042501381993e-07
3.023194286208545167e-07
3.316009360386124058e-07
3.712529774669015989e-07
3.776167494022319933e-07
3.159638860340645347e-07
3.079700281827463193e-07
3.471552686792081721e-07
4.023977630521612832e-07
2.789788440885059593e-07
3.236171066771059811e-07
3.329287612998801659e-07
3.776898687932908642e-07
3.382593137452249956e-07
3.440024020016517552e-07
3.008510654727216194e-07
3.868161755375545447e-07
3.572273934575968933e-07
3.265146509144076520e-07
3.783603365974930796e-07
2.981381160689754181e-07
3.502220352972485762e-07
3.147725734798558330e-07
3.326561003745850775e-07
3.959592113587827780e-07
3.359216315341050887e-07
3.171870220999076887e-07
3.589333050882237986e-07
3.203241785983747399e-07
3.504429894038961167e-07
3.794186415402563401e-07
3.412368172217826052e-07
2.968414395195031822e-07
3.207303881219706453e-07
3.834318226665885968e-07
3.676330223107131463e-07
3.345965266182682901e-07
3.490088018364714702e-07
3.681845606557834723e-07
3.665155782153528087e-07
3.222119193459440822e-07
3.743769226941442939e-07
4.239256321260176400e-07
3.443454149052318634e-07
3.213098196025607513e-07
3.630237163290561113e-07
2.982047305245121451e-07
3.324941311551210989e-07
3.971672969565209427e-07
3.268127098946344845e-07
2.812666764825943640e-07
3.535449638409801873e-07
3.640227932135483021e-07
2.714673295794592433e-07
2.897110310425576345e-07
3.557493614542702322e-07
3.416913562862530705e-07
3.904503981727976529e-07
3.999274845181603225e-07
3.453093480637675291e-07
3.511151847319313178e-07
3.053001347617454352e-07
3.066375192645805860e-07
4.276023960855842621e-07
3.350059422463700977e-07
3.122134105388499583e-07
2.988025321706144869e-07
3.064868746920852926e-07
3.646794008123581724e-07
3.588169676386444083e-07
3.212594543518713936e-07
3.059882039532461625e-07
3.104039073491121581e-07
3.506027994583136641e-07
3.466735689092033053e-07
3.899646196504653522e-07
3.115855149220655929e-07
3.220357205783933008e-07
3.536345233461008055e-07
4.116813482405906666e-07
3.811955076480937130e-07
3.411847386140899632e-07
3.404262977631305214e-07
2.921679511459163875e-07
3.025425201839509828e-07
3.644063008948950639e-07
3.610402325592171374e-07
4.009692619784558158e-07
3.089200517910057040e-07
2.839193950531349521e-07
3.095976560265920569e-07
3.938767650750857600e-07
3.302611747281830191e-07
3.179577560654968051e-07
3.309000927954181422e-07
3.137993495731988802e-07
3.579621968467781846e-07
3.699980522885542463e-07
4.124717514410699999e-07
3.157407360768504159e-07
3.212943187089659751e-07
3.784775807466530259e-07
4.140739103537933771e-07
3.128930532876922541e-07
3.533888204238987214e-07
3.373795137930049518e-07
4.135181671193269653e-07
2.962075627218331402e-07
3.439626558011118106e-07
4.190056967872737627e-07
3.876854409111193293e-07
2.890768736932603933e-07
3.197442741022037587e-07
3.934568657510745838e-07
3.715208273116168202e-07
3.343286296752221670e-07
3.321947885049407083e-07
2.777981909415858701e-07
3.809543201001467507e-07
3.713747899292054440e-07
3.442393662005225504e-07
3.011352884274214167e-07
3.726658863478616283e-07
3.286198976893416547e-07
3.230381944793927221e-07
3.491104760878606235e-07
4.196651543442394264e-07
4.689508266649882613e-07
2.987593677193940718e-07
3.319816756375387502e-07
3.786243619588423836e-07
3.938352415382117557e-07
3.588059013221557219e-07
3.197474878171183152e-07
3.268462833588863326e-07
2.890852222788691689e-07
3.389257029936545667e-07
3.964978753444780867e-07
3.261486834731584071e-07
3.148001291690992005e-07
2.578435171212467685e-07
3.482772107878617500e-07
3.479117990481581749e-07
3.422184682994608797e-07
2.951227370649692144e-07
3.290807066275328816e-07
3.298578272884181290e-07
2.925686786591500818e-07
3.592739931527189743e-07
4.218969018252224518e-07
3.366961995307378415e-07
3.072807470997957204e-07
3.917834841620606073e-07
3.754859227359949347e-07
3.297033695998024921e-07
3.240883858196929508e-07
2.970168288398078920e-07
2.867829803879986233e-07
3.453840176394483062e-07
3.580115962083790851e-07
2.838857477092229239e-07
3.210473103695870661e-07
3.421098206988628169e-07
3.516232053615559612e-07
3.462331829517279128e-07
3.306714973335084892e-07
2.817519225282969661e-07
3.080851807433012030e-07
3.179566084878276623e-07
2.692748855038569801e-07
3.031461959555521345e-07
3.139369285321973033e-07
3.435392824081554853e-07
3.396281713910937072e-07
4.030860188954374916e-07
2.843348344311355529e-07
2.917476547755967976e-07
3.245169186357530595e-07
3.636338778424573971e-07
3.635430948260041220e-07
2.468803092314040083e-07
3.211392127388101707e-07
3.151422102488143116e-07
3.507029994682703694e-07
3.474320566250371279e-07
3.441384583477082702e-07
3.173489402811593908e-07
3.342453491460048509e-07
3.126184644068455843e-07
3.113261505237770433e-07
3.231953575542873769e-07
3.719010175412191908e-07
3.340349138593415156e-07
4.177208574314112934e-07
2.919914596538396688e-07
3.021977928660932305e-07
3.508044434912069145e-07
3.794015311222519122e-07
3.749878463592545917e-07
3.418025678993214536e-07
4.386134622217809062e-07
3.742425355993279876e-07
3.158190862045391850e-07
3.439449313178284554e-07
3.933984524266582893e-07
3.267112152528254171e-07
3.249983436798224857e-07
3.269040070846703919e-07
2.662391558402944154e-07
3.044035303599601436e-07
2.971999966028760970e-07
3.423288477892656926e-07
4.259272707875941039e-07
3.486105277649169167e-07
3.210146800618964265e-07
3.295867402503267257e-07
3.318713193149997344e-07
3.639806701783380251e-07
4.419838727260808325e-07
3.244134632451378928e-07
3.138906547605383932e-07
3.054663775141106524e-07
3.560897881085952681e-07
3.771602291567003084e-07
3.622563097127563286e-07
2.422793232831256882e-07
3.206377718360258653e-07
4.280281297792958195e-07
3.457586155189364282e-07
3.111572375798475985e-07
2.676095790452118727e-07
2.844931701861140891e-07
3.249829730137740532e-07
3.041280228796596330e-07
4.722230735371755428e-07
3.946677391232280773e-07
3.308493376982041283e-07
3.275151407145354577e-07
3.284052105750698343e-07
2.981772005170442582e-07
3.331319986668099729e-07
3.707494611462163210e-07
3.168373916542097439e-07
2.891659059203332292e-07
2.968611361136776622e-07
3.830171884060831739e-07
3.364135569411149231e-07
3.167791487633601622e-07
3.079080188920825195e-07
3.372582407561473297e-07
3.139457459907556968e-07
4.156370138357414147e-07
2.759453916636477094e-07
3.112880136714839615e-07
3.456891864266611156e-07
2.801234043742402355e-07
3.128374570606659034e-07
3.465289399816656936e-07
3.595304496518033721e-07
3.423735298118049573e-07
2.798392828257418072e-07
2.603225841074839754e-07
3.367545605073101796e-07
3.391009512366907255e-07
3.143844375627793723e-07
3.181057381277817284e-07
3.764730315611366352e-07
3.338183760201068607e-07
3.651002009429402027e-07
3.372567948491108324e-07
3.360387109477515331e-07
3.648656073655625423e-07
4.212882315670876824e-07
2.772617587391092572e-07
3.664437954586093065e-07
3.567018681970025103e-07
2.762018660574693765e-07
3.300140704975475457e-07
3.435225510920481664e-07
3.680142762220313942e-07
2.817093880584360646e-07
3.358547182347322534e-07
3.813608725357706879e-07
3.575025721886005986e-07
3.095935114826892812e-07
2.659154525930844834e-07
4.259835765163671750e-07
3.468392010811371414e-07
3.360431406229003451e-07
2.813801163154199218e-07
3.424396678713368083e-07
3.533306709698073520e-07
3.932717700865051345e-07
3.696331053674127656e-07
4.009775492402583387e-07
3.212172298972827737e-07
2.756175865819387469e-07
3.300715649796703651e-07
3.809735137998104246e-07
3.766684527292997551e-07
3.068089253631194748e-07
3.436290696132493375e-07
2.948663284253664599e-07
3.127910033486641944e-07
3.501749115602665469e-07
3.453209657820005942e-07
3.038265258078758670e-07
3.153640063941548832e-07
3.598573081922258918e-07
3.378502875058057310e-07
3.978100740267097981e-07
2.928670462725554355e-07
3.127830581956341186e-07
3.421421465290819460e-07
3.626460793003194479e-07
3.674905382062545972e-07
3.791143569488783196e-07
3.296964485768956382e-07
3.365940778876894610e-07
2.830562864971378465e-07
3.065660362190560529e-07
3.733348213554848388e-07
3.654330285835510502e-07
3.820704782093578178e-07
3.144906885947890899e-07
2.963689262654875166e-07
3.272812380520212636e-07
3.698495483002350050e-07
3.478040863790784019e-07
2.678397368107325464e-07
3.239015041699537578e-07
3.257884105891131721e-07
3.360558112938022759e-07
3.636275313355249157e-07
3.565002312036804411e-07
3.347272842235439340e-07
3.810108978080093650e-07
3.692671671154215971e-07
3.238406887411245278e-07
3.504184888112950439e-07
3.428060027551886221e-07
2.758678103750052470e-07
3.238442764499620796e-07
3.687355921580183931e-07
4.009155544180983595e-07
3.390064545867054880e-07
3.236149472637317245e-07
3.565022847080684799e-07
3.557219071715007666e-07
3.311715827425501510e-07
3.296257366300955919e-07
3.056306945649942103e-07
4.181079029739110077e-07
3.533512180306593588e-07
3.427091890510720625e-07
2.927919240505756568e-07
3.197415067250142911e-07
3.717946413415107370e-07
3.162363027061965779e-07
3.423253884120785851e-07
3.213630169735038557e-07
3.473453141482312342e-07
3.675889063665523168e-07
3.422757121336681796e-07
3.183210673311157805e-07
3.502611342373744705e-07
3.707716649795417013e-07
3.633621818519764065e-07
3.012891235071000057e-07
3.495468420985156319e-07
2.813113620708389401e-07
3.121465269587098443e-07
3.620002164025263900e-07
3.707179620027891132e-07
2.735026324100453932e-07
3.418311206895626641e-07
3.366229824610720322e-07
3.832459390596263879e-07
4.504906762945564184e-07
3.655508715184648675e-07
3.278677051580077727e-07
3.026785655555375073e-07
2.774270927134893121e-07
3.082948240802138007e-07
3.987776366769429368e-07
2.999237850542593098e-07
2.982488553953851226e-07
2.999324879035906425e-07
3.707167931382298879e-07
3.720369193593611746e-07
3.742228399173922687e-07
2.675821580304430631e-07
3.016434162648285536e-07
3.295761607039487642e-07
3.433932588719848630e-07
3.623168561687892694e-07
2.872021378741502840e-07
3.434426345970892305e-07
3.753848318140233504e-07
4.338072202636395527e-07
3.576427566528630419e-07
3.156331157203946908e-07
2.759973121989148085e-07
2.911489097620082791e-07
3.304249059519479522e-07
3.535816851497159237e-07
2.902648287634329099e-07
2.826107036081372272e-07
3.239231220310945802e-07
3.554721328744518776e-07
3.450842249179289566e-07
3.163393536737789965e-07
3.102343853613966299e-07
3.499751293758741793e-07
3.553200231960628342e-07
4.457454298250744849e-07
2.690285376269913183e-07
3.255333653866920947e-07
3.686170346198149452e-07
2.972663841206780808e-07
3.615668374231440855e-07
3.658235372667900686e-07
3.950452268743550279e-07
3.137519565153922467e-07
3.094659840357625463e-07
4.164156700733893519e-07
3.334572450546177777e-07
2.971040076291799480e-07
3.337481804571477543e-07
3.750047289003269447e-07
3.593978339113528470e-07
3.535566383432348277e-07
3.354820810976168037e-07
2.933780155823486473e-07
3.605456060777467502e-07
3.641089695581151589e-07
3.491559701432112786e-07
3.317980627633498020e-07
3.184561227098270255e-07
2.866154163528434884e-07
3.368961266758180302e-07
3.188807302545227152e-07
3.536049473362289229e-07
3.911112154811299869e-07
2.860207371372720020e-07
3.178595980916305813e-07
3.803364485297317672e-07
3.732541988960177281e-07
3.267864381218773732e-07
3.278026104723810651e-07
2.951886168807665576e-07
3.677981400340494810e-07
3.852719998023425428e-07
3.162461770850368059e-07
3.062086504155677181e-07
3.034150569107439188e-07
3.614763921609385558e-07
3.430855579239174531e-07
3.568766710389620839e-07
3.212628243813268011e-07
3.087281358296677628e-07
3.456353199953586635e-07
3.215950683624845972e-07
3.693639896532340169e-07
3.756265657515434981e-07
3.339862202428291401e-07
3.100729663851987502e-07
3.104947401924278450e-07
2.499031373610116676e-07
3.578221322354365815e-07
3.514682274293553734e-07
3.264896961986438537e-07
2.971275472397847141e-07
2.608779589566733634e-07
4.200454832880299856e-07
3.324688893088496582e-07
3.277209389836021740e-07
2.938869481174998146e-07
3.184679209896954153e-07
3.540492073238650650e-07
3.863668718616654579e-07
2.854793066165312575e-07
3.297741220297302125e-07
2.725219805401839234e-07
3.360544060724532824e-07
3.362952180625399148e-07
3.433109726194811464e-07
3.374561278017997849e-07
2.754469503153980602e-07
2.936143254162636074e-07
3.628801729251032522e-07
3.489272295126472048e-07
3.284962824240080930e-07
3.114812012240938386e-07
3.819945696167637569e-07
3.998533844372617178e-07
3.354093631786663297e-07
3.010938352275628059e-07
3.586168885598074151e-07
3.819314844741738243e-07
3.601252665143653787e-07
3.123194870946082056e-07
3.500944962091813350e-07
3.237259919344156887e-07
2.782176584971550171e-07
3.441594606838252949e-07
3.297537649646247778e-07
4.212465731092713791e-07
2.672441160293910949e-07
3.157735373921355908e-07
3.068381819480161946e-07
3.633289737574735516e-07
3.350205857078827414e-07
2.597422015236926899e-07
3.346379793700501246e-07
3.334732029231385954e-07
3.895709432222808145e-07
3.894986363759308664e-07
3.187437696633114161e-07
2.906382035150731716e-07
3.976215271964645971e-07
3.637299048101736843e-07
3.813537530310197416e-07
3.293658266626520761e-07
3.320333512341716505e-07
3.539632605169004214e-07
3.859677199015142044e-07
3.135564868384676655e-07
3.215169629199179891e-07
3.860648005138376073e-07
3.084194852206544017e-07
3.836643946157881750e-07
3.690782514767170531e-07
3.839485652885328030e-07
2.952851516431471722e-07
3.378436047328511693e-07
2.874778521404390363e-07
3.627741157877674913e-07
3.698877896187382041e-07
3.236187811557538020e-07
3.016929974644094932e-07
3.120537828175572061e-07
3.258096427371678528e-07
3.084873207015902939e-07
3.937498803147033160e-07
3.583768254768579837e-07
3.162849557494881551e-07
3.306154363944438606e-07
3.119908519735793980e-07
3.677168616100788239e-07
3.924864390676375288e-07
3.274008285393151083e-07
2.544949646978575332e-07
3.118816855198454894e-07
3.594975849577964618e-07
3.275949325557141575e-07
3.625705351856675891e-07
3.021959117284014663e-07
2.860583403387721727e-07
3.044295585585474667e-07
3.380495597765057825e-07
3.417476252381928780e-07
3.085782147536688540e-07
3.076723922676281558e-07
3.405638371948719161e-07
3.250638560117167805e-07
3.141653950369290860e-07
3.615934896785593127e-07
3.760464747383309361e-07
3.168172376145238161e-07
2.852293462428566581e-07
2.969761265741515745e-07
3.615823540366883869e-07
3.343780356137221948e-07
2.968059980778663727e-07
2.949369868868038885e-07
3.596576245063921785e-07
3.599206046239288399e-07
3.696184653225283757e-07
2.966579967498235756e-07
2.963015021699425184e-07
3.464113902423112473e-07
3.617140781024861664e-07
3.553155640082726897e-07
2.685744219129065658e-07
3.335676226722684954e-07
3.630831500356470484e-07
3.163999741832043981e-07
3.076334751254091721e-07
2.918783185656889192e-07
3.517688373607649336e-07
3.215573219075425443e-07
3.183233627459743734e-07
3.007089564747416072e-07
3.319457435508496867e-07
3.315829935733502093e-07
3.672784542620112134e-07
3.402387143228194780e-07
3.317864663129446605e-07
2.651891595894848249e-07
3.725971369065014114e-07
3.704309754551258958e-07
2.956354285043675724e-07
3.340969477456569175e-07
3.263838231269168618e-07
3.602121341463012573e-07
3.817718301259663767e-07
3.250229170679755337e-07
3.427260502150410890e-07
4.176696845521503106e-07
2.977985822830958523e-07
2.929093337185764927e-07
3.298804343006557997e-07
4.067647512485301074e-07
3.354544851486176148e-07
2.946577655278439452e-07
3.268940730996724205e-07
3.295280678198375674e-07
3.348395295045787820e-07
3.280567279134950430e-07
3.442769686365798520e-07
2.876117122553519875e-07
3.096714475955616775e-07
3.505087298043821138e-07
3.435092357123175595e-07
2.975989438280601457e-07
2.703212908022020035e-07
3.166486073925149048e-07
4.094720033151288537e-07
3.251490508219678310e-07
3.528409904486580721e-07
3.321476467986776929e-07
3.307356836208262533e-07
3.057657803289076141e-07
3.350046990806296695e-07
3.678331798603615101e-07
2.810999874778211339e-07
3.260743724019741344e-07
3.565130697610824194e-07
3.564039626746933085e-07
4.190118220504919348e-07
2.934707038294809977e-07
3.126442988014179459e-07
3.313888017478707966e-07
3.603149926105880724e-07
4.034690901190211855e-07
2.853419849030291141e-07
3.242033983269286143e-07
3.195238990315637834e-07
4.098077404618655685e-07
2.682837140558589544e-07
3.558159431871077976e-07
3.665183728355097518e-07
3.804871559414755765e-07
2.960132795456583580e-07
3.068683331823173127e-07
3.359443652666252536e-07
3.808569413346852744e-07
3.480346019110035633e-07
2.652108098850587447e-07
3.339420069589781008e-07
3.174897321990466017e-07
3.502603325678938228e-07
3.593884905431708020e-07
3.498747941320823689e-07
3.196029359386407077e-07
3.178507983546163126e-07
3.691967705297603786e-07
3.899101787603187823e-07
3.617562471696326111e-07
3.253860721478957337e-07
3.303265226260738716e-07
3.216957939469412917e-07
3.266044450342362284e-07
3.730881982528880811e-07
3.619584246110765082e-07
2.993842035143646991e-07
3.133762999458912602e-07
4.000691771094509380e-07
3.826406555954000364e-07
3.184523271124501552e-07
3.250123732629201406e-07
2.830863394043773771e-07
3.949225454983920811e-07
3.579394356586021595e-07
3.407316676008618990e-07
2.973075327008808541e-07
3.127008298592214110e-07
3.811813546372998777e-07
3.268879941389912907e-07
3.528136184436629299e-07
3.094189860113731130e-07
2.867778199134278438e-07
2.926874609927123505e-07
3.139278280740945397e-07
3.112817841589463463e-07
3.686747191492987128e-07
3.777123235912365887e-07
3.316178027352876178e-07
3.178244987275282262e-07
2.923698540748032431e-07
3.453119454375351081e-07
3.700008130031576219e-07
3.222768647665136289e-07
3.473309913247675947e-07
3.391878871980518342e-07
3.209629931913642655e-07
2.401764956763982279e-07
3.673448315303912335e-07
3.360194490704836500e-07
2.823319419238851077e-07
3.138415565457266945e-07
3.251065451152835578e-07
3.449512579152739801e-07
3.248460796911979081e-07
3.144245788667366964e-07
4.488521108481579957e-07
2.942258992891163344e-07
2.836321504531796963e-07
3.487691099656269991e-07
3.388635422094660489e-07
3.315852550754393081e-07
3.111716669194365375e-07
3.058010704127051723e-07
3.416559095721960474e-07
3.494295823330133776e-07
3.619927007584907152e-07
2.933443343368065083e-07
2.944273476843910092e-07
3.334879210101256762e-07
3.708285172099430052e-07
3.504857580179722672e-07
3.058072684916016166e-07
3.024433979830807732e-07
3.326397306565443623e-07
3.370359777366161382e-07
3.111960598988648836e-07
3.035622159560927152e-07
3.440008431060816625e-07
3.093773248144503581e-07
2.897205651302130658e-07
2.968639064411675355e-07
3.638428029478386104e-07
3.261307613379991575e-07
3.301955565785194845e-07
2.602915917135353247e-07
3.412958568643737976e-07
3.431252828182310354e-07
4.252431089812822824e-07
2.780935052261034077e-07
3.343268371261540341e-07
3.085259312559741314e-07
3.647609342441010700e-07
3.704605618566295329e-07
3.147647368851932325e-07
3.354919588598477656e-07
2.912414772526550160e-07
2.564937119032719687e-07
3.131316216136760082e-07
3.797800267216207379e-07
3.420551120176459039e-07
3.017609020461074575e-07
3.046245941755038760e-07
3.258242022189423316e-07
3.367702077148758233e-07
3.827528151484391923e-07
3.920934435818192103e-07
3.127149814323830708e-07
3.475921895576803554e-07
3.581135617329878179e-07
3.537266880092726100e-07
3.459391149042092080e-07
3.204489603252373850e-07
2.926368126875355661e-07
3.715906726045547411e-07
3.678530277297563360e-07
3.449613568427224317e-07
2.831397338537103897e-07
3.232378854643262352e-07
3.362997602522836183e-07
3.390885780560401011e-07
4.005829050258448353e-07
3.902213102327470220e-07
3.123562117742079585e-07
3.011080853758104822e-07
3.082370111790330356e-07
3.616503955973010746e-07
4.038620438571159388e-07
3.596325145684117946e-07
3.388109374099796285e-07
3.619091085256467132e-07
3.629664948344856508e-07
3.639050155780099396e-07
3.189179146928991590e-07
2.733035917700141426e-07
2.853660104932880588e-07
3.627296382854811555e-07
3.409456386411407295e-07
3.075237755423065703e-07
3.596424286769982591e-07
3.171749163974992405e-07
3.297196819431630056e-07
3.416001782579284663e-07
3.631362422771122097e-07
3.211689817839885689e-07
2.825239668187897503e-07
2.887118006051189749e-07
3.566610364839008352e-07
3.509579689801785342e-07
3.560341782457815990e-07
2.732469654947481233e-07
3.124084165090297445e-07
3.535893314946609813e-07
3.324356622188308208e-07
3.833305550371687920e-07
3.083893484876288090e-07
2.841290652359444555e-07
3.381982846652767430e-07
3.970582346888719736e-07
3.528168039678626757e-07
3.034028926044879603e-07
3.402298590504109421e-07
3.564215080301546134e-07
3.135307473984784831e-07
2.936265074406537479e-07
2.848578694053367875e-07
3.780269852436086602e-07
3.450509100874465184e-07
3.019571871115177095e-07
2.957531031889695213e-07
3.633399790791453289e-07
3.536715491247015377e-07
3.149771213349659727e-07
2.951237985594963617e-07
3.647172604766201053e-07
3.585249587446380418e-07
3.000856628846735258e-07
3.383983759822327936e-07
3.278273704109400793e-07
3.727685769949841308e-07
4.135539211001485466e-07
3.642546999719766018e-07
3.496306802676785775e-07
4.231277950256437633e-07
2.930125820883457453e-07
3.284759541346426909e-07
3.799007469787237669e-07
3.467621959026899315e-07
2.969053605627581350e-07
3.219407862815106873e-07
3.179893078113048111e-07
3.555693991411514139e-07
3.417859981811061593e-07
3.191900780648960710e-07
3.033097150265695766e-07
3.788877287137618326e-07
4.247479814673925917e-07
3.411389310097465793e-07
3.229265837107417328e-07
3.182882665020651573e-07
3.153892886220098885e-07
3.371919063649159774e-07
3.423566445141977616e-07
3.692333177853401960e-07
3.832215597524133356e-07
2.800650104407842958e-07
3.252272095405327997e-07
3.300552193655921786e-07
4.260747859512590242e-07
3.750254320379369019e-07
3.337982736093802978e-07
3.368417523206195928e-07
2.745115876431925369e-07
3.591028813562338951e-07
2.969366016084810623e-07
2.852898547611853991e-07
3.487899660896664554e-07
3.843279034177984893e-07
3.291598095558705194e-07
2.994698203374833402e-07
3.007365241427326438e-07
3.674548470850545798e-07
3.343586357701987037e-07
3.533603430691706783e-07
3.023415529849669799e-07
4.123058005955761576e-07
3.243725193667329907e-07
3.293021074442503419e-07
3.104486186228937822e-07
3.618571347529482517e-07
4.004072782617211594e-07
3.768398212754461319e-07
2.964444596996878089e-07
3.338316110323728444e-07
3.488686601203438830e-07
3.393077477428120203e-07
3.248285351328529989e-07
2.861818295639530040e-07
2.896593626444651531e-07
3.368642760333352596e-07
2.910288178523208973e-07
2.785013028320891921e-07
3.217534975707242475e-07
3.494145303324123873e-07
3.630619297493381583e-07
3.539422964150648010e-07
3.629812337127030090e-07
3.398794611056315733e-07
2.901282153412065777e-07
3.069522990360630173e-07
3.719554913153541833e-07
3.363575363639668126e-07
3.378944475844260536e-07
3.052464924430560319e-07
2.421616315763760425e-07
3.902361765345779292e-07
3.993714030320422135e-07
2.803061954206007362e-07
3.091143342585589694e-07
3.494312628464411871e-07
3.781987396724009753e-07
3.565894674750427229e-07
2.872966773230765256e-07
3.195499815410178998e-07
3.149505599361114987e-07
3.491954214528793369e-07
3.733396274720993753e-07
3.446226152277982165e-07
3.381441171679424810e-07
3.317462033514383969e-07
3.096904412116434910e-07
3.157415303209386512e-07
3.301570931533818142e-07
3.628047410385092267e-07
3.458380416059966653e-07
3.707006840126221115e-07
3.198187065500995445e-07
3.216342297177713688e-07
3.515642432878922501e-07
3.857587603975078867e-07
2.870544014653280808e-07
3.354445920450856309e-07
3.338955120924077650e-07
3.588864614256906283e-07
3.694094413459899378e-07
3.157818424190836831e-07
3.123535193493023265e-07
2.590332395878326143e-07
4.391667371453763738e-07
3.350109570391327741e-07
3.107708857647504234e-07
3.836407137676424600e-07
3.333147077044262550e-07
3.022446016672426862e-07
3.230894656699307275e-07
3.072574807972001764e-07
3.490986418033460744e-07
3.833472381567037832e-07
3.994756686796302093e-07
3.086576432630857721e-07
3.236246918756239672e-07
3.610564694072973622e-07
4.078577544727000301e-07
2.914045111575043281e-07
3.180471753495179700e-07
3.603191724917407959e-07
3.399983608307076119e-07
2.842970304428811267e-07
3.275227279572250545e-07
3.106158255672084736e-07
3.491524597402940369e-07
2.725495521650044052e-07
3.028622119352150329e-07
3.614892551871924157e-07
3.386997081405742579e-07
2.848242180711801291e-07
2.989030514018634655e-07
3.442352923676745416e-07
3.215332196959924921e-07
3.561954756940241449e-07
4.533533295043690760e-07
3.260685761346897565e-07
2.980693314175543974e-07
3.438056918809531152e-07
3.614640369368148777e-07
2.765982378943364409e-07
3.325019379904392035e-07
3.297074229189974201e-07
4.041805792438507198e-07
3.847713215007089663e-07
3.389621296232871357e-07
3.512831403646662801e-07
2.705415458015320103e-07
3.243612623191070626e-07
2.910674122973092600e-07
3.192196972926943344e-07
3.935764282584919768e-07
3.635912900328854284e-07
3.154413639420455779e-07
3.385770118729955280e-07
4.428968063229666050e-07
3.910408800135288654e-07
3.046561871304371597e-07
4.048673387528622893e-07
3.971507296615737899e-07
3.580228926724221687e-07
3.092767654066470632e-07
3.075849674994153080e-07
3.404892075878920933e-07
4.141006273880100506e-07
3.152915823893436516e-07
2.608080819479833310e-07
3.094429908260839600e-07
2.934951551268523706e-07
3.154052599063380624e-07
3.028736631348188043e-07
3.819169211261269869e-07
3.821073958894066160e-07
3.369124036588198960e-07
3.590767657837791483e-07
3.018046418078641483e-07
4.271039151596733009e-07
3.721027904611648244e-07
3.111691275945044829e-07
3.121672729477102504e-07
3.174226483740194845e-07
3.909380967759791721e-07
3.574296822423915569e-07
3.270226023249279680e-07
3.298740220749354763e-07
3.060339012251996546e-07
2.975128818081196618e-07
3.224999293601443172e-07
3.532815583247989506e-07
2.835207537032169888e-07
3.419722803304634422e-07
3.246710379734992655e-07
3.079280546236470262e-07
3.137098016187567085e-07
3.283189599903020589e-07
4.117087214662697648e-07
3.408068542214959547e-07
2.897822973561164333e-07
2.985636687348657864e-07
4.071253777791927869e-07
3.291449244591572535e-07
3.356197484531306209e-07
3.361727285262714381e-07
2.966900710563336049e-07
3.088555001539688936e-07
3.360373041171832472e-07
3.589010639355633576e-07
3.519746300799580124e-07
3.918266588537278779e-07
3.128336171021744289e-07
3.419932374688886372e-07
2.906906460239959456e-07
3.047955766377128639e-07
3.721247599552123735e-07
3.464262404906879648e-07
3.508601630629360457e-07
2.866289601299244307e-07
3.776328980834352381e-07
3.744866533254428652e-07
3.090427588467446043e-07
2.934008606483841497e-07
3.134117626819573807e-07
3.860937629867705399e-07
3.340156312974663272e-07
2.989746495591471604e-07
3.250725073099576518e-07
3.337143787679288458e-07
3.773676512357613499e-07
4.178923467875978417e-07
3.096811699221594854e-07
3.247072273812723995e-07
2.761149556649619216e-07
2.610332681810677433e-07
3.218867944816641170e-07
3.357745385888845612e-07
3.263095609723712252e-07
4.276867705927568556e-07
3.225214112861870635e-07
2.677251659465175094e-07
3.622321019970061985e-07
3.811357123775295659e-07
3.674646789380768248e-07
2.992393133713603347e-07
3.432532032211420170e-07
3.376080508460564612e-07
3.572148464333849468e-07
3.918981441335736540e-07
3.195818288435223868e-07
2.888371094008481573e-07
3.849961126985591338e-07
3.599898581507961611e-07
3.561181383722494974e-07
3.102075124244811357e-07
3.201561145473101419e-07
3.054012579519155599e-07
3.163059835177083288e-07
3.225983813820927445e-07
3.449658521185513526e-07
3.785160822921039763e-07
3.606658779819077361e-07
2.896968948033989608e-07
3.178754484027535154e-07
3.681296066116422812e-07
3.785360181645547927e-07
3.539447200345732651e-07
3.270792899357860153e-07
3.287604509681103033e-07
3.305246567640395204e-07
3.897852185421494359e-07
3.329757711085439036e-07
3.110729744002894345e-07
2.790747698465650791e-07
3.393954290953286585e-07
3.500103034303470361e-07
2.989069816185173034e-07
3.734047427315371905e-07
3.129956630902328854e-07
3.287162148690766874e-07
2.722917267399736730e-07
4.165469548395111056e-07
3.720271983902840130e-07
3.519925931350720031e-07
2.949037727037332880e-07
3.171640624454319492e-07
3.657431979729992350e-07
3.548707961317574337e-07
3.683227290552684284e-07
3.095916290502576292e-07
2.987729057084919977e-07
3.427973067054746246e-07
3.504190674062499064e-07
3.007302006771506474e-07
3.035920167335610137e-07
3.254135998335909374e-07
3.413194020007425200e-07
3.297172217593895959e-07
3.606613696493096671e-07
3.407913636958589974e-07
3.577696647669865923e-07
2.986438592116345720e-07
3.134201739882815168e-07
2.872279431962849181e-07
3.914406841146914998e-07
3.316466236112207886e-07
3.583386731067927180e-07
3.139842587822273007e-07
3.294499043743172509e-07
3.405460040942045416e-07
3.893081860269745260e-07
2.959157340843139794e-07
3.198196954728665387e-07
3.351141863295269238e-07
3.377444291145369907e-07
3.781751134505866634e-07
3.251920147554105736e-07
3.306794671910063193e-07
3.243357026314631988e-07
3.702526444455574149e-07
3.563164283704017010e-07
3.505903672835374756e-07
3.322754294551102701e-07
3.160050149205590608e-07
3.031906080182650866e-07
3.038163474358567514e-07
3.348614069130746639e-07
3.551964646125977214e-07
3.968210844135439218e-07
3.104464668177466994e-07
3.040778215592955811e-07
3.435064044175464948e-07
3.709071102873025404e-07
2.913069399487515916e-07
3.080671367941821333e-07
3.165859655553135616e-07
4.002472293916416254e-07
3.244244264594677852e-07
3.210325060528280633e-07
3.550113675092660488e-07
4.365722965924317989e-07
3.071665091003923625e-07
3.598964925745930254e-07
2.746448457977714984e-07
3.221856027404062522e-07
3.104775336895878487e-07
3.475923989407387408e-07
3.786038628071279502e-07
3.382281765699348332e-07
3.503408477613568892e-07
3.299448146026772242e-07
3.783352645422246579e-07
3.893300676052623588e-07
3.300581506968413975e-07
3.277552819047681416e-07
3.045598405512968704e-07
2.751480046718646655e-07
3.432045357649246330e-07
4.412387924203569460e-07
3.325514778520192790e-07
2.693852572328564567e-07
2.997218767988267295e-07
3.357798757424371661e-07
3.473666447967765984e-07
3.785320974288928818e-07
3.048621561887873159e-07
2.793658364402193039e-07
3.910209246169634266e-07
3.427856043038847720e-07
2.920963821443523936e-07
3.328774922243674421e-07
3.300030149039085543e-07
2.954999766181622474e-07
2.957866821819619584e-07
4.346014830717524986e-07
3.312338645659042701e-07
2.830182137165671940e-07
2.908786475098739015e-07
3.474017047351647115e-07
3.496245292690422754e-07
4.214147108605474097e-07
3.727135336598369303e-07
3.896726503868073352e-07
3.424664035283870904e-07
2.705529874536185223e-07
3.445364958988783297e-07
3.575252517802875228e-07
3.658079280911662811e-07
3.577334692356290002e-07
3.201044086163105592e-07
2.661083248701952224e-07
2.842134292070002143e-07
3.495984768028290880e-07
3.546242029963149118e-07
3.057770165532569378e-07
2.996217757184389585e-07
3.131303049186418965e-07
3.619461935898104710e-07
3.264857188584668189e-07
3.223802856773528526e-07
3.063267845193615848e-07
3.538387579558179063e-07
3.359994477529523064e-07
4.022479765649403325e-07
3.812034087913499277e-07
3.457112909073841615e-07
3.573122527441628914e-07
2.974329901116348436e-07
2.805726488889024219e-07
3.577441232826460006e-07
3.397027550096844379e-07
3.614115351550189023e-07
3.218614672787431633e-07
3.207009281499043815e-07
3.795868873791862730e-07
3.426585741530299365e-07
2.970861011586999474e-07
3.068607460179658756e-07
3.524166830897211841e-07
3.114797558522478563e-07
3.796978418127250377e-07
3.055753269895431698e-07
4.251646862233241888e-07
3.823218602383832573e-07
3.202300483514313409e-07
3.448474801589463529e-07
2.567992942032504823e-07
3.512648738680259491e-07
3.419356880995650488e-07
3.922368801169706791e-07
2.770751110354673244e-07
3.081547229937219472e-07
3.045466033336452421e-07
3.663764108545385356e-07
3.958890635452622884e-07
3.220512365543231220e-07
3.109558770686545606e-07
2.942832199076706487e-07
4.399176996191817749e-07
3.646485461665935857e-07
3.333456927643441553e-07
3.237429061856865287e-07
3.144602511516727722e-07
4.019251010052841256e-07
3.349034309953006807e-07
3.255673318238188736e-07
3.537464612920225773e-07
3.883498017047647370e-07
4.131336072337306975e-07
3.197490408139379931e-07
3.399193228304683359e-07
3.587345124318516409e-07
3.731024204972036446e-07
3.607954191741442634e-07
3.183494882463872573e-07
3.293335163520780266e-07
3.366821413974595751e-07
3.338993534183778169e-07
3.094129815533608837e-07
4.407732688827665592e-07
3.444941489522828212e-07
3.648925807538933853e-07
3.127044062923686510e-07
3.309558514038020774e-07
3.383566411662345156e-07
3.649390539186273384e-07
3.553685616650338429e-07
3.549721470671250989e-07
3.160628727300247968e-07
3.210410053506059563e-07
3.569627110559186556e-07
3.513482436001356135e-07
3.365519268500554036e-07
2.780534963994655101e-07
3.019935657847840537e-07
3.671288100417301407e-07
3.364904987208343265e-07
3.422138283719821498e-07
3.124834513648550757e-07
3.009354635842789328e-07
3.492978925764074698e-07
3.353215693208789386e-07
4.381982522237234292e-07
3.093441831812572910e-07
3.401885388009157303e-07
3.932249104686217656e-07
3.619985634785970815e-07
3.428707978837681094e-07
3.654873329268047986e-07
3.545689629226522086e-07
3.286949986392906910e-07
3.237701354043262607e-07
3.180663692644765609e-07
3.500206221454587313e-07
3.497487022293118514e-07
2.884156306289140897e-07
2.967669261272998895e-07
3.253967603715267973e-07
3.501726300473856993e-07
3.702641663191628675e-07
3.793051917962203924e-07
3.244669311946943652e-07
3.207860301122451543e-07
3.387291428076887177e-07
4.378587655466487512e-07
3.673912096439725753e-07
3.107917061985390041e-07
3.256464499312679823e-07
3.446331773578121476e-07
3.892495689427915467e-07
2.999873102567064746e-07
3.689899398750073364e-07
3.584689136161819334e-07
3.465788764156490426e-07
3.196254542249592296e-07
2.748564596539371561e-07
3.327444665867441178e-07
3.758282461305497350e-07
3.445422988156471057e-07
2.971132352229141112e-07
3.139679676595378456e-07
3.310846338171723312e-07
3.229173991577854269e-07
3.624966648726866028e-07
4.311540679875191606e-07
3.304946027518142758e-07
3.228708534592589372e-07
4.236630593941517494e-07
4.120513741541877318e-07
3.295882089597486669e-07
3.268298250745563921e-07
3.134342325685909503e-07
3.271539626510965847e-07
2.753855462518266234e-07
3.500387832093192672e-07
4.039042569136531908e-07
3.627153099946788748e-07
3.081280595338432499e-07
3.199340496062249781e-07
3.188636251632219307e-07
3.681429903851349821e-07
4.005025042545261980e-07
3.166402325031016806e-07
3.096686660113062201e-07
3.554482821422100935e-07
3.049220824007607634e-07
3.333503338240441496e-07
3.138335508180877785e-07
3.497842452014556090e-07
4.042360408549333893e-07
3.154165906581142322e-07
3.367481010783456653e-07
2.565907129708242039e-07
3.823814781593426483e-07
3.497797606760307353e-07
3.649105637213380033e-07
3.975678631673289330e-07
4.284990593607574004e-07
3.222407589512442601e-07
3.361258071429173973e-07
2.573070096117173167e-07
3.429422412840732532e-07
4.437370701563547521e-07
3.483907563169351129e-07
3.021545327083293081e-07
3.205607501519312151e-07
3.687311456658178365e-07
3.168254775890134928e-07
3.541469299670865882e-07
3.128634035255243535e-07
2.932594181711731560e-07
3.370139385353895309e-07
3.309899369060578102e-07
3.048839330763160149e-07
3.091079498534261050e-07
3.653870904483064251e-07
3.483090959963074424e-07
2.565107428978041586e-07
3.465098055797490848e-07
3.589207841980836035e-07
3.289477730027658395e-07
3.128748308229008392e-07
2.766531637504435219e-07
3.581888944462748375e-07
3.309632079152556081e-07
3.393379495814504166e-07
2.783340200156714355e-07
2.994684089349697005e-07
3.345339328136754013e-07
3.602510061225592184e-07
3.997435942124843746e-07
2.926116388640893159e-07
2.755944998867211090e-07
3.118235910644308305e-07
3.421951499460719694e-07
3.735825888475915707e-07
2.409362240880564330e-07
3.308509156205019911e-07
3.129800265454705063e-07
2.773217934376020395e-07
2.811996312418626231e-07
3.371119967378733431e-07
3.665616512056376048e-07
2.710927334921129490e-07
2.805518479256777700e-07
3.630605933869449298e-07
3.358794184196372418e-07
3.553692531100993826e-07
3.377017071309400817e-07
2.987552248429145632e-07
4.128987008717767854e-07
3.903033370742462256e-07
3.027021310270167297e-07
3.050689107955531249e-07
3.130508624833857856e-07
3.465653505234785697e-07
3.764487219913599287e-07
3.214009616779232409e-07
3.124242569598296989e-07
3.058450288918164451e-07
2.722161734213064317e-07
2.943614745929749936e-07
3.639821139537937701e-07
3.492561124391791949e-07
3.478469141712569431e-07
2.684111188987091949e-07
3.136418810317395310e-07
3.418607396713270260e-07
3.349557064681385571e-07
3.560991730257538616e-07
3.739721702247221719e-07
3.359027470920542129e-07
3.146929366701870035e-07
3.682253688128683382e-07
3.795330066047506174e-07
3.312931294877914169e-07
3.415076972513539591e-07
3.066132878392500143e-07
3.429756557454050138e-07
4.008461428426630253e-07
3.331288634817222194e-07
2.910865047882545966e-07
3.064253495613205696e-07
2.934800134161159458e-07
3.253229270452030588e-07
3.234758210551187269e-07
3.450400459515117373e-07
4.624705068887634222e-07
3.114795946551901923e-07
3.172212617722949945e-07
2.728732793648060432e-07
4.030649270699580290e-07
3.604089652819200275e-07
3.415374311474918599e-07
3.033699841975574557e-07
3.223322668202730219e-07
3.391452425519642173e-07
3.415267325500312921e-07
3.171068819170137245e-07
3.077799331586530717e-07
2.976365302435216243e-07
3.522636163967538791e-07
3.550642268824082541e-07
2.723447202544900808e-07
2.538400373917761676e-07
3.824875130410950314e-07
2.933386428448519454e-07
3.405322877576849246e-07
3.004038627990438690e-07
3.650282038980138750e-07
3.858108358477304755e-07
3.198352556517954298e-07
3.065230576505542248e-07
4.219317072357387108e-07
3.335629753969710657e-07
3.218693820822537196e-07
2.952782571551720003e-07
3.243668820737640801e-07
3.224350842099059101e-07
4.139019700602582082e-07
3.038578697372897917e-07
2.581376604934154217e-07
3.130144453660006593e-07
3.315714739925089437e-07
2.850492824069969663e-07
3.691110851360493926e-07
3.365807912782064604e-07
2.705725141609567815e-07
2.895944615753369356e-07
2.709971575172307580e-07
2.811218625414138745e-07
3.268919090782715889e-07
3.415609956990624378e-07
3.358487341173203033e-07
4.353950796030479498e-07
3.184410793206328156e-07
3.079466857448132164e-07
3.493421915163063757e-07
3.792639579981136911e-07
3.840014354083498341e-07
2.971840425600916587e-07
3.185586641902644443e-07
3.093170103903699828e-07
3.786160463525686648e-07
3.712722915500086824e-07
3.653819485638696004e-07
3.631911705622004046e-07
2.924737211248984717e-07
3.043929917725753483e-07
3.105394948544741227e-07
3.750313254438372500e-07
3.560235948622336369e-07
2.815816560008289104e-07
3.158352262055970728e-07
3.361375336465818480e-07
3.274297324729506879e-07
3.222748644406310409e-07
3.407655753527811649e-07
4.083246702008837557e-07
4.036201269897651896e-07
3.212784399360559290e-07
2.677620902503287503e-07
3.943489637053460713e-07
3.624254446555849595e-07
3.418059385608483576e-07
3.075917794493778832e-07
3.082878532533019308e-07
2.896132484311557979e-07
3.315490353282391581e-07
2.993543600324514508e-07
3.353145909548401544e-07
3.694043999256896792e-07
3.723998706055681311e-07
3.245989307988379550e-07
3.395667535980947715e-07
3.534344776390475508e-07
3.531418381556710449e-07
3.304864974642518647e-07
3.287120985015437959e-07
3.065532660325757135e-07
3.363192054748234410e-07
4.349010871780881832e-07
3.321105619815795756e-07
3.025591999004199882e-07
2.931118004213323729e-07
3.432508563748647422e-07
3.079922826236227266e-07
3.653359742446671822e-07
3.527958028834861759e-07
3.578321071863280730e-07
2.973013219956434182e-07
3.921580159599977989e-07
3.844852330935297913e-07
2.970397159210944808e-07
3.259528443739008012e-07
3.756517592125934976e-07
3.408700792342632435e-07
3.693793705892174334e-07
3.297291276943444438e-07
2.985796629022233995e-07
2.702854746847418185e-07
3.612713151604211157e-07
3.420743151983413152e-07
2.686796444500169318e-07
2.988660221542377096e-07
3.263663108190926508e-07
3.273923585972097903e-07
3.706292599782418873e-07
3.579254075479798568e-07
3.390373619813954606e-07
4.312867853722481934e-07
3.283031719425783795e-07
2.877719129183214000e-07
2.853494146331518235e-07
3.981765727917667889e-07
3.375377668093060332e-07
3.367426435721193931e-07
3.306963119737010883e-07
3.001881040407782252e-07
3.540219980290577676e-07
3.480557574635411315e-07
3.619304751247551301e-07
3.081484802602406640e-07
2.624294142118971435e-07
3.274393337384105422e-07
3.916234815922392263e-07
3.358242009071479220e-07
2.964690415656458187e-07
3.238464440558151264e-07
3.257478585375068597e-07
3.471288792354202301e-07
3.592468722824040930e-07
3.934762313691810437e-07
3.575934634446825862e-07
2.812035270595571491e-07
2.687291449434100666e-07
3.350980415996056407e-07
3.590947910912825007e-07
3.411914204263433031e-07
3.841374449704534197e-07
3.224034151550302980e-07
3.006271599289983439e-07
3.453963921720928458e-07
3.601939245282711473e-07
3.276882368459121621e-07
3.282445486843027909e-07
2.745591067118661073e-07
2.951993018853824187e-07
3.485280061050592743e-07
3.536141305898442581e-07
2.771269761764011588e-07
3.168599979571559477e-07
3.455476460394796279e-07
3.256799276655274337e-07
2.996554324764891971e-07
3.491795334154310750e-07
4.117193017793169403e-07
3.136178926522581461e-07
2.817377902087105698e-07
3.077867922371371853e-07
3.878767088644703638e-07
3.479326894397058470e-07
3.425582403482902994e-07
2.850082022251398999e-07
3.053413691848887068e-07
3.628307630530956139e-07
3.661205134092988207e-07
3.738109305052157351e-07
3.016010121268793605e-07
3.075187945013198474e-07
3.064655041957539333e-07
3.895978280010046377e-07
3.489645761057285572e-07
2.806895482631721927e-07
3.209329624567315475e-07
3.344294111014808387e-07
3.390148415635280031e-07
3.010384800032746223e-07
2.890351169541303283e-07
3.531820967111471803e-07
3.611059283450519285e-07
2.861956256508049737e-07
2.539482789877921623e-07
3.264601003411530728e-07
3.365941475356578458e-07
3.476458546655566823e-07
3.519180553171502346e-07
3.420089225811019610e-07
2.659491419896319266e-07
3.367538710970313904e-07
3.790523182181913334e-07
4.039064722703305473e-07
2.958851132503937308e-07
3.344691888442163733e-07
4.148078326292436940e-07
3.756769748388313601e-07
3.191690083680520350e-07
3.355468344624758734e-07
2.882417691873188518e-07
2.943836027410834289e-07
2.877281418456065199e-07
2.967235694205044796e-07
3.995842210596222199e-07
3.413986148535091772e-07
3.253837932332305889e-07
3.353041832436852625e-07
3.469913084680428175e-07
3.871779132566706268e-07
4.085453130042066108e-07
3.075604357237379039e-07
3.705407226887739002e-07
3.537870388403154952e-07
3.087140474718901870e-07
3.340030940206336167e-07
3.005686437471175744e-07
3.256482858351494260e-07
3.792453456989644541e-07
3.264732914249064659e-07
2.882478841983346745e-07
2.661521488071680240e-07
3.058432585383103001e-07
3.191401253265983429e-07
4.088650316404851364e-07
3.478278247083009741e-07
3.466417710343762543e-07
3.224719176057950198e-07
3.684583560536331441e-07
3.495406567441059927e-07
3.226974099348157583e-07
4.056202139732017673e-07
3.166603383424895002e-07
2.947116775797495486e-07
2.872282490936876800e-07
3.900782249827158456e-07
3.452647117848286464e-07
3.378956695460486707e-07
3.145129493857889700e-07
2.925711755525739663e-07
3.463580871711892049e-07
3.482932363922301370e-07
2.914889473548258769e-07
3.837342069199999319e-07
3.490811439837401641e-07
3.197844242794353515e-07
3.704610391035749839e-07
3.601490424534844179e-07
3.189633878400082348e-07
3.042009649412970077e-07
3.235799187022715325e-07
3.115162425800757961e-07
3.551533893374174395e-07
2.928122470422082186e-07
2.894851531233509467e-07
3.435962042427442114e-07
3.569135067398229253e-07
3.419528515249794604e-07
3.752261584154070779e-07
3.172476372802290084e-07
2.637394106993890513e-07
3.431935635875253445e-07
2.862944232583812150e-07
3.896772513805616460e-07
3.302687643607666534e-07
3.285450433404719658e-07
3.241980761360299048e-07
3.027343253390593252e-07
3.693606675990580210e-07
3.521020669917212755e-07
3.977591898417289915e-07
2.856533701334864789e-07
3.135532109500777307e-07
3.320009263199555577e-07
4.116508636247970889e-07
3.378158445994487659e-07
3.037522966138807965e-07
3.213885164424219427e-07
3.328052611115095467e-07
3.503347229865940834e-07
3.876399227925167724e-07
3.973484295727193288e-07
3.059045217162021388e-07
3.251406613616815075e-07
2.719544390326120445e-07
3.028185189014439931e-07
3.479899981867298697e-07
3.323429490105246760e-07
3.390971997001071048e-07
3.576245849986804860e-07
3.158200307394205692e-07
2.973791818124707476e-07
3.343816314573562812e-07
3.857515921395717873e-07
3.610100135395511685e-07
3.127090077675777066e-07
3.144019483079330395e-07
3.225739062453500186e-07
3.797825415794251524e-07
3.694859344647919948e-07
3.375673048313902460e-07
2.956955175731833552e-07
3.776038022109172066e-07
3.774698800620784021e-07
3.682790680204829709e-07
2.902945226479397915e-07
3.549664742336143099e-07
2.956195166258556386e-07
3.259294393696966726e-07
3.433296950460539721e-07
3.478570780548924807e-07
3.910151763334413895e-07
4.036931055752466742e-07
3.219890438627467941e-07
3.136859624934277293e-07
4.043292798071540008e-07
3.836125526547067826e-07
3.593576789499565600e-07
3.421936473547369385e-07
3.008538624189689432e-07
2.569141610955643699e-07
3.657173262388660537e-07
3.564596999387108936e-07
3.362161659963412324e-07
2.879773159560323924e-07
2.812320604695952174e-07
3.480973928847146532e-07
2.718597942787639901e-07
4.322011307840661476e-07
3.010547596778595739e-07
3.144701897360345009e-07
3.120580085985705792e-07
3.555374170166501463e-07
3.911457144298396495e-07
3.494372364479286679e-07
3.119065571413434840e-07
3.224749165988186180e-07
3.397872347777682828e-07
3.371375250930670918e-07
3.122421004293263684e-07
2.891799862385613784e-07
3.562606930837238213e-07
3.881943507883019467e-07
2.815109937416048075e-07
2.723822509725442417e-07
3.403592323046724358e-07
3.222083032826489749e-07
3.525389312305934891e-07
3.859674278989377415e-07
3.425873081618570126e-07
3.915380708511568439e-07
3.007131574986210466e-07
3.713259296163762206e-07
3.163032299921704086e-07
3.179913556103784491e-07
3.044460818669024621e-07
3.471152790205282418e-07
3.221129658811973587e-07
3.240630936811439281e-07
3.795792534286255696e-07
3.543330912592221116e-07
2.951677637729507578e-07
3.488001533375449843e-07
3.168086759441111291e-07
3.726050974462616390e-07
4.013425647091639381e-07
3.875783613132429126e-07
3.700602358836761469e-07
3.494272104263749090e-07
3.139582721804908282e-07
2.995854409577659617e-07
3.303666708424660668e-07
3.443814946289107241e-07
3.887098731869005797e-07
2.946935528799778382e-07
3.402952194117472862e-07
3.758622084763032967e-07
2.794763189295216175e-07
3.059013217073250076e-07
3.049277197360169998e-07
3.492225910872972025e-07
3.808745101755860093e-07
3.326532044660400486e-07
3.456079549767129226e-07
2.797131897374222074e-07
3.938958767107678146e-07
3.681109558192491040e-07
3.148826093313094322e-07
3.574831243097777882e-07
3.459724116214934625e-07
3.071052681915518842e-07
3.406730722455355474e-07
3.065330312221297476e-07
3.799684549019045197e-07
4.101364492261995942e-07
3.228120019567932990e-07
3.382588308082336539e-07
2.959160029603565538e-07
3.674587990699694417e-07
3.338803645516965066e-07
3.000701165012987782e-07
3.225114123956431414e-07
3.919307351442409848e-07
3.800386213055436645e-07
3.477315055172349626e-07
3.805694408913355821e-07
3.292279121868087094e-07
3.447092271919763872e-07
3.819768468902825326e-07
4.079668507658704899e-07
3.474054474537276108e-07
3.209241386690450868e-07
3.242060341473738620e-07
3.141180777979305752e-07
3.404815620416596120e-07
4.070237373130649700e-07
3.307188402369269344e-07
2.667111597677999034e-07
2.996020495165171748e-07
3.482757581123004853e-07
3.399030549907615546e-07
3.403515760345292979e-07
3.075401931224435607e-07
2.864171341125684811e-07
3.614287100499297933e-07
3.587287457335296162e-07
3.677174313500521000e-07
4.013250869527488229e-07
3.375598131863344600e-07
2.959581044756007039e-07
3.108021994504553374e-07
4.248664383571523569e-07
3.247919575601605074e-07
3.576659790907599753e-07
3.033077689844857853e-07
2.897375792657992614e-07
2.895719317572725830e-07
3.616716664258166349e-07
3.262515149089120253e-07
2.970459345907038870e-07
2.903023020694257698e-07
3.304127203442450147e-07
3.320164412839799567e-07
3.406541734779282487e-07
3.939788866819035768e-07
3.137307851024010750e-07
3.232991684557157323e-07
3.268143585624182095e-07
3.665993080721584108e-07
