3.129102921164306329e-06
3.083333404676849869e-06
2.412509383415928786e-06
4.319671244340149579e-06
2.943092818457987992e-06
2.609764974106110552e-06
3.054265468368807691e-06
3.240709860423592635e-06
5.341941116221117223e-06
2.789342031276976197e-06
3.109766632611594572e-06
2.879882846163885606e-06
4.208805708961873887e-06
3.556167198889397889e-06
2.920253705611386588e-06
2.903984633110313454e-06
2.229255318017489008e-06
2.078771555678800506e-06
3.844879523235383434e-06
3.301335494326494626e-06
2.412092160358065916e-06
2.321110985015542244e-06
3.313776445063131417e-06
3.223060014150184985e-06
4.217319968569921735e-06
4.434637790177709141e-06
4.292194322116206684e-06
4.910250474684121345e-06
2.823125515242671589e-06
1.674774652948407963e-06
2.820677460763071998e-06
4.214104198864690412e-06
3.155460329786585383e-06
3.124739010768532233e-06
2.126646929676416773e-06
2.405875821360230806e-06
3.227669006875296786e-06
3.485286830394362644e-06
5.442234087111650640e-06
1.841080680445270871e-06
3.049110994509818990e-06
2.465583480880958685e-06
4.105645916463561051e-06
3.908857415071949695e-06
2.223476884231412341e-06
3.403393670227988668e-06
3.056272203184455329e-06
3.721122416287673393e-06
2.772506885784503723e-06
3.200607544895385137e-06
2.031685594347061594e-06
2.502594318315080492e-06
3.149767114802522458e-06
3.848861605613529748e-06
3.756384024943664381e-06
2.686836854196240500e-06
3.041481008084107564e-06
3.788395115353929517e-06
3.669059714124225351e-06
2.111411645900948729e-06
2.682013724385327704e-06
3.163821373146459641e-06
3.585980672006774817e-06
3.431088972477835721e-06
2.780577942126463217e-06
2.125717431328571337e-06
3.565288468945516276e-06
3.093495515453830555e-06
2.490231798516156298e-06
3.424438997683223226e-06
3.100896424672328992e-06
3.201934915087860101e-06
2.667072328209351651e-06
3.463390389072409380e-06
4.556461973247907415e-06
3.579198870355642346e-06
2.107603158212604178e-06
4.218148300421001404e-06
2.152601915537846232e-06
2.578328235028419633e-06
3.946831652799961734e-06
3.169944156744465314e-06
3.005784657779103252e-06
3.053692777893252185e-06
3.619864502721408262e-06
3.898299154012417200e-06
3.120672015349114643e-06
3.237300199489678526e-06
4.715061638043803398e-06
3.385241001454733213e-06
2.500168041042195172e-06
4.116258253359495980e-06
4.254635609895370358e-06
2.876475209721576010e-06
4.003258256836770768e-06
2.785029978610386471e-06
2.483065670339154721e-06
2.392905932417709551e-06
4.943530601664911248e-06
3.478764133643882961e-06
2.138684125644911687e-06
3.803749698580452376e-06
4.321012043292157298e-06
1.500632865679144851e-06
2.148233389641684975e-06
2.711896433136490368e-06
3.100927077474340249e-06
5.105213853225108336e-06
3.832538784124480195e-06
3.009084425210399020e-06
3.097371465301450895e-06
2.564582257849624326e-06
2.381232207345012409e-06
3.977759710359589221e-06
3.415141075968215571e-06
2.156076624499274151e-06
1.983369593047345394e-06
3.120203701779388876e-06
4.209254482544505318e-06
4.583998189514396929e-06
2.915466254509903310e-06
2.183292937484646442e-06
2.301124144440014768e-06
4.141068533061644658e-06
2.684281913101266392e-06
4.245040610888228126e-06
1.992433284325047420e-06
3.029144184661908088e-06
3.117254154119147173e-06
4.215379890264009174e-06
4.341016912912935464e-06
2.678993425272321376e-06
3.563904040322014531e-06
1.991190493277269267e-06
2.234987692868882608e-06
4.052939012845963399e-06
2.310314717459148242e-06
3.510679785476815547e-06
2.421404276853898642e-06
2.240638385276424964e-06
3.352437950264459882e-06
4.001746564403181840e-06
2.530937651181767003e-06
1.970861262848006962e-06
3.473036760793424631e-06
3.372955132656107505e-06
3.186221132068983722e-06
3.609296961616829927e-06
4.224487818792872414e-06
3.132365768840104414e-06
2.277422347919265228e-06
4.138667498040668928e-06
5.824972547045966541e-06
2.768815412142831004e-06
3.432541167545981452e-06
3.901415369318243606e-06
5.086330186856837279e-06
2.251259673129092144e-06
2.856818162181223901e-06
4.483174971929273562e-06
4.057009416818751082e-06
2.473016384512097496e-06
3.137422698723877095e-06
4.727474432091264891e-06
3.109041486324110106e-06
3.279457640993544422e-06
2.337206122313589613e-06
2.339614129142899878e-06
3.863084237671441122e-06
3.802207425185685644e-06
3.240795855221185139e-06
2.095201119881737797e-06
3.269150035454238454e-06
2.170521312890758513e-06
3.025761324917901437e-06
3.062333347010543698e-06
4.776093706925949880e-06
4.994936822854820758e-06
2.650294810301229773e-06
2.652269159766339969e-06
3.319797736550791440e-06
4.847155007233987658e-06
4.139980737683973246e-06
3.540444834295812939e-06
3.295801616305375915e-06
2.652680948079925981e-06
3.246422823743489786e-06
5.239821435881918147e-06
2.758391222395179256e-06
3.053458918613427950e-06
1.480885415343733817e-06
2.994809081184567119e-06
3.675004638953907391e-06
3.903230164875211938e-06
1.814164960606417231e-06
2.952380807266641141e-06
2.110173588704067386e-06
2.107493693442968198e-06
3.396602768208346914e-06
4.587083016168279929e-06
2.507606781087135406e-06
2.479738668997777529e-06
4.404592798979737243e-06
4.378642403993917427e-06
2.542177296377923022e-06
2.513861190869509193e-06
2.102533872991399375e-06
2.548289047882724369e-06
2.956386455717736197e-06
3.746528700116932443e-06
1.870857351158855455e-06
3.291482356778384851e-06
2.782586192287170997e-06
4.096251056177833272e-06
3.625127204566392964e-06
3.056186799694971191e-06
2.219475360252304085e-06
2.632690179196844805e-06
2.990852105000981536e-06
2.033574537644145010e-06
2.247715998446337130e-06
3.245847526653605499e-06
3.771724088122556728e-06
2.972251169036959973e-06
2.860605912063753243e-06
1.884567975127123029e-06
2.469813004969942301e-06
2.300025262746599775e-06
4.452991758882053879e-06
3.373794876742295884e-06
1.790865785753084875e-06
2.749875815986797794e-06
2.325795164476084253e-06
3.706744733962135805e-06
3.209571213692967202e-06
3.080942435585310246e-06
2.788052174097523118e-06
3.381149903987787361e-06
3.378815009330515509e-06
2.441798140146102692e-06
2.352818642352615811e-06
3.799224252733437644e-06
3.307218803660407438e-06
4.094869696443526504e-06
2.281580064002104870e-06
2.239805798810160538e-06
3.526512165523020832e-06
3.206666366356743073e-06
4.652115662256965401e-06
2.880853470604687721e-06
4.913836716262938574e-06
3.449313791527451547e-06
2.829716094084649007e-06
4.004170878608679732e-06
3.866137599181142067e-06
2.612346897837625941e-06
2.811532221915349106e-06
2.925577125385443530e-06
1.856135270013944641e-06
3.058753545688307640e-06
2.535935553226216928e-06
3.333982152673791229e-06
4.183199308187898650e-06
2.681546201592965690e-06
2.960027821050239271e-06
3.251795246947714514e-06
2.951600229724728719e-06
3.008501932318557121e-06
5.729937045973757967e-06
2.994114594393273642e-06
2.413432748435311667e-06
2.050985162464854749e-06
3.508611151508110993e-06
2.598108823972470567e-06
3.428571059579880270e-06
1.354525837185215328e-06
2.466174288243002004e-06
4.819625593780348975e-06
3.276266437511454151e-06
2.908533032465035646e-06
1.883326069634469233e-06
2.627486570049763639e-06
2.714075073637811239e-06
2.800640884690931545e-06
5.597395880969570092e-06
5.310928334184956337e-06
3.144193918776438327e-06
2.496992856075243106e-06
2.756829280046947998e-06
2.828482432252353893e-06
3.233195480823016104e-06
2.821507129758554776e-06
2.524138501001665595e-06
2.138992848621985266e-06
1.930159865824773934e-06
3.847605355625282540e-06
3.617144852045024169e-06
2.851097113028236812e-06
2.054383085813210204e-06
3.248230244092781555e-06
2.057631806972442074e-06
3.113591799940523082e-06
2.463411910294502557e-06
2.455406679067486515e-06
2.894657279124494081e-06
2.165267105257965836e-06
2.181883923948616805e-06
3.451575864373543461e-06
3.815525624607147210e-06
3.476993881796912371e-06
1.700136515388762963e-06
1.824681526094368134e-06
3.105637763168567014e-06
2.370394534415893675e-06
2.357278733381551608e-06
3.242737202276930593e-06
4.186502304254848874e-06
3.056292525553174090e-06
3.459963253170295883e-06
2.664923224662400158e-06
2.611610595711279518e-06
4.089727850685273382e-06
5.318269357691012111e-06
2.342167124059931774e-06
4.276679159096299557e-06
3.415225828988625539e-06
2.387063231419652001e-06
3.011751864687836061e-06
2.782801377367462456e-06
4.068274193226445321e-06
2.305839554034597620e-06
3.182665675643380960e-06
4.090473233564655715e-06
4.982858697004710949e-06
2.280459825143956929e-06
1.912536429529032442e-06
4.355071741907515238e-06
3.344207425485115922e-06
2.764753964922196173e-06
1.655635266458000562e-06
2.982462416020599274e-06
3.936288349078848489e-06
3.724386293285920219e-06
3.333803957685669798e-06
4.212399702319613991e-06
2.574256814248621012e-06
2.130473874533045949e-06
3.320451798058439418e-06
3.075687108899914352e-06
3.912586924029303982e-06
1.793935688885800967e-06
3.256014352736209071e-06
2.033096534255324941e-06
2.738180887099846669e-06
3.054540513905498591e-06
4.157376803249203894e-06
2.302679246961516532e-06
2.770952595568507666e-06
4.916137256889399709e-06
3.495068206667479617e-06
4.270007577051688965e-06
2.106326489674490124e-06
2.262908386327648120e-06
3.392340727165036473e-06
3.410760267273631869e-06
3.961600637437218064e-06
4.559987976236943036e-06
2.828971715187784167e-06
3.695828611462316901e-06
1.206320231892358325e-06
2.574161419857427499e-06
4.454868136177435550e-06
3.305549542286041633e-06
4.118702662819186498e-06
2.748418307205562445e-06
2.961808779700690153e-06
3.363373977234623681e-06
3.877013763160247150e-06
3.321918087799631269e-06
2.351734345604859704e-06
3.625582192877344287e-06
2.730211239207053745e-06
2.953973576881282171e-06
4.038611367587801068e-06
2.992958630652732947e-06
3.350483349860361852e-06
4.345965819473083332e-06
3.702499534310306203e-06
2.564541826454637807e-06
3.560189808194230270e-06
2.676813589669773510e-06
1.823622238776880182e-06
2.990559470146092374e-06
3.314530796824737025e-06
4.808090041692334608e-06
3.271327836180776832e-06
3.081466050972893086e-06
3.332403252970751426e-06
2.742502235053354772e-06
3.310914129206350608e-06
2.239029616645833336e-06
2.453666078523701295e-06
5.421557700930096576e-06
3.420449731800735804e-06
3.363979108175672857e-06
1.639257328841933092e-06
3.092859707807903114e-06
3.047429893791542284e-06
2.818979212224082150e-06
2.976756463712790681e-06
2.773752358698036248e-06
2.877238080696591238e-06
3.970753164405207109e-06
4.211269432071369190e-06
2.392011765190088527e-06
2.440538783115338300e-06
3.994302967778039879e-06
3.902272945322606373e-06
2.701445177503330656e-06
2.988778769924279428e-06
2.414327156706479847e-06
2.458020173677694784e-06
3.263067217279640012e-06
4.097098697622110077e-06
2.200362787176826958e-06
3.287141128669771769e-06
2.710567770611298717e-06
3.436676967879941920e-06
5.745812067860002661e-06
4.769700118217438492e-06
3.770247365020252239e-06
2.072722523650326633e-06
1.880820269129386611e-06
2.834398605685066528e-06
3.765019410870841195e-06
2.819896425023130717e-06
2.549875864987911088e-06
2.838528432628136152e-06
2.927015746120644426e-06
3.557483022286552371e-06
4.173721407959209540e-06
2.029973049617185906e-06
2.595868167363777184e-06
2.257689254991858835e-06
3.100268565400397123e-06
3.606582866855865608e-06
2.444033928083080442e-06
3.402576975148008265e-06
3.473176461185629073e-06
4.872406934584808581e-06
2.638841065260349376e-06
2.480925335216994105e-06
1.925116783327479878e-06
2.031175434006567643e-06
3.823673055581862193e-06
3.635498859863557243e-06
2.105305066919327149e-06
1.719529278913492126e-06
2.394944392099047190e-06
3.248023949643244041e-06
2.949446834336003081e-06
2.574016854932242542e-06
1.860500860738555939e-06
3.045390316796446991e-06
3.101230927523938276e-06
5.923285850232324856e-06
1.834873458938714591e-06
3.089754759240658519e-06
3.820794322195791941e-06
2.494425405048458686e-06
3.320943341214212336e-06
3.380295827151642890e-06
3.576613832934063862e-06
3.306182740476702376e-06
2.722128247813533460e-06
4.777342915282493020e-06
3.845839452900252083e-06
1.721530858880649858e-06
2.863725936457144803e-06
3.638079687191903844e-06
3.457414628318518528e-06
3.256389425895084210e-06
3.563562150524632500e-06
2.611459168545975851e-06
2.699023939341208197e-06
3.657777043137003127e-06
3.596607380524354146e-06
3.047277414361550981e-06
3.032262714786431784e-06
1.881354749397186207e-06
3.708959330005346093e-06
2.659614047410640031e-06
3.873840866677198483e-06
4.854083348941134054e-06
2.930777741287144170e-06
2.404901461026059975e-06
3.542379749645616006e-06
4.290194520749518751e-06
3.290305902141506691e-06
3.289143714570202625e-06
2.474210519506569008e-06
3.143457607779430520e-06
3.518372049887138892e-06
2.737673575456416108e-06
3.208983682690471607e-06
2.922055500281857290e-06
3.499572237584551735e-06
3.913343256513456629e-06
2.897209930559031367e-06
2.837207529528357357e-06
2.569253050050512234e-06
3.841132126176997085e-06
3.064456921644025786e-06
2.877454547826790929e-06
4.293647777770663450e-06
3.313317182127599552e-06
2.309457914947325128e-06
2.735476163682879589e-06
1.447079806029192881e-06
3.316075163392646896e-06
3.343759390779730604e-06
3.320447966726612964e-06
2.975858020320180927e-06
1.523893745792871757e-06
4.308198442545294994e-06
3.263458000113245207e-06
3.401145819962435058e-06
1.955088456336929566e-06
3.113243354292782061e-06
3.676550761763698971e-06
3.871188085122958869e-06
2.587330710533308040e-06
3.294850898548173010e-06
1.729387662551457669e-06
3.152530673551359242e-06
3.217973668363554297e-06
3.300709259760069589e-06
3.467579352406136744e-06
1.824863592820667727e-06
2.542400062082868213e-06
3.417999551806763194e-06
2.404990843876482355e-06
2.400422122946574478e-06
2.304318159738844416e-06
4.762584267704516836e-06
4.587471283474343353e-06
4.093254013889232335e-06
2.317252931322527560e-06
3.243743058054551552e-06
3.630625888814528811e-06
4.007184603211619841e-06
3.320886655954839723e-06
4.175318195005718007e-06
2.597361511317803097e-06
2.106217156578577531e-06
3.724550839370952106e-06
2.533553243272791709e-06
4.355109622142960941e-06
2.179721752231193185e-06
2.591267114254113698e-06
2.501411838954837637e-06
3.914219918412824569e-06
3.508102205695642939e-06
1.658463058172750587e-06
2.956560457342553481e-06
3.501263864664258524e-06
3.532415945416294224e-06
3.831209347889814014e-06
2.007675613882085086e-06
2.421488260540396645e-06
3.286132959291363656e-06
4.025852558212933841e-06
4.142406086800850789e-06
3.207656249161030932e-06
2.967318432526864976e-06
3.331087490917504294e-06
4.290090506557201023e-06
2.337383075165865536e-06
3.120377770261178219e-06
4.741158836112572152e-06
2.913624815915891071e-06
4.544301708101886737e-06
4.079897486711318031e-06
4.040878087520275118e-06
2.697944453784749169e-06
2.883307197920588175e-06
2.004719286824115543e-06
3.718870789416793895e-06
2.622214866488762570e-06
3.394897076564554950e-06
2.915096481467954883e-06
3.073307161535868519e-06
2.788606744153103087e-06
2.817884992208317940e-06
3.897450054388562640e-06
3.872779722313980216e-06
3.029129866081704861e-06
2.703581144489053994e-06
2.633895247131861124e-06
3.680865535462109632e-06
3.814320270307780961e-06
3.431710291012238209e-06
1.225091851003148539e-06
2.617755060793980928e-06
3.649906815376581780e-06
2.517469867380380577e-06
3.044454723629178198e-06
1.984568863234129906e-06
2.073637919606835950e-06
2.228153597367181400e-06
3.347374819819524865e-06
2.989675709318052209e-06
2.353818276718272117e-06
2.567023979418942073e-06
3.132933811833952261e-06
2.201733041122975131e-06
3.003904644171651289e-06
3.883760380588025352e-06
2.883595180871859164e-06
2.332313960603241535e-06
2.059170848507985816e-06
2.421686956139188422e-06
3.942966963269648595e-06
3.236438781193623698e-06
2.204804192735960255e-06
2.566622055991733895e-06
3.107707264817712903e-06
2.983513310776890680e-06
3.914927490077746585e-06
2.588068232150440892e-06
2.041060650452739973e-06
2.575308029313854023e-06
3.658708774557951266e-06
4.192740962707091078e-06
1.868426310402792665e-06
2.680018744370589603e-06
3.524992685265165530e-06
2.577814965129362773e-06
2.872440839732746429e-06
2.298641008196073303e-06
4.205461440895729402e-06
3.117185130123944258e-06
2.721691060963225004e-06
2.529522134446804076e-06
3.370696645731197148e-06
2.945794552997472733e-06
3.558784723239975745e-06
3.587768135779283767e-06
3.497428296078544423e-06
2.271519479487937369e-06
3.318999606253698181e-06
4.195295892574072570e-06
1.882774341960247147e-06
3.130947677437500146e-06
3.092141806127845052e-06
3.894764090819453908e-06
3.939872307569961468e-06
2.353927910964594183e-06
3.565528611390194326e-06
5.038990197640807813e-06
2.396312959204437684e-06
2.177896528203827512e-06
2.322612819420898744e-06
4.515508569401188119e-06
3.273516970276936172e-06
2.859764895092079206e-06
3.822637456368949730e-06
2.676856225858683959e-06
3.180749258121163886e-06
3.207465893301412061e-06
3.227225491742357068e-06
2.086307883916027323e-06
2.832375073551172680e-06
3.479614769582234145e-06
3.137690676736122557e-06
2.234870965025152227e-06
1.717895168747252405e-06
2.397965639041495861e-06
3.660412076681104175e-06
2.377892354409382600e-06
3.342223724533115796e-06
2.845673853816383951e-06
2.745702438258599138e-06
2.355924064877225662e-06
3.608273411342434286e-06
2.824792015142804231e-06
2.670266338801937918e-06
3.250996730298235725e-06
3.578561138574804376e-06
3.238410388834349664e-06
5.331788885727090275e-06
2.287441925409034588e-06
2.549697808712777812e-06
3.310843380169855462e-06
2.568537759780176127e-06
4.148284521013934348e-06
2.152579081328726470e-06
3.170484271917694322e-06
3.110697342223042431e-06
4.098185836711925125e-06
2.090322755031360741e-06
2.851774979556784754e-06
3.289642068380851370e-06
4.429637675535115065e-06
1.933193486783023363e-06
2.974311465840341417e-06
2.811259732852754360e-06
3.915666751603758980e-06
3.544821602861186592e-06
1.404603762076958402e-06
3.276787693704316629e-06
2.510085325749741824e-06
3.628674274949895933e-06
3.609293718556403432e-06
3.295937358863670643e-06
2.315692305498157072e-06
2.561210274647855622e-06
4.275427705129068117e-06
4.388480643455002994e-06
3.946742879613309509e-06
3.114526804689338101e-06
2.788500728880049189e-06
2.589237119855484848e-06
2.343539450476893363e-06
3.250675783786750027e-06
3.766837584967773732e-06
2.532511395731412356e-06
3.611045415096029313e-06
3.722670013298223694e-06
4.482031914349459504e-06
2.822592433625063155e-06
3.240863414630232555e-06
2.433837685144438289e-06
3.788192994402513654e-06
3.634409792697504352e-06
3.451382384490723189e-06
2.995262962588939513e-06
2.807458222060050060e-06
3.256310488242062101e-06
3.511716811191623286e-06
2.965029251977841838e-06
2.420635790866802461e-06
2.215962503341013425e-06
2.099011742020699969e-06
2.777006435630185308e-06
3.381411547106990421e-06
3.472263963729488935e-06
5.383666477992742160e-06
2.549533344876901599e-06
2.968749690776106318e-06
2.047093877265084444e-06
3.781559778193754052e-06
3.076962489963354415e-06
3.474900693527263868e-06
3.728035444721065979e-06
3.308593216231996317e-06
2.868808892773960714e-06
1.282851925522941860e-06
3.169846335033500330e-06
2.552133090092542647e-06
1.803580296249173663e-06
3.060325860468166491e-06
2.857650612935365532e-06
3.396682109738056467e-06
3.290695324167017193e-06
2.442027033921954488e-06
4.445684692356873201e-06
2.399419515180464620e-06
1.708987365599430476e-06
4.049537040171232415e-06
3.720565088379167091e-06
2.609675122935364448e-06
2.821865053596226707e-06
2.946449480136858280e-06
3.866433410350094614e-06
3.551610235678506401e-06
2.997482252941515331e-06
1.792106266937385560e-06
2.801601629432798128e-06
3.201871517533191267e-06
3.746676172354366418e-06
3.548176067009337982e-06
2.344102288413347811e-06
2.546556534093140571e-06
2.725373451059705794e-06
3.599442672140499050e-06
2.798980531313143853e-06
1.992684442987925966e-06
3.308721333381565859e-06
2.829249100987526673e-06
2.010452713794960274e-06
2.567937006242318970e-06
3.608622198220980634e-06
2.038912240536413270e-06
3.443788194445872335e-06
1.403981586434375369e-06
2.546601582069670069e-06
2.871956700918992462e-06
3.936655754519964036e-06
1.953338701569167699e-06
3.657854009087555346e-06
2.340751470945235861e-06
3.903232813513212689e-06
4.508862912696258831e-06
2.133344978204321151e-06
2.983142879277278437e-06
1.675732410501371446e-06
1.710621618793495430e-06
2.076574182410096820e-06
4.371103523229591384e-06
4.063035447436083312e-06
2.678758454800314782e-06
2.899383412825394751e-06
2.355382721103281516e-06
2.840731190171341242e-06
4.261185349334696670e-06
3.731044504291394173e-06
2.159354375417628547e-06
3.629886550903900079e-06
3.357144913273100560e-06
3.438901141882634191e-06
3.823139816711175098e-06
2.473042304031998378e-06
2.409324319839904928e-06
2.998542920539671809e-06
3.082278327474992739e-06
4.728919341977146857e-06
2.296850921006197882e-06
3.160818523382811715e-06
3.067831242389246071e-06
3.274203141871928717e-06
3.769529732648534945e-06
4.369859787152246764e-06
3.140063110923808887e-06
2.247060788469541814e-06
2.588630016264510302e-06
3.809838341050749547e-06
4.463833441163417230e-06
3.432687984308409574e-06
3.285844954199527681e-06
3.775265063169349932e-06
3.848339808903970131e-06
3.770680851104095535e-06
3.164689987332580873e-06
2.032962722949367168e-06
1.771100455904041792e-06
3.615634728540314200e-06
3.168746206930191198e-06
2.705985132244827961e-06
2.901362879057331421e-06
3.025172661456106590e-06
3.132211072133996150e-06
2.095946495441698369e-06
3.641930805061694131e-06
3.572706647538693666e-06
2.003426634846966885e-06
2.528026369739794364e-06
3.590322039984803031e-06
3.704936834255753007e-06
3.845912795567439898e-06
1.713055198087165473e-06
2.378521618755851583e-06
3.596161379213797213e-06
2.450308787334070929e-06
3.665933548332953469e-06
2.641627542555280921e-06
2.244069375486333508e-06
3.745077128928404418e-06
3.967376527407385997e-06
3.350011684638357632e-06
2.182212891491132899e-06
2.761630471944332523e-06
4.030014844146067035e-06
2.454562822516659390e-06
1.936465431202151690e-06
1.734101986737530488e-06
4.056096094404774628e-06
3.577137770169615832e-06
1.878484921386138108e-06
2.790995278439071878e-06
3.296020732632065413e-06
2.823740367216298082e-06
2.603285907999511096e-06
2.568566173094452927e-06
2.848395505228757992e-06
3.619015885461954741e-06
2.567093678646056270e-06
3.042724706793616240e-06
3.358523223160190208e-06
3.380624043593263095e-06
4.361098414285592424e-06
3.078250329660242649e-06
2.244541302859256021e-06
5.016213208640894761e-06
2.539526405590037604e-06
2.885638259047244462e-06
3.276663230557307582e-06
3.577058000639433352e-06
2.397429045030775167e-06
3.077026203364459440e-06
2.402393213578773711e-06
3.285195015368390436e-06
2.255928824540831623e-06
3.370280394974982330e-06
2.483980581980150556e-06
3.501541679522526528e-06
5.375708109384445943e-06
3.866627499513757116e-06
2.527853994182013990e-06
3.182836785760074608e-06
2.724265534638574778e-06
2.881941817215906856e-06
3.183920929759067438e-06
4.260559923109791472e-06
3.866019987941231161e-06
1.958159183512266899e-06
3.362503704228860556e-06
2.929506080136556216e-06
5.369629513178005695e-06
3.340399686090772444e-06
3.313226228301771321e-06
3.071945694455605178e-06
1.690795646823124233e-06
3.329665910057231339e-06
2.584298415862978601e-06
2.745286497652250348e-06
2.645520041714165749e-06
3.047398672265358572e-06
2.713649644640297440e-06
2.527847117898393946e-06
2.872760831100870348e-06
3.997877355848475864e-06
3.344903397835020202e-06
3.834201344895636830e-06
2.786210064243511153e-06
3.686576023384641837e-06
2.388035351742073136e-06
2.648476554808657275e-06
2.397104572070860612e-06
3.525127582043398399e-06
4.338479351893763970e-06
3.367568519989852866e-06
2.988025544187685069e-06
3.613910180716820594e-06
3.177615183540049987e-06
2.781426226918943729e-06
2.502301597117903945e-06
2.073117677823103593e-06
2.022284460289823393e-06
3.509031020101813853e-06
2.124409501094718605e-06
2.373868430073568924e-06
2.581811468709483783e-06
2.950298522207281542e-06
3.603013064523292738e-06
3.682191753675425474e-06
3.179967543928321158e-06
3.131782073174797430e-06
2.524252898957766139e-06
2.358724773795380392e-06
4.184227359812374406e-06
2.934796568803281247e-06
3.647604774099601101e-06
2.655633945827085567e-06
1.594501317264054425e-06
3.890015909652948084e-06
4.100012071714360462e-06
1.618363051372890741e-06
2.920213136088942074e-06
2.828356523816112687e-06
4.679066005699407860e-06
3.440830942024360624e-06
1.546633018243516111e-06
3.066845756176346304e-06
2.233062239247484586e-06
3.058963825883138383e-06
3.485814957752936149e-06
2.986635856637208027e-06
3.437083818483549136e-06
3.340147318387658519e-06
2.455702394050894453e-06
2.959754000448104167e-06
3.407354563517866425e-06
3.138049178249528867e-06
3.615063822664162525e-06
3.541886502259814099e-06
2.383151962502438264e-06
2.623670429742931071e-06
3.666502596893830309e-06
3.963852127673520737e-06
2.286089651163997288e-06
3.187514309413073510e-06
3.234924807520730053e-06
3.112955215646983197e-06
2.845613807347954062e-06
3.107007931490025645e-06
2.680501989108618757e-06
1.671450898803614439e-06
4.273694705633154597e-06
3.289261899774029256e-06
2.586659366591981512e-06
3.876004168350313038e-06
3.205544298511005683e-06
2.440815572871698698e-06
2.513956022337087683e-06
3.027306128119187704e-06
3.643460210276783060e-06
4.100294954342645641e-06
4.322184863357096100e-06
2.402499672617608516e-06
2.924696612240633718e-06
2.312846104744022799e-06
3.761402592662240194e-06
2.186431314113380680e-06
3.449549425967386377e-06
3.478127632535491758e-06
3.247307892124531692e-06
1.785100445551413886e-06
2.619802107841410356e-06
2.118684544575186176e-06
3.547318053255461386e-06
1.478482409760802815e-06
2.531802185215199558e-06
4.365860106711855714e-06
2.744355441421171434e-06
1.865101838456225963e-06
2.747859216287490875e-06
3.249014248598127397e-06
3.165270563457576566e-06
2.911813751498604065e-06
5.045123182793480782e-06
3.117892974931064085e-06
2.878254219972001740e-06
3.237863365349553915e-06
3.864648829136075222e-06
1.871207546088105221e-06
3.826844295146478040e-06
2.826419213478603980e-06
4.019337305221310977e-06
4.873919334431487984e-06
2.597818290208019429e-06
3.833646717264015911e-06
1.880293268272281660e-06
2.787218090827310155e-06
2.611446529207476284e-06
2.544577739021589165e-06
4.158507872946091593e-06
4.811026049843275637e-06
4.032759125135099654e-06
3.292491479384710435e-06
5.217936501637248089e-06
4.416629642278357839e-06
2.576783979783799453e-06
3.986672136378735558e-06
4.764613251822897571e-06
4.264189581869648705e-06
2.659910308743512662e-06
3.004002092852322163e-06
3.454101674504745270e-06
3.798570548384049221e-06
2.986060732399157448e-06
2.119203963760471739e-06
2.369972018432470989e-06
2.148247405998128742e-06
3.271457199933939584e-06
2.772784278648667874e-06
3.412528877994487806e-06
5.572413386896003589e-06
2.876753838117279097e-06
3.400514342744366230e-06
2.331339693141581889e-06
3.908880794696453744e-06
4.256108738132297164e-06
2.589676365653139994e-06
2.543889558066474228e-06
2.949621148917898847e-06
4.150727232752971231e-06
3.581118352317486562e-06
2.635644172561323600e-06
3.059846112068832330e-06
3.119411207548882263e-06
2.340664934369679431e-06
2.661012885162899748e-06
3.766777773778166025e-06
1.731166085129431659e-06
3.066890355466254447e-06
2.863535993798967005e-06
2.670988516410244507e-06
2.303733903018951852e-06
3.009901198795172591e-06
3.030754063090918160e-06
2.820179228476349886e-06
1.923582028981725289e-06
2.569236315471843537e-06
5.450947389551675564e-06
2.214572542762297538e-06
3.720728157555445856e-06
3.099046411122845404e-06
2.688162271393630594e-06
3.050847673883800644e-06
3.077599164541660961e-06
3.699263575413813709e-06
3.185525773894831900e-06
3.026094706175051414e-06
3.212487239208595554e-06
3.599176190386334707e-06
2.491675582488187382e-06
3.117925901110247348e-06
4.139685906959276517e-06
3.391856860871792016e-06
3.043445541695181410e-06
2.392922596275897064e-06
3.741706709959304397e-06
3.768276179895976285e-06
2.457381753829134882e-06
1.784797584564532813e-06
2.316798833494857713e-06
4.209948321363015000e-06
3.125485618840328367e-06
2.238383130383259997e-06
1.759383141887171702e-06
3.566193024664487127e-06
3.405064720353659279e-06
4.529580400059885078e-06
2.763418884820773635e-06
3.438631480201492035e-06
2.625046047897690307e-06
1.658560904831501057e-06
3.120315117470139814e-06
3.290682639275058194e-06
2.522525460822337297e-06
4.693556098161804504e-06
2.535940842744934421e-06
1.741977719691247676e-06
3.631680631293208963e-06
3.339021484771142323e-06
4.077242956242100733e-06
2.226217730668049072e-06
3.562790938817590039e-06
3.042078849079923799e-06
3.125879573060792741e-06
4.435703175075451919e-06
2.442716544079633599e-06
1.999381685980509483e-06
3.848292344463312871e-06
3.403248447180804651e-06
3.343492048040600197e-06
2.279463795981514257e-06
2.473933214269996553e-06
2.837725907269395880e-06
2.702370118604064063e-06
2.324365551046232126e-06
2.746403111656756351e-06
3.643513229863607642e-06
4.221114140469067536e-06
2.573028407398705182e-06
2.578661211112282247e-06
3.394068091261562730e-06
3.536187806159343988e-06
3.410895509623918054e-06
3.075450050618951853e-06
2.599504772836229680e-06
2.493159229000161705e-06
3.739569049089273050e-06
3.296372442862354172e-06
1.772678575867152396e-06
2.114525221613733125e-06
2.994934564917791887e-06
3.281949431934328299e-06
3.076632765905388501e-06
2.738407234347617762e-06
2.621581688809084689e-06
3.251311269340291052e-06
2.436493441186281302e-06
3.946356666174543167e-06
4.065147920659852669e-06
3.532515275794599585e-06
2.709867425520021884e-06
3.302668398160539086e-06
4.038066713392295039e-06
3.824003182701690609e-06
3.606930116402961647e-06
2.966324955732374627e-06
2.169386264668550478e-06
3.097314299727579983e-06
2.873028885769548409e-06
2.756524103657612316e-06
2.629465379223990100e-06
3.193333473105770877e-06
3.741637292020807003e-06
2.635053139257580528e-06
3.432635944944799941e-06
3.694142724080588301e-06
2.543042554049094069e-06
2.195530159500676743e-06
2.413728525529322216e-06
3.036929227759727910e-06
4.376737220891552869e-06
2.478717917409088291e-06
3.803306918085251297e-06
2.672967867079668191e-06
2.685031439757203761e-06
3.608408319467772933e-06
4.028796940608743721e-06
2.040657449258766363e-06
2.934324797454297297e-06
3.243021390935895172e-06
3.460042785026028472e-06
4.312919187078590330e-06
3.315634956192427915e-06
2.543235573125428887e-06
2.633554436317133760e-06
3.640250506026017820e-06
3.436705027270996949e-06
3.304620820982043452e-06
3.761642717212274042e-06
2.154730560454532906e-06
2.579517434393496741e-06
2.601498835265563574e-06
3.001716607705726029e-06
3.948687133479572061e-06
4.608040937449456354e-06
2.341220991056360028e-06
2.652796941723914226e-06
3.509827624784892162e-06
4.051523190717759344e-06
2.045647537455454185e-06
2.757096156639650765e-06
3.601135265854979434e-06
4.128877504237019409e-06
2.782082009570057273e-06
3.109344446780403750e-06
3.446697414960261885e-06
4.866518161945935939e-06
3.235498934273243861e-06
2.798896932672099353e-06
1.555871037817732037e-06
3.621170919593641153e-06
2.282641980188827566e-06
3.041245213770389804e-06
4.840066512576838869e-06
2.621790234649739467e-06
3.536750546455783059e-06
2.925442844449186617e-06
3.708299548783905469e-06
3.558549720762992716e-06
2.426207007108742368e-06
2.626150991032629128e-06
3.485916456755563479e-06
1.765614087534152365e-06
3.162468776158664122e-06
5.161034060614672860e-06
3.102608806161816456e-06
2.123805094591304755e-06
2.371058307327596878e-06
4.131853422942209814e-06
3.723858867761569031e-06
2.874826245248792005e-06
3.024203654993853094e-06
2.024312846537813458e-06
5.242589906139614765e-06
2.258392936147798830e-06
3.037666692157453717e-06
2.410016450921673878e-06
3.087720085253324692e-06
2.805727441391577402e-06
2.619696537923846260e-06
5.262022601965563254e-06
4.138186436589619597e-06
2.286737454504853001e-06
2.342005832218984024e-06
2.886810670611066928e-06
3.464184480337303171e-06
4.802973124654512447e-06
4.110256151389142316e-06
3.641004387612205647e-06
2.592771504317565303e-06
2.425815698838179452e-06
3.701462633061452162e-06
3.789539847548021117e-06
3.934094836565618597e-06
3.398906368943889888e-06
2.704621665761046860e-06
1.915151305457352650e-06
2.099352609865683027e-06
2.925587663201650831e-06
3.784206272753253276e-06
2.755922312724280714e-06
2.167551255519220718e-06
2.798550779315259783e-06
3.820825611092587222e-06
2.779220130648266048e-06
2.313912406348484487e-06
2.306876820706196011e-06
3.425672391256267264e-06
2.632425469170659295e-06
3.628456026243142513e-06
3.839791667582404197e-06
2.776694553109410044e-06
3.911399475439658638e-06
2.379614762893037028e-06
2.106092515684553074e-06
3.688352137393817843e-06
2.447983792082714222e-06
3.873655384560542486e-06
2.766098569060240424e-06
2.670657578919950376e-06
3.782364750213751962e-06
2.963670293537000061e-06
2.678344837527417092e-06
3.066219484854571035e-06
2.790739378099202521e-06
2.699624760156077664e-06
3.548646056821826507e-06
2.766013008031353808e-06
5.487648255595494666e-06
3.750576379165011023e-06
2.150952445965989410e-06
3.493491700907271445e-06
1.415681982842864829e-06
3.193253237271713002e-06
2.324649748024541284e-06
4.044438482134652215e-06
2.135588103475566306e-06
3.076135868559571732e-06
2.932280392719354472e-06
3.358623196519579526e-06
3.916582572857209838e-06
3.563261235446944484e-06
2.285345406097155656e-06
3.115141140127351602e-06
4.864463599071494196e-06
3.188733777096051084e-06
3.323707324677765624e-06
2.786644784683834223e-06
2.889927142061467540e-06
3.791124804470653207e-06
2.748713472175986126e-06
2.876421243616693964e-06
3.374889967306253444e-06
3.560487928538071627e-06
4.702510775599191205e-06
2.887266855789482160e-06
3.109671488402111074e-06
3.326653199737886833e-06
4.851967983704562738e-06
4.079471225990941923e-06
2.641569987690000148e-06
3.546009145315420719e-06
3.784153681713508499e-06
2.539530016401908274e-06
2.620338294814828678e-06
4.867961702651905364e-06
3.480056528174562691e-06
4.150634196702915874e-06
2.429307994399391455e-06
2.920879460998284961e-06
2.386718426508064849e-06
3.917916658033554654e-06
3.514643004661762194e-06
3.454108469664417947e-06
3.280063392932474776e-06
3.074219969359460509e-06
3.835650194839495129e-06
2.966865783577860269e-06
2.965132437291328540e-06
2.014407784962097296e-06
3.324051899876052901e-06
3.261754115000185016e-06
3.393704551632701318e-06
3.545003595954237207e-06
2.873442840823733889e-06
2.117481253131995816e-06
3.796371490248052227e-06
2.839658451886932696e-06
4.980125208547656710e-06
3.280379041049853459e-06
3.157763080653857320e-06
4.396224118995007033e-06
3.672434545318449276e-06
3.031587708854503990e-06
3.147871121151968431e-06
3.171293075050335358e-06
2.722009660557239515e-06
2.694074468271260492e-06
2.092120703047614771e-06
3.124585415753448347e-06
3.767344209451927738e-06
2.205143093386024474e-06
2.903698806423502866e-06
2.734456162633447068e-06
4.109553023154971411e-06
3.082774005570753232e-06
3.376103576691156026e-06
3.026622116184685931e-06
2.778186709821219086e-06
2.584423878995209280e-06
5.033045523649128774e-06
3.693423291582472763e-06
2.417659735966346329e-06
2.381394861482256166e-06
3.736826353412390844e-06
4.244181228885495911e-06
2.163233104354276307e-06
2.692540425126819098e-06
3.607451018442768011e-06
3.665489450237841715e-06
2.548216470947305386e-06
1.852843494042952282e-06
3.595492133885731632e-06
3.438501196672638058e-06
3.606136074754226375e-06
2.063433338084961250e-06
2.888295345812970679e-06
2.408846745506835053e-06
2.554571584561374804e-06
3.218837368095307324e-06
5.906246199409298040e-06
2.736968269583683837e-06
3.323437157827402770e-06
4.616424291464019567e-06
4.126228402359832186e-06
2.620299567561801745e-06
2.223231168049025564e-06
2.859794410228759852e-06
3.292799684072732353e-06
1.408384690321504996e-06
3.997594334769274949e-06
4.929829070534708607e-06
3.409811815966636677e-06
2.485587207726875650e-06
2.652805909537431373e-06
2.566009722061094353e-06
4.091226173862645322e-06
3.758990335424561411e-06
4.051897935896819783e-06
2.480323820991332849e-06
3.727069406390367043e-06
2.243187681391136591e-06
3.168946744399626338e-06
3.130032716756851238e-06
3.027533143635657435e-06
4.355688524273537380e-06
3.093393610669736041e-06
3.179796636707027829e-06
1.609977531416364086e-06
3.760391102694894122e-06
4.242035573575847277e-06
3.658153872785933431e-06
5.353800797681475828e-06
4.190353742844693290e-06
2.817927152628292168e-06
3.233723832037488095e-06
1.268901981162679586e-06
3.005317349202224443e-06
4.308281865735097197e-06
3.203624430649201645e-06
2.355909468604584384e-06
3.223980183902275771e-06
3.110724835868693394e-06
2.304104288895473050e-06
2.733370427435184708e-06
2.811695589156760915e-06
2.113171359783883593e-06
2.565911839900358892e-06
4.030176177094080217e-06
2.208226807102722471e-06
2.684233673045981744e-06
4.250129232683062961e-06
2.946939483508273847e-06
1.221499870015332597e-06
3.224585306116931910e-06
3.039526882008662790e-06
3.342912258795735785e-06
2.838074297972318674e-06
2.516214844741145569e-06
3.583096508907518811e-06
3.138443218447363585e-06
4.143388801402023368e-06
1.434282307753187051e-06
1.810977411435296809e-06
2.760372836491483673e-06
3.972667157465880265e-06
3.911856763367482433e-06
2.269409370083297784e-06
1.858904918622295574e-06
1.848671489861959148e-06
3.135134098255989112e-06
3.965544249328134932e-06
1.272725603065383664e-06
3.664263056037447788e-06
2.586987901643188131e-06
2.377275160340015736e-06
2.291702155934898529e-06
2.787634080568606612e-06
4.257095477434223686e-06
2.476769016196044498e-06
2.193494150603024780e-06
3.173022495716038790e-06
3.263370841127087512e-06
3.378383765000166018e-06
2.638138201489410313e-06
2.126001457410176707e-06
4.927961477017350617e-06
4.536414582357247209e-06
3.183644346347827761e-06
2.362725800936806415e-06
2.978455264038890541e-06
3.034025706297769303e-06
3.022969588426069759e-06
4.342171651369202482e-06
2.547240498726479080e-06
2.333590042076003492e-06
2.338548892355728894e-06
2.374557568616290076e-06
3.441403037654395735e-06
2.867263986594590944e-06
2.909881799045843563e-06
1.636565119012192747e-06
2.794302868374377447e-06
3.889715653759636226e-06
3.400772011362457171e-06
3.474859841463297674e-06
3.854172146059802912e-06
3.361874808842245138e-06
2.646549753451009835e-06
3.615117298064007084e-06
3.116621883342883403e-06
2.908440040455421613e-06
3.429198908067708410e-06
2.495823476625308865e-06
3.131534401532309134e-06
4.301644368046809198e-06
3.352661203690767732e-06
2.317414123023008933e-06
2.831979049032247255e-06
2.515913830559521911e-06
3.037447859846109675e-06
2.542340488695363767e-06
3.461967361025956616e-06
4.411644412141568845e-06
2.824839158665509550e-06
2.911704750094282052e-06
2.510746702253318498e-06
5.267827396732052936e-06
3.334788640532495000e-06
3.335450390034685904e-06
2.431087701524252479e-06
3.235074801390103692e-06
2.772025183709926977e-06
3.585680020176124173e-06
2.992428716978797727e-06
2.873396994861167587e-06
3.056802769498164523e-06
2.988783747948717657e-06
3.237451164265827959e-06
1.653182481911420776e-06
1.776689315112894417e-06
4.153659790877371733e-06
2.424501132138355753e-06
2.956790670043261828e-06
2.246952368131835861e-06
4.158851022697040885e-06
4.067968836595246352e-06
2.875053551680111946e-06
3.343965126972013082e-06
3.537037449822366478e-06
2.738634589721633878e-06
3.330356476732878317e-06
1.796292191938497901e-06
2.603136024299479435e-06
3.370971762031246888e-06
4.479629229288685241e-06
3.259972510534903146e-06
1.479395393322366224e-06
2.636056438830912432e-06
2.784491046777457771e-06
2.107674131310036958e-06
3.143005315046761860e-06
3.321967179169208143e-06
1.315888305007256536e-06
2.015595224754383063e-06
1.746064602875120160e-06
1.813370723997560516e-06
2.714748781134945324e-06
2.534292670052775567e-06
3.634908895861518373e-06
5.131431750281684923e-06
3.796562644188240168e-06
2.574291079286408099e-06
3.439769459279658455e-06
4.049620829105394838e-06
3.805696127402765726e-06
2.481033000551504322e-06
2.759123615134774149e-06
1.772222816827467248e-06
4.032677263523566047e-06
3.877485324060231937e-06
3.943939466200664076e-06
3.145331666825002120e-06
2.151388030124735604e-06
2.622567633620515480e-06
2.728213231487763728e-06
4.925813590268779522e-06
3.583010584171949490e-06
2.515485508897461310e-06
2.451827834829287537e-06
3.327302465066966680e-06
3.667609686197746224e-06
2.606808129088166306e-06
3.023448201318448360e-06
4.460988828530059522e-06
3.829656844396372127e-06
2.917216610121854269e-06
2.011138979218965372e-06
4.088203067331704344e-06
3.381491475153250108e-06
4.018531003612913528e-06
2.941526303779309632e-06
3.394774942793934607e-06
2.243681353868680802e-06
3.005926653830871882e-06
2.424367459403593667e-06
2.756559129321042718e-06
4.244083798252382403e-06
3.624230102056102904e-06
2.555873250389682708e-06
4.505485490052701528e-06
3.000929466523379846e-06
3.899215464196601490e-06
2.383927526751066932e-06
2.675701308998973867e-06
2.394911094131245579e-06
3.722154999916850951e-06
4.978993452474184780e-06
3.036317048148878381e-06
2.652643033107941173e-06
1.559014633265727847e-06
3.179374968402369703e-06
2.125371601942119824e-06
3.984166049440654374e-06
3.205788711676249609e-06
3.602210851337074727e-06
2.463584819411331586e-06
4.755946052612067959e-06
3.340346440566140226e-06
2.312214711449739521e-06
2.490077050373461975e-06
4.222052050446329727e-06
3.157501780018586810e-06
4.460282761835490354e-06
2.235916785508834142e-06
2.723996715578957748e-06
1.761412791653077339e-06
4.070897579036770617e-06
3.520460021329652660e-06
1.346618538772857704e-06
2.074822841051279139e-06
2.239136715395832227e-06
2.357389994689085860e-06
3.792205852000478927e-06
3.471002713064346009e-06
3.629920394910108356e-06
5.124901711413311220e-06
3.667027463103241871e-06
2.597314286289662443e-06
2.116636545502532889e-06
4.032337334034461144e-06
3.658559306749269658e-06
2.733296757247221534e-06
2.723510978151512662e-06
2.095945455292994998e-06
3.830419248031044752e-06
3.175143236774668833e-06
4.046406004980963353e-06
2.770493532437176391e-06
1.896554833755280149e-06
2.581657666649307665e-06
3.323027363578797982e-06
2.312543548055960806e-06
2.666234224062551732e-06
3.124537839991217908e-06
3.497401991073982703e-06
4.117083982330121413e-06
4.030432410713795538e-06
4.683300384251780787e-06
2.856335575690766865e-06
2.492295538637446460e-06
1.389038650268643675e-06
2.772676585167620432e-06
3.962405859833458116e-06
2.986500746635720324e-06
3.656868879213379840e-06
2.735705648615089141e-06
2.039487896494884344e-06
2.738449823747591180e-06
2.428965330523357701e-06
3.542840131394275815e-06
2.743052664866836013e-06
1.852672814710476118e-06
2.125721588325505228e-06
3.536736514226170983e-06
3.710891678503196867e-06
2.310549046818238890e-06
2.902846231443353631e-06
3.384129542478763498e-06
3.530878743778798106e-06
2.347259651868753645e-06
4.141781525745237051e-06
4.413340788936151717e-06
2.340268723849261919e-06
2.387318033972037729e-06
2.561819227566020610e-06
3.239621795146819444e-06
2.477660615010396032e-06
2.674973676437428167e-06
2.365668339678401913e-06
2.983248446041295248e-06
3.197017801200428470e-06
3.706984806342449050e-06
3.464042478675655237e-06
2.448085705096671484e-06
2.648446765632973791e-06
2.393276577027516366e-06
4.208366251448324258e-06
3.104647331548223179e-06
2.339249398553734898e-06
3.080988423884565248e-06
2.746706276522886356e-06
3.506878927871500492e-06
2.933176543071286151e-06
2.281392640230398749e-06
2.282868920552706051e-06
4.818252260166284567e-06
2.154314255484056885e-06
1.201943390179907194e-06
2.450084318845384753e-06
3.401560583367606818e-06
3.966236270025471016e-06
3.439530732157098722e-06
2.553583829383875007e-06
1.853822655330535823e-06
3.531920498116359078e-06
4.948044052630295027e-06
4.177059008307378679e-06
2.005782517002444037e-06
3.452924580964542486e-06
4.648630554535381925e-06
2.931065925705986863e-06
3.163306157631708335e-06
3.305551060924716546e-06
2.187850499105231936e-06
2.541764584968194469e-06
2.537273761741329846e-06
2.469338902785474929e-06
3.727373649533987046e-06
3.278572956526364046e-06
3.242482465350730194e-06
3.225834115956062895e-06
3.649316052205585209e-06
4.945152726683904919e-06
3.611754975274471841e-06
2.638579485556612499e-06
2.924010253419480051e-06
3.098181295418987235e-06
2.469297180440382756e-06
3.310692261277959901e-06
1.800211343495005524e-06
2.881255929591187025e-06
3.859805776347494070e-06
2.952727418571382435e-06
1.773146382296045344e-06
1.901284123814524474e-06
2.516863822903881822e-06
2.905622652639778153e-06
4.623401715614535998e-06
2.769854764899216278e-06
3.124184852192116587e-06
3.377679601986500187e-06
3.941010644377689566e-06
3.375620802607995371e-06
3.674924537547890690e-06
4.525100855882464672e-06
2.969267277098695731e-06
2.450755294108459748e-06
1.971669137685303301e-06
4.344449450088106552e-06
2.825679988367222390e-06
3.012781858213828199e-06
2.488992259437275879e-06
2.483770786917775397e-06
3.207000250134149072e-06
3.060404576366137229e-06
2.281744015131250510e-06
3.127203751539150922e-06
3.268416024411739345e-06
2.794069819968781608e-06
4.319403553020568676e-06
3.871647593538912510e-06
3.542687187534433090e-06
2.518389379870107406e-06
3.270069781105050514e-06
2.491152353328181885e-06
3.630934689490632596e-06
2.077312617821526166e-06
2.046182940837784982e-06
3.691532934314743862e-06
3.742159105454401547e-06
2.882246869956260588e-06
3.957392395232818918e-06
2.137108023474072726e-06
1.490298628497677646e-06
2.671682876031905517e-06
2.324688664309113574e-06
3.424439002578709437e-06
2.595383089635837272e-06
3.400725303018454195e-06
3.160417288626534477e-06
2.307282918400910854e-06
2.978130815139923905e-06
2.550406514599769511e-06
4.563837036949678436e-06
1.825551895134768054e-06
2.754012918247830272e-06
3.435601135020921893e-06
3.672278516060777547e-06
2.933793761869958634e-06
3.051371971723093170e-06
2.867372856159415905e-06
2.761074370910130665e-06
3.868587569928830724e-06
4.045934054014375586e-06
4.884790805099028961e-06
2.204549887490429579e-06
2.613478269165199265e-06
1.933735187039041086e-06
1.955346130056482685e-06
2.968858256606225554e-06
2.492938022250837749e-06
3.226672759588212213e-06
3.281842784985196990e-06
3.051665268728591638e-06
2.211361718768210981e-06
2.370736394773041768e-06
3.544737651675089512e-06
4.049118825746473099e-06
2.033362777274021782e-06
2.537652163700459905e-06
2.605884233476013658e-06
4.080923327807961636e-06
3.052637963406356823e-06
3.469164193947427726e-06
2.501595543727724478e-06
4.076455149409062380e-06
3.804057357964110191e-06
3.695367547452967734e-06
2.760154000242007326e-06
3.541846380371407661e-06
2.081407371765582517e-06
3.319116652279276043e-06
3.375917780247421564e-06
4.074351447849156525e-06
4.064994022656144501e-06
3.844869322392336893e-06
2.796797886606502071e-06
2.990822794459072072e-06
3.586542766631706380e-06
4.461607089958467300e-06
3.442871940185923693e-06
3.620653253979271367e-06
2.163435548255238660e-06
1.618399274081774837e-06
3.449125806490217726e-06
3.743802732194343462e-06
2.501983435248530142e-06
2.027495700544006205e-06
2.135051225969496224e-06
2.709947891276713239e-06
2.270386162458250639e-06
4.329347393812703196e-06
2.348000833733039001e-06
3.987643649916223674e-06
3.473480444592348425e-06
3.888559431308511668e-06
3.959200058495992988e-06
4.164966746839967217e-06
2.638026795588008882e-06
2.896016695686100065e-06
4.156670495573408866e-06
3.104159596077987423e-06
2.404774854158179471e-06
2.513066746021832266e-06
3.420944907416939360e-06
4.093105091310591499e-06
1.822451841755395654e-06
2.059093053860761241e-06
2.942544259654037683e-06
3.107479042746931754e-06
3.637948205458178109e-06
3.494941481159432147e-06
2.820391430425778651e-06
4.927030872183964308e-06
2.101092214264094299e-06
3.610398500807376818e-06
2.621539646702441717e-06
2.431327800824561124e-06
2.706498826823695520e-06
2.571808910410320562e-06
3.058561726648970493e-06
3.617738380600035170e-06
3.708063496628617298e-06
3.472140396627112881e-06
2.315388193650645122e-06
3.685964288680595628e-06
3.080071643158503266e-06
3.673535592702933587e-06
4.276380596872117576e-06
3.587738058695057198e-06
3.865664033414024171e-06
3.575217486122441360e-06
2.612016548908422968e-06
1.596020539794233906e-06
2.802899469624148051e-06
3.833755972222509195e-06
3.970361728603392609e-06
2.752062622945254911e-06
2.833912094356829697e-06
3.857047333914697484e-06
2.382044181847276350e-06
2.808552303321719606e-06
2.158907366238128518e-06
3.111318310598398602e-06
4.948771330645415312e-06
3.039147472798024138e-06
3.707519059163181608e-06
1.705118217854372384e-06
4.710568721800948200e-06
3.082348118163280812e-06
2.740844712414471502e-06
3.572404057919474262e-06
2.620150033735625914e-06
3.194962107836773456e-06
3.182872130723381770e-06
3.075268194421515830e-06
3.023215241604528510e-06
5.266845643625071133e-06
2.241122817800125210e-06
4.277022670595055207e-06
2.446953733082885370e-06
4.154531754635010842e-06
3.292343720418400819e-06
2.849656288738381327e-06
2.638947507743038383e-06
5.382181888448686326e-06
3.352194089832650658e-06
3.001245846320867334e-06
3.806102431960924044e-06
2.561727111480448687e-06
3.435575121687355424e-06
3.787488612369911077e-06
4.112139977264881229e-06
3.301136378534155992e-06
2.648737319437216916e-06
2.911524805508312175e-06
2.843480247356955345e-06
3.031713387914866401e-06
3.940581265292362026e-06
3.281142557656098085e-06
1.721303888259848807e-06
2.233509434111163762e-06
2.915899091680540670e-06
2.877424499852554551e-06
3.568706862610777178e-06
2.554195351742873953e-06
2.221976232873070567e-06
3.885650706297718988e-06
3.281896125306847107e-06
3.272491992094123753e-06
4.049697317730835129e-06
3.970228398538759126e-06
2.172660107202942522e-06
2.027433995211882780e-06
4.686490562752663531e-06
1.964151456027820224e-06
3.966538554647532061e-06
2.487214895644052530e-06
2.653754848074266168e-06
2.195949533390965864e-06
3.568212052861275468e-06
3.158276109198543625e-06
2.096710167604326148e-06
1.729247449680031892e-06
2.349495671352258750e-06
3.269648672328268419e-06
2.600619448553968401e-06
4.088391109801939815e-06
2.542190173894082472e-06
2.723582040046159195e-06
2.843369723482661109e-06
3.211861247835258170e-06
