9.765867176493133163e-07
9.924542601719192244e-07
7.736169508621429186e-07
1.141886297623640902e-06
8.848166849714087702e-07
8.798915294854972763e-07
8.321556539182836802e-07
1.081965452891127377e-06
1.067023645301014356e-06
9.354638449134083628e-07
8.742539547269318080e-07
8.743204494488069691e-07
1.132893892402936602e-06
9.629088428586811517e-07
9.863857275760239002e-07
9.107772898372413717e-07
7.745797718250595971e-07
8.028348186219842907e-07
1.009524402446018152e-06
9.455349413713100219e-07
8.507786403818385240e-07
8.048198673164039399e-07
9.664434628186656836e-07
9.351841329240300361e-07
1.047291242381054826e-06
1.084525743982896662e-06
9.883532951192516717e-07
1.118519608845838783e-06
9.056290827662769276e-07
7.910647539129450019e-07
8.586792197784137852e-07
1.026019107708334017e-06
9.373574190320550405e-07
9.353909563964201946e-07
9.443140134521229092e-07
8.054177871527528507e-07
9.580085964662757848e-07
9.269473523605998209e-07
1.203406947518459858e-06
7.261225995954541541e-07
9.158843125375364697e-07
8.888297800852371322e-07
1.054947411395414023e-06
9.505962721223773928e-07
8.312224770588728000e-07
9.127421572002030087e-07
9.929635056699316205e-07
9.627371772386853947e-07
9.722763864797275795e-07
9.397245614419530206e-07
8.128263264376169981e-07
8.641916731595793051e-07
9.340931363251906282e-07
1.014213715164407458e-06
1.037249557849749893e-06
8.913885882602941278e-07
8.636762982103650593e-07
9.672260673592307358e-07
1.111285769497315488e-06
8.028500382880732565e-07
9.263671241299177009e-07
9.475698162125737459e-07
1.048817184766399957e-06
9.527753681041989408e-07
9.625723636691985040e-07
8.615659209530048965e-07
1.071388532207296420e-06
1.005592658972453963e-06
9.288020025083739962e-07
1.061848381354960802e-06
8.467027281404222081e-07
9.801758648251958668e-07
8.883879193721114714e-07
9.422779019631465004e-07
1.085053594664477448e-06
9.483372625717770455e-07
9.077138860903797732e-07
9.727018969543769202e-07
9.189231573149647970e-07
9.963538603576033585e-07
1.039448385519700901e-06
9.597543266475238894e-07
8.331973168859416450e-07
9.058974323837941034e-07
1.059295905483031587e-06
1.000604851734035914e-06
9.450659754993361817e-07
9.648098880303878751e-07
1.000961418502610551e-06
1.020758361064093157e-06
9.244697047433753885e-07
1.026948350985273506e-06
1.161735530184361548e-06
9.797704568120046452e-07
8.863740185425941445e-07
1.007302073230824819e-06
8.488036156429595373e-07
9.461823964356968362e-07
1.082588610580378077e-06
9.143116880447471837e-07
8.042166319972757792e-07
9.937296292157112562e-07
9.992757296455647350e-07
7.954604694467856445e-07
8.396179505717508114e-07
9.934821584300964035e-07
9.666378343234283175e-07
1.063954225331313518e-06
1.107494645622161728e-06
9.719818953671936970e-07
9.813054007420242941e-07
8.667503650083561417e-07
8.853736931942347090e-07
1.178759067597922151e-06
9.542117119848480984e-07
8.956292093342634700e-07
8.660887856114596726e-07
8.724148276620071777e-07
1.002276344931636793e-06
9.815118088860207087e-07
9.081717304641689606e-07
8.779999823394505064e-07
8.939961114032309999e-07
9.522731422352296841e-07
9.827320902044427016e-07
1.080978164296180415e-06
9.027345771924387032e-07
9.233995609262298020e-07
9.945516237700212740e-07
1.134344615031487858e-06
1.048897885585006567e-06
9.749452102555602893e-07
9.500396473553776947e-07
8.388156934915044035e-07
8.645797372324687505e-07
1.011859606069752537e-06
1.030866877442444873e-06
1.093748163467458336e-06
8.739524315141971124e-07
8.168081274547723087e-07
8.640586893763821392e-07
1.091476599146197438e-06
9.490708308425502446e-07
9.073887042542128894e-07
9.281251670699545234e-07
8.777343583680270193e-07
1.006995001980012702e-06
1.022912669404368539e-06
1.107819546042207199e-06
8.805679032295930644e-07
9.282422942252410582e-07
1.050682034477297986e-06
1.089835028504287987e-06
8.839544632425381576e-07
9.768423146351627770e-07
9.379666173929739324e-07
1.106958000597826383e-06
8.467405366745298793e-07
9.665618678764726795e-07
1.127045338725605586e-06
1.070992862536035631e-06
8.365856759932044535e-07
8.977501016220766114e-07
1.073458259331661113e-06
1.036024979954718354e-06
9.427914011428815809e-07
9.315228395238329623e-07
7.954716467008293470e-07
1.061601502933834421e-06
1.030015946463362723e-06
9.724823271265183012e-07
8.583134445987045529e-07
1.042366441666784220e-06
9.341886059708724974e-07
9.084530758477681679e-07
9.741275690257509375e-07
1.142818855164929796e-06
1.237936508412421525e-06
8.546404302322084244e-07
9.432808636885566502e-07
1.048433386621002178e-06
1.075706758297474246e-06
9.983460754447359119e-07
9.005503732479291679e-07
9.105280780550059001e-07
8.123465762976783063e-07
9.476987639130191518e-07
1.058812822031794714e-06
9.302324668100296091e-07
8.939043823091899398e-07
7.490295937485654039e-07
9.750469119582104725e-07
9.675715946180578523e-07
9.526028548248379014e-07
8.406625226081273590e-07
9.257402727433212378e-07
9.431147885355919393e-07
8.383685311260454647e-07
1.018014537161572529e-06
1.147325605660638301e-06
9.581642988162641299e-07
8.676854978632123155e-07
1.072276022751448812e-06
1.028892087383387438e-06
9.323867016294583440e-07
9.220350673857211908e-07
8.513073826591829535e-07
8.162022635938226846e-07
9.687139725313117980e-07
9.904266576323053357e-07
8.199648879216927450e-07
8.985201590557586132e-07
9.576314753055674367e-07
9.638956588882350859e-07
9.646625098613362692e-07
9.373617729238872572e-07
8.003809430171134574e-07
8.765061290931162297e-07
8.945436695723360166e-07
7.798298764923307959e-07
8.613818961603136876e-07
8.761189263255609328e-07
9.704214680810979073e-07
9.568840385971334649e-07
1.129159643152305586e-06
8.194967855208339256e-07
8.473688286009017235e-07
9.278129247600649116e-07
9.966892776664108849e-07
1.007874675317422053e-06
7.158687604065300409e-07
8.993306841901585128e-07
9.050886302415885868e-07
9.751989415140800392e-07
9.784149579564653353e-07
9.589419608875179445e-07
8.956307288618007821e-07
9.298382159996669115e-07
8.746521107433375770e-07
8.883101287876880514e-07
9.150766036207709369e-07
1.020887493804105837e-06
9.340546319262825608e-07
1.147739798886180680e-06
8.407323645501604302e-07
8.544558007086903389e-07
9.662644756441085810e-07
1.057294990010382357e-06
1.028401212873527635e-06
9.723364502025669468e-07
1.165040429400425167e-06
1.034670608145530129e-06
8.871099119150863292e-07
9.439563943518266611e-07
1.075355294516503900e-06
9.364922434928426003e-07
9.313664462124721069e-07
9.118770871517434160e-07
7.700694038853167366e-07
8.701132209011764924e-07
8.343823330944021167e-07
9.513300859627467270e-07
1.154154926774229483e-06
1.000501610705672157e-06
9.032448082920934927e-07
9.056873781365405699e-07
9.413285535454137439e-07
1.023554010166332989e-06
1.182693155823158021e-06
9.170479624907513963e-07
8.995509103544227757e-07
8.819052304780451678e-07
9.868746530255790049e-07
1.072285316928932964e-06
1.006484514415135043e-06
7.050483778824465138e-07
9.155275306090899374e-07
1.142105372304683305e-06
9.663631010047525478e-07
8.753542166429463479e-07
7.729137208904122029e-07
8.067194707552613180e-07
9.222030751557307893e-07
8.690693857241642324e-07
1.232405529811781014e-06
1.060441830098471980e-06
9.293733301378393384e-07
9.256041429575752667e-07
9.337717297840815660e-07
8.405331654553669932e-07
9.362023921703047889e-07
1.056250477156765875e-06
9.037947796694540184e-07
8.281686632047257500e-07
8.556634794980164037e-07
1.040560262769439534e-06
9.355945650891374772e-07
9.012267085797758943e-07
8.740893942493186284e-07
9.465913333574435356e-07
9.031782410137771399e-07
1.159841410154436521e-06
7.842106429360799380e-07
8.885356981093838754e-07
9.689245091654776484e-07
7.897686660440391377e-07
8.947367488905291338e-07
9.739675496437922969e-07
9.737865016356526456e-07
9.460296010271291320e-07
8.172765972606484629e-07
7.519381631506201419e-07
9.493013730183524127e-07
9.640250843117991196e-07
8.945518963615916637e-07
8.951563938806498006e-07
1.028195325193756078e-06
9.507399731163393500e-07
1.012634966605351839e-06
9.501439126095219041e-07
9.551399550986102628e-07
1.001034652604645097e-06
1.137795426805907872e-06
7.946559227765441099e-07
1.009226519933721439e-06
9.868408954597051408e-07
7.925967534148752725e-07
9.290019623545526829e-07
9.689323883864667380e-07
1.019782906352237166e-06
8.089794181048654201e-07
9.287343994952781123e-07
1.053606238982535066e-06
9.660909570582467181e-07
8.789192695804903996e-07
7.735371340977842460e-07
1.171399905066540467e-06
9.762349436819965032e-07
9.471891087008427833e-07
8.068165768132972543e-07
9.623841146317794954e-07
9.865632301881429898e-07
1.109588791984543274e-06
1.038005933954522149e-06
1.094912684834500192e-06
9.247390313087989234e-07
7.919953441194774344e-07
9.262179185990630026e-07
1.052421113547808723e-06
1.041472531715524826e-06
8.799125451382158880e-07
9.627772863054912181e-07
8.395170870470927130e-07
8.834972273836784921e-07
9.888792857192081566e-07
9.491362933599115922e-07
8.531388823637692536e-07
8.930788101122262258e-07
9.818194185541009949e-07
9.325672426756514407e-07
1.108388369928415344e-06
8.445354786572393056e-07
8.864935049064716292e-07
9.482035549617095171e-07
1.013831003581258419e-06
1.018974956618358936e-06
1.015702830510822030e-06
9.385637909805713362e-07
9.303297670193694152e-07
8.261025603381609514e-07
8.791536824551246694e-07
1.008671533446566087e-06
1.013731369070934882e-06
1.038215691923391195e-06
8.887813008312027477e-07
8.346724503509495091e-07
9.161859637365436607e-07
1.016415381667614341e-06
9.742918023460839474e-07
7.670059618147750178e-07
9.015689759115961079e-07
9.205624556320080129e-07
9.310618333777366779e-07
1.013483139283096885e-06
9.989996257870955211e-07
9.388097621497601473e-07
1.056476109541546295e-06
1.031452396752920702e-06
9.233420151865720946e-07
9.660830094136919920e-07
9.682910355320786676e-07
7.963951834416829025e-07
9.123848363278706657e-07
1.029541423551435250e-06
1.077572292034977097e-06
9.580058302756486096e-07
9.086542421981748022e-07
1.012715287344925086e-06
1.005703233420139076e-06
9.269160947545652292e-07
9.291773995806542153e-07
8.575075132870732152e-07
1.101156234841738560e-06
9.873036577385399754e-07
9.377968947963749797e-07
8.516992310071463107e-07
9.037102006756694682e-07
1.044026692949393838e-06
8.930570433384500116e-07
9.634961907135944621e-07
9.131312683611590912e-07
9.923857713928765056e-07
1.008646641371963997e-06
9.314923705711134002e-07
9.117599270273972869e-07
1.003296099817380363e-06
1.021318708759069596e-06
1.005933099929818851e-06
8.682090303347071258e-07
9.729999474260653650e-07
8.004210726819357315e-07
8.935351378530285452e-07
1.001568717006936345e-06
1.006909660397292696e-06
7.859226760226275904e-07
9.591282874950201028e-07
9.530460432874916314e-07
1.049131269336506572e-06
1.211204076631991302e-06
9.985235998273040704e-07
9.207032119254917366e-07
8.612243019725725107e-07
8.012752562386235632e-07
8.715977160274004795e-07
1.096468253123578017e-06
8.603867515931876122e-07
8.543468924174066917e-07
8.447848415296470643e-07
1.040910543680681903e-06
1.023662263628427137e-06
1.032991094734550769e-06
7.738447378797035150e-07
8.573175013669279932e-07
9.409795488194086626e-07
9.626422596471121926e-07
1.000793019311427753e-06
8.209972595664519759e-07
9.519916692564308696e-07
1.043630906934881209e-06
1.189943808202800357e-06
1.006904399082564979e-06
8.960410078659475854e-07
7.989236283537379407e-07
8.373336542683014061e-07
9.290842535608468529e-07
9.740765225153635195e-07
8.340687459405781051e-07
8.116657154348791381e-07
9.150228040674357383e-07
9.797404268919528188e-07
9.816004111109140514e-07
8.971647978538377504e-07
8.840456533000527783e-07
9.842347184141038014e-07
9.964421540130554505e-07
1.162312120098898717e-06
7.850925524097691195e-07
9.109030864970730348e-07
1.010243554118422088e-06
8.460015873900258148e-07
1.010203675089833743e-06
1.009793456884458497e-06
1.078672854391491150e-06
8.813192834430948986e-07
8.734075983075823387e-07
1.138397619812343687e-06
9.242994472124903816e-07
8.607558407019458222e-07
9.421242286160934965e-07
1.045747037565791594e-06
1.013546585845742936e-06
9.888140921297631634e-07
9.415762823833759569e-07
8.324541346306134159e-07
1.015830224857235065e-06
1.030137569129774243e-06
9.848006553213420897e-07
9.358407514372462611e-07
8.947382464268994374e-07
8.214236817273277281e-07
9.264938616148105101e-07
9.097032514253413934e-07
9.673700648292830343e-07
1.070526848445216338e-06
8.153244987339891830e-07
9.028829091939407001e-07
1.049410421785847380e-06
1.025492430687908736e-06
9.082378837597405198e-07
9.095501444133675711e-07
8.420593809111151043e-07
1.039147694955675018e-06
1.065495532162677439e-06
8.910307546047658418e-07
8.516726303557417282e-07
8.583625552418265517e-07
1.015098012982957825e-06
9.502218312124353530e-07
1.009183880421774108e-06
9.060478311068025534e-07
8.732102540152761236e-07
9.494679072841888934e-07
8.954831591827247466e-07
1.037233345066235583e-06
1.017799339452204480e-06
9.430482999489469864e-07
8.997827564098614218e-07
8.763249797786231356e-07
7.244339982282928292e-07
9.843873030225260466e-07
9.854795869865750487e-07
9.222425000229628989e-07
8.501963471447346504e-07
7.520980755384487562e-07
1.135872918545739533e-06
9.342053800367606164e-07
9.268985512349570991e-07
8.509629686371975921e-07
8.951465673415418486e-07
9.786454345389692866e-07
1.076214095757317075e-06
8.041289030511051828e-07
9.286265697905193518e-07
7.910064483429133673e-07
9.528691661600246150e-07
9.445879306472969387e-07
9.611543789728663619e-07
9.387764192898822291e-07
8.011350306870090044e-07
8.306636446003092814e-07
1.026503478221069621e-06
9.881369881775794371e-07
9.322881958756023190e-07
8.970302304398820171e-07
1.040472688596390878e-06
1.090363478447063190e-06
9.247638614008877836e-07
8.632657547696934692e-07
9.994345969498333582e-07
1.037778315781105456e-06
1.003550509196753210e-06
8.733149153635005543e-07
9.644812907933818131e-07
9.228499421763754304e-07
7.915680945521543695e-07
9.536216528838232369e-07
9.497264153722330627e-07
1.160636991141647400e-06
7.613394579865362055e-07
8.948557100795086100e-07
8.758384507139216950e-07
1.015128152392843165e-06
9.344562818817260670e-07
7.435841682000701586e-07
9.489754401830811890e-07
9.307669671776579330e-07
1.085782776180770632e-06
1.072273049801732621e-06
9.189356608751282639e-07
8.380939900551709390e-07
1.091140097868419573e-06
1.006754579834166648e-06
1.049431504153255998e-06
9.309888756354278605e-07
9.430153550407580819e-07
9.960965453294468405e-07
1.048108392312519076e-06
9.021668509289802545e-07
9.052846654141770871e-07
1.027773919676028086e-06
8.819351247685257139e-07
1.043100128675595230e-06
1.022711604101280708e-06
1.064702010365381886e-06
8.309124219422591585e-07
9.575530399195706857e-07
8.309635290391197013e-07
1.010568174742341445e-06
1.053670079132254831e-06
9.044487730436977664e-07
8.459175737403288496e-07
8.811523894436914314e-07
9.219539596588804417e-07
8.749490218849543264e-07
1.090989090199495779e-06
9.989628655679518533e-07
8.960510517722622595e-07
9.327999765132258461e-07
8.802900655758354711e-07
9.984116853507561077e-07
1.093471660074825934e-06
9.171387680465122698e-07
7.426574564132251728e-07
8.871917056458284593e-07
1.002968162923560988e-06
9.339801678653840482e-07
1.009565407390779519e-06
8.702909195544122252e-07
8.149871360873815676e-07
8.597897281818070633e-07
9.475844683215136166e-07
9.622338141269794759e-07
8.876069997020819574e-07
8.810895256839211174e-07
9.513772622043930807e-07
9.308932289867336177e-07
8.874422666277909348e-07
9.721552703034615563e-07
1.048797896712692263e-06
9.011532322175204073e-07
8.203871398756982899e-07
8.470412976103089302e-07
1.006852058282564044e-06
9.495724632660679113e-07
8.548009750028253786e-07
8.375784798784142488e-07
1.011135090823311118e-06
1.008466060673968954e-06
1.024587981276893191e-06
8.469695996346248719e-07
8.505008324010275367e-07
9.752004409329166936e-07
1.006550643275427401e-06
9.989085726160115374e-07
7.837084080729892691e-07
9.512502804647489336e-07
9.943875956966076880e-07
9.037060602269521932e-07
8.760906941770654430e-07
8.390168950748777301e-07
9.733727051070817519e-07
9.094644116103396542e-07
9.027287750963092749e-07
8.543807307125366148e-07
9.366238947302048916e-07
9.383445138583024918e-07
1.018750052591589374e-06
9.408497902209203176e-07
9.138659566852809000e-07
7.592854574300832580e-07
1.035049135698957486e-06
1.017995784233474034e-06
8.513169578655804296e-07
9.379313227167231352e-07
9.158609989655465850e-07
9.895332152033852199e-07
1.054416756823632841e-06
9.310601299638288036e-07
9.378110086849263608e-07
1.141425038461190564e-06
8.495894827194668736e-07
8.331978924874080624e-07
9.393075038822945646e-07
1.082633190364138754e-06
9.438113056843006611e-07
8.279916416190558444e-07
9.120251543455748231e-07
9.260049528478590927e-07
9.440942257723038945e-07
9.109726890528667913e-07
9.709179593061614577e-07
8.233059533314441135e-07
8.807348283140877739e-07
9.688844322069399041e-07
9.558021069827577335e-07
8.531196062069829882e-07
7.815381896385036967e-07
9.138027998801917781e-07
1.127121954245858081e-06
9.345716237318726718e-07
9.893197864882282939e-07
9.339384356443165204e-07
9.314952940308227598e-07
8.672993309839067437e-07
9.371080001471422253e-07
1.044101936386146989e-06
8.026588616609766677e-07
9.126979995305743518e-07
9.836328329386061856e-07
9.989078849663484332e-07
1.102779072016742401e-06
8.418709699264625901e-07
8.819516883873142473e-07
9.308236485174086642e-07
1.013223606315995350e-06
1.094415116720197645e-06
8.220558195326529279e-07
9.179660779255412719e-07
8.962531075981106531e-07
1.126208371733042103e-06
7.711247277890122826e-07
9.997820675452825455e-07
9.931782483637574001e-07
1.039275488604989858e-06
8.547434969328902900e-07
8.682548957587604455e-07
9.373484067551982181e-07
1.047693563133539814e-06
9.695932276618818104e-07
7.747263992706176198e-07
9.335095583177886406e-07
8.999497521000213650e-07
9.758898825632557153e-07
9.991859819909520722e-07
9.661675029562189018e-07
9.068160917394476641e-07
9.016681892799598426e-07
9.980230719062942926e-07
1.072860564498481451e-06
1.005515555928111089e-06
9.250924163491593256e-07
9.281389779195860768e-07
9.064456961188465294e-07
9.324238928529408075e-07
1.042820619707370911e-06
1.017938780003460014e-06
8.444594723781629114e-07
8.723963757667164188e-07
1.092348042820762752e-06
1.055283259465297036e-06
9.040250328298406208e-07
9.196208537752627828e-07
8.101147918044545677e-07
1.093885114763207199e-06
1.002730357553654038e-06
9.357775669469893374e-07
8.418503706986479188e-07
8.852964485402060078e-07
1.059061501795564632e-06
9.026875378532088275e-07
9.986531879008459884e-07
8.867294287421264770e-07
8.167813428965796464e-07
8.379510598657427265e-07
8.928587862009060037e-07
8.704541210717321324e-07
1.029872930449419096e-06
1.001292228484696840e-06
9.443340360470704835e-07
8.989151275348685998e-07
8.392077701665941943e-07
9.576439341291122471e-07
1.032689600054118678e-06
9.032140541257598696e-07
9.622300366106361955e-07
9.472694575959941667e-07
9.054553696744576529e-07
7.032134992606517797e-07
1.018939950973136004e-06
9.542494053929128264e-07
8.147380103065173308e-07
8.749858520854993104e-07
8.978088908543116742e-07
9.553551412050950547e-07
9.065549310168650827e-07
8.986394972641606519e-07
1.161352986515720390e-06
8.489513724487243221e-07
8.225514265378089072e-07
9.734575517340437746e-07
9.343452221540066084e-07
9.411980714133203951e-07
8.685569697536392070e-07
8.618822900209843755e-07
9.584828919857550227e-07
9.773891076173590461e-07
1.025572336617606233e-06
8.443171941575739808e-07
8.359226441350650078e-07
9.335034643888737859e-07
1.036903475968954003e-06
9.720637061339373301e-07
8.695659988270046533e-07
8.645029012223188123e-07
9.530709980850446135e-07
9.361847303782850350e-07
8.871001346242901810e-07
8.695375304017319274e-07
9.687685736841999394e-07
8.766176627008862133e-07
8.283554316258386411e-07
8.502407789742104298e-07
1.013948712919774479e-06
9.362671251513659579e-07
9.163695554839124835e-07
7.569500828124261372e-07
9.746905287824357904e-07
9.593986617177718961e-07
1.168602923360383757e-06
8.090907072756661030e-07
9.378454023861875137e-07
8.832509624345219398e-07
1.014346471786602742e-06
9.967081318163731926e-07
9.021648766506791484e-07
9.303002768559321477e-07
8.402930653201754530e-07
7.447018185932050938e-07
8.945913136996166207e-07
1.043957781280305579e-06
9.484471298866255575e-07
8.477584460265749076e-07
8.652674728813063949e-07
9.278660509197598590e-07
9.435550100391979492e-07
1.034636536974699645e-06
1.104116880239149351e-06
8.927410797513147123e-07
9.784317057781803369e-07
9.974681244779954839e-07
9.912328482864090212e-07
9.823592996334465634e-07
9.196481725394293251e-07
8.383168661552288118e-07
1.039565552848788789e-06
1.040109985523031529e-06
9.376915335024353042e-07
8.054146640501642440e-07
9.094654318643111486e-07
9.522800172128136498e-07
9.466891107109352565e-07
1.113548647065193139e-06
1.054052547078349615e-06
8.834127227304253838e-07
8.595054270235862476e-07
8.749153795113396766e-07
9.959530870451983622e-07
1.122157215810553296e-06
9.857046823770507697e-07
9.545097025390818039e-07
1.007376017526152530e-06
9.870116154702781225e-07
1.005996204561798602e-06
8.850305117437509695e-07
7.909682159363025220e-07
8.284268507184749145e-07
1.014265979101566570e-06
9.588694250154663862e-07
8.685112396886455492e-07
1.010052370905031294e-06
8.808679549110765942e-07
9.335004292838678546e-07
9.782563459052136841e-07
1.000752443807904451e-06
8.939862446089956263e-07
8.067136237385492180e-07
8.307312061363039682e-07
9.941973814011673747e-07
9.736981732012428857e-07
9.698943867498829136e-07
7.948914370877388136e-07
8.868486510747030191e-07
9.873022593668276243e-07
9.448461290603219613e-07
1.048103761195765573e-06
8.671988778605713784e-07
8.138147429270875686e-07
9.350473859897928219e-07
1.107958725182355933e-06
9.857531416775023812e-07
8.724645293434986306e-07
9.630034042228956551e-07
9.871975244498911378e-07
9.013890868290065707e-07
8.581764928563118284e-07
8.137542721913721418e-07
1.032696574047035252e-06
9.761137084338771964e-07
8.741258348276687501e-07
8.332051640226007595e-07
1.010527007892077450e-06
1.007224682596010954e-06
9.033574927072910052e-07
8.403081384007924926e-07
1.025753913613029921e-06
1.010797447385782931e-06
8.614995878473839521e-07
9.563106264708104120e-07
9.204845423038130956e-07
1.043475300923062010e-06
1.114838940522989815e-06
1.002499531109446427e-06
9.933285591382523227e-07
1.140394291167453607e-06
8.359072937207694511e-07
9.199171709158813726e-07
1.074431303900055286e-06
9.687615695568212230e-07
8.627817322325346151e-07
9.028933611929910801e-07
9.116245595296614815e-07
9.899867289728122332e-07
9.774573962937135411e-07
8.871817296944191624e-07
8.671488031998391381e-07
1.057749506079594482e-06
1.128648715928771080e-06
9.494244756336843213e-07
9.192952441951213838e-07
9.026861282496344021e-07
8.882268232702017332e-07
9.431412369107521625e-07
9.642510349398572372e-07
1.025141822632927183e-06
1.060940005154407159e-06
8.085187286400879036e-07
9.060170250493315336e-07
9.423190857463730866e-07
1.136121593214169839e-06
1.040722009219081207e-06
9.381419488257901887e-07
9.321945086981864207e-07
7.942806595823850179e-07
9.949020994092637538e-07
8.455882799725355368e-07
8.066476780544684350e-07
9.937621292674680899e-07
1.066750152234367150e-06
9.486654375538257183e-07
8.555623095339169258e-07
8.441085629766257367e-07
1.022151072708359150e-06
9.436993148378754751e-07
9.720861870925683696e-07
8.544745424844776594e-07
1.142547626426381815e-06
9.291957144371051578e-07
9.320970556969648077e-07
8.890611243799341892e-07
1.000430128893221237e-06
1.091075300894680242e-06
1.028573936438421807e-06
8.520100527359239239e-07
9.318871303389313734e-07
9.691927972787833121e-07
9.642472516658352381e-07
9.189425285548088109e-07
8.229020340721515998e-07
8.269394382150719271e-07
9.493638084145173526e-07
8.344081433814368353e-07
7.976231088094497409e-07
9.261021814799357350e-07
9.915441837089217140e-07
9.775933960857184024e-07
9.789993857523808907e-07
1.020754895805434948e-06
9.495375654188729059e-07
8.222741937904296863e-07
8.711153444085264050e-07
1.023296681516280282e-06
9.365241788417056257e-07
9.446635690073764056e-07
8.604700911787395038e-07
7.053932708492403107e-07
1.061759274447979645e-06
1.098191072551733902e-06
8.106833805462140493e-07
8.770935891449202138e-07
9.802555248119541169e-07
1.024823326544127225e-06
9.930569516536871725e-07
8.354155966649405684e-07
9.099563159929796921e-07
8.995852877477158200e-07
9.790572909390848317e-07
1.034454752208513870e-06
9.886099332455415948e-07
9.396707891630028082e-07
9.389019225768416203e-07
8.863447643479812031e-07
8.923396900235773695e-07
9.254767898257533074e-07
1.016890424676734589e-06
9.658856757426227525e-07
1.043580159452338013e-06
9.109444026248107400e-07
9.051875020240549008e-07
9.714978076712695043e-07
1.069207517711965202e-06
8.145817431270690791e-07
9.354011332797510063e-07
9.305635343345238016e-07
9.914952239129133570e-07
1.036760915310757077e-06
8.948736409157799289e-07
8.840053988777666062e-07
7.469717991203339331e-07
1.178239522612871120e-06
9.519817195171560923e-07
8.840496982726672062e-07
1.058418061137195705e-06
9.254118101147017350e-07
8.613166869831155484e-07
9.306472270050145789e-07
8.556636308762386559e-07
9.602179569999823765e-07
1.049145657267783077e-06
1.084209240950071741e-06
8.809497353270535049e-07
9.096412918098813502e-07
1.015693672033413323e-06
1.113317384769027518e-06
8.269350114296150312e-07
8.923329174906123792e-07
1.012648316582518942e-06
9.532731136428988824e-07
8.254869700651984908e-07
9.221914759688210697e-07
8.919106768895396689e-07
9.679284391854491961e-07
7.945800524800347887e-07
8.602776891312497727e-07
9.897935739434997446e-07
9.582568964338360041e-07
8.261772286211417607e-07
8.371437239130476209e-07
9.645865183575898401e-07
9.103330380674808734e-07
9.967421688161994590e-07
1.201542273630991038e-06
9.076979881802333801e-07
8.446140810358540290e-07
9.683866783202437528e-07
1.002441564475469164e-06
8.023651052257575562e-07
9.226495319649663629e-07
9.357060300806998506e-07
1.090365053696491837e-06
1.060658598270288444e-06
9.548364162191453316e-07
9.725987814816887235e-07
7.854393005625572225e-07
9.194243395227023644e-07
8.232272765876037613e-07
9.030621877722349950e-07
1.091036508980415113e-06
9.871923010305416488e-07
8.785484038634992339e-07
9.414383497964417716e-07
1.170372227165090952e-06
1.081324450879121195e-06
8.758483664244198869e-07
1.126334571513651009e-06
1.072586942939251723e-06
9.915293956199800096e-07
8.797886073637704700e-07
8.649444323156899186e-07
9.444805097327687761e-07
1.130818174351853996e-06
8.995581639519848786e-07
7.441442098593301318e-07
8.815063002432218401e-07
8.445808172631222175e-07
8.858017097039055646e-07
8.630679351223785645e-07
1.049126780148262097e-06
1.019041194052574106e-06
9.617595469528079319e-07
9.953666129364735291e-07
8.627682937643888865e-07
1.160616336446584274e-06
1.021179505940685086e-06
8.898294627022922502e-07
8.851258257218238832e-07
8.959810016994902748e-07
1.071106660030509301e-06
9.974165376178371922e-07
9.253285497591985610e-07
9.292963847208283753e-07
8.486577876165679843e-07
8.475417834629041280e-07
9.175633809819662991e-07
9.769597217275183206e-07
8.209725517968275190e-07
9.648879119163305644e-07
9.148678320505413008e-07
8.884019843778370834e-07
8.939694397816583426e-07
9.232546407433108070e-07
1.139866640389457904e-06
9.479900535535203486e-07
8.413721007273849018e-07
8.519346652012174552e-07
1.102672174647038845e-06
9.609346491840913802e-07
9.148082916715960309e-07
9.573003854918116246e-07
8.472590901515252597e-07
8.774544890144786953e-07
9.420738858405789554e-07
9.995991440893484193e-07
9.819240377335755578e-07
1.089143110119908713e-06
8.868475048439010186e-07
9.433070830656931234e-07
8.295294467991551967e-07
8.552125374268485269e-07
1.041195696215290295e-06
9.732326721485833350e-07
9.896737932757328770e-07
8.210787714123441418e-07
1.053069304609774951e-06
1.026381718643037339e-06
8.776823624874673025e-07
8.420989197823720927e-07
8.936652559069920545e-07
1.076579732117933406e-06
9.305139212786034513e-07
8.520839324673797705e-07
9.459727347989927434e-07
9.204007151950057872e-07
1.036473834451045786e-06
1.130026607363900854e-06
8.769644011009325146e-07
9.116459336348509339e-07
7.828335192584919920e-07
7.629409725060912871e-07
9.069307327253587197e-07
9.368645674272744241e-07
9.254681901654566500e-07
1.148396384544860824e-06
9.162689442232771629e-07
7.692054183587123575e-07
1.004072256921029317e-06
1.076003351375701390e-06
1.014200676584901323e-06
8.587371823937863786e-07
9.455964082708164346e-07
9.494544772783957046e-07
9.997175898548075420e-07
1.082260547565987975e-06
9.082190538757855022e-07
8.211588738259861543e-07
1.071493858861647217e-06
1.005420617678629749e-06
1.000610980701346476e-06
8.895815078191719851e-07
9.169325820342872467e-07
8.640328186699930492e-07
9.030058276883244243e-07
9.105274274738737189e-07
9.785701095016649299e-07
1.058948725954794355e-06
1.003508118968840752e-06
8.283165669127858176e-07
9.024120263540297380e-07
1.028773128708999119e-06
1.048959717495416147e-06
9.938419773877835772e-07
9.191120990477375793e-07
9.305163346677659278e-07
9.263351361151409008e-07
1.072607998809657524e-06
9.311725860619400816e-07
8.977244834991682460e-07
8.027321409193464489e-07
9.611295280762977231e-07
9.785206504895699875e-07
8.402489088955578560e-07
1.048375245163414762e-06
8.891366340543976193e-07
9.034696700687792841e-07
7.703672759720105911e-07
1.150618329859516243e-06
1.016239745698718723e-06
9.779729235582835750e-07
8.330927921252333124e-07
9.059382074174260739e-07
1.003643400076026400e-06
9.739806527795790812e-07
1.020446129124386096e-06
8.752351792959794931e-07
8.575923326777214180e-07
9.723537641005084965e-07
9.896851928058498805e-07
8.377338882053679488e-07
8.682418114769843194e-07
9.117566121065065035e-07
9.525425689876188466e-07
9.359001270529525231e-07
9.935221270345767369e-07
9.472205919359281624e-07
1.022518981861578921e-06
8.613595283630093766e-07
8.919087148242408170e-07
8.044070764371854899e-07
1.084544332791783146e-06
9.475453356396504328e-07
9.849797566666402722e-07
9.007150606204309957e-07
9.431480710468434784e-07
9.467881303019090279e-07
1.067696089788320500e-06
8.430164650298066947e-07
8.970236154356975013e-07
9.350215991988500315e-07
9.521403190182110963e-07
1.031959928299760236e-06
9.043268904537684604e-07
9.354561282358367068e-07
9.277741652162356758e-07
1.010475889625859088e-06
9.850303224681466166e-07
9.847078144679969720e-07
9.255193741956340622e-07
8.949999432275188851e-07
8.573069540901708464e-07
8.644314646833981815e-07
9.354116722105802919e-07
9.769041950553925566e-07
1.086882428052777480e-06
8.910805810104852082e-07
8.519262323786923595e-07
9.628769217173868832e-07
1.012067693066296453e-06
8.396046653741021156e-07
8.792970847364689979e-07
8.768920630818128262e-07
1.070001653696032476e-06
8.974406494353151591e-07
8.918365652852776833e-07
9.999972477021359182e-07
1.170037846582330792e-06
8.526485827713990922e-07
1.005454776718208349e-06
8.003793917299496860e-07
9.141316950302375424e-07
8.924975562812976894e-07
9.808001412024609681e-07
1.019863827219242131e-06
9.600228072338178942e-07
9.670187012695756328e-07
9.228404608122642546e-07
1.059329423264345081e-06
1.074777016869571986e-06
9.496430662059770550e-07
9.321785363035359604e-07
8.566842348339495426e-07
7.885205146837223822e-07
9.633659906820534174e-07
1.186109547969264641e-06
9.301447724630055619e-07
7.755529222908684056e-07
8.618340032054512799e-07
9.410720540722545922e-07
9.733882646714750578e-07
1.050260495280165549e-06
8.526835185845618280e-07
8.093599446584519651e-07
1.063154093334428578e-06
9.644229644024142438e-07
8.232634846029069480e-07
9.564915553920348397e-07
9.229580177562554277e-07
8.338659539410786171e-07
8.447297370193358761e-07
1.168123266070255873e-06
9.175337948738159003e-07
8.080342108713447403e-07
8.336223970937542480e-07
9.730629335365239612e-07
9.645754341108127471e-07
1.137497974487887137e-06
1.033685563666389816e-06
1.066459898833095744e-06
9.633795854535513270e-07
7.743857856852828450e-07
9.561619301153777658e-07
9.961607338968749664e-07
1.009724759441434790e-06
9.891535150131311600e-07
9.037177803350238072e-07
7.645446006404230292e-07
8.120997350098426462e-07
9.823053961154137325e-07
9.865462495119633911e-07
8.682477416376399114e-07
8.652999670068560819e-07
8.980427241263485114e-07
1.000660299783980332e-06
9.271630651152904482e-07
9.215286735203092820e-07
8.685403251991419804e-07
1.001607717540209249e-06
9.659087503647047693e-07
1.106762660786295186e-06
1.047780356525559853e-06
9.897971555416354154e-07
9.838879455671220303e-07
8.537478645114636522e-07
8.138394149629379502e-07
9.950376577143106327e-07
9.749107810937496201e-07
9.999568743888355614e-07
8.983953744118057127e-07
9.000880177521568017e-07
1.047601396292200869e-06
9.531461680302203401e-07
8.463509918360456063e-07
8.601778549381371256e-07
9.871935932881576421e-07
8.848660304856029367e-07
1.052626858766840216e-06
8.648525747046570703e-07
1.146837243627895646e-06
1.048261929505756862e-06
9.220357204728583682e-07
9.507047658190157277e-07
7.438153891708684644e-07
9.742474600388232553e-07
9.642469165023557111e-07
1.092611798842050433e-06
7.965480535566715887e-07
8.712566290552354769e-07
8.567602816053626060e-07
1.018477789268802596e-06
1.101838945123222233e-06
8.973743363867965899e-07
8.903215421845452680e-07
8.306781293497658576e-07
1.182069020814258001e-06
1.011976878253547868e-06
9.281340142890621586e-07
9.248563054646927846e-07
8.965688942850612610e-07
1.103334911773852048e-06
9.401603856783460078e-07
9.224753518356195053e-07
9.906021750314092967e-07
1.095910372349194729e-06
1.097307907614011908e-06
9.049044092935149313e-07
9.684458625252633857e-07
1.022293963886168576e-06
1.008459462631675111e-06
9.933686909467363682e-07
9.066568844818274059e-07
9.234667228191652628e-07
9.490694086069226491e-07
9.424773209246603129e-07
8.871712912206950636e-07
1.171814074043830955e-06
9.536750331454099695e-07
1.006314316432796198e-06
8.827487748251963713e-07
9.316796893344208090e-07
9.672071876845662608e-07
1.008942541858527859e-06
9.933592155021290262e-07
9.914989888909491565e-07
8.977272871055351018e-07
8.942583116033331272e-07
9.939106891720769092e-07
9.953310842004303567e-07
9.405884791120497223e-07
8.005649977850951301e-07
8.455017969459356351e-07
1.038614732123884889e-06
9.296690315940688519e-07
9.316113387259355570e-07
8.855691355328962670e-07
8.545478170068126409e-07
9.891231281837667858e-07
9.443870555535968708e-07
1.176899465983777710e-06
8.593168719760172979e-07
9.563982822330805734e-07
1.087762932612996886e-06
9.958573475692411168e-07
9.607714664234093411e-07
1.014363732143358762e-06
1.008059877610136433e-06
9.403251236514247640e-07
9.243511328640311702e-07
9.061229906753153975e-07
9.712926711096231217e-07
9.772965087324272536e-07
8.314400022775664961e-07
8.502478064590638149e-07
9.240420574376389002e-07
9.747945008295282975e-07
1.034418282612905241e-06
1.050863093900161843e-06
9.244061671100566018e-07
9.158983472702073498e-07
9.649225657323396844e-07
1.196666868506069789e-06
9.953552585062723778e-07
8.870232829192187942e-07
9.206810565513057158e-07
9.602249945757257154e-07
1.068392863569995214e-06
8.587615696314647253e-07
1.045144073237283209e-06
1.009600066538279554e-06
9.750122271824936444e-07
9.163130267699685621e-07
7.905124003253424698e-07
9.266589563088076047e-07
1.043810663273477396e-06
9.565282175148342953e-07
8.578126637981313545e-07
8.885495989363393068e-07
9.450636438955067370e-07
9.124230812730909593e-07
1.019614774762210607e-06
1.169628793903576990e-06
9.245972054214757925e-07
9.113289818929509785e-07
1.151144367661172302e-06
1.122624329547067992e-06
9.357641270700812809e-07
9.391222575343745470e-07
8.789886004716425714e-07
9.024160580058679771e-07
7.946862637031789339e-07
9.674694037736040037e-07
1.096621219415057589e-06
1.001537449075651336e-06
8.687973300084507419e-07
9.069614650262382586e-07
9.098491874757148526e-07
1.021692058129351976e-06
1.103176896220801080e-06
8.745294091424553875e-07
8.741407211587631300e-07
9.733429547352477076e-07
8.740372318778135663e-07
9.311368779138238367e-07
8.795766480138205161e-07
9.745677006019999665e-07
1.109515627878694791e-06
8.827661042496064334e-07
9.351745327937654847e-07
7.411481158858936879e-07
1.051944535460313406e-06
9.611018649704564296e-07
1.015202943240264939e-06
1.082772832289222950e-06
1.147645713811946457e-06
9.199418333704989836e-07
9.406896997597370515e-07
7.571201064826337684e-07
9.764250203071352086e-07
1.180351796502765096e-06
9.831096913403787712e-07
8.590028514709164585e-07
9.133235477503106562e-07
1.032273273048548732e-06
9.014324344525065808e-07
1.008530518521000349e-06
8.850608021356031024e-07
8.470250719826241771e-07
9.626808919725280165e-07
9.035760964528398227e-07
8.729051906372644119e-07
8.739182071954474401e-07
1.017819101133078365e-06
9.689355907840184440e-07
7.481213497100232783e-07
9.702840860649588798e-07
1.013533642450057801e-06
9.124448719336419313e-07
8.803948475782374348e-07
7.898755944915407711e-07
9.822395820965095628e-07
9.237798392099489504e-07
9.397197554756225107e-07
8.018036308506923733e-07
8.686113178780337245e-07
9.450800053987542674e-07
9.982830146495697058e-07
1.116737275823553453e-06
8.494275903489751352e-07
7.926934973648403500e-07
9.034399703537257687e-07
9.470330102558348574e-07
1.010339381756586251e-06
7.035627848262634038e-07
9.206333783940009527e-07
9.004584926827070601e-07
7.916860939859536886e-07
8.122838029390684165e-07
9.472922820473012583e-07
1.010287567399320122e-06
7.751884258658130963e-07
8.103413235216415054e-07
1.001167217769929471e-06
9.490483301873362869e-07
1.005068987802163671e-06
9.638926155211372264e-07
8.569334820327231221e-07
1.106041355358357050e-06
1.055166844006813405e-06
8.541335083071378581e-07
8.686064995016798265e-07
8.722552092530749570e-07
9.971199519321474818e-07
1.060100462703299720e-06
8.885639530511471878e-07
8.850638404773891641e-07
8.553571911425303719e-07
7.736865540113415940e-07
8.451699910441568441e-07
1.007014467357282646e-06
9.934685859347738779e-07
9.791044368162891160e-07
7.869679863414646685e-07
8.804237636997204547e-07
9.549476663402116983e-07
9.430999460710999824e-07
9.875908030806719132e-07
1.008643126710226877e-06
9.306192884359891554e-07
8.946689641103129695e-07
1.021932394877266407e-06
1.046004347515248463e-06
9.384682467351665785e-07
9.446729632921129731e-07
8.845133963758986714e-07
9.616086361858426497e-07
1.105743707616549248e-06
9.161855724390873529e-07
8.341005602276855310e-07
8.626174153242807117e-07
8.293745743902748146e-07
9.220090948124908159e-07
9.206929078868679848e-07
9.796238987572175821e-07
1.241041807013728278e-06
8.804946553533169934e-07
8.902680253373898720e-07
7.779551724683553494e-07
1.089669823440576812e-06
1.001149012784674121e-06
9.539800364655651957e-07
8.747185802564316255e-07
9.120926874073357782e-07
9.511209159232386420e-07
9.601225895338395690e-07
8.936074443891362651e-07
8.751645836215157832e-07
8.431176006611963781e-07
9.842600105734324481e-07
9.913602675422642660e-07
7.888979146938775652e-07
7.400077689254183525e-07
1.055267993655686217e-06
8.418151750902925713e-07
9.634384084722411426e-07
8.528215620200854649e-07
9.944583510156165078e-07
1.058235225224102334e-06
9.106752294366209771e-07
8.617795805609390890e-07
1.155117443870037964e-06
9.409266971763795018e-07
8.994123422550317774e-07
8.446095606418778444e-07
9.231980919432325621e-07
9.067814284699114487e-07
1.124770040925862458e-06
8.499906018076704919e-07
7.511463227084920250e-07
8.867453740434376202e-07
9.351405313613110243e-07
8.255360072132484195e-07
1.039390207003529270e-06
9.489738766599920167e-07
7.846122680748561175e-07
8.277837086317366759e-07
7.864775615045997934e-07
8.051736193262081127e-07
9.262308206989482016e-07
9.630809509949105768e-07
9.347750243748677306e-07
1.165421042501420831e-06
8.811111326368682541e-07
8.702919376895288962e-07
9.869598929695465454e-07
1.041084796760260545e-06
1.057462343760265562e-06
8.520295186581173746e-07
9.138940957441549903e-07
8.951027984659267780e-07
1.038088805489682670e-06
1.045060963593231715e-06
1.003206323187297775e-06
1.013509146152917876e-06
8.409716693831673297e-07
8.630117262089014173e-07
8.871733027611766120e-07
1.024667814542279216e-06
9.938582306883006855e-07
8.077219586563937213e-07
8.778394143132322772e-07
9.514463631498679234e-07
9.066009931386024702e-07
9.186701117028975716e-07
9.527824623422696256e-07
1.112468909786308859e-06
1.109281775889491504e-06
9.039602652344356492e-07
7.635289052005527389e-07
1.096374355191487929e-06
1.006938875448584557e-06
9.350185041551549859e-07
8.670299505057125834e-07
8.616733063300120707e-07
8.409093968840768313e-07
9.211811113302682584e-07
8.644950710422629794e-07
9.545813504741633683e-07
1.010666856025495652e-06
1.029592770756786338e-06
9.174966896881088771e-07
9.324257737779270873e-07
1.001081225967865597e-06
9.829330282187215890e-07
9.457700853518778367e-07
9.285604288190333356e-07
8.762345919275952927e-07
9.492842515759056445e-07
1.156473213209057036e-06
9.310711314348075933e-07
8.694834683515460508e-07
8.456633633097808997e-07
9.599181904342611206e-07
8.832912513274863387e-07
1.019122632150882457e-06
9.849889363534839874e-07
9.968504581940217935e-07
8.524636611304348059e-07
1.058358792747837045e-06
1.072490367572796288e-06
8.506467150162710849e-07
9.372368760654018924e-07
1.013860315713942980e-06
9.428080441752140144e-07
1.019490438407917283e-06
9.505909338255344970e-07
8.482068121797608519e-07
7.886522535701453724e-07
9.918241713143079725e-07
9.498166144484754810e-07
7.827391246101748794e-07
8.489096420833855971e-07
9.386928828686711671e-07
9.377602534118142557e-07
1.033372281729420157e-06
9.980928807639888088e-07
9.406059226091474832e-07
1.167867512672097948e-06
9.189302552967951126e-07
8.163311718470609168e-07
8.297903957631688218e-07
1.067586067240204058e-06
9.405831949970211622e-07
9.671074869593241795e-07
9.415821109326844117e-07
8.506930819875527045e-07
9.800233972905731680e-07
9.777157789771853104e-07
9.982824423811767712e-07
8.753255897119123230e-07
7.636548425555679313e-07
9.257865975949337844e-07
1.088920469180264380e-06
9.530500459774058021e-07
8.319686434825807217e-07
9.115779100401403649e-07
9.028970468703448257e-07
9.567396905423529362e-07
1.006665632294057319e-06
1.058889316736393432e-06
1.009741856788379989e-06
8.040916330408868000e-07
7.750477755677703905e-07
9.464893511663480348e-07
9.970626633450320231e-07
9.608122984204393189e-07
1.050273208666554721e-06
9.212032167095405307e-07
8.657553395460292259e-07
9.821056381105147215e-07
1.019471597505006899e-06
9.258996704373369477e-07
9.349828473647410455e-07
7.928489812264769878e-07
8.426326966096984526e-07
9.626870134642957273e-07
9.755368458959460849e-07
7.956244392011704132e-07
8.977348664678452565e-07
9.729725792450510734e-07
8.985535501206792417e-07
8.553504897049286317e-07
9.552313281962263105e-07
1.127267845104049236e-06
8.829183628437363561e-07
8.015024383281766950e-07
8.771262361054667436e-07
1.071820856035545850e-06
9.781897499603614978e-07
9.687815396922442350e-07
8.094692800943985302e-07
8.783700086562908410e-07
1.025455215647390066e-06
1.013851635359935789e-06
1.043553820071481148e-06
8.657351644858414777e-07
8.696143233091729296e-07
8.740436370592105889e-07
1.041831418197722227e-06
9.762972745571690994e-07
8.067512650851001072e-07
8.940347468977157757e-07
9.395770723659260878e-07
9.414747003638985114e-07
8.452238483832476570e-07
8.325646667972445859e-07
1.001009698348578044e-06
9.738220125273664323e-07
8.154308746816728831e-07
7.448443426353436037e-07
9.259567487422629359e-07
9.284652643057724097e-07
9.658013468220928478e-07
9.887980164010272885e-07
9.767129882838763179e-07
7.668939385738821312e-07
9.379162308390930255e-07
1.030014787373749315e-06
1.113011425470289017e-06
8.487617687123451191e-07
9.270914284928250676e-07
1.129193523513208617e-06
1.042937689308267293e-06
8.990129305052494246e-07
9.352325519691697845e-07
8.243816499644932563e-07
8.416662043897560032e-07
8.174260637317361927e-07
8.439211329879024467e-07
1.090227209696828677e-06
9.511568876252415907e-07
9.176753383352191373e-07
9.306068712801432018e-07
9.587955972543494344e-07
1.047279198972223617e-06
1.106743907182005206e-06
8.771694685336997253e-07
1.033880290524523495e-06
9.963469611007402610e-07
8.707541840842936703e-07
9.340206933028201759e-07
8.700786705138096160e-07
9.353645705928323117e-07
1.053679820276772070e-06
9.216863188510660161e-07
8.270687598457168220e-07
7.750122971650189824e-07
8.785598718839703158e-07
8.955672228784915916e-07
1.141521270069429459e-06
9.867059557199743161e-07
9.721931118201844195e-07
9.067256239061399896e-07
1.012245767983889886e-06
9.724269296748912455e-07
9.032138434883710502e-07
1.104896681574314733e-06
8.846197875076028747e-07
8.367068158911831829e-07
8.320389098547564493e-07
1.042881835576409168e-06
9.674885556642988659e-07
9.645553921132887670e-07
8.950302053011901896e-07
8.265872736000100286e-07
9.626796885766616401e-07
9.784290017241804364e-07
8.356612956842721708e-07
1.070926796763985595e-06
9.707219634248501535e-07
9.107109133302880141e-07
1.025963728316303418e-06
9.802797848638034563e-07
8.720518767705114673e-07
8.649168275360989276e-07
9.053645430849215820e-07
8.865717662797842776e-07
1.000372799741354039e-06
8.397576382964749302e-07
8.327496418479859225e-07
9.612659939645100652e-07
9.798786997753301813e-07
9.673675277627774039e-07
1.031331870427943456e-06
9.139279928212171305e-07
7.642740936550464430e-07
9.825805324331688628e-07
8.282590958090587984e-07
1.089276822083948466e-06
9.459409590060233010e-07
9.364091049866954828e-07
9.158212841924659001e-07
8.646789617612136608e-07
1.042701166995383761e-06
9.912138717946648768e-07
1.088915267319874021e-06
8.220048364974829855e-07
8.880666334797992713e-07
9.261319112607675027e-07
1.139991753345744806e-06
9.498105088250813434e-07
8.610532439910862614e-07
8.972131984627071848e-07
9.355909847337358300e-07
9.700042964477275837e-07
1.075405540234401426e-06
1.074327736063490895e-06
8.741425841067700060e-07
9.195159914168427344e-07
7.864594328259375060e-07
8.707595076898827739e-07
9.765320470044666007e-07
9.333606632753483461e-07
9.674058771054326040e-07
1.008036377028760215e-06
8.954502001872287174e-07
8.515298035288227090e-07
9.502226698038489727e-07
1.078350844936778320e-06
9.974083861929478625e-07
9.024674402784573021e-07
8.855538178266863831e-07
9.073000999710373200e-07
1.042445918823893790e-06
1.041679750236982813e-06
9.516368623014196545e-07
8.420164430086291279e-07
1.057563473782862579e-06
1.042196168776853963e-06
1.023469322662688423e-06
8.283073815540748093e-07
9.912132646871230543e-07
8.439357082008798128e-07
9.024348874455364262e-07
9.577966798630813469e-07
9.841836112479307643e-07
1.082339318896501263e-06
1.103516919764378590e-06
8.930300568319248852e-07
8.901666594232631446e-07
1.111318049903489379e-06
1.059821183852404910e-06
9.995072859800931208e-07
9.510903231602724332e-07
8.560332779485333805e-07
7.448670191404827022e-07
1.023671152346282955e-06
1.004309922926448063e-06
9.405210090457819335e-07
8.300333174472842615e-07
8.005189859447145287e-07
9.883196285707835001e-07
7.782369452789607669e-07
1.190199612205487783e-06
8.624246001803921567e-07
8.639212972326841487e-07
8.718826639867535411e-07
9.914074802622420083e-07
1.072693905127586385e-06
9.805497721110132985e-07
8.783882697637483667e-07
9.144431215841075877e-07
9.322841698895375003e-07
9.504981058440029542e-07
8.913219154747858179e-07
8.265277822888000437e-07
9.767386733449502507e-07
1.051710618311461430e-06
8.102690364602988919e-07
7.809818635641076152e-07
9.586870679084248549e-07
9.204747158254211006e-07
9.791740198246439274e-07
1.075581074268331864e-06
9.545066658571711518e-07
1.047687663972506240e-06
8.629348639365002434e-07
1.027084494554760794e-06
8.986671500030006384e-07
9.129071738356702672e-07
8.523917813486023652e-07
9.877405428752448452e-07
9.008167733316247108e-07
9.027760377495273438e-07
1.043164270109424808e-06
9.699331074673111987e-07
8.458327583202777124e-07
9.551367834787960592e-07
8.991203083022947026e-07
1.044966317331785823e-06
1.093024626181929682e-06
1.058141330189300301e-06
1.016138105789968708e-06
9.582083116431954906e-07
8.870051814944265669e-07
8.790419482356707056e-07
9.461093340354253654e-07
9.433118083583287005e-07
1.067986984472561999e-06
8.433461230728313433e-07
9.638327639464999595e-07
1.054828764164421158e-06
7.974302206457981601e-07
8.635128493115314051e-07
8.689381158650869669e-07
9.814033459187819294e-07
1.029962045215156691e-06
9.222051312121234308e-07
9.624297474013884839e-07
8.082828484201185912e-07
1.071925516543972477e-06
1.031032402814624375e-06
8.902775157741714252e-07
1.001526737725559917e-06
9.759010955321231427e-07
8.552474304008523931e-07
9.544569554748815611e-07
8.632880577344561698e-07
1.064737163548593775e-06
1.091099045053658954e-06
9.182670431122322329e-07
9.338535648829011651e-07
8.428658957067914637e-07
1.025637627945241321e-06
9.263759976267863803e-07
8.461960879073198162e-07
9.084762782332481948e-07
1.037704665142962554e-06
1.057728263185516714e-06
9.643837823797562816e-07
1.037203337128396356e-06
9.386476408704158408e-07
9.700580789387888584e-07
1.064784359790940168e-06
1.126356401332625024e-06
9.599054333987454458e-07
9.097925862170480169e-07
9.174168929063715962e-07
8.855460644987347476e-07
9.579015951710364233e-07
1.139452389146123599e-06
9.275918192339691255e-07
7.733162407788621587e-07
8.604483065329841015e-07
9.798571821889525455e-07
9.588498372610124392e-07
9.452309107280049856e-07
8.824852551838666090e-07
8.172669196321889223e-07
1.003912833702478411e-06
9.977879057965547206e-07
1.020822162571482289e-06
1.088471172188611654e-06
9.327637179106948645e-07
8.502145832756381691e-07
8.938101630607776217e-07
1.154253599720536446e-06
9.290592636909818000e-07
9.949095183137026804e-07
8.651837321144230941e-07
8.204198788400253556e-07
8.278122841807368455e-07
9.886278057608419559e-07
9.198093639638875425e-07
8.537010171809577477e-07
8.359216949833114835e-07
9.358828212687707036e-07
9.327254835165510663e-07
9.788797708664132206e-07
1.070769045118029411e-06
8.950368180948396828e-07
9.146491111556173751e-07
9.108725214907375271e-07
1.028111289100242038e-06
