1.200446378550225521e-05
1.160629481371591890e-05
9.231068087724648944e-06
1.575022626863402405e-05
1.149160488020431042e-05
9.731494793605204174e-06
1.217702956380800954e-05
1.235612352265154425e-05
2.171778914616787859e-05
1.048360685318026901e-05
1.214091902873198901e-05
1.137296546988729093e-05
1.566499973926235400e-05
1.381014591682654432e-05
1.123270753315706294e-05
1.103787604255609316e-05
8.537329905453737699e-06
7.560456236577913569e-06
1.549454522454256800e-05
1.242386744505917217e-05
8.516562282245354200e-06
8.251769026948540958e-06
1.283934747976572711e-05
1.257972722284811364e-05
1.579435108387239103e-05
1.711697672795952204e-05
1.702523757078453100e-05
1.973959807537026327e-05
1.085414575398778211e-05
5.848253979261701426e-06
1.062330407710479901e-05
1.558233104992642212e-05
1.239385757073307067e-05
1.211019321434210799e-05
7.360001569170120555e-06
8.899656680468421164e-06
1.221187717884370319e-05
1.337514526019648658e-05
2.122599955789468673e-05
6.544406890324465053e-06
1.149418648599468518e-05
9.687536185189947425e-06
1.626448367766584313e-05
1.554944852488014600e-05
8.237187647357819187e-06
1.349391125444578841e-05
1.181852282440480489e-05
1.409371400770064103e-05
1.009306365246921035e-05
1.270310791607977769e-05
7.097576081224378581e-06
9.545282821461201130e-06
1.182457924042895815e-05
1.522298619217715067e-05
1.489902855818991033e-05
1.015466770849341502e-05
1.133922372575937031e-05
1.450991717716082163e-05
1.394598254912924969e-05
7.890287904462232478e-06
1.022049099942016718e-05
1.169502203397807025e-05
1.372623040683486230e-05
1.372004622519010575e-05
1.023980800816251431e-05
7.196123520378480787e-06
1.329457335384000845e-05
1.215222284605349305e-05
9.332626434261547872e-06
1.349322352187469273e-05
1.244140171199493842e-05
1.205745434013373902e-05
1.019937952795656286e-05
1.399073635962130376e-05
1.828828563622291099e-05
1.391471625634239152e-05
7.639409988604895334e-06
1.600522472318225236e-05
7.639904928539131802e-06
9.674320219997156444e-06
1.582414518919064611e-05
1.256111963930731169e-05
1.168233452472327320e-05
1.155407688657549563e-05
1.416635195072787911e-05
1.515951485556286660e-05
1.202080708917180957e-05
1.261053635431473135e-05
1.887788335579095259e-05
1.304586487365122164e-05
8.991878872712566313e-06
1.649034540949790903e-05
1.670480048672939361e-05
1.088678269966144689e-05
1.596385252592896412e-05
1.005134895217164988e-05
9.374274953431601680e-06
9.083660837244231023e-06
1.982285593868889149e-05
1.303363750266829704e-05
7.543679399961567683e-06
1.491260653822181247e-05
1.653857108448175345e-05
5.327838001370842184e-06
7.894075520439759679e-06
1.014971463509373207e-05
1.207961752294114865e-05
1.952708466604589378e-05
1.528736281626989790e-05
1.152967667266351902e-05
1.191116269635052572e-05
9.469803343091008930e-06
8.756732003479063725e-06
1.541324174223062684e-05
1.325984184436099045e-05
7.903011627411414395e-06
7.138706461914674858e-06
1.214615301472547851e-05
1.607602543212550470e-05
1.844947982160327263e-05
1.074461922594946652e-05
7.759033337307340688e-06
8.510368375174980093e-06
1.615738557130373410e-05
9.776483516478394297e-06
1.657722362220128616e-05
7.036041500871813994e-06
1.222647357847769549e-05
1.224354946224132543e-05
1.629184558321884567e-05
1.674509145723257473e-05
1.009084171393071390e-05
1.441231878851572366e-05
6.806786053418728099e-06
8.056301522665783638e-06
1.600972836615300378e-05
8.408811934716091979e-06
1.350382242095677179e-05
9.206361363168181979e-06
7.860148876925719962e-06
1.264811168692907011e-05
1.521072753460065567e-05
9.729955505881142828e-06
7.103843741069789401e-06
1.381286256484263056e-05
1.294210967249055540e-05
1.242823502704297504e-05
1.382879605313867584e-05
1.648456404077174072e-05
1.228624911054434726e-05
8.443765791651998155e-06
1.589822598640949948e-05
2.191414587245245062e-05
1.074582730093857182e-05
1.282321906897213424e-05
1.576531153839846780e-05
2.055227088045425272e-05
8.316032122045481363e-06
1.092112883020430107e-05
1.837910012249736096e-05
1.509430055905304000e-05
9.142438069787266140e-06
1.203833938243606308e-05
1.848357033669534408e-05
1.183395691960654569e-05
1.320688718270870147e-05
8.778638663431793116e-06
8.693743467102324653e-06
1.544565967342041032e-05
1.405132737776050190e-05
1.276803549154579889e-05
7.314745941628268190e-06
1.234353445107193194e-05
7.611738353205069223e-06
1.185275842662132493e-05
1.199839618158142860e-05
1.892161558614471539e-05
1.912652749373207391e-05
1.004299719445133135e-05
9.957348807169982634e-06
1.247685738344422052e-05
2.001896791493422098e-05
1.632661755869331346e-05
1.382906458111902637e-05
1.304345023090889072e-05
1.012307115213340099e-05
1.268666910178273854e-05
2.010514982735209171e-05
1.028513242672339800e-05
1.156348861743055957e-05
4.709141306356929585e-06
1.141417717452617212e-05
1.391672360116751564e-05
1.480975910621016895e-05
6.322783862850767472e-06
1.149102118295499295e-05
7.534973245370999688e-06
7.626493667441019306e-06
1.356712725322588818e-05
1.805722859028730367e-05
9.705318555280282919e-06
9.347359759356483025e-06
1.756648166525197214e-05
1.617170826568631894e-05
9.662071564767622732e-06
9.743007621238240030e-06
7.722571366106742322e-06
9.912733389255382838e-06
1.120612267101612912e-05
1.455970333963051868e-05
6.151085527516892517e-06
1.268520577589787906e-05
1.038903807192943709e-05
1.589588000867826929e-05
1.461303237069367933e-05
1.188391780679905473e-05
8.292668480019915690e-06
9.874187150529342675e-06
1.125346990825720369e-05
7.306765732277968966e-06
8.102655308574109220e-06
1.202238910380808917e-05
1.523012673565385034e-05
1.129107773271624714e-05
1.072836636788897816e-05
6.750352923624511675e-06
9.431919504512395518e-06
8.248193733672052138e-06
1.752189306563837871e-05
1.301799712515305480e-05
6.512767945519358895e-06
1.056623638993620383e-05
8.245866025853370454e-06
1.444510454561451209e-05
1.300062968909428250e-05
1.178962723240775685e-05
1.046976427679102513e-05
1.328670664434954101e-05
1.291652977913998368e-05
8.911207253670221028e-06
8.581590192168145489e-06
1.508970007004017071e-05
1.250064345677849304e-05
1.520446112612850981e-05
8.701965335082308738e-06
7.995885066949453421e-06
1.397228340762139574e-05
1.252790530551698404e-05
1.843828345927014375e-05
1.135659772597174832e-05
1.989069225287498868e-05
1.312706549792536290e-05
1.085681343637218035e-05
1.581229127656354490e-05
1.425557032697832017e-05
1.012534628308873319e-05
1.088725786671221175e-05
1.111926265371649960e-05
6.537970891467656514e-06
1.214695436933966856e-05
9.578266955069207606e-06
1.281642189967305380e-05
1.624667424708367509e-05
1.040879486613913532e-05
1.129506215100637657e-05
1.265920909969469231e-05
1.151929299660512837e-05
1.148011246068586490e-05
2.223964996584316237e-05
1.149918945270144939e-05
9.009367206435661579e-06
7.323934822412322707e-06
1.378362258468732766e-05
9.456873617266490484e-06
1.278539451454341803e-05
4.213864259992517268e-06
9.741148790680502839e-06
1.923620460183575535e-05
1.243606755861097893e-05
1.102176191249143834e-05
6.827880728670351893e-06
1.019772180413264759e-05
1.022730705297619029e-05
1.101025454317726136e-05
2.138763142912590169e-05
2.063919983813403041e-05
1.247437772684442264e-05
9.043739867433288061e-06
1.036005823255335246e-05
1.076399117781228284e-05
1.238977911494827349e-05
1.076665192980602404e-05
9.676322589423098564e-06
8.115745252505775554e-06
6.617095645862053288e-06
1.486618550258844500e-05
1.400935094305822642e-05
1.088782045504171251e-05
7.303522532499068035e-06
1.257115050510712970e-05
7.337268341270182619e-06
1.148995583099783633e-05
9.255923761978867569e-06
9.086974436174300327e-06
1.072080531574579623e-05
7.783681814448988452e-06
7.641193703736524290e-06
1.328164466275533617e-05
1.519757642640985279e-05
1.356030626300470014e-05
5.898838277688268482e-06
6.534565551809847515e-06
1.186156679582178290e-05
8.937783045200515159e-06
8.539254117652793921e-06
1.268127304923218867e-05
1.491296828710744871e-05
1.226081485598514653e-05
1.389037698575824089e-05
9.748382907770102512e-06
9.554333374199543480e-06
1.628441525880726853e-05
2.139951462437207061e-05
8.828213371533467210e-06
1.660305686865876901e-05
1.301164487942038322e-05
8.678465644206829666e-06
1.147867517187674150e-05
1.071985519706361859e-05
1.638194858412721997e-05
8.311167790076714489e-06
1.151635324839836827e-05
1.659105516353928507e-05
1.957911228415661932e-05
8.397917457358956259e-06
6.846871477608602718e-06
1.653793712865022451e-05
1.323447762922773597e-05
1.028702259471923214e-05
5.695934617338916163e-06
1.107422300840511915e-05
1.540582627246771588e-05
1.525119648220133161e-05
1.313322521654321397e-05
1.587827314614286976e-05
9.657890231307661138e-06
7.381267442427710357e-06
1.300439525718357365e-05
1.188481911938384623e-05
1.524991700493994288e-05
6.074811842775083663e-06
1.249521438661350142e-05
7.246379469305430492e-06
1.017794158673826743e-05
1.150506660803511308e-05
1.661730813974287172e-05
8.140635693559083484e-06
1.032560805152124497e-05
2.078870016868177627e-05
1.332298472184571339e-05
1.663726195084778953e-05
7.936134605295070050e-06
8.220971184631417549e-06
1.309855152260164872e-05
1.337285093950776610e-05
1.579320445624248680e-05
1.745314798702414502e-05
1.091411228326368646e-05
1.499601391419017874e-05
3.824923160235062392e-06
9.632701360235825799e-06
1.714055195064949071e-05
1.247933465896697645e-05
1.631301215618096687e-05
1.071014268981744134e-05
1.085255928758756673e-05
1.311061727914352718e-05
1.539443823174543624e-05
1.282491406238279557e-05
9.196821936723116828e-06
1.378745807281602400e-05
1.049835519360936284e-05
1.144890709441297969e-05
1.665369998495387540e-05
1.121364653057970819e-05
1.267134607429237309e-05
1.782747935787478891e-05
1.477587322661937032e-05
9.621823846335679405e-06
1.364074344067861372e-05
9.922906083913035917e-06
6.304580081669066045e-06
1.166933587065982100e-05
1.280337318213413996e-05
1.912014382572476052e-05
1.246156340941645135e-05
1.199099122577917956e-05
1.340460627354522976e-05
1.061549174626983735e-05
1.275871333929773179e-05
7.847369026607321470e-06
9.035319923464374037e-06
2.177510357496039364e-05
1.326582559040936338e-05
1.271436628345355857e-05
5.660346200931994295e-06
1.176821582577772909e-05
1.147572814270805591e-05
1.009752637823411320e-05
1.163511824214378437e-05
1.086836845077470872e-05
1.098959568952761314e-05
1.483189805976247797e-05
1.619552445795339771e-05
9.261919684823565092e-06
9.141657859026027408e-06
1.607353597312116073e-05
1.451716757723481883e-05
1.023081451854604052e-05
1.108092279518716111e-05
9.056898979508487701e-06
9.197192442867046762e-06
1.153585139994317240e-05
1.676448795983520097e-05
8.078541648571505959e-06
1.252195606172086092e-05
1.038104293337558881e-05
1.336033272620564280e-05
2.320368985969623147e-05
1.786059679420614046e-05
1.518509102887971884e-05
7.686000850100130401e-06
6.805069590628681707e-06
1.096107968743632242e-05
1.373090704358730420e-05
1.082686055539149080e-05
9.552427730977274234e-06
1.079073704133901380e-05
1.100818614254660289e-05
1.281968347582114649e-05
1.660050426283103602e-05
7.106465366719304190e-06
1.002172355566991255e-05
7.991241012637581969e-06
1.180377780843997891e-05
1.383348249918760502e-05
9.144754195619074421e-06
1.329389678264027504e-05
1.335984952271297245e-05
1.833953504245025410e-05
9.939011727968577857e-06
9.356264964853282422e-06
6.947588585138989397e-06
7.188006723548917557e-06
1.533462745459854859e-05
1.433931106631513457e-05
7.747275801750539928e-06
6.015145351443576851e-06
8.129946088843185910e-06
1.194064682069876542e-05
1.151456252269739361e-05
9.561794488396811213e-06
6.180309818638926031e-06
1.162967407919622736e-05
1.189474401697701716e-05
2.321255315912488010e-05
6.604005514921846384e-06
1.206335198635423562e-05
1.542161190478453955e-05
9.010096349283503329e-06
1.259784083489875914e-05
1.218098602551972962e-05
1.380322988866140084e-05
1.270952052991091899e-05
1.040179595122354672e-05
1.892230806721978113e-05
1.533383928312096809e-05
5.940644556145127005e-06
1.083682263693408983e-05
1.357651650041072933e-05
1.397166852946902763e-05
1.279015029400700947e-05
1.398348582045490312e-05
9.810778606638621179e-06
9.870815340213288572e-06
1.484745083343259962e-05
1.448292591605866662e-05
1.157062214496663705e-05
1.145019861019494962e-05
6.291451760969936744e-06
1.432140045931109475e-05
1.025054741661241456e-05
1.552438034844273929e-05
1.922272797423117544e-05
1.143161018529411520e-05
8.925326185691961889e-06
1.419147944322679525e-05
1.698974482047845217e-05
1.268104015159243673e-05
1.214818115994292211e-05
9.101571245462643475e-06
1.216481998571158470e-05
1.347400012531552105e-05
1.085554235491584906e-05
1.199275618349582488e-05
1.129936509579509446e-05
1.364870784992413440e-05
1.467786087603612899e-05
1.108422933564352641e-05
1.019112038245397087e-05
9.153038122448188299e-06
1.456940151634907985e-05
1.186072800675981053e-05
1.078131364920361007e-05
1.722840849051533079e-05
1.302014965151033129e-05
8.826246221282286583e-06
1.048211787637197709e-05
4.342996391276753513e-06
1.293944118969523994e-05
1.328918974000125384e-05
1.301498188800526204e-05
1.200346546150402643e-05
5.065873772839462382e-06
1.708538935802747147e-05
1.256963001945612772e-05
1.345632080062857413e-05
7.067743338179567156e-06
1.190085100794737893e-05
1.452703908015610339e-05
1.527978890926329523e-05
9.771691023226819454e-06
1.215044684219896300e-05
5.896298121029377694e-06
1.184189518920035409e-05
1.234989026532800997e-05
1.289193930884070227e-05
1.356206549240342475e-05
6.095194252871250049e-06
9.546664177135625619e-06
1.341684432016614537e-05
9.187583880524606360e-06
8.833233447891294094e-06
8.789190344223483053e-06
1.958676695687667170e-05
1.858620095684094839e-05
1.637399503181258468e-05
8.474218694522723887e-06
1.278267485034476577e-05
1.435981569546137885e-05
1.567865567495564910e-05
1.254135089428459191e-05
1.706664812920809460e-05
9.866904478609249486e-06
7.564002893374309082e-06
1.434172586010350112e-05
9.615318621442051007e-06
1.751363195067429199e-05
8.126604098385782512e-06
9.456113708958384050e-06
9.482460957722309874e-06
1.529594292706125565e-05
1.356705247945412250e-05
5.733553860150052270e-06
1.115076714381083072e-05
1.370739118436593733e-05
1.391291799560648700e-05
1.497870855749526595e-05
7.275566031047504547e-06
9.273984619883839770e-06
1.232980635056723302e-05
1.581554731714887455e-05
1.549048753454164036e-05
1.249322584118513103e-05
1.162792936664129637e-05
1.315442918938872174e-05
1.637666702384111617e-05
8.559138260590753189e-06
1.218590851363632709e-05
1.852565046220076419e-05
1.141053492074840009e-05
1.802157415951476514e-05
1.564367595979297739e-05
1.606308456416218300e-05
1.027867118399634169e-05
1.087573438891355100e-05
6.769221092360140819e-06
1.449421171810920416e-05
9.670579762867609350e-06
1.364979115220037352e-05
1.077525023306112717e-05
1.161792036051493116e-05
1.060932324165698346e-05
1.112347411361900903e-05
1.524458194078263456e-05
1.497368539460347418e-05
1.192321522806362510e-05
1.001546600063700561e-05
9.931172166274028636e-06
1.409801708588547256e-05
1.491149614577397230e-05
1.384782280232596551e-05
3.691454744911785533e-06
9.874140394685815294e-06
1.439466256791195957e-05
9.337946021948905561e-06
1.161183086263115715e-05
7.058137079474337348e-06
7.577940191408992934e-06
8.284413296883452602e-06
1.327658671053753933e-05
1.114861292519263272e-05
8.428995552105381973e-06
9.539497007784926525e-06
1.203559020453988107e-05
7.997192887103745008e-06
1.104289078324746988e-05
1.486677413456372000e-05
1.093463993711385459e-05
8.506253795942628643e-06
7.535219533304072862e-06
8.685309503819971878e-06
1.514461632612426392e-05
1.308868632322843905e-05
7.870218788763479518e-06
9.425020861721279623e-06
1.230475485360342790e-05
1.134519119523293211e-05
1.505016078431219979e-05
9.782826128321632468e-06
7.475735434962240286e-06
9.859275227165534606e-06
1.429817344882654236e-05
1.637887440599217735e-05
6.564369970071364545e-06
1.019823425866342628e-05
1.326419100025855126e-05
9.665684276946411702e-06
1.078792192841306875e-05
8.736428922591381039e-06
1.631051328175560437e-05
1.243144404694387169e-05
9.880052367648622436e-06
9.572303708636220135e-06
1.320710786230705037e-05
1.121958389920982134e-05
1.376830465639070571e-05
1.405644306989126084e-05
1.366996434312023921e-05
8.479431705859370616e-06
1.220128827842494755e-05
1.653519260487081377e-05
6.680189972824423575e-06
1.205500359904285459e-05
1.141570782191109248e-05
1.517128454251996214e-05
1.533543468528188419e-05
8.968778843398086020e-06
1.441447923462382163e-05
2.016731538464046016e-05
8.521049422985993096e-06
8.163926896694556043e-06
8.612411869945418022e-06
1.741555134161144614e-05
1.268825664507318395e-05
1.108965400260249930e-05
1.521608372081601896e-05
1.011318895394379128e-05
1.266084061076920217e-05
1.214157078105433772e-05
1.239751429695385870e-05
7.231449243474619592e-06
1.076149637937901410e-05
1.382797698980619311e-05
1.201843495833558340e-05
8.156606628785677987e-06
6.013790552035509689e-06
8.949072897022404706e-06
1.387778589479662030e-05
8.629406095098959389e-06
1.294465596753070252e-05
1.096136046688316498e-05
1.036068563107407709e-05
8.251660577434208308e-06
1.398326287360575129e-05
1.075066342852920177e-05
1.034760861467717399e-05
1.260520909583201727e-05
1.355684915016849364e-05
1.263901282301115041e-05
2.134047318907305755e-05
8.651755179267748013e-06
9.116258129291001890e-06
1.267323406398671255e-05
9.215046183309434050e-06
1.655816749189465827e-05
8.011524156511644571e-06
1.225345870431512822e-05
1.171001688229208465e-05
1.621435581622242064e-05
7.490210170345053405e-06
1.109082922445023602e-05
1.176996357800779501e-05
1.695143516564721068e-05
6.686696924611686676e-06
1.173679579828351147e-05
1.075457023532002010e-05
1.517597312946402020e-05
1.375237328405258540e-05
4.466874008517503364e-06
1.211003306559812562e-05
9.644235989856221483e-06
1.462940955485976956e-05
1.418176147452807434e-05
1.309133962936547269e-05
8.444345150517466267e-06
9.527741363412779984e-06
1.608145113782389306e-05
1.713855835420630930e-05
1.610471778464331758e-05
1.254603764938246705e-05
1.025492409316443525e-05
9.731417473018001861e-06
8.404918651064660577e-06
1.251898170325771160e-05
1.511972942089270734e-05
9.411831252497770460e-06
1.477310872063099416e-05
1.393444255653718379e-05
1.735352914345720838e-05
1.055684332103177327e-05
1.275869311704787583e-05
9.156785049578717916e-06
1.529941190803851798e-05
1.393244646477189074e-05
1.266916239630077138e-05
1.170196833022049542e-05
1.107105523488887701e-05
1.239396171797448450e-05
1.367863715765266832e-05
1.106650770073818099e-05
8.872744817890840675e-06
8.419618059091650027e-06
7.829356890953465236e-06
1.066773377716955606e-05
1.296114006264289053e-05
1.337855910438714657e-05
2.179146837480123929e-05
9.322795214923232585e-06
1.164367712226296712e-05
7.318370857430001091e-06
1.498239184373343997e-05
1.181138635512004220e-05
1.406151686256688054e-05
1.442837621793628165e-05
1.294214545844489948e-05
1.087585684636156181e-05
4.224495129315414286e-06
1.195565531293678142e-05
9.298914708347111153e-06
6.368727231637110973e-06
1.160240767442654352e-05
1.053100966532624942e-05
1.307539160644698314e-05
1.291630539991607471e-05
9.214710811692346508e-06
1.686306576228939691e-05
9.188466372499769534e-06
5.877481756181602536e-06
1.599232580027152209e-05
1.462595981538182789e-05
1.001313667642295019e-05
1.067705205274294101e-05
1.078934090329480475e-05
1.550395060208084705e-05
1.404753108201345561e-05
1.154975953460640349e-05
6.356791453650364685e-06
1.052214088959662206e-05
1.138288841349549236e-05
1.478262630247746532e-05
1.408594859022942858e-05
8.683001443589694984e-06
9.796001280719732665e-06
1.035666737760912089e-05
1.394003510655690682e-05
1.106538049372509264e-05
6.936612380504064454e-06
1.295365101104991610e-05
1.071090831797699979e-05
7.060025763119555020e-06
9.658692692460782236e-06
1.387508403494751375e-05
7.502729890222929729e-06
1.351958743585138708e-05
4.524886909599841971e-06
9.219287175686633428e-06
1.054926995270059980e-05
1.537133676162490232e-05
7.165504731297071134e-06
1.453626233265005650e-05
8.541458512895488039e-06
1.596878098222400056e-05
1.820064596840847884e-05
8.038926485451742637e-06
1.120172310013499946e-05
5.402699145163471145e-06
6.109939066795911740e-06
7.446041300104833715e-06
1.733559298834988651e-05
1.601493066716519275e-05
1.010398831952209060e-05
1.128687558945031464e-05
8.643216394542875766e-06
1.100141321837218682e-05
1.657304256513788903e-05
1.507284135407797257e-05
7.724154077478127920e-06
1.443054216710738124e-05
1.307434067548218089e-05
1.369045182359054955e-05
1.508860863124235086e-05
9.372635410237497208e-06
8.815928835099125135e-06
1.125346749944564507e-05
1.192618529100421183e-05
1.814015717751649143e-05
8.403912003827942244e-06
1.192732933191447447e-05
1.147671015016939932e-05
1.252471097081311214e-05
1.455187951493111831e-05
1.658775913485382701e-05
1.260404310121790549e-05
8.372309264189453334e-06
9.688854860012748529e-06
1.470278683898637069e-05
1.850809304596208539e-05
1.375936429884083755e-05
1.263157419035665008e-05
1.557438656150356127e-05
1.504478051089571719e-05
1.417570239200719455e-05
1.182792560512343673e-05
7.479388274176109525e-06
6.274483435054089797e-06
1.397384621244303155e-05
1.225361781033468802e-05
1.017725361819797875e-05
1.047927583410664652e-05
1.169158172220806473e-05
1.192054554718230329e-05
7.445624531417082056e-06
1.425830437951874779e-05
1.397568262902411361e-05
7.279939618132356411e-06
9.743210772933277690e-06
1.410033562852158805e-05
1.428784181687627156e-05
1.480390509767368427e-05
6.015087875277508718e-06
8.556922739243274405e-06
1.427050148428946068e-05
9.003261489048309897e-06
1.414718879716975532e-05
1.023010884165910671e-05
8.084043886522558527e-06
1.428537232104515228e-05
1.556677995409282348e-05
1.288179482254674549e-05
8.029040879245699980e-06
1.056618200888939699e-05
1.553713222203662747e-05
9.254835477674593707e-06
7.163316549839863116e-06
6.275946096316143876e-06
1.570957776053412216e-05
1.439146008907613952e-05
6.436056498840350331e-06
1.022782976816796592e-05
1.259763700242383460e-05
1.090400940281252073e-05
1.024695533647938854e-05
9.288952033469267565e-06
1.053818689060913003e-05
1.473314139595519052e-05
9.618736236539131033e-06
1.109296714423413236e-05
1.329519629811263263e-05
1.282765994866640825e-05
1.686264758470836682e-05
1.158473923985746326e-05
8.334189594696118697e-06
2.019378033789239816e-05
9.832263217194259968e-06
1.093887919970610533e-05
1.267036188962758618e-05
1.379077002022610469e-05
8.668134222184220255e-06
1.087025338143048089e-05
9.118659310429651143e-06
1.246329032724637046e-05
8.267925232141746849e-06
1.317911716318195650e-05
9.768426363035629975e-06
1.344856324377292693e-05
2.125156842840024614e-05
1.526005079009203121e-05
9.264812383311339167e-06
1.295243968142782799e-05
1.045902020197137659e-05
1.114090535428018926e-05
1.200598064465779604e-05
1.753892891630485582e-05
1.479813000746532680e-05
6.957459560184993409e-06
1.280397002164449819e-05
1.123994937769960731e-05
2.127545578517028567e-05
1.275753618817804190e-05
1.285346571939807637e-05
1.206408445481282465e-05
5.774738358426204505e-06
1.257649363585765017e-05
9.987705726739587578e-06
1.047016467524261227e-05
1.010079568277138119e-05
1.137041606055084229e-05
1.022785751894986634e-05
9.313875053317190883e-06
1.100517481989218523e-05
1.589949188786150523e-05
1.304061636037495541e-05
1.521360634561794098e-05
1.007728191602135720e-05
1.420353043111995892e-05
8.835909063995357651e-06
9.931636139651282610e-06
8.798300768634007056e-06
1.352572588151704598e-05
1.651121330005476826e-05
1.295020506485300862e-05
1.173126998025040895e-05
1.432279966473423183e-05
1.158952788386631585e-05
1.079407434022181443e-05
9.442030558774969578e-06
7.489055192646072782e-06
6.901114879425805326e-06
1.412588835312895921e-05
7.788009890192928587e-06
8.894313036916675125e-06
9.353211619314055660e-06
1.091907191509361924e-05
1.377422444901058648e-05
1.453398554067826476e-05
1.262147739977214259e-05
1.163552288294757705e-05
9.470962767287868989e-06
8.686600529127124070e-06
1.674067025163077639e-05
1.070761442495497671e-05
1.399952549520774861e-05
9.644928880670734390e-06
5.286395282321986387e-06
1.500231390587605257e-05
1.647606557957591493e-05
5.388882877960817230e-06
1.113271593095147817e-05
1.061352234409769832e-05
1.850265513431129561e-05
1.329021479952607293e-05
5.369177767378417593e-06
1.212251167415517577e-05
8.159879898653669866e-06
1.164748599941514398e-05
1.376915663571351234e-05
1.171244754058069948e-05
1.356206195645705452e-05
1.324327195240149088e-05
8.865155863724744189e-06
1.140126394070390435e-05
1.321408100743569645e-05
1.166075196296759817e-05
1.415886671664212471e-05
1.376485505498746755e-05
8.689310215200326962e-06
9.832773188293634822e-06
1.412388135929341584e-05
1.526013240583875440e-05
8.270107643554618231e-06
1.236342229568587408e-05
1.207216687579048802e-05
1.175967812671523112e-05
1.039743342039397987e-05
1.218712517133289380e-05
9.904790740945107813e-06
5.734255751426919418e-06
1.703061093374689481e-05
1.283396294507358092e-05
9.820423569450568459e-06
1.414468577471067137e-05
1.205626769935288993e-05
9.447492831985983310e-06
9.542176600540153459e-06
1.062577614313687919e-05
1.418303928682946547e-05
1.610435152682287901e-05
1.710191729986127736e-05
8.898172435310906675e-06
1.123818374865588826e-05
8.307979498831410983e-06
1.413980228691381022e-05
7.849754566650442043e-06
1.400225626475956274e-05
1.359311757675584365e-05
1.265713143005078491e-05
6.020202792249740404e-06
9.461362268219687823e-06
8.130138367371427587e-06
1.382283858474376716e-05
4.804753509882034841e-06
9.231113858359742190e-06
1.720271531322319701e-05
1.020376902069038299e-05
6.830637300046709286e-06
1.041726880076732004e-05
1.220163851524453698e-05
1.235183488514488866e-05
1.114126168401323646e-05
2.019117525823487265e-05
1.205870238787037520e-05
1.118361944338720869e-05
1.209088729488976788e-05
1.525426024105399738e-05
6.658158777135418455e-06
1.520566762096082147e-05
1.069630922844643168e-05
1.557364053363285964e-05
2.030583475676738127e-05
9.465058794035790152e-06
1.540766827590993795e-05
6.436700387953215681e-06
1.026633049279955626e-05
9.884579484530849836e-06
9.560105372799747929e-06
1.651798452808126081e-05
1.902517852661871501e-05
1.614808426796288950e-05
1.304945372276176786e-05
2.099852772536512063e-05
1.780089244747392544e-05
9.680781686066573802e-06
1.545050412912667777e-05
1.856517031896658471e-05
1.744470326180406455e-05
1.028422920401119713e-05
1.113904602581449839e-05
1.350902764389058332e-05
1.466906061159840700e-05
1.168658572174243224e-05
7.755711649026706455e-06
8.584052623683486436e-06
7.702331579170199652e-06
1.291364905269642199e-05
1.083674427397593688e-05
1.336595075458135290e-05
2.202565251169727253e-05
1.112580464419918887e-05
1.273964028701389737e-05
8.493325201989897655e-06
1.504540729531228482e-05
1.700656818733521736e-05
1.021080952448363968e-05
9.157260595447275613e-06
1.163523912568527797e-05
1.636904127601349971e-05
1.432497190280624831e-05
9.685083801173284125e-06
1.172142929530469828e-05
1.197188922191092407e-05
8.797975540807131004e-06
1.017991099263401242e-05
1.479816173963563582e-05
5.887066840678258164e-06
1.196070108439562009e-05
1.102735361754255029e-05
1.052607959869919923e-05
8.046232758499861001e-06
1.156102907190485315e-05
1.130296427804969314e-05
1.049977826296562091e-05
7.086837189000685008e-06
9.338943968808135395e-06
2.178615905331694226e-05
8.223594459174828278e-06
1.475241648702525574e-05
1.195606648117917249e-05
9.767776564932961902e-06
1.177005427097294831e-05
1.170079776844719550e-05
1.440863814993583312e-05
1.207565729262536097e-05
1.109077600949981157e-05
1.279553369274691235e-05
1.417494720864227602e-05
9.605570155471218231e-06
1.156236716399516803e-05
1.698852222980661689e-05
1.357908104511953572e-05
1.166409124250732450e-05
8.804330602354234656e-06
1.458082205492540549e-05
1.461196652838193113e-05
9.524838688350829613e-06
5.908799606474414389e-06
8.460535464323741536e-06
1.655417517238870424e-05
1.217569006655679152e-05
8.300598592067452372e-06
6.314224982044718923e-06
1.363502970975378392e-05
1.294036920048776127e-05
1.834805561762577775e-05
1.021934429927191495e-05
1.358529958867162424e-05
9.764902443628956650e-06
5.553583323255163838e-06
1.237008134893974922e-05
1.277320645160436876e-05
9.039359198644377583e-06
1.779922832772783904e-05
9.251671244169648158e-06
6.043259013580307028e-06
1.356009151225426204e-05
1.325655312526305493e-05
1.530312648419371983e-05
7.892462828689880041e-06
1.351952686502399586e-05
1.141014089116093502e-05
1.173922679375606105e-05
1.778313020876463055e-05
9.224159473889443438e-06
7.043954990948493323e-06
1.542102913595037324e-05
1.317740989965510444e-05
1.312346661009008917e-05
8.297145725878735163e-06
9.251322310403179723e-06
1.080439506883701144e-05
1.029603992422151919e-05
8.684980989099304693e-06
1.067154112390087757e-05
1.417050383759218820e-05
1.719699966735996149e-05
9.612172064114426893e-06
9.832913745467458539e-06
1.324844822162088826e-05
1.292614598219884939e-05
1.321946486808056835e-05
1.128645559252065094e-05
1.004135215066518299e-05
9.077965611117391176e-06
1.404277752166770985e-05
1.204280928395203965e-05
6.164205222587273232e-06
7.752117022792128257e-06
1.096013660702510332e-05
1.237846405434094642e-05
1.228171369845357175e-05
9.929749140481206979e-06
1.011675257674438630e-05
1.272053539323212045e-05
9.098358029979607264e-06
1.524992813174588109e-05
1.624230131886372482e-05
1.376787654039238712e-05
1.042771110445021809e-05
1.327119481372657112e-05
1.482462501567438234e-05
1.452714545551845747e-05
1.412358587845965724e-05
1.152553803237538205e-05
8.138020950996911008e-06
1.203457191913506558e-05
1.028931471290171560e-05
1.000801106758088774e-05
9.405528005525312719e-06
1.224275296304159320e-05
1.524590354463207901e-05
9.539726699715703754e-06
1.285782780059541419e-05
1.410713696451290115e-05
9.545029098389336554e-06
8.458937324064608174e-06
9.051348197667449555e-06
1.156027210154560145e-05
1.705073109748586626e-05
9.220103080329011510e-06
1.506945812342435092e-05
9.935708707193325890e-06
1.029807546324643085e-05
1.427650162390960251e-05
1.607857317032113938e-05
7.466510737953211797e-06
1.091340019206988556e-05
1.247676864969627613e-05
1.404530562917610832e-05
1.742789975773136160e-05
1.281444756918537035e-05
9.442735341927115263e-06
1.013639967666086627e-05
1.450052129415850175e-05
1.335511874327889000e-05
1.289113090565464371e-05
1.472370908375479463e-05
7.601221334096900413e-06
9.472952671494090968e-06
9.419918243498686002e-06
1.127317950545132414e-05
1.574017616777942207e-05
1.802576121110050159e-05
8.821381538768331400e-06
1.013872371198500376e-05
1.379206386877792465e-05
1.582872022930374958e-05
7.539077971068975779e-06
1.048164598831683956e-05
1.411969111485895859e-05
1.590014398945395612e-05
1.059208487006124488e-05
1.167583153579118957e-05
1.339306233552743979e-05
1.953439031350794069e-05
1.268848059430535734e-05
1.042022312505700502e-05
5.296354801423068883e-06
1.434279598661116029e-05
8.680039627747091290e-06
1.175625258245452522e-05
1.927742659286208745e-05
1.026658139057213574e-05
1.281431505236383902e-05
1.120103684964353004e-05
1.462713015531891332e-05
1.371992897400197358e-05
8.786887110996071499e-06
9.430497875069935045e-06
1.402100214159888631e-05
5.928077276362651426e-06
1.226757848048272317e-05
2.058702808411127071e-05
1.142511483468760982e-05
7.800572631655421221e-06
8.692001228445775407e-06
1.645470119223138258e-05
1.488693355021318176e-05
1.066971935208535254e-05
1.213053388676882686e-05
7.045473305716690427e-06
2.024655388274963479e-05
8.198612447980263283e-06
1.143725657485588696e-05
8.328552588987252198e-06
1.111627814716257465e-05
1.070327818009584318e-05
9.843602528926727668e-06
2.098698514181426058e-05
1.674811792899819743e-05
8.460945921505714023e-06
8.794070779594820620e-06
1.089080969681070243e-05
1.370997954700127526e-05
1.870029677396968116e-05
1.620628392579384625e-05
1.421668633655285858e-05
9.924741715021338293e-06
9.176552253197216229e-06
1.437491586204657363e-05
1.484630257725779615e-05
1.558897378624870639e-05
1.288439437609939145e-05
1.052612333378189500e-05
6.876170560071646549e-06
7.713805849049745492e-06
1.051908227509882501e-05
1.529653511166632608e-05
1.044512149310231236e-05
8.066101515368628145e-06
1.057955741200234500e-05
1.479773038015058159e-05
1.060924741009917891e-05
8.340782083168942580e-06
8.329783629516696950e-06
1.338407944737594031e-05
1.038512786806746085e-05
1.383590485608997416e-05
1.517697812848146622e-05
1.050632668912399571e-05
1.509315915513125446e-05
8.688348660693829474e-06
7.644780489283701730e-06
1.521981315944718463e-05
9.283340154416846394e-06
1.494021494064921867e-05
9.940518206538186233e-06
1.039644389700201127e-05
1.431292315757763649e-05
1.118588844863318206e-05
1.002809303080748338e-05
1.174067532259882788e-05
1.004630987501000197e-05
1.044892678770408841e-05
1.359347127402249565e-05
1.058858959770960270e-05
2.164384524076045599e-05
1.374980345008829182e-05
7.656126280100409713e-06
1.317695387564466055e-05
4.572376974727471871e-06
1.212731992134068477e-05
8.512921690965066950e-06
1.616647534373203484e-05
7.963644755856841704e-06
1.197333104568362680e-05
1.135945034882793418e-05
1.286483385294356636e-05
1.519839075250958556e-05
1.391769416007365942e-05
8.748627955464514830e-06
1.224186838875078517e-05
1.977129039392284759e-05
1.166052071593716601e-05
1.267999916108698389e-05
1.049957604028627060e-05
1.117994413017812011e-05
1.449569799027816106e-05
1.020768807783019601e-05
1.095167943753612395e-05
1.316565153543951868e-05
1.398407840327525795e-05
1.858950720550652850e-05
1.128376660323100743e-05
1.190376397298784585e-05
1.274642588685671849e-05
1.959480625433229867e-05
1.662571069213681461e-05
1.015870000529412854e-05
1.395530913659830779e-05
1.506354011456833655e-05
8.874754107275315988e-06
1.011560016324993913e-05
1.968155384677924683e-05
1.382776705995303068e-05
1.584254399023113163e-05
8.925648141368070301e-06
1.152793736936499975e-05
8.728816406127118236e-06
1.582392163229140298e-05
1.376949106715426073e-05
1.361808500346129332e-05
1.298676259764137045e-05
1.163001082023633607e-05
1.532975490559287601e-05
1.167828094662982721e-05
1.129914265504533002e-05
7.346111974404166305e-06
1.311268629544485216e-05
1.286634123434985534e-05
1.341386773690247578e-05
1.416586732024530435e-05
1.095443836161522652e-05
7.160750609339578043e-06
1.524956393033736464e-05
1.077055819639182244e-05
1.962444321716849609e-05
1.246864896457379080e-05
1.186272356614831810e-05
1.747884181745876979e-05
1.467959602362433496e-05
1.146922455055195688e-05
1.196793361985702486e-05
1.206745085741671481e-05
9.918159800460804601e-06
1.038269415761159803e-05
7.383783748487813319e-06
1.201011446738069183e-05
1.489160974761264597e-05
7.894577577119221641e-06
1.105489139080144577e-05
1.039445825771141265e-05
1.632487362415086356e-05
1.157149070986908392e-05
1.373067930816764519e-05
1.144284557165367415e-05
1.045299174129598139e-05
9.446256004146986210e-06
2.028824781385263576e-05
1.418508036213132616e-05
9.125455644842985563e-06
8.472324764896313975e-06
1.497280114540965928e-05
1.653323408553542247e-05
7.925226085400615688e-06
9.675613288050434967e-06
1.455145410996517182e-05
1.463488428458950487e-05
9.405338126570134485e-06
6.449851085255681322e-06
1.449067331921444027e-05
1.337686350369708106e-05
1.404184403411982745e-05
7.149213400466545321e-06
1.110745616792352922e-05
8.952023235685368783e-06
9.653201189987215352e-06
1.239527889326840285e-05
2.309140555510426598e-05
1.030957314517238373e-05
1.315910240846668486e-05
1.831637146860432575e-05
1.524588173299007163e-05
9.418938287907848445e-06
7.834386001783244003e-06
1.086462845590537796e-05
1.257430663268201268e-05
4.425643061850010118e-06
1.602993123489367995e-05
2.009087939894882197e-05
1.283588889696026321e-05
9.449412915805453848e-06
1.024550589185679318e-05
9.569805967684802834e-06
1.584590239338076829e-05
1.468313263417451894e-05
1.639131666920715238e-05
9.246789702301590576e-06
1.446132603371827528e-05
8.212919451907511211e-06
1.241288363641481461e-05
1.247868144988716155e-05
1.139012400203740079e-05
1.687227757721690872e-05
1.209084407913845076e-05
1.205422360210341806e-05
5.488971445659537072e-06
1.443301789621701687e-05
1.671058424324397794e-05
1.425966328257839945e-05
2.071433769927040816e-05
1.639373698368080893e-05
1.081634380257053891e-05
1.216420419070951089e-05
4.013442139371244430e-06
1.176122401966941028e-05
1.650251333953658793e-05
1.241084909031929650e-05
8.796058611526002638e-06
1.284489677238809120e-05
1.185648573669170980e-05
8.521195053057569857e-06
1.052115294754789124e-05
1.092891068186550735e-05
7.485674089826874084e-06
9.791290559019388498e-06
1.576680069174652194e-05
7.985558942103959497e-06
9.758683544885841319e-06
1.691355791512021945e-05
1.107517180552682778e-05
3.681754705027420115e-06
1.257094742699012062e-05
1.144988484442670294e-05
1.287742869701938854e-05
1.059145180487828531e-05
9.705377542895820696e-06
1.386013179075741939e-05
1.179228497233772629e-05
1.693170528144147190e-05
4.489855152139419017e-06
6.495123687073300461e-06
9.719050760640912499e-06
1.569489330096624110e-05
1.525105529169659746e-05
8.668766678944287948e-06
6.509394234082498399e-06
6.401975321494965838e-06
1.198351918907010527e-05
1.511240971595682548e-05
4.195475245524544411e-06
1.428956545956886279e-05
9.585892278557889921e-06
8.918596733809575823e-06
8.634367494819254402e-06
1.046244230611386995e-05
1.690205827654197337e-05
9.185313001728074800e-06
8.109075780390277016e-06
1.215706268152333981e-05
1.188001371787493958e-05
1.321434216960699379e-05
9.815218697373749918e-06
7.586380476367110665e-06
1.941043504388054397e-05
1.771458245718427030e-05
1.250511686680438559e-05
8.817000748118134195e-06
1.170135022354660715e-05
1.235383445289455089e-05
1.164553854865682937e-05
1.726197755758004972e-05
9.167671980049125281e-06
8.512010011374463087e-06
8.649987968907947065e-06
8.981788887477989321e-06
1.302681748835974787e-05
1.072421390618391627e-05
1.105931476729658862e-05
5.678832505914324015e-06
1.078343496608953218e-05
1.511543266771519668e-05
1.337406901405645054e-05
1.341913061268498248e-05
1.523259624242520650e-05
1.289364627548452226e-05
1.013227720217091479e-05
1.489962296451473717e-05
1.226768775311161038e-05
1.108789815521832057e-05
1.294953483657202593e-05
9.650546914536559695e-06
1.200159512742124834e-05
1.725162105928180318e-05
1.262033681159831180e-05
8.395152105586101810e-06
1.108485163316620199e-05
9.755145685057954434e-06
1.189331464728677613e-05
9.566257304357536333e-06
1.355200124540781098e-05
1.674472060865347508e-05
1.078409203872469506e-05
1.101206433205006705e-05
9.371135772772403103e-06
2.088220034118813874e-05
1.305611356985450951e-05
1.319533228769786750e-05
9.223830787161412794e-06
1.246943743071131628e-05
1.007563723478833939e-05
1.432066555327118336e-05
1.108920779778468441e-05
1.049574206636912941e-05
1.183968179801723347e-05
1.109468948832483357e-05
1.269902951872695037e-05
5.826785701150164081e-06
6.566312812814926610e-06
1.628483076486559030e-05
9.117643856614138288e-06
1.131987997307492167e-05
8.368288124751723639e-06
1.631279021466689380e-05
1.630217927117714449e-05
1.069399043393245192e-05
1.252426103394798751e-05
1.379629973142304248e-05
1.043406974989124048e-05
1.204566404841760138e-05
6.054385042391090948e-06
9.778886842578454050e-06
1.280085809214145507e-05
1.825643188251580628e-05
1.294918164140646087e-05
4.755702988739440587e-06
1.012978538602632929e-05
1.069450010217112395e-05
7.506315627365330038e-06
1.213780092058256556e-05
1.272472324892787542e-05
4.016187697260684054e-06
7.348303384544355051e-06
5.721074782096938214e-06
6.395183949095254248e-06
1.032000241389542949e-05
9.203859306597156177e-06
1.448248601161115885e-05
2.041498977091438577e-05
1.482899202383455636e-05
9.642881382373196837e-06
1.359232047512048718e-05
1.576955802701181703e-05
1.499805792146477689e-05
9.176936309767375920e-06
1.069936756590528804e-05
6.147125408258322847e-06
1.539250126749551687e-05
1.510738703278658354e-05
1.505980646701546011e-05
1.196549385491559347e-05
7.943416682318708212e-06
9.886765554812197156e-06
1.052150381052161986e-05
2.009679321819659654e-05
1.433947978583998853e-05
9.585210103147033964e-06
9.303937174444950155e-06
1.255924262215732429e-05
1.445561359430352505e-05
9.859726208058763766e-06
1.155202076510370091e-05
1.703007554891418194e-05
1.495861236836124112e-05
1.103359271211920331e-05
7.044421255862801707e-06
1.648069247765835313e-05
1.307113201215332034e-05
1.574956147264377040e-05
1.084535064743412193e-05
1.367262638934417922e-05
8.232065883405098949e-06
1.122550390815215054e-05
9.067145720775577901e-06
1.059320327234018672e-05
1.651043144788973672e-05
1.313227891503254162e-05
9.633215117902683899e-06
1.814196807028718960e-05
1.122651241812645519e-05
1.583617626341219341e-05
9.259697352440896076e-06
1.006833110310007915e-05
8.593993859326449957e-06
1.462576961533951050e-05
1.925202153828905048e-05
1.169803430480741847e-05
1.037534108904065322e-05
5.055703937677652539e-06
1.227942555929581078e-05
7.708384055479948390e-06
1.624334620381192933e-05
1.173767105003578300e-05
1.326755867903318290e-05
9.108638298068214245e-06
1.935202140119538465e-05
1.250695736600258387e-05
8.367121844391912770e-06
9.379975747438733618e-06
1.694597874073270764e-05
1.211031255168257326e-05
1.723364917717152463e-05
8.169130736084258561e-06
9.847578748998340081e-06
6.015913594008069943e-06
1.588891568458071580e-05
1.357176802031572290e-05
4.128951766613991662e-06
7.348249290141408846e-06
8.326108729957671124e-06
8.880056693903116941e-06
1.457698271861091969e-05
1.293420357315866951e-05
1.460377795369155223e-05
2.002585623969819841e-05
1.442324594967400863e-05
9.625124829784430157e-06
7.995206766707163560e-06
1.568087313210575590e-05
1.468472482038326718e-05
1.013860995213268464e-05
1.019245746329213806e-05
7.621242132926723423e-06
1.537018941498398606e-05
1.196878546084420794e-05
1.551642249380576081e-05
1.039741511285424410e-05
7.000967162349792067e-06
9.793914783317790134e-06
1.260956914384723361e-05
8.430048019364347396e-06
9.543708282877379564e-06
1.198891543366383081e-05
1.389689443622057969e-05
1.647123459318454769e-05
1.587613834789745746e-05
1.859268121399917809e-05
1.081153389685290107e-05
9.308282290370100263e-06
4.264147741370734286e-06
1.029804006084129553e-05
1.584122188735402709e-05
1.132574323689993986e-05
1.406728521526899418e-05
1.051849695667719833e-05
7.134219549952715448e-06
1.014294126540737032e-05
8.838288172952693127e-06
1.420358842754757578e-05
9.827171107027576875e-06
6.537198373338480917e-06
7.638386599740708911e-06
1.410258907415704949e-05
1.439262554134000693e-05
8.646102118705721975e-06
1.135598423447340288e-05
1.320212441505987372e-05
1.382676766677484513e-05
8.716222837442950182e-06
1.612218391023274841e-05
1.787382755367177185e-05
8.828816292440213489e-06
8.935290469391647569e-06
9.412785240744056333e-06
1.179428591338888884e-05
9.115957328051848421e-06
1.007984135350741002e-05
8.956997028183221466e-06
1.178183597269579781e-05
1.186190565200660564e-05
1.436433840572161546e-05
1.366171401377392459e-05
9.217145096468551863e-06
9.943284051237801966e-06
8.842160973276276322e-06
1.652659080165901987e-05
1.211280497526267110e-05
8.882381725666371364e-06
1.208982003834458561e-05
1.015550115741496850e-05
1.372335239395821552e-05
1.135794364691618499e-05
8.573693063600339366e-06
8.292230448658981796e-06
1.811405501682041092e-05
7.741995607172226786e-06
3.395581145301927693e-06
9.007938486932528887e-06
1.371289839046664222e-05
1.523856143850869090e-05
1.362697814278951247e-05
9.346408556923803046e-06
6.658295377337367205e-06
1.325541087568125751e-05
1.944564280326033489e-05
1.692836198228373480e-05
7.314587321195066907e-06
1.335278450163363134e-05
1.844595123080446233e-05
1.070407845441046170e-05
1.224388459860840008e-05
1.285431186904500251e-05
7.885419887059061660e-06
9.439029590451661412e-06
9.637217090502429219e-06
9.478653322557460610e-06
1.471683103987030254e-05
1.257619597705014953e-05
1.221697304761932110e-05
1.212422724815842783e-05
1.424441699391973343e-05
1.912780159636338171e-05
1.350284154650249749e-05
9.801070296090894990e-06
1.092853243672488654e-05
1.179170973673728783e-05
9.115557491484454225e-06
1.259394301526665328e-05
6.240718377704674114e-06
1.134521801666925635e-05
1.503217437900337984e-05
1.138152185639810790e-05
5.980578963601869417e-06
6.943168841271495889e-06
9.513495142336413543e-06
1.088015766766080714e-05
1.899380843924318481e-05
1.014086470224595278e-05
1.217556440816886068e-05
1.256238560688833499e-05
1.506515197768937889e-05
1.328040843067628828e-05
1.493486532347899844e-05
1.772438600572586576e-05
1.123283185611544274e-05
9.006817704291141056e-06
7.368445981001768050e-06
1.727302818203628308e-05
1.063339050539659892e-05
1.148831565018000254e-05
8.836469299045470984e-06
9.311245106997882563e-06
1.258040615901937066e-05
1.187588202157393934e-05
8.046282085895815761e-06
1.186458638722815228e-05
1.275245028591772151e-05
1.053049078466934475e-05
1.760525266668897136e-05
1.501409198801045928e-05
1.341637002463229283e-05
8.762650245302022105e-06
1.277930387063021416e-05
9.434234295010862162e-06
1.458769814754709038e-05
7.509552426943510920e-06
7.121520864915461990e-06
1.457449622622922198e-05
1.463886514589505444e-05
1.103293122098773701e-05
1.576492478814868156e-05
7.818203156145152617e-06
4.687142941437056510e-06
1.025830620992234315e-05
8.480998789499034056e-06
1.336515430741252528e-05
9.650332954062287904e-06
1.362814989902122058e-05
1.205661307664627121e-05
8.608277829050458771e-06
1.133647355019753040e-05
9.227217653033022339e-06
1.743955103690013737e-05
6.099569477737988612e-06
1.071635747635968313e-05
1.266708672829138394e-05
1.407271049917742802e-05
1.118027795786117152e-05
1.204705316393526822e-05
1.084341854929668141e-05
1.005149768516797362e-05
1.518384847191187879e-05
1.623407285586694968e-05
1.963212273783105901e-05
8.255091581745682718e-06
9.830311504527089063e-06
7.033072444982482876e-06
6.660110909617191888e-06
1.112655615324792399e-05
9.595605391954034223e-06
1.258177052829205039e-05
1.323141423275671046e-05
1.166696393020351288e-05
8.034586414371922179e-06
8.709333965043864506e-06
1.332770251160080703e-05
1.644929284152618615e-05
7.320824296472491393e-06
9.376522909527225407e-06
9.935330855155198663e-06
1.601612330894069882e-05
1.159362412789323966e-05
1.318921807985386333e-05
9.569842055315990755e-06
1.653580364070013944e-05
1.488070600831068351e-05
1.395373693717334991e-05
1.067005580522743111e-05
1.402471588441638972e-05
7.510495807433569970e-06
1.319916415118593544e-05
1.256785167258270828e-05
1.578700738572427818e-05
1.650281752811723004e-05
1.514666636767354349e-05
1.090618130832720315e-05
1.149469926684569963e-05
1.349585054650729290e-05
1.822812781303638176e-05
1.362091869587573980e-05
1.399255787422111874e-05
7.759138789437018135e-06
5.616095091037338466e-06
1.315946342464479817e-05
1.475661561847127049e-05
9.083207343535128922e-06
7.047728283431358818e-06
7.860856644717693819e-06
9.794641073582221243e-06
8.233196635920903513e-06
1.710390478388664268e-05
8.678628242988944814e-06
1.631890428548957311e-05
1.339692726411649860e-05
1.535769348737627419e-05
1.576357110425586445e-05
1.690066191767763531e-05
1.003663423921229184e-05
1.118737973187676643e-05
1.650896988300666610e-05
1.196778057431982190e-05
9.046066306167112876e-06
9.336499027792516487e-06
1.297861736994257946e-05
1.562409092775654681e-05
6.454185441990454252e-06
7.480753710094337897e-06
1.112408914926004701e-05
1.221924723744705041e-05
1.409964652913087271e-05
1.379428403507794737e-05
1.043146316798200585e-05
1.906868623641704060e-05
7.639575928907020258e-06
1.405179348820111947e-05
1.005733039076118251e-05
9.013332430323560515e-06
1.033746514864645376e-05
9.549186140797951729e-06
1.156133776567810265e-05
1.434971240946520704e-05
1.424146573638869595e-05
1.384115704332458118e-05
8.715213962086773911e-06
1.475084516815326619e-05
1.159747673008573202e-05
1.409328490773172192e-05
1.674090186970952392e-05
1.342919417173439898e-05
1.501779480728167819e-05
1.347348752876361239e-05
9.721896489036291455e-06
5.744916244378794717e-06
1.100041712233919500e-05
1.509687635026623199e-05
1.568126144462568165e-05
1.069386267853080648e-05
1.087246234691016070e-05
1.546287609219826066e-05
9.043761743374039111e-06
1.117045240043186414e-05
7.888480134063390341e-06
1.201702245923631260e-05
1.910161839999730224e-05
1.120655843449962004e-05
1.389090396457290327e-05
5.756250082270399417e-06
1.897341742681563662e-05
1.158191955922876362e-05
9.802259055287065780e-06
1.403631769760359050e-05
9.810707045618797354e-06
1.253703257288562756e-05
1.230702590238553998e-05
1.188481424985818375e-05
1.144425770658902539e-05
2.136638243165477299e-05
8.058044333837495739e-06
1.642912864266570468e-05
9.214780571127962317e-06
1.675459176768011828e-05
1.258392956950015509e-05
1.100772903400941366e-05
9.806667182239611454e-06
2.286172237045828426e-05
1.325960138850546651e-05
1.096212603221992790e-05
1.462069182533100347e-05
9.448940758244070117e-06
1.346365902978268542e-05
1.481129677010143633e-05
1.598762313409151799e-05
1.247109614277454439e-05
1.010739179666022098e-05
1.111226187157303702e-05
1.066881531831253156e-05
1.117918843747099598e-05
1.551166281375810355e-05
1.289735252331961455e-05
5.984685105093349094e-06
8.175468841449161093e-06
1.133422473668112354e-05
1.113046737386799416e-05
1.393450583194596283e-05
9.743716055066365764e-06
8.137886880877329932e-06
1.530916800567000283e-05
1.154503967797657079e-05
1.222887127841443895e-05
1.545153225198004040e-05
1.563307475727048059e-05
7.920141750145274438e-06
7.038565103686167817e-06
1.879533841888077078e-05
7.065773266768933521e-06
1.535735230389885866e-05
9.125570709560874592e-06
9.833250581673892352e-06
8.114582054514157158e-06
1.365594220288788151e-05
1.235745588989097302e-05
7.958235769495753073e-06
5.984134942514492819e-06
8.211274073437254420e-06
1.306646523787966083e-05
9.965151325860259620e-06
1.602892725672207160e-05
9.704955778565389974e-06
9.987903374985002199e-06
1.059602987038948523e-05
1.213918819242946615e-05
