1.065868158875827812e-04
1.116962422327752701e-04
8.264470981810681581e-05
1.305430884001185514e-04
9.654465005244485876e-05
9.879493085299291544e-05
9.226193306069144413e-05
1.206759154823371474e-04
1.290941494651527189e-04
1.045654610817469603e-04
9.445120809120017614e-05
9.698698508704922758e-05
1.351247809373786770e-04
1.107596779594159707e-04
1.067535029703836169e-04
9.907635212009263041e-05
8.076666176069002075e-05
8.570873986103441698e-05
1.139364672503920251e-04
1.067203666295501188e-04
8.847614717769381756e-05
8.211389524924808409e-05
1.040853188166152558e-04
1.047849978578412966e-04
1.172973827562176019e-04
1.309464136854079539e-04
1.115016017279538428e-04
1.297411992279652105e-04
9.914705813166379395e-05
8.216596057413947350e-05
9.175363676563152960e-05
1.162543251846394582e-04
1.050247025338484948e-04
1.030724424609188745e-04
9.652904970542067089e-05
8.427045343865643241e-05
1.083754806771766152e-04
1.033524514160379549e-04
1.453674932611238196e-04
7.678948848469601112e-05
9.774143144291221063e-05
9.948479498455373041e-05
1.207558735341315767e-04
1.104169416299507648e-04
8.842613585846442195e-05
1.024477181092663770e-04
1.102278903326806280e-04
1.105346996606963863e-04
1.071561053337619513e-04
1.067436870787953114e-04
8.749846371207497229e-05
9.452278242568726979e-05
1.039640680668085738e-04
1.149205093002117901e-04
1.236616985849928662e-04
9.686528378699442107e-05
9.613205936290619951e-05
1.055593547479532319e-04
1.272823017807438054e-04
8.609854266677141100e-05
1.010329974753302430e-04
1.026616046327839159e-04
1.162855613787248395e-04
1.039001842892921376e-04
1.046626541325821615e-04
8.735895044117716294e-05
1.275856694782832412e-04
1.118051775737561053e-04
9.850802479127887892e-05
1.214419607423769624e-04
9.397452847137675858e-05
1.069133835083809067e-04
9.750005000356626794e-05
1.037395183336701788e-04
1.262880442095420139e-04
1.022873271461482568e-04
9.745909077254538081e-05
1.094975751720798441e-04
9.583474182416355704e-05
1.131436304028949355e-04
1.219768310405418282e-04
1.083214070182994440e-04
9.132243318176810215e-05
9.699631517197893299e-05
1.253007722553174837e-04
1.159712729544708253e-04
1.057117897439670317e-04
1.053601080772078355e-04
1.175605416105992304e-04
1.176600851200829741e-04
9.775847821558370431e-05
1.249771945864393751e-04
1.446321001555810472e-04
1.072827791502129564e-04
1.001635616937654433e-04
1.060847598762057096e-04
9.261200834037300246e-05
1.027849939092731046e-04
1.279865844822193144e-04
1.006159981872414117e-04
8.509355659028928619e-05
1.101264780228163129e-04
1.146645138157033350e-04
8.515487694253028896e-05
8.866625304698699101e-05
1.116501306318232602e-04
1.057239475155049034e-04
1.174504573386719468e-04
1.273292532194950143e-04
1.124423875894920821e-04
1.084247663340164985e-04
9.283475553052999735e-05
9.336506141772595133e-05
1.411147314390871592e-04
1.039494776818670742e-04
9.566797330024889943e-05
9.260535970393216597e-05
9.442352759864347164e-05
1.122435500761256703e-04
1.119138568022465398e-04
9.653129041756586509e-05
9.137283373902140373e-05
9.420444186703391014e-05
1.117712018481487480e-04
1.042870421170112940e-04
1.213252962117184375e-04
9.538018885805446458e-05
1.037479159475009457e-04
1.103403002868661099e-04
1.319677292563211073e-04
1.206244299597742075e-04
1.066806625328802578e-04
1.075268187549016050e-04
8.403847653469952888e-05
9.113162443263934953e-05
1.126447934797601696e-04
1.120237239862990338e-04
1.255177308874025864e-04
9.582707419459965826e-05
8.414284410436607075e-05
9.690092186856566654e-05
1.256231537586080050e-04
1.039246328477271334e-04
9.304828641951681442e-05
1.034296171521970379e-04
9.662300175805436800e-05
1.126847033582386025e-04
1.172859049170142594e-04
1.314448383172754989e-04
9.799291993798010152e-05
9.973812618428053970e-05
1.162857598399443302e-04
1.283631900072352780e-04
9.833195543160066110e-05
1.081656538116830893e-04
1.070436583971728662e-04
1.350585216202183935e-04
9.420932535222846754e-05
1.091222054923802494e-04
1.408460964802382405e-04
1.168203083695731724e-04
8.993074166879791117e-05
9.783509439090862377e-05
1.231379143416938267e-04
1.149497270474167778e-04
1.038336044112474850e-04
1.034926987307647399e-04
8.623956899036433141e-05
1.225084050481717475e-04
1.193818599674506314e-04
1.086729550906810144e-04
8.573358544182841203e-05
1.161647015083452092e-04
9.948954696236906919e-05
1.001908093030489890e-04
1.087157283288195554e-04
1.296138566593278869e-04
1.548474329641566093e-04
9.296596569026980336e-05
9.934383410629968260e-05
1.214670102011785870e-04
1.311990164635761912e-04
1.113137339322462047e-04
9.988934685654744989e-05
1.015776704801098478e-04
8.792276270905693893e-05
1.088966605559930510e-04
1.237769169371645995e-04
1.020361717074250087e-04
9.515359401232221528e-05
7.820051600291253455e-05
1.123723685067483510e-04
1.100381747788796617e-04
1.085373807818124342e-04
8.803883539161836194e-05
9.855914628039436228e-05
9.822829847797881909e-05
8.924140174574667712e-05
1.134297651355390345e-04
1.372838320836228764e-04
1.077443460268056149e-04
9.467621147193183001e-05
1.289575285414492874e-04
1.109897994637860968e-04
1.037234589906874674e-04
9.975201593566751577e-05
9.203849234848872232e-05
8.970706958243393112e-05
1.088973952857625753e-04
1.108427844806697353e-04
8.660296722232078558e-05
9.834894230125566122e-05
1.079825335132110373e-04
1.073243253035009921e-04
1.130421900267793525e-04
1.027039751687383850e-04
8.511924459709760415e-05
9.504069692461208029e-05
9.468785447666257270e-05
8.397502275699178812e-05
8.801256150483706257e-05
9.471140496597161304e-05
1.056500325543296813e-04
1.063626691913279571e-04
1.317679213290805739e-04
8.546304831970566343e-05
9.135932534751053317e-05
9.839214702798607494e-05
1.159392531294543030e-04
1.151080564600448605e-04
7.440113131376420528e-05
1.023938361758081940e-04
9.498016143452444173e-05
1.113835283411675290e-04
1.122080371240179240e-04
1.127960789045994838e-04
9.785515394079819613e-05
1.063462694251302921e-04
9.550936205513387608e-05
9.524518763875738318e-05
9.667402835508538618e-05
1.195902798668628509e-04
1.031491759031434217e-04
1.366287587445948160e-04
9.210433145006496956e-05
9.084979439534346228e-05
1.113473460549449024e-04
1.192253295867978335e-04
1.240187789600914346e-04
1.071223787464597272e-04
1.483901431912150503e-04
1.230620083706866665e-04
9.640330679683471412e-05
1.070054812978438473e-04
1.228953190695719058e-04
1.021589329934412331e-04
1.005370895183356727e-04
1.000810610652643964e-04
8.219940068420227887e-05
9.670451855170592969e-05
8.832248057269863231e-05
1.078348069829472333e-04
1.403521734679019899e-04
1.119769425312879755e-04
9.602968598485427316e-05
1.043298334208843310e-04
1.032790249369644112e-04
1.133454062493548958e-04
1.364077654111063868e-04
9.980561197015658118e-05
9.734443616759460411e-05
9.144258162816108954e-05
1.149582398900890685e-04
1.206411768842455582e-04
1.118742167593250411e-04
7.269098804260749837e-05
9.917031826839864297e-05
1.375858587183435757e-04
1.056637032752736504e-04
9.700713771663547374e-05
8.181262335427409119e-05
8.820943266790043109e-05
1.006244370671336829e-04
9.655230077812993459e-05
1.597768134019192886e-04
1.260763454303757947e-04
1.025727282225319517e-04
9.806603128761073255e-05
1.023997007319484389e-04
9.194804877101600169e-05
1.054713258142236031e-04
1.166316946177613966e-04
9.801484286224034339e-05
8.958254590868088745e-05
8.702195471352186800e-05
1.257412066627778342e-04
1.054325610583318226e-04
9.942188692308289171e-05
9.281241152475598198e-05
1.052333368211197693e-04
9.754384627038113493e-05
1.294295313578147871e-04
8.496132913512253299e-05
9.435439113031330281e-05
1.060033188712891362e-04
8.605042060757423265e-05
9.692791571536940576e-05
1.039547548309224318e-04
1.154390083915762561e-04
1.069609285528384395e-04
8.603299513980937525e-05
8.014717919002713208e-05
1.047540559218851038e-04
1.050305148129428883e-04
9.535849073435144734e-05
1.012194344316975870e-04
1.162966890350045893e-04
1.041158836218902996e-04
1.158641893737152639e-04
9.913247982946291829e-05
1.029511030586267747e-04
1.168215259495337065e-04
1.309810908111914236e-04
8.606763923025568380e-05
1.100291223763956650e-04
1.106597100635409094e-04
8.336833729600521853e-05
1.016244847428898860e-04
1.058015618679235921e-04
1.177420051596454281e-04
8.432902763897473909e-05
1.008439029598429338e-04
1.242047307475193177e-04
1.119385813018444536e-04
9.287862911557001025e-05
8.318234154628392156e-05
1.316115926421791845e-04
1.080121691678749616e-04
1.033953446692048475e-04
8.218434611879231629e-05
1.058099703873385746e-04
1.101846448520460024e-04
1.261180944662213725e-04
1.174902729688353083e-04
1.263687447878267560e-04
1.010578017209771680e-04
8.085715415953033077e-05
1.026538165369238447e-04
1.196623439073798761e-04
1.154663384515656918e-04
9.618915100982043545e-05
1.059169591261014103e-04
8.650700976726958418e-05
9.076872264988693412e-05
1.088782623740122972e-04
1.097466529598338015e-04
9.238816897447174094e-05
9.430223633202066411e-05
1.161997065231019894e-04
1.042279330493492938e-04
1.267057507026282215e-04
9.252159172574085210e-05
9.394571612180886168e-05
1.086762604376237520e-04
1.145951137309819039e-04
1.203181399615575438e-04
1.226255487840727763e-04
1.057143380787773057e-04
1.104133589657252152e-04
8.471949076486208474e-05
9.362011054692181066e-05
1.162607230311036861e-04
1.112401513455593476e-04
1.212888084530549030e-04
9.580272187990492125e-05
8.961834741855424704e-05
1.024801471978922297e-04
1.193885389141669299e-04
1.088420835570752120e-04
8.350028490791195669e-05
9.758917599041163282e-05
1.017224327392824226e-04
1.053627144054696490e-04
1.180996557200639083e-04
1.133743902919299892e-04
1.038796401549626212e-04
1.279405147270804011e-04
1.196998891277683121e-04
9.909470335893696730e-05
1.111529737550429574e-04
1.034927422959673463e-04
8.424352030988418018e-05
1.025571247093339791e-04
1.160116864443361582e-04
1.345430615863659602e-04
1.031066891759304473e-04
1.006356182523142812e-04
1.121755758087137819e-04
1.160360871272621768e-04
9.857018106390532395e-05
9.812760938691544486e-05
9.459616595703975036e-05
1.365189155359639321e-04
1.130128155104273980e-04
1.060922414217457945e-04
8.943316173607157983e-05
9.850960310892708626e-05
1.192617481107199608e-04
9.834802295185584382e-05
1.015828000209241592e-04
1.034444882723534653e-04
1.089523084810754242e-04
1.171283791418253645e-04
1.055146061918834803e-04
1.004299555787621385e-04
1.099924075252740652e-04
1.184427565993749503e-04
1.109276425857719635e-04
9.529023719039306304e-05
1.073512235060749854e-04
8.543434923267067757e-05
9.612749069562203025e-05
1.078592141314932564e-04
1.186300060380501945e-04
8.473717617643471329e-05
1.070669537893730239e-04
1.040424477332188178e-04
1.255353258154397016e-04
1.475887838083440591e-04
1.113611469058591204e-04
1.037761352448242006e-04
9.249327633168424325e-05
8.428321626951098633e-05
9.934412351557897968e-05
1.244593643929560445e-04
9.288845782799924871e-05
8.937266807720055958e-05
9.313829449784112710e-05
1.157119448654208394e-04
1.115121076125726333e-04
1.151511251968074932e-04
7.962432778561968720e-05
9.273381298050050055e-05
1.007044781152215980e-04
1.064389948977286946e-04
1.160419086916354285e-04
8.699999367293524677e-05
1.039923699263124723e-04
1.210265110132964462e-04
1.378369766997493027e-04
1.082772903432436900e-04
9.874646885577369681e-05
8.370546683892595471e-05
8.917022693376615977e-05
1.045026191251442830e-04
1.146256910780408839e-04
8.781384736670467075e-05
8.451080497975324037e-05
9.833713739218178263e-05
1.103384194535669046e-04
1.082110394148348649e-04
9.997838743264036954e-05
8.775624297045133977e-05
1.103885253332480677e-04
1.131400407998529075e-04
1.406697505250866095e-04
8.267855091505231676e-05
1.014530120031735397e-04
1.162331143989922831e-04
9.152516443915874355e-05
1.100696698789962194e-04
1.089689851899724939e-04
1.272390014015990984e-04
9.531856901653355558e-05
9.408544600087977378e-05
1.366837243355124875e-04
1.037044452941496931e-04
9.195037695952815269e-05
1.012528494299999295e-04
1.122964623254595155e-04
1.136090889281986022e-04
1.103914382847787166e-04
1.048814149760792029e-04
9.270113461387385944e-05
1.129031370800840186e-04
1.164340677885436080e-04
1.109350648301975331e-04
9.998560043229417474e-05
9.919395127374784019e-05
8.760204121764264041e-05
1.033157128012693397e-04
9.754441761239102495e-05
1.163185932325312206e-04
1.226772347264948511e-04
8.838028459325504007e-05
9.598050271561106832e-05
1.220662296341216610e-04
1.199075144260501000e-04
9.977558161808785153e-05
1.004948412110929205e-04
8.793833822129340386e-05
1.179084921724269286e-04
1.204884209353016320e-04
1.024246817875221302e-04
9.313380754705745390e-05
9.431429768881129680e-05
1.145079775192870661e-04
1.051436522549912758e-04
1.118642337249029688e-04
9.664600590248692341e-05
9.329064816789784981e-05
1.045107829387191339e-04
9.866493616771881503e-05
1.168145838288669753e-04
1.219344187920433229e-04
1.075041787067455612e-04
9.882716226714365862e-05
9.484382344076252973e-05
7.423946326461295557e-05
1.116428659865665267e-04
1.137422866428247609e-04
1.014107280552479861e-04
9.326852108690977556e-05
7.704591044954516021e-05
1.389672977439600882e-04
1.046050278671519645e-04
1.038319951260771790e-04
8.924258931810409232e-05
9.683853298810740824e-05
1.075413680223251991e-04
1.209659204560452643e-04
8.806228685844979317e-05
9.562992172578846969e-05
8.204538323331746728e-05
1.025633555192330583e-04
1.036452009623606724e-04
1.085748052227082481e-04
1.049113102377543356e-04
8.173925834463700846e-05
8.967903492697261621e-05
1.100767377200408522e-04
1.087310864707115857e-04
9.975267136498333100e-05
9.942854500350009085e-05
1.204762600697431693e-04
1.299905537923448748e-04
1.068260045483275452e-04
8.849622513912293548e-05
1.145270054294771225e-04
1.230788459949146282e-04
1.147266414051831154e-04
9.378553987156978261e-05
1.111786511363806927e-04
1.029515039370080734e-04
8.429163330396296518e-05
1.101680862561308657e-04
1.043540000067830643e-04
1.362079600991475425e-04
8.054777206243934364e-05
9.426167046742943011e-05
9.683134803791278850e-05
1.156662869632206421e-04
1.070336906390173466e-04
7.678808600059012373e-05
1.009849371160328655e-04
1.026421946212240956e-04
1.260144043351097223e-04
1.240035333102845229e-04
1.000670265744852772e-04
9.162918744980937710e-05
1.256141102538234800e-04
1.115223588157074190e-04
1.182383228395235490e-04
1.019947691856107938e-04
1.068570587945204102e-04
1.136068580496623107e-04
1.234503210074016960e-04
9.709852560782975927e-05
1.007913985018578867e-04
1.222222904130496567e-04
9.718926056515339140e-05
1.239977551889960398e-04
1.151830031922185146e-04
1.174858669685653156e-04
9.354453857418950225e-05
1.042423005329450698e-04
8.567368840581044234e-05
1.140219128571994157e-04
1.131561057112795047e-04
1.004323848594499086e-04
9.245511417486233557e-05
9.601870620075249969e-05
1.006235450135812106e-04
9.713245906078193232e-05
1.235049406791985187e-04
1.124754708694470539e-04
9.624083002473427407e-05
9.949802521101169263e-05
9.467509190329703587e-05
1.190694331902286777e-04
1.222553433709935183e-04
1.059592927056298009e-04
7.440723555503438874e-05
9.833870865569676570e-05
1.129232428552132643e-04
1.025288937326168897e-04
1.116900760031777195e-04
9.403869097560585779e-05
8.634491703522785002e-05
9.188930902309079497e-05
1.085977594685346012e-04
1.068190267193887814e-04
9.264608382711389078e-05
9.445707145496826519e-05
1.073095869862888247e-04
1.000446800569764367e-04
9.319018153617736029e-05
1.139163783130721109e-04
1.192240020803824520e-04
9.605804960593899305e-05
8.678952985963151107e-05
8.957880011642698620e-05
1.128379129040370233e-04
1.073105042935063822e-04
9.105872194837602151e-05
8.883169805933356677e-05
1.127322596264519197e-04
1.101338784561746751e-04
1.153461100652306687e-04
8.861771014250745661e-05
9.235020138390265861e-05
1.065575912334455733e-04
1.137057383861892921e-04
1.092541080793786118e-04
8.339842158009870142e-05
1.044787412752552471e-04
1.123256577126806435e-04
9.778644145270493245e-05
9.362446647139144480e-05
9.052267969620991751e-05
1.076334318579845445e-04
1.016981251483753743e-04
9.487369999838430094e-05
9.093368176905267618e-05
1.008930865771512754e-04
1.054326759147813556e-04
1.126500230216738013e-04
1.109024165994900292e-04
1.040290375314014109e-04
8.104396874493122757e-05
1.136085187860738199e-04
1.182972554080383154e-04
8.893177657720219482e-05
1.031182524124296191e-04
9.948921020958000365e-05
1.150502715563981140e-04
1.227213346591695233e-04
1.022937442904566776e-04
1.094466082738114015e-04
1.389106765632267849e-04
8.871240481876664348e-05
9.048120270537869008e-05
1.008116497962684767e-04
1.292906540826232998e-04
1.060681840451526819e-04
9.018835635918866992e-05
1.024378555921917221e-04
9.841073404057061071e-05
1.094011673639609655e-04
1.058984177581803521e-04
1.087567026713741710e-04
8.342893511072899105e-05
9.257582883949627727e-05
1.096435630173654295e-04
1.069204663829729444e-04
9.196433691024552689e-05
8.143393628601107437e-05
9.747022893040580113e-05
1.267299660007010196e-04
1.018754821204452202e-04
1.088695044422523369e-04
1.041967778655225808e-04
1.017454578573157503e-04
8.865366950016287547e-05
1.043129285583671735e-04
1.138915745624697294e-04
8.678886953660894525e-05
1.016336762123245732e-04
1.096306126716130200e-04
1.120043546705064042e-04
1.367114604666685377e-04
9.276227716035044687e-05
9.170351479207997591e-05
1.034030819823891924e-04
1.163954770005074245e-04
1.248586101591620901e-04
8.893044252892680986e-05
1.005113205804389857e-04
9.946293566753813624e-05
1.321549125926095765e-04
8.149811818504963537e-05
1.097382232904551484e-04
1.114842997661276430e-04
1.209226572285174774e-04
9.000227705058837290e-05
9.250550378876317109e-05
1.026073862793974273e-04
1.221829783485566315e-04
1.099590516595735191e-04
8.046182693296221081e-05
9.967590215664268150e-05
9.885753866182901445e-05
1.132286451148693552e-04
1.151559411416759897e-04
1.130493537531746835e-04
9.811838185487912220e-05
9.645506789183650484e-05
1.178819304836961748e-04
1.214404200379857465e-04
1.145221792066885365e-04
1.014045093673456726e-04
1.005474321482523886e-04
9.656046806767053009e-05
1.015669240041849972e-04
1.170975770968341674e-04
1.190438202242915817e-04
9.307569696215897833e-05
9.863879064840652743e-05
1.250279154778058345e-04
1.184796949905048857e-04
9.801649923814048377e-05
1.012497171265680409e-04
8.554648592974857134e-05
1.281473428294324093e-04
1.142533746868714057e-04
1.056468302691860559e-04
9.152264357650204986e-05
9.734210841746565601e-05
1.171402013068659589e-04
1.042745792693641093e-04
1.089458494582919504e-04
9.494986943609050724e-05
9.014349181066053649e-05
9.145810940612759433e-05
9.932636055283370062e-05
9.891335574458929713e-05
1.170084746926673778e-04
1.208006696932843570e-04
1.012823199975327817e-04
9.816422396466944610e-05
8.886281485226363048e-05
1.114458162816935798e-04
1.147742651428843963e-04
1.018872580063468869e-04
1.105197484726141451e-04
1.062199627427925179e-04
1.003524103712121813e-04
7.346929259711573680e-05
1.140622841470924316e-04
1.067490496826829934e-04
8.382213915263583685e-05
9.324140485619809686e-05
1.012830222458009985e-04
1.084831224489310654e-04
9.973554956787732356e-05
1.012021945267666272e-04
1.434399840470010096e-04
9.217136876264677044e-05
8.776602894768783364e-05
1.153889541092821953e-04
1.068035890056749090e-04
1.047946303083898323e-04
9.472121552379130839e-05
8.973165696762275766e-05
1.091646914386622534e-04
1.110966043222621894e-04
1.135325618800479109e-04
8.866189995505707451e-05
8.983596945052576611e-05
9.944254807435064800e-05
1.176532075449851516e-04
1.108537805512109368e-04
9.134937905015126137e-05
9.586850687212586646e-05
1.016928858930129880e-04
1.057775301277385827e-04
9.496263088671384538e-05
9.170974082173202898e-05
1.076243398151989272e-04
9.379558262479762885e-05
8.652725832227904754e-05
9.297701132970026766e-05
1.119530721769009072e-04
1.022790237127649341e-04
1.028404943404684872e-04
7.618736178651491146e-05
1.050707406358996916e-04
1.108768801408819969e-04
1.326263599385024250e-04
8.600295784202168902e-05
1.043117898243450169e-04
9.723998306519173243e-05
1.191816602896675971e-04
1.195236884329515154e-04
9.798860320325717072e-05
1.038062939739203767e-04
8.561401131178155962e-05
8.021405238184709809e-05
9.462892383982018474e-05
1.227873249533698106e-04
1.064175255512464778e-04
9.322964812938338544e-05
9.580686665752002451e-05
9.959823100434299142e-05
1.060010278638288830e-04
1.258756633592820660e-04
1.312379414420039212e-04
9.578759896961649598e-05
1.056763822333012942e-04
1.131830074678684633e-04
1.125409486865501648e-04
1.088667761928557685e-04
9.918234384605904743e-05
8.844499494899753472e-05
1.128738194689135317e-04
1.183742805821082358e-04
1.068734269639239651e-04
8.333295137766159541e-05
9.796718731317761552e-05
9.975677968116321770e-05
1.016345043314531013e-04
1.284805881144858929e-04
1.236540643129206902e-04
9.859856067856081010e-05
9.425248323351015074e-05
9.328436302235158296e-05
1.151807953401588226e-04
1.331672923321756453e-04
1.127472037151040811e-04
1.034946269222267331e-04
1.158149679324582915e-04
1.119436531861575960e-04
1.126294932332607616e-04
9.917609989295195650e-05
8.337283742881261518e-05
8.776611369991222365e-05
1.115475700706172388e-04
1.069141418946750597e-04
9.576190096147923006e-05
1.069915578389244598e-04
1.018928476029298526e-04
9.927182136452911739e-05
1.060568565075779856e-04
1.176928766303999413e-04
1.001253907297909509e-04
8.624265113259313431e-05
8.918329116892024936e-05
1.122622733555179395e-04
1.087477953710300048e-04
1.130994014018901430e-04
8.313586631618520703e-05
9.591181853742074270e-05
1.084731425504975323e-04
1.014945471636910794e-04
1.211586550288643141e-04
9.339834622296787326e-05
8.784117371620406138e-05
1.018350967132876774e-04
1.275554771110617124e-04
1.077221617509043470e-04
9.387269100352273752e-05
1.066873302104712207e-04
1.088262001523645762e-04
9.776466535518104728e-05
8.907047289400634230e-05
8.683512405178866209e-05
1.160810782320689235e-04
1.097467516683109845e-04
8.975771673859104594e-05
8.748758522713890977e-05
1.135067091181394595e-04
1.109707325247082121e-04
9.911089848751360198e-05
8.662081262142263378e-05
1.160526734732163695e-04
1.153343732925850117e-04
9.199068024152561593e-05
1.032918631791356149e-04
1.017884490723366579e-04
1.137905254167311664e-04
1.290373163578542788e-04
1.094214057010530828e-04
1.054616750602219269e-04
1.379992399326864351e-04
8.966809165554255373e-05
1.031780759331912741e-04
1.212403493579676831e-04
1.075816571641091668e-04
9.010653052913420856e-05
9.836798309914884287e-05
9.791017732035059852e-05
1.109041890241313022e-04
1.079079669427201294e-04
1.016652307160414694e-04
9.514363067673976197e-05
1.195194785581115196e-04
1.346794884134509753e-04
1.091824592582489698e-04
9.608851230471783219e-05
9.967365056524255223e-05
9.603229390992119939e-05
1.068792433045192907e-04
1.056740692818606219e-04
1.197151588604424618e-04
1.223878496608368381e-04
8.488641014518575852e-05
1.018488910683482493e-04
1.025024390111625488e-04
1.414896939663841543e-04
1.195988731538198387e-04
1.014329960419533844e-04
1.028629322780219037e-04
8.127446453778243527e-05
1.066819871745829269e-04
9.302266129813452963e-05
8.572248449375018998e-05
1.094435365944364079e-04
1.199213176270127914e-04
1.009578800763889241e-04
9.025361947959804865e-05
9.088784892038056465e-05
1.168550116501654160e-04
1.054544910139710158e-04
1.117718350157767088e-04
8.790952983649678084e-05
1.312173585656560223e-04
9.688517147319766580e-05
9.983489748873227820e-05
9.303320850677899664e-05
1.153538852602964290e-04
1.238186504776602197e-04
1.140040676318071657e-04
9.015017360997670511e-05
1.019976302874095778e-04
1.095329270719648307e-04
1.048570669731144211e-04
9.877305193761632838e-05
8.549053333204882231e-05
8.744489708996773872e-05
1.103027624227553296e-04
8.872269670382635319e-05
8.502276269797114517e-05
9.976925906479511502e-05
1.054897135923709632e-04
1.149887663486115269e-04
1.098813039864442393e-04
1.184744657245846884e-04
1.035270860845261042e-04
8.865065918288813794e-05
9.362456397992639616e-05
1.183795481955117706e-04
1.050294413257633555e-04
1.032863374121019477e-04
9.299997476948348226e-05
7.193288653277640418e-05
1.189892789324176452e-04
1.309521592607616584e-04
8.350698459413306808e-05
9.594802645348569328e-05
1.046080045113651028e-04
1.218482741499458304e-04
1.104536958598710891e-04
8.738995151229286633e-05
1.004896806404044772e-04
9.630029643876460415e-05
1.099764867473901884e-04
1.198371077264152700e-04
1.095127657076014278e-04
1.084059186800868539e-04
1.050763917346002378e-04
9.291784306576829767e-05
9.604133303850405281e-05
9.997390271962791684e-05
1.089286967860176897e-04
1.093085779372585879e-04
1.168644925827263419e-04
9.867332294378320149e-05
9.671539922492027801e-05
1.088411837566600858e-04
1.235380264004836282e-04
8.736290829876913245e-05
1.031901380009845205e-04
1.024057134032110237e-04
1.133352770646150912e-04
1.182510060229930208e-04
9.951995518745192790e-05
9.839568718698297198e-05
7.792797616696391344e-05
1.433178007407154167e-04
1.091074519476380975e-04
9.669531729190411701e-05
1.215860413531281542e-04
1.058601847042078673e-04
9.297757182737109976e-05
1.001061159235541829e-04
9.342562006972680031e-05
1.087109409470950286e-04
1.217968751998382311e-04
1.313290553102256539e-04
9.603954913273093864e-05
1.017567790844093781e-04
1.080521063675764915e-04
1.316723127908559019e-04
8.853095672533535597e-05
1.008583137456509895e-04
1.153174568312655048e-04
1.061248056874820379e-04
8.707510335378691626e-05
9.961822162672403331e-05
9.618069917579033404e-05
1.080524356224708637e-04
8.185597627441502369e-05
9.113688618444971826e-05
1.122343244645100115e-04
1.037859717418313123e-04
8.774459159042221745e-05
9.276485099282591159e-05
1.032889638610506568e-04
1.032351229947640555e-04
1.109374751086581975e-04
1.491050832002219564e-04
9.895099988734492474e-05
9.336967149610209691e-05
1.070148499994773002e-04
1.170808855667969058e-04
8.295952614956668099e-05
1.042983905979852133e-04
1.030698094821904645e-04
1.332523542803957552e-04
1.224932019763653145e-04
1.031891624879751598e-04
1.066814357279553078e-04
7.948280424176223935e-05
9.561584907012493032e-05
8.912305223197219961e-05
9.811827512145823325e-05
1.275877294740811261e-04
1.113483554371989522e-04
9.718721290980633838e-05
1.066473890835636099e-04
1.470127952321785775e-04
1.253863545159323797e-04
9.453193920011727534e-05
1.288663464333355190e-04
1.271639604500522961e-04
1.099206244179351007e-04
9.902714457647199557e-05
9.197957469700466062e-05
1.093177187282576111e-04
1.289187886315702595e-04
9.723416597712922801e-05
7.828498810404354441e-05
9.515298870542079771e-05
8.883592012040089083e-05
1.016233626377980719e-04
9.596752350155265195e-05
1.192098533823715941e-04
1.244259137304567239e-04
1.009856800208142454e-04
1.080521047985690350e-04
9.026306735456865872e-05
1.416314151550418542e-04
1.168419037713883498e-04
9.999424629556432514e-05
9.317500729794115646e-05
1.001125256798632930e-04
1.238744434804018159e-04
1.126397204785220746e-04
9.983163416498475333e-05
1.038769054676441612e-04
9.251149854562447025e-05
9.151255703387912001e-05
1.014982277999968390e-04
1.148063866407095864e-04
8.427901674523907661e-05
1.074683210230789507e-04
9.972706036514887649e-05
9.652436614191019302e-05
9.294337389438028113e-05
1.026742604788744722e-04
1.316082222395564198e-04
1.040028172633664902e-04
9.032156367593554940e-05
8.896770332852827466e-05
1.307108302046140942e-04
1.023366622979923724e-04
1.089099733758656105e-04
1.056248786210187043e-04
8.924003526009695883e-05
9.330826219245017341e-05
1.012115397864110617e-04
1.082727278658397128e-04
1.108170216862189485e-04
1.242702480697184411e-04
9.757698159354784718e-05
1.070205542537768688e-04
8.999701837982631940e-05
9.326431318380310333e-05
1.189282395489986492e-04
1.101189431470139433e-04
1.105332683250235301e-04
8.666013475261748493e-05
1.161241554743983582e-04
1.166163512786790062e-04
9.585344942490894176e-05
8.358713460397598012e-05
9.706366859194388234e-05
1.213469545682819493e-04
1.049748380152474610e-04
9.213907993864143349e-05
1.019023065417782768e-04
1.040397002336847953e-04
1.204643387190316951e-04
1.381637154368881297e-04
9.751574329358341159e-05
1.010807516141718219e-04
8.550935322649797518e-05
7.997709004694454767e-05
1.000441734235445201e-04
1.034909828081628829e-04
1.052280189998330276e-04
1.361543989231534467e-04
9.926761860215769476e-05
8.052141363832969413e-05
1.113503009967943254e-04
1.228535940380880045e-04
1.179060006747087620e-04
9.092180976620734098e-05
1.054027657773336663e-04
1.011407448369203691e-04
1.133350269956693565e-04
1.247930723217326643e-04
9.654429147469010327e-05
8.804895827685506533e-05
1.236771950577789721e-04
1.167608575162616257e-04
1.074519026312872985e-04
9.443742013729897839e-05
9.658234060152977296e-05
9.297275578792248423e-05
9.718875789144783403e-05
9.864922007769488864e-05
1.098935969481138782e-04
1.192422215312720943e-04
1.148021010459207927e-04
9.066520562450569034e-05
1.002001137294470799e-04
1.152459242278518420e-04
1.174457953620163176e-04
1.095164628009518310e-04
1.010110521289946827e-04
1.001482818512566391e-04
1.026134156700479711e-04
1.260003556885031190e-04
9.874612467757316284e-05
9.246632318816589140e-05
8.410477747001159467e-05
1.038842870695809803e-04
1.085709096406565127e-04
9.250599192759561325e-05
1.156037533165267772e-04
9.797638363256657617e-05
1.038641712797527713e-04
8.244147170153688566e-05
1.334694126435354087e-04
1.194882128766846553e-04
1.110338237555905740e-04
8.758867642596046674e-05
1.005030040095386692e-04
1.165047276572553407e-04
1.110565719501407608e-04
1.111989358650780483e-04
9.689003771368207387e-05
9.252853961708386494e-05
1.048889430534513862e-04
1.072073874695257488e-04
9.172433461240628283e-05
9.167880314503070447e-05
9.845020823985678959e-05
1.085609880323316136e-04
1.022694339507783937e-04
1.152429723126350338e-04
1.070859030313177411e-04
1.116886545826094892e-04
9.596612006168183772e-05
9.424154572875735798e-05
8.678136107374446605e-05
1.247776703977076585e-04
1.056414947596733759e-04
1.142879157632622036e-04
9.470768147403891516e-05
1.039435307224807374e-04
1.089114428532706575e-04
1.260997679102222131e-04
8.870499751650031881e-05
9.702651433494350729e-05
1.052392180374327267e-04
1.112690369005830883e-04
1.164503758653033299e-04
1.031170813134068089e-04
9.777471288483501500e-05
1.047594430874826431e-04
1.174725767026756616e-04
1.147193091302862398e-04
1.105689923768620576e-04
1.064693745204812645e-04
9.411013572337126776e-05
9.103982488303619211e-05
9.295384336116310742e-05
1.031959794745473171e-04
1.145904136484780724e-04
1.262722329215155439e-04
9.698015151684957335e-05
9.294223107163386512e-05
1.085843769184919444e-04
1.207392547110104186e-04
9.053807485360063263e-05
9.689152220590986641e-05
9.886174926279593243e-05
1.303788300151029309e-04
9.844140062423840216e-05
9.804824078258209878e-05
1.122901519028496439e-04
1.411748855690000894e-04
9.691441361235962712e-05
1.167142431895846480e-04
8.318895500696611700e-05
9.734270671354745504e-05
9.843681424537083940e-05
1.104416279723733019e-04
1.222169765592400999e-04
1.090924109688659989e-04
1.042363526452919921e-04
1.003555547596549725e-04
1.202591707150385970e-04
1.272446281835582752e-04
1.027470207755853374e-04
1.008795001135290612e-04
9.555750238024941399e-05
8.063747996530334884e-05
1.058945856055615873e-04
1.458626990251897764e-04
9.889433866502548578e-05
8.337406511162859116e-05
9.029355676273358416e-05
1.024797766496700509e-04
1.126307791361468735e-04
1.291172265229998924e-04
9.512738813026345595e-05
8.453756843424491260e-05
1.257746374038410991e-04
1.059511365748378944e-04
9.088963787908070906e-05
9.996544812762885913e-05
9.907728057606196375e-05
9.206222689030466760e-05
8.890644201411971529e-05
1.436629686880261088e-04
1.078334451213289788e-04
8.577700803264382045e-05
8.947052505915935436e-05
1.048477079012553225e-04
1.080406808079365178e-04
1.356729464525355776e-04
1.171242355843996432e-04
1.264666063287304065e-04
1.074682786680847100e-04
8.325817263257331087e-05
1.057205329501420912e-04
1.143286419690690435e-04
1.163510135243895868e-04
1.076991753797055634e-04
1.033637085080107304e-04
8.096139441900609501e-05
8.633006867289371486e-05
1.074523241551712794e-04
1.096232241867879393e-04
9.488108523840868612e-05
9.316225578104025561e-05
9.560156801517946949e-05
1.141519365922458829e-04
1.021621884426558366e-04
9.722646379071494670e-05
9.309084549870512480e-05
1.084277511113514847e-04
1.098401201257863174e-04
1.273238758817647005e-04
1.168152395744414201e-04
1.075671708329528273e-04
1.125172724540960209e-04
9.038715734273980332e-05
8.807816522526182312e-05
1.125706510873396293e-04
1.062539366934761343e-04
1.160547536285568823e-04
9.476341408471451592e-05
9.941734777182239440e-05
1.182106123184148118e-04
1.094303394024860024e-04
8.918257422476863353e-05
9.587470285874600097e-05
1.059795811831907349e-04
1.007039123530118933e-04
1.181599620235056485e-04
9.575180426835175850e-05
1.389313030937458092e-04
1.225869754609546815e-04
9.756712122534270774e-05
1.086750226893276562e-04
7.657181673168066800e-05
1.066600232092740737e-04
1.098970547098583427e-04
1.254126486198657011e-04
8.446694657276186474e-05
9.736695544894035889e-05
9.749915293762589778e-05
1.126897696188153237e-04
1.246112479707531197e-04
9.904086936945161851e-05
9.669359808640954419e-05
9.266783472581087769e-05
1.457487911497724181e-04
1.152092746022278120e-04
1.045147495337943880e-04
9.426989334219079155e-05
9.781919028541714975e-05
1.264318802935803356e-04
1.020817045859478685e-04
1.001989773687918478e-04
1.110253340444614188e-04
1.187058522468950676e-04
1.298624741281640684e-04
9.920001614572294111e-05
1.029591372240628162e-04
1.139173625308074849e-04
1.218997660708395693e-04
1.128886942804110830e-04
9.868373459988351716e-05
1.032946072719099812e-04
1.049416863527854755e-04
9.621186210821610491e-05
9.665547800901926404e-05
1.444009087777938080e-04
1.092761231162719401e-04
1.107355365755821326e-04
9.499807798029867860e-05
1.044635420705359793e-04
1.082360999783749968e-04
1.200727970292717631e-04
1.135149298466800791e-04
1.116634717076198823e-04
9.974676733346578695e-05
9.695070607366409359e-05
1.119912376373413562e-04
1.110470203032050494e-04
1.026846875374095409e-04
8.680940957763773076e-05
9.086012116724842926e-05
1.188983473654391327e-04
1.057917482064860701e-04
1.085107897349285377e-04
9.434645028844632162e-05
8.570446248670736953e-05
1.086951021623436503e-04
1.067091626405068812e-04
1.405807464855975239e-04
9.567772556617765438e-05
1.048319143927103528e-04
1.230100964018532186e-04
1.144457296970927406e-04
1.105066318379926542e-04
1.088220774439638760e-04
1.111692835066578801e-04
9.938279095736845430e-05
9.727069864366992991e-05
9.474729719384278369e-05
1.096126370513420104e-04
1.081990050942724824e-04
8.811051648255775314e-05
9.178277218865964996e-05
9.934577525848162964e-05
1.093304801574596487e-04
1.126344447913187594e-04
1.250860557136566984e-04
9.729133449887509188e-05
9.758780441760460237e-05
1.030925424451499772e-04
1.397643109661120579e-04
1.177364338967873002e-04
9.439105816248196301e-05
9.724834151058909647e-05
1.029601990209770568e-04
1.246965627113265503e-04
8.847337688757958096e-05
1.132716651607972713e-04
1.131628324380847976e-04
1.136995160565719025e-04
9.558918425491859643e-05
8.178882868500963424e-05
1.038055846148115436e-04
1.157564116717791253e-04
1.106771449377277514e-04
8.860568359927805098e-05
9.770565572403605082e-05
1.005597952440820224e-04
1.009769157969265098e-04
1.199697148299922936e-04
1.459854394986847658e-04
1.023549394228528926e-04
9.980336005141821130e-05
1.349308988827599572e-04
1.267971692014681026e-04
1.011695895373738947e-04
9.919541888591716519e-05
9.641571016631166643e-05
1.034221612488217496e-04
7.838098134996143544e-05
1.124397093665479089e-04
1.300873093958082930e-04
1.163653121968246816e-04
9.314872933911125057e-05
1.007947617809498551e-04
9.908615722554122720e-05
1.150687143653291963e-04
1.243789541868759634e-04
9.930480395852876133e-05
9.526869006748006977e-05
1.120164113171601882e-04
9.441234084925557535e-05
1.031432776220074531e-04
9.752092249629240963e-05
1.070049395429287486e-04
1.312622199700638835e-04
1.000236146921061359e-04
9.934365203761491472e-05
7.717371597247934373e-05
1.205985397040738714e-04
1.085577234819572564e-04
1.106725969743236530e-04
1.267081385384634233e-04
1.294718622391864704e-04
1.002529140286866565e-04
1.036931021310530431e-04
7.766866673350384493e-05
1.112523270370957665e-04
1.451480713887245489e-04
1.092940619717171062e-04
8.936632117881569161e-05
1.007628652269460065e-04
1.179507043863196110e-04
1.013697246590262514e-04
1.098987711883800796e-04
9.715222036384734880e-05
9.076901542955118920e-05
1.047336053239058293e-04
1.052835580148628612e-04
9.108247237894082017e-05
9.523675493167746821e-05
1.140513920595247476e-04
1.070824610985781044e-04
7.544319685024595873e-05
1.109366523841202054e-04
1.118497265972751372e-04
1.028860945580067465e-04
9.398318478439532961e-05
8.626335057034999556e-05
1.169932936652415750e-04
1.060170144350568942e-04
1.079252001589633996e-04
8.069543571826149188e-05
8.967966021317611426e-05
1.052707743546929027e-04
1.129861969830612970e-04
1.218852611152506401e-04
9.215106187603857343e-05
8.277496728626603569e-05
9.532249744405584283e-05
1.116077358581905882e-04
1.149039887423672579e-04
7.228218566573294749e-05
1.007307358569931705e-04
9.798671889888319237e-05
8.678221491534272121e-05
8.746813774388283841e-05
1.041865473970783710e-04
1.142374737883675178e-04
8.193845263433399933e-05
8.614567149412283439e-05
1.139885151834918215e-04
1.027488915422940913e-04
1.146255967584491826e-04
1.030406941075846306e-04
9.013973244481424411e-05
1.360962578237673466e-04
1.220006267730201467e-04
9.396185675599452237e-05
9.445490034531533845e-05
9.799727239873103036e-05
1.122576076766566811e-04
1.237620912698564443e-04
9.938923081572243108e-05
9.516928222084028108e-05
9.263387528683066443e-05
8.154462818688294095e-05
9.122623011757153362e-05
1.091249525525666712e-04
1.109926353056158783e-04
1.085556825354277327e-04
8.252812651277483165e-05
9.942177189077086032e-05
1.041598316876100335e-04
1.059057766000563402e-04
1.152458702534883570e-04
1.210575875224162190e-04
1.035836733065557470e-04
9.729745803456394499e-05
1.205579970157545606e-04
1.252780876012719554e-04
1.036545898688503732e-04
1.054917158265514189e-04
9.590361149535815363e-05
1.061552455771638858e-04
1.318062980187869942e-04
1.015419274289070098e-04
8.857156489892732102e-05
9.337939355980395622e-05
8.748571289842110236e-05
9.985256460312796857e-05
1.005340199347558013e-04
1.119762333369779403e-04
1.542372406011085020e-04
9.910893486213052559e-05
9.858357239667649922e-05
8.348572943756096289e-05
1.275583087756822697e-04
1.160877327686001399e-04
1.067106927010987244e-04
9.283736926884607050e-05
9.742250416784304322e-05
1.050571480880554840e-04
1.066476506276391645e-04
9.796440216032023551e-05
9.418038368909965343e-05
9.177579135841448874e-05
1.091124332723698268e-04
1.107091994962171669e-04
8.490716186778942776e-05
7.830339458414842181e-05
1.173909006607951570e-04
9.163091814846323878e-05
1.050734828635045671e-04
9.269904641075517738e-05
1.123667845885812120e-04
1.274498673810966543e-04
9.814633473290810422e-05
9.361402482208144458e-05
1.341408475915948511e-04
1.048774125171791536e-04
1.007001067242186364e-04
8.700247726430342728e-05
1.021850934237923957e-04
1.023142886825294836e-04
1.379967327626602941e-04
9.587883182301418868e-05
7.591448336987219640e-05
9.746978006070211988e-05
1.054056726718108832e-04
8.627548439751685878e-05
1.118406222017659531e-04
1.050553392998889829e-04
7.931694172288742610e-05
8.648293750942485860e-05
8.255179243044498232e-05
8.705828589612531524e-05
1.016114686900435765e-04
1.051644690791445573e-04
1.078561448127344141e-04
1.422813965230626369e-04
9.932233068814548191e-05
9.306003768980085854e-05
1.081450765812316605e-04
1.203841291513329436e-04
1.246957709041064449e-04
9.057061090062675185e-05
9.753710632142173042e-05
9.530601571303548558e-05
1.191390903600637229e-04
1.138117964237397948e-04
1.132102735159383955e-04
1.139250673577633737e-04
9.009820918181842280e-05
8.965699475405028754e-05
9.715448199581341805e-05
1.191380806641829308e-04
1.105437786157364760e-04
8.742382190871333643e-05
9.696209680772413389e-05
1.033562512095463604e-04
1.035192799010446665e-04
1.000961635862096267e-04
1.061407850867668881e-04
1.221678442097974841e-04
1.291260211717950267e-04
9.989303648131306107e-05
7.775332923531664804e-05
1.300236390768331725e-04
1.146322639333788919e-04
1.089830349171954201e-04
9.171081957128476771e-05
9.829792098630909169e-05
9.012202411511958488e-05
1.022910281406088484e-04
9.196893369644543420e-05
1.046881798018588921e-04
1.146702567331659068e-04
1.151866725361151006e-04
9.965304365637567719e-05
1.058897080277256707e-04
1.147394263448572865e-04
1.146874803678850450e-04
1.033924318650467642e-04
9.831042401728482417e-05
9.252497312589352992e-05
1.067792345593892884e-04
1.317710664651190354e-04
1.022249681192806539e-04
9.277564456345648795e-05
8.594669100518249687e-05
1.073836956413501859e-04
9.251012929081848266e-05
1.166709153647127722e-04
1.063676602771150402e-04
1.051034794698986935e-04
8.879668067794167265e-05
1.293429231286588642e-04
1.197744930523623747e-04
8.932245338658681508e-05
9.944530152322513742e-05
1.209554293382499393e-04
1.043137902949861119e-04
1.157639850548694972e-04
1.017457953801476046e-04
9.042127778557109633e-05
8.200449761667557701e-05
1.114038561897858485e-04
1.070886243674631016e-04
7.831767714244362768e-05
8.830749767875560813e-05
1.005528565372354076e-04
1.033671818564493075e-04
1.135659507085534414e-04
1.159961556175951501e-04
1.087186549404653711e-04
1.383273195070284655e-04
9.999604303874225740e-05
8.757442313731396378e-05
8.996218788312795032e-05
1.248987122991903839e-04
1.055164047307495360e-04
1.041891729745454958e-04
9.813687469063341040e-05
8.989936589697722802e-05
1.118071303987767327e-04
1.101302977033394694e-04
1.153582481522198445e-04
9.371595203217029501e-05
7.999944617902619794e-05
9.883955163121646115e-05
1.245931895593509003e-04
1.050648432264983872e-04
8.769138810823981197e-05
1.003115161853319139e-04
1.012457587860111121e-04
1.079841627164617254e-04
1.172152762078837760e-04
1.300909722838255501e-04
1.130897505202167221e-04
8.481200920430200744e-05
7.926203028765907346e-05
1.015947530802966396e-04
1.114068490574234190e-04
1.069973931852923136e-04
1.222701380727092243e-04
1.011784447500802285e-04
8.793810423076496682e-05
1.082602660133985344e-04
1.092398167816233633e-04
1.027620317403207155e-04
1.009035538814147113e-04
8.203322962660492695e-05
8.841132873527981963e-05
1.105988074712884692e-04
1.113971046497765332e-04
8.517981771796913478e-05
9.875466536729993628e-05
1.060594117870436004e-04
1.067191914273388030e-04
9.237236813223419880e-05
1.082500365700770332e-04
1.367586312322923553e-04
9.724986655395125240e-05
8.538750227063556550e-05
9.153394972575544270e-05
1.233590420604044444e-04
1.075574810571979287e-04
1.052519157813712805e-04
9.019764165931216785e-05
9.323935561842909266e-05
1.116655509435336696e-04
1.125790689432135588e-04
1.172724691342511114e-04
9.257707096447629778e-05
9.121798843824103717e-05
9.626703237492143374e-05
1.253413854310047443e-04
1.095355233986827396e-04
8.693591434144732992e-05
9.779332815998329463e-05
1.037117639792022852e-04
1.063336470279382397e-04
9.346880346263861832e-05
8.812064223893503767e-05
1.077887632602650143e-04
1.119756571636701045e-04
8.683378021729233056e-05
7.598224454401453307e-05
9.894451294319946469e-05
1.079737425547381885e-04
1.074837848702298851e-04
1.119382610425837871e-04
1.033708625673124927e-04
8.287162798574371496e-05
1.042357713698134224e-04
1.204794493943205943e-04
1.315655128861175195e-04
8.884479058537733394e-05
1.043382349255802128e-04
1.334042190420960377e-04
1.142959434064801902e-04
1.000797862426041599e-04
1.054192659204902056e-04
8.866624804672869982e-05
9.061657592098282059e-05
8.561877702816459562e-05
9.374641049648950876e-05
1.271815671708106162e-04
1.083005970310259796e-04
9.484775968479512763e-05
1.018001910179484014e-04
1.081251009955674854e-04
1.224900222080505582e-04
1.306050777925773934e-04
9.469556527538060882e-05
1.171039376769452789e-04
1.086948759727809514e-04
9.718166030198868125e-05
1.012434046937926572e-04
8.983649610345918789e-05
1.030064354771995712e-04
1.177767132886247038e-04
1.011613451610927304e-04
8.763138261147733336e-05
8.217588075694834957e-05
9.479770856581437393e-05
9.928577683058765861e-05
1.326225809830460607e-04
1.096423488140612040e-04
1.049402634741389447e-04
9.559018563754007362e-05
1.177991724416536907e-04
1.125696399285826439e-04
1.029491375300492181e-04
1.287029426173599421e-04
9.754844551294917252e-05
8.911312658847432078e-05
8.968898879805868997e-05
1.219604958381177614e-04
1.075762343179559495e-04
1.058406961274589025e-04
9.323652597091387653e-05
8.846077624435453744e-05
1.101003662349447887e-04
1.101599298246769981e-04
8.632258703121463146e-05
1.189473247144090865e-04
1.103662457541869320e-04
9.873064961396781384e-05
1.198404328606059654e-04
1.126010595663934724e-04
9.835794473151787632e-05
9.100263460446220793e-05
9.769372867694015884e-05
1.010323100005748972e-04
1.119307639341637515e-04
8.866461513205086352e-05
8.557790608174557334e-05
1.035163321702770863e-04
1.116604861293404345e-04
1.065700474459028833e-04
1.187103556951399206e-04
9.910529812508364145e-05
7.541069570812854194e-05
1.078950922090919070e-04
8.778519752448152649e-05
1.230368607083420611e-04
1.037380098011383641e-04
1.043226260239091117e-04
9.829895643485306929e-05
9.253714935098418797e-05
1.086827262152371569e-04
1.063545655963684381e-04
1.291230639559415663e-04
8.555477156262135743e-05
9.421347915584333990e-05
9.772711593686307749e-05
1.327421129398087204e-04
1.041033015318191694e-04
9.454358286843197903e-05
9.885435277302819575e-05
1.019618194798384747e-04
1.102173828358792685e-04
1.274555239708201337e-04
1.280738900548319525e-04
9.359427153825607170e-05
1.000084618767224784e-04
8.061484015919882817e-05
8.900940441443393539e-05
1.057632498488381893e-04
1.054443923697131926e-04
1.057632999073484099e-04
1.171518405278192923e-04
9.815034942945058502e-05
8.854183317028831363e-05
1.045616287497819387e-04
1.224849676243872337e-04
1.160147321512632317e-04
9.235445330784619264e-05
9.457822911000412266e-05
9.833456178542892407e-05
1.224676192584885548e-04
1.170607573498430029e-04
1.006603306135656198e-04
9.237052983504818863e-05
1.171730773563823516e-04
1.237613049599936555e-04
1.139756158614115700e-04
8.717565439786072016e-05
1.085083088973197766e-04
8.960497351248792632e-05
1.020590919038677827e-04
1.037502465051084544e-04
1.085950711522751792e-04
1.257883490453557654e-04
1.300106939999769900e-04
1.036627329585197764e-04
9.777181269118852497e-05
1.291961745849376942e-04
1.226910059245152405e-04
1.076991661190104609e-04
1.057871765915037443e-04
9.254458069114649462e-05
7.649727266829912269e-05
1.108344463846044269e-04
1.134572519669804373e-04
1.027981098047007737e-04
8.599802149705890620e-05
8.877859551671591915e-05
1.075745400531955199e-04
8.208393284522206819e-05
1.404123315166172687e-04
9.388438270433681939e-05
9.991459436047494614e-05
9.447919417281979196e-05
1.137963375497189631e-04
1.275442359059467926e-04
1.090597125893080636e-04
9.473667053720357062e-05
1.001283123862705521e-04
1.108416970415681060e-04
1.035950282362855428e-04
9.913884105356462789e-05
8.828029982770396679e-05
1.111817664888763347e-04
1.164414269570404609e-04
8.519019180819651206e-05
8.141220410190566365e-05
1.023585902906297423e-04
1.022114547934230695e-04
1.119261135461356409e-04
1.245284248435529133e-04
1.073990445463976641e-04
1.257265938893321032e-04
9.212036846525494937e-05
1.159429669291862778e-04
1.007961914711742176e-04
9.588859587086049404e-05
9.062630788171828489e-05
1.098788102594090542e-04
9.544927075656483336e-05
1.020560627894988743e-04
1.199050505196525734e-04
1.135896690925207409e-04
9.192963575322447248e-05
1.069276152406229075e-04
9.825793353999579959e-05
1.154009127675747662e-04
1.239332903337576669e-04
1.179207618714262401e-04
1.136641032166246340e-04
1.077333212119925717e-04
9.576071319282111619e-05
9.538210730666954766e-05
1.042347657825802430e-04
1.095463227997004466e-04
1.256477458206983029e-04
9.332459794063522707e-05
1.049164413345017095e-04
1.189952662382930441e-04
8.551186750549266788e-05
9.748099561880134629e-05
9.670807075773007512e-05
1.110769348908352842e-04
1.213393099196633223e-04
1.007593244415013633e-04
1.028525438470970601e-04
8.355359844095536443e-05
1.267351471883766928e-04
1.140726048591576348e-04
9.714025034077000003e-05
1.171210355486012185e-04
1.051236310484100902e-04
9.571607403423694179e-05
1.041807668307410045e-04
9.627528775474630959e-05
1.213330857340720620e-04
1.365474518174840531e-04
9.805250281505467755e-05
1.017394625418459260e-04
8.995717016830419082e-05
1.159865071309927007e-04
1.066802308731195471e-04
9.243205831547529074e-05
9.925844235319231513e-05
1.311863103727771624e-04
1.165253541103037152e-04
1.060539600101056539e-04
1.225481183139583955e-04
9.973223501107918697e-05
1.035772082096727030e-04
1.235678830067740003e-04
1.323793831747562075e-04
1.081740458647539144e-04
1.007180763454511947e-04
9.969949929333749147e-05
9.547598083516316010e-05
1.028018699986146204e-04
1.313331178232638114e-04
1.000451670661388858e-04
8.285713203532123065e-05
9.010907756889134721e-05
1.111814145867728084e-04
1.075466585570659391e-04
1.100329876451903283e-04
9.430351714411253474e-05
8.735682656350294032e-05
1.133151432037075135e-04
1.100206172290695114e-04
1.155675724989267916e-04
1.267460242485872240e-04
1.059987290333844532e-04
9.209701400845160763e-05
9.372037462557978845e-05
1.386544152116377137e-04
1.007765066770862044e-04
1.105569316883283379e-04
9.439618088928888114e-05
8.977252386599581034e-05
8.946049144643340788e-05
1.105689692539733762e-04
1.032051610852850835e-04
9.125366027478562709e-05
8.787664114783874235e-05
9.903467090287049104e-05
1.074597784292626474e-04
1.055579851069773749e-04
1.251331300246302054e-04
9.845421188407872616e-05
9.478840165652896064e-05
1.038592091194922266e-04
1.145555083747207145e-04
