1.664920030674128017e-07
1.927328051265432450e-07
1.353017163615257106e-07
2.381653414751321022e-07
1.526278150611521252e-07
1.611049028095198176e-07
1.521574960621796065e-07
2.099559172134728904e-07
2.967377523018733246e-07
1.677886131709999314e-07
1.568372863943729240e-07
1.495770697195854340e-07
2.733832369659829117e-07
2.006599383324933188e-07
1.720241546346225300e-07
1.515552674183350658e-07
1.149204203675704778e-07
1.244805715364109773e-07
2.036788365224000206e-07
1.926866964096795742e-07
1.343090557464046153e-07
1.214444460357520318e-07
1.704894054795629221e-07
1.727547846654494632e-07
2.413694444978455122e-07
2.583670551419425133e-07
2.088579426226883877e-07
2.694512777764496330e-07
1.558762099000755296e-07
1.176762718641842839e-07
1.336694445616008699e-07
2.184752470415569702e-07
1.663919163955312048e-07
1.622349457403874052e-07
1.529762101092856734e-07
1.300622626433134644e-07
1.826305389206563704e-07
1.622323857853605181e-07
3.568419586708525492e-07
1.029697481113031872e-07
1.659487424296873896e-07
1.597100036323190979e-07
2.263948379082619424e-07
2.033270428933658860e-07
1.273110015669524221e-07
1.768357358410825947e-07
1.832675392976873394e-07
1.973317076447354123e-07
1.749017710125714809e-07
1.856262825063224555e-07
1.260713360647921895e-07
1.370690864072743148e-07
1.641245168813357039e-07
2.244922899107135316e-07
2.316945928684116222e-07
1.542445767279782707e-07
1.566786238361125007e-07
1.823836673407256306e-07
2.286550719282881011e-07
1.224453078203419440e-07
1.512026868743325874e-07
1.563826290627959876e-07
2.064714322966717298e-07
1.705328666701930873e-07
1.712599879393846505e-07
1.306721952422311600e-07
2.262041208650931359e-07
1.765689791747799821e-07
1.499811855157646159e-07
1.977468296741311216e-07
1.479361710006279892e-07
1.776777432695614645e-07
1.577293552096506201e-07
1.656251573854736725e-07
2.419108693666471077e-07
1.623071825508164172e-07
1.418595059515487186e-07
2.326803974776319533e-07
1.419263374512692713e-07
1.708532163724119227e-07
2.367828959285025875e-07
1.753792730331444879e-07
1.475114361423029875e-07
1.547337735984396942e-07
2.374516604536513765e-07
2.315816085253280301e-07
1.699573996679348278e-07
1.887347458776879733e-07
2.492960830859930821e-07
2.038598994199101295e-07
1.390455160917096644e-07
2.429860431128762193e-07
2.748439479096437853e-07
1.639214126352174446e-07
1.832876854069194606e-07
1.860782748655867755e-07
1.373348209563562744e-07
1.527606970594546586e-07
2.524624901638440233e-07
1.745974227295596755e-07
1.242587718186432526e-07
1.790566101510252082e-07
2.161357109095805906e-07
1.104823479343118551e-07
1.230084473072613528e-07
1.916265958895070827e-07
1.667217528577108060e-07
2.392445988298835676e-07
2.336676601087029765e-07
1.775380440762169895e-07
1.821044918998017846e-07
1.422825347449768405e-07
1.302621260409344942e-07
2.703671224117411216e-07
1.593263623170420992e-07
1.369758863497198450e-07
1.267198729358696285e-07
1.450062523644178823e-07
2.209011901912749171e-07
2.221695068310652561e-07
1.523806678080034189e-07
1.326874937976752957e-07
1.330372617484427815e-07
2.250974541683687091e-07
1.602848888045173457e-07
2.189558138496801654e-07
1.321594102071647415e-07
1.550964567294331041e-07
1.770394015132608850e-07
2.531733279229991318e-07
2.326697925728845844e-07
1.560009753208859487e-07
1.797284515423677176e-07
1.244087061211881849e-07
1.338730356219371361e-07
2.076237293569254464e-07
1.716294022382943334e-07
2.407425168981893351e-07
1.491552760386372853e-07
1.202979586822125543e-07
1.622000843379561373e-07
2.291834155238839931e-07
1.507831867825731517e-07
1.405453800285381225e-07
1.719544349732319544e-07
1.637214384344558129e-07
1.835875842258494130e-07
2.106874523764404051e-07
2.878279817574236762e-07
1.660885099098400083e-07
1.419552586887344396e-07
2.107968185869450550e-07
3.535791563183438098e-07
1.541858999496507036e-07
1.927488892710807670e-07
1.904357687683753544e-07
3.185444398714470319e-07
1.370528494583843049e-07
1.753972600474487565e-07
3.133265626032805123e-07
2.121335865346379510e-07
1.242287025422591087e-07
1.651973320193177578e-07
2.432463347260624550e-07
1.948524797156803921e-07
1.708653931519450429e-07
1.653709761017569776e-07
1.269259312040792700e-07
2.169780658029237297e-07
2.090467649622286836e-07
1.750327400527176758e-07
1.309073432963369340e-07
1.999722238877951643e-07
1.527128063514263036e-07
1.644854186902740828e-07
1.822255809850399643e-07
2.615094344772990708e-07
3.825919271847207223e-07
1.367769432585759046e-07
1.516109601848726242e-07
2.216055907944103116e-07
2.741685572923373604e-07
2.005617833680887550e-07
1.582585457977264762e-07
1.737076718997071275e-07
1.418651168839707611e-07
1.900996639883970916e-07
2.889052702877235978e-07
1.546949991882679679e-07
1.484299513437678392e-07
1.047634759221019691e-07
1.842752120256196518e-07
1.969618743893696175e-07
1.849001087005666994e-07
1.343530975047003927e-07
1.604350108421539086e-07
1.491015325951981178e-07
1.275436374506436572e-07
1.781031945242594546e-07
2.864745576898503770e-07
1.598898367714085206e-07
1.505439248601319579e-07
2.568781794315870233e-07
2.124739526994665847e-07
1.579807563687359200e-07
1.542786240133508412e-07
1.319482124895098556e-07
1.342725456835428213e-07
1.795360185296505352e-07
1.952439695183442121e-07
1.183366845571056939e-07
1.659593589361202320e-07
1.754592356315672888e-07
2.058122928785206202e-07
2.014235793365079249e-07
1.613363111690256623e-07
1.316854830510373443e-07
1.453654072588795522e-07
1.531480309443197293e-07
1.130475178575371773e-07
1.363930369899084736e-07
1.649397266944812864e-07
1.719128728331661952e-07
1.741618030619182092e-07
2.172498617691924609e-07
1.221066202284429007e-07
1.261317583144163831e-07
1.424924575338137620e-07
2.260360784711827150e-07
2.089876608415684226e-07
1.035466965832762079e-07
1.652234794490974646e-07
1.358927775779153562e-07
1.977253475086364491e-07
1.842533070152319594e-07
1.878141074723174376e-07
1.533204005386851025e-07
1.870497074655897581e-07
1.583450702097808602e-07
1.417405959494279661e-07
1.516445756065038856e-07
2.295695235266668494e-07
1.733452611802514056e-07
2.616541118998457697e-07
1.292582971054353762e-07
1.399409561048193426e-07
2.082591006462073426e-07
2.091461621635068900e-07
2.433422784644849282e-07
1.634680720054106230e-07
3.528101234746842155e-07
2.171384898917831493e-07
1.557905285059228833e-07
2.115093956970118931e-07
2.337392629493902055e-07
1.504726493136485951e-07
1.480489273817076463e-07
1.739748993031414438e-07
1.126631326913168026e-07
1.457012738396134149e-07
1.457634108717933462e-07
1.860615651313399485e-07
2.944220862336659055e-07
1.617505913986624911e-07
1.570831884091217292e-07
1.991451618807441199e-07
1.618473677431776432e-07
1.830651018672152816e-07
3.240689538898717212e-07
1.597134358720374246e-07
1.401320289935270798e-07
1.302820175436341997e-07
2.044113258422334510e-07
1.833097310917520865e-07
1.930924929248555063e-07
9.746198692164358466e-08
1.448573551050314257e-07
3.182550352386480203e-07
1.805146562163826611e-07
1.568711762936205091e-07
1.125263791853935385e-07
1.346101370156904975e-07
1.533555101916827978e-07
1.409877274710130593e-07
4.220203450257796567e-07
2.742142674378183986e-07
1.705151739823406446e-07
1.563823323367252066e-07
1.542180065330934271e-07
1.442548450424337671e-07
1.724448031900697796e-07
1.736177148936185233e-07
1.484889025141049687e-07
1.297787818805602450e-07
1.261410882418367136e-07
2.480755419617477376e-07
1.855582094627148193e-07
1.483363300250545645e-07
1.419866984095310622e-07
1.771747943984668147e-07
1.378221107138182528e-07
2.187223703489200656e-07
1.276999415013690285e-07
1.409548671209722409e-07
1.723848739035739919e-07
1.322834052471174758e-07
1.405931385715121527e-07
1.691673277485504021e-07
2.402114249343612854e-07
1.947657672709105845e-07
1.128646332873175369e-07
1.100426089414566421e-07
1.666306961103218731e-07
1.585484756109615037e-07
1.443693755678981341e-07
1.650318364899161067e-07
2.290986499581729901e-07
1.592796806624071988e-07
2.023931958368335560e-07
1.626325374617017372e-07
1.580153330846278222e-07
2.198373969320674242e-07
2.903011393546559256e-07
1.222538544898717415e-07
2.043433240459337261e-07
1.977578446018970922e-07
1.229535255933151611e-07
1.623671317605954976e-07
1.680908973803050776e-07
2.135445754729918179e-07
1.242270442793024096e-07
1.835912197486629807e-07
2.273979572168595576e-07
2.404486857121880617e-07
1.429842114971894699e-07
1.109646130620693836e-07
2.510910394806277933e-07
1.779311364011485542e-07
1.593014405057261690e-07
1.196957023783508963e-07
1.714243104890414864e-07
1.927895853190813590e-07
2.083306883539516108e-07
1.944317031178055126e-07
2.464714947145851871e-07
1.414120756514837745e-07
1.182527056646733004e-07
1.674878552754491860e-07
2.137108171184204718e-07
2.138559357830367048e-07
1.356496305688719148e-07
1.786588111261967798e-07
1.314960979830761095e-07
1.448333803886353518e-07
1.759476276432740153e-07
2.043246082000457620e-07
1.489402617219263160e-07
1.466012062256820918e-07
2.317357146457219349e-07
1.876675192147261465e-07
2.194709721407312400e-07
1.283203437220546127e-07
1.425077308826149167e-07
1.941552108918496470e-07
1.940113208655894262e-07
2.166011525924438978e-07
2.879802785582151646e-07
1.621582387462434166e-07
1.980008857550160594e-07
1.130419953660593923e-07
1.379184461263771647e-07
2.498798070469155134e-07
1.934563394420389873e-07
2.471289741397561487e-07
1.540643584036151936e-07
1.447304976978181170e-07
1.729660190180866461e-07
2.341524140475265265e-07
1.805597088683079232e-07
1.199530839233934427e-07
1.710888704695265448e-07
1.591138688582291633e-07
1.821164397455158024e-07
2.013983255245079759e-07
1.834448143552965189e-07
1.706357126530798535e-07
2.369227336620517456e-07
2.042882303295093920e-07
1.469240539861122694e-07
2.057223711884170693e-07
1.621961998575246539e-07
1.174281803841127678e-07
1.663433399445810018e-07
1.937808337207414826e-07
2.980005171610954138e-07
1.665818991497034714e-07
1.652342955599132036e-07
1.729747108295138498e-07
1.783791031919788678e-07
1.692187958570527107e-07
1.554037842926375653e-07
1.513397538011225782e-07
3.580810572421633947e-07
1.936917809202448447e-07
2.004050669413121097e-07
1.182695386278216985e-07
1.563411312987708963e-07
1.975353160375717178e-07
1.542868957068498680e-07
1.682728614143484928e-07
1.552472299228276497e-07
1.627231108532164691e-07
2.269718762020022463e-07
2.133539249486356162e-07
1.462817136448872940e-07
1.595237691252322351e-07
2.202698807232180265e-07
2.054142357082062269e-07
1.352705665308362442e-07
1.807294142578941060e-07
1.257547422343840425e-07
1.390394549397260499e-07
1.929640364405716192e-07
2.417203528956436152e-07
1.205534725131308116e-07
1.731896761463537609e-07
1.610583531294426439e-07
2.319261217355977399e-07
3.295330883737673617e-07
2.246482857417897810e-07
1.756260079682863880e-07
1.386037546744562535e-07
1.185493252161623310e-07
1.559855823146130212e-07
2.279395019307541384e-07
1.378972840520531443e-07
1.320918995094259897e-07
1.517334496562465981e-07
1.912092258811158299e-07
2.044329449145464994e-07
2.159566667647785692e-07
1.126808656329690487e-07
1.394947654797283202e-07
1.491705964626621507e-07
1.750082629055197239e-07
2.104978169239223672e-07
1.299280248176923925e-07
1.886387392698488999e-07
2.176136568465688015e-07
2.720264864066353646e-07
1.743723783309353119e-07
1.480230745105729104e-07
1.159332908609999015e-07
1.258003166883135409e-07
1.712892162844874061e-07
2.223571031404077153e-07
1.271290779353595456e-07
1.223520523024673254e-07
1.520177589723236528e-07
2.015902334957336743e-07
1.676429218138761526e-07
1.524422217804584510e-07
1.345740997837124563e-07
1.784811432033603133e-07
1.895113655195956153e-07
3.984430028427794096e-07
1.092373230419406059e-07
1.699627156052820908e-07
2.250045976452559508e-07
1.367493435446858099e-07
1.881118702207009878e-07
2.008805693417848969e-07
2.439831450850886070e-07
1.573823536038404271e-07
1.482737716441737821e-07
2.797756467828234191e-07
1.884500540037264494e-07
1.256271633054404245e-07
1.616545745830548286e-07
1.914671933254706780e-07
1.920609409004608035e-07
1.842090244084512909e-07
1.778095791984280394e-07
1.417127592860529449e-07
1.786727687525708603e-07
1.862867090604930638e-07
1.775455085485945822e-07
1.577087547944455492e-07
1.603383776551439665e-07
1.254492382344134733e-07
1.969395691744101589e-07
1.479111889971905546e-07
2.193016395491005708e-07
2.397736904797891346e-07
1.308730117026831510e-07
1.471554243341995486e-07
2.213584062415313983e-07
2.290392660143680900e-07
1.719280411026983435e-07
1.750470227835669583e-07
1.346337885880133011e-07
1.828400624821226581e-07
2.184459050254834318e-07
1.617260956550048629e-07
1.612852424179634405e-07
1.448756588502129305e-07
1.854217305577715441e-07
1.905992298645917369e-07
1.756694632064761608e-07
1.549431208856653772e-07
1.428765536575272546e-07
2.036335587257493107e-07
1.674299089809304811e-07
1.929992918564976041e-07
2.479840115017404618e-07
1.661305781287220601e-07
1.363637682716922184e-07
1.507480526317299017e-07
1.006172265404614219e-07
2.063868201582418375e-07
1.941607585545567682e-07
1.662851794880902658e-07
1.401971155109090334e-07
1.083446486256784777e-07
2.988139441307754551e-07
1.752266821340204340e-07
1.613403099530616960e-07
1.242646867677226390e-07
1.601507554543602525e-07
1.972056262937085081e-07
2.087448591036872342e-07
1.430427066157867965e-07
1.593780912546744833e-07
1.132880986674066802e-07
1.615992253743000070e-07
1.667260758448551868e-07
1.846063301695264295e-07
1.822945107216729460e-07
1.122352452361886266e-07
1.392156986155187890e-07
1.762332113517160433e-07
1.690061582093498464e-07
1.536938588377721912e-07
1.420626631056381522e-07
2.581186554673162587e-07
2.541479377435972709e-07
1.997163707762261862e-07
1.333983457192809982e-07
2.039005525569192758e-07
2.485436733477727860e-07
1.989824170075996907e-07
1.587592021238780033e-07
2.116864850415408445e-07
1.545922828540269010e-07
1.256752042295187882e-07
1.948401517126263496e-07
1.499884584534390506e-07
2.633276222110399190e-07
1.197614504268945741e-07
1.468417747257024785e-07
1.427234412279448894e-07
1.981366779337143706e-07
1.831230926061193145e-07
1.120118622571469867e-07
1.575029871988994926e-07
1.752621981538056206e-07
2.160864100630866947e-07
2.366896523967213726e-07
1.424430081087534218e-07
1.266886033690259636e-07
2.340821162276293729e-07
2.031271742358954322e-07
2.262025299108625603e-07
1.599143622904288319e-07
1.657888507816949581e-07
1.762825684972403542e-07
2.512091429776926981e-07
1.383529073066825474e-07
1.605153258755422691e-07
2.913126906918730779e-07
1.445385944424061862e-07
2.613552027920977965e-07
2.059607984481613825e-07
2.127404849014124822e-07
1.465393123033973348e-07
1.626175257815110096e-07
1.214974370780240326e-07
1.986720562339397915e-07
1.723205055532032292e-07
1.685734153510266860e-07
1.591553708781403020e-07
1.517524335075994791e-07
1.595736487009631118e-07
1.521264886117116487e-07
2.190156139106870560e-07
1.955459975962611788e-07
1.499346819286494486e-07
1.579154004460576516e-07
1.545775153783859068e-07
2.393918320472471834e-07
2.121766451429907725e-07
1.762872139472230489e-07
9.942081545226126918e-08
1.471091358921381769e-07
1.956318224622254597e-07
1.506164562127367352e-07
1.928051127119793615e-07
1.313337697384376977e-07
1.274933395053162463e-07
1.434785146571993852e-07
1.797998640010252192e-07
1.721328603054205910e-07
1.335569968701063843e-07
1.390041824606166924e-07
1.821721506874129895e-07
1.449959124070744874e-07
1.479208920338281370e-07
2.431278170676028141e-07
2.015200348357983372e-07
1.450805781867558145e-07
1.249070233094481071e-07
1.335557266790069622e-07
1.975268167654469853e-07
1.662070986267379274e-07
1.280476527485581056e-07
1.363143917574381972e-07
1.845210931942315187e-07
1.805999457514988820e-07
2.090879868434497611e-07
1.347352507368566475e-07
1.313382734630098535e-07
1.727513777229157543e-07
1.945908590053602792e-07
1.798564726823444480e-07
1.106493844039499500e-07
1.557509282722289046e-07
2.118955406143841575e-07
1.441403344321941802e-07
1.400053759349174851e-07
1.295476432055072843e-07
1.958840136437774420e-07
1.582114261074152886e-07
1.492477640870687715e-07
1.393444500870153487e-07
1.618532638210332854e-07
1.603568517401571622e-07
2.014744846289423485e-07
1.997559698375383156e-07
1.936458647341630760e-07
1.169267310849894089e-07
2.025684091620046522e-07
2.198171179111207470e-07
1.259928457902464048e-07
1.700928867121921278e-07
1.587237725456122554e-07
2.203845982330404909e-07
2.266409538580937807e-07
1.528942433679141345e-07
2.126422166975865256e-07
2.711707425561841775e-07
1.332207941695311755e-07
1.367009926549770658e-07
1.523343175519475576e-07
3.082559309893968867e-07
1.733521671662807200e-07
1.454772151007791185e-07
1.785805227985428415e-07
1.612828308526122683e-07
1.803308720041501843e-07
1.823565895827713345e-07
1.747398427585414806e-07
1.243903581147764244e-07
1.437275624017190346e-07
2.042072123673514112e-07
1.833037901685553121e-07
1.348264498673004141e-07
1.129552833837693621e-07
1.389327604630161283e-07
2.388020546499192026e-07
1.424025214230790250e-07
1.798733729418366978e-07
1.696331310069455839e-07
1.649100145576550035e-07
1.397771253794602238e-07
1.744048474866590541e-07
1.740978550888567523e-07
1.305092295803630247e-07
1.720759040247581718e-07
2.015259431988766449e-07
1.879003156491092330e-07
3.419266458707901546e-07
1.326563175475546073e-07
1.451743622296947316e-07
1.682423583258535023e-07
1.857061834895720576e-07
2.581652490127021185e-07
1.246614635784493271e-07
1.569546612719955732e-07
1.626861520144248128e-07
2.538541564474966130e-07
1.153188397072014794e-07
1.779930200420873905e-07
2.233551058905282356e-07
2.405322014669912741e-07
1.245387818766588517e-07
1.458019635896891399e-07
1.730168370792859212e-07
2.335405556192387227e-07
1.903091119403257046e-07
1.065412867581246959e-07
1.672464082326546308e-07
1.493714641878570948e-07
2.010995797298996220e-07
1.992246203545992097e-07
2.019703344820029028e-07
1.464679577607755733e-07
1.500284099398897016e-07
2.509231255339114752e-07
2.307914514694271813e-07
2.041742209416953540e-07
1.586109160037063280e-07
1.623431402910280185e-07
1.538452823676149223e-07
1.486879957927456754e-07
1.949580335505848674e-07
1.989057344449255580e-07
1.426835036916387505e-07
1.703873332162025055e-07
2.427181241545489597e-07
2.165528691822929466e-07
1.476824347713856503e-07
1.603172386324292706e-07
1.255323025836862737e-07
2.238484513031405471e-07
1.963440929412745384e-07
1.940243107404428013e-07
1.431431803367781735e-07
1.512873595656389692e-07
2.038320540339647034e-07
1.869991044552241454e-07
1.693645624653257891e-07
1.369066538204557350e-07
1.328635001689325725e-07
1.310302979381025893e-07
1.554435806559406308e-07
1.641616391520919905e-07
2.000881973169776602e-07
3.018962133644819803e-07
1.539908285728116988e-07
1.570575160891256476e-07
1.265256402272641761e-07
2.043496125411800393e-07
1.995502736404561643e-07
1.724670847435340894e-07
1.950326334891997649e-07
1.791678660023973914e-07
1.589598343092027818e-07
9.505156743324693734e-08
2.006615062214913949e-07
1.591004893580444422e-07
1.169023363730037810e-07
1.590655022530826150e-07
1.812607612430792430e-07
1.932122087483856208e-07
1.715082478682044817e-07
1.526853012147311375e-07
3.799729338289351146e-07
1.302711992810064323e-07
1.176590750953435661e-07
1.957542468222491465e-07
1.992101398747967514e-07
1.594102933806558390e-07
1.600877701202022437e-07
1.464151525237521821e-07
1.782200867785952640e-07
1.913380648810616320e-07
1.795567541209361667e-07
1.268166286795055174e-07
1.390447305440501474e-07
1.668598036805332161e-07
2.026878487362675334e-07
1.980246185362504894e-07
1.425531435695345862e-07
1.409323542962736967e-07
1.512426424070349576e-07
1.838711890954917316e-07
1.448658381942483085e-07
1.349376188617403023e-07
1.715967985367810904e-07
1.461962725679998349e-07
1.277734171145597694e-07
1.376315775874459879e-07
1.946900378863566175e-07
1.469672893361635916e-07
1.777208778469275289e-07
1.041211469210198425e-07
1.572789431708131340e-07
1.827462359832610902e-07
2.452035366807842695e-07
1.161109931934044500e-07
1.727619202010695774e-07
1.403379123206226376e-07
2.134196420351143460e-07
2.660203348820522966e-07
1.416897618593484888e-07
1.797989857432750171e-07
1.209787876236535598e-07
1.081768613362094941e-07
1.387666357339042200e-07
2.419538941642703502e-07
1.933664629248657402e-07
1.518718549068480033e-07
1.475517320863618156e-07
1.497085740098868041e-07
1.785616173063532036e-07
2.638443842159481184e-07
2.133393948175202037e-07
1.425994171460982239e-07
1.754896994522201290e-07
1.993619224168430091e-07
1.874889257141144574e-07
1.716334159238011404e-07
1.441284392629868784e-07
1.289567208160962316e-07
1.937706003731759556e-07
1.884289689902088743e-07
2.247196491915402888e-07
1.273805294100272155e-07
1.617342272539348797e-07
1.562905020582161772e-07
1.737823093729258392e-07
2.241127792115687484e-07
2.635100941011388891e-07
1.585690189302432483e-07
1.384621349386861166e-07
1.454586829406283313e-07
2.117551145491628752e-07
2.430462687720069087e-07
2.125341373255894956e-07
1.711655535269994205e-07
2.030854079161104056e-07
2.262451839736487300e-07
2.016531909416155183e-07
1.758626019573159220e-07
1.188001533648882718e-07
1.202808724723306142e-07
1.885577049248104490e-07
1.759485235072086224e-07
1.469683963589399821e-07
1.765424519640676104e-07
1.793367977889253931e-07
1.561445704104197311e-07
1.546899271517439580e-07
2.145343096937378143e-07
1.766549687221038253e-07
1.265257614497593650e-07
1.281373382309702805e-07
1.936739733960347004e-07
1.899507559290181821e-07
2.251338729884656334e-07
1.116243741573510749e-07
1.454650504132758803e-07
1.862994529633387150e-07
1.541973209431386128e-07
2.332204163554426527e-07
1.517705532279476663e-07
1.257801930123759097e-07
1.862716625833302893e-07
2.241141158995146963e-07
1.803330766549289605e-07
1.342005188153789260e-07
1.655311741138802687e-07
1.978222728786418513e-07
1.404636790074245150e-07
1.207775358452608272e-07
1.273525145921647564e-07
2.256327633777739483e-07
1.767170484479743338e-07
1.280197432142871579e-07
1.404419575604300958e-07
2.019887758715857597e-07
1.697469586129196558e-07
1.437042806089661690e-07
1.311545590666667874e-07
1.818932981368899693e-07
1.901617450233260769e-07
1.376707660049627799e-07
1.641899568572877525e-07
1.672129538441474945e-07
1.915729905586217304e-07
2.655776177020039242e-07
2.041831482910602707e-07
1.584692563146808562e-07
2.968342084356561595e-07
1.346735088834868307e-07
1.695258936922275790e-07
1.950508197331646630e-07
1.826345880144745837e-07
1.262785156095886775e-07
1.575446383493456193e-07
1.448780220937693885e-07
1.929242443384776473e-07
1.592139042359658111e-07
1.797970286634806438e-07
1.379132461329032723e-07
2.072256884962779657e-07
3.347843778161682112e-07
1.860007349594537147e-07
1.476779162534959113e-07
1.553339899264509347e-07
1.521528086974927655e-07
1.798951849603195702e-07
1.691105137039195757e-07
2.250595820668259471e-07
2.219522655699743825e-07
1.181982132047931799e-07
1.759731466545693902e-07
1.529667749491296896e-07
3.390687328573654101e-07
2.142125930689387077e-07
1.652891964052836278e-07
1.861470752289007410e-07
1.137342271072071014e-07
1.930113806174529873e-07
1.382680123609143016e-07
1.341424910974176484e-07
1.647138595003484167e-07
2.103087586431719987e-07
1.442108508088091878e-07
1.340039286188280738e-07
1.501671348607293710e-07
2.033782361509876650e-07
1.697548821374030071e-07
2.113691050594590150e-07
1.410484793068175919e-07
2.390270438111746121e-07
1.444513254706820891e-07
1.576112334771974703e-07
1.403936787573868476e-07
2.058238016598345069e-07
2.482552647318800357e-07
2.242822523116493191e-07
1.338448851757279945e-07
1.758763594137339161e-07
1.918491410759215696e-07
1.598770044192122864e-07
1.515938138611789110e-07
1.249837677927116436e-07
1.284566049564644850e-07
1.792884309407049529e-07
1.288599188298693573e-07
1.242155774136990503e-07
1.423297931084503612e-07
1.620655291539952507e-07
2.428309839976568229e-07
1.990099402559852423e-07
1.946592308102749037e-07
1.762565752931593817e-07
1.380759875633140247e-07
1.415856166471911055e-07
2.247168165954513579e-07
1.812275968962245745e-07
1.705385014574385077e-07
1.459433407325088132e-07
9.643934673339314619e-08
2.426861295469534715e-07
2.513773917059503228e-07
1.153044291384421544e-07
1.507050616589688241e-07
1.716855659311584893e-07
2.648171038117664505e-07
1.918968055253737159e-07
1.168163279797947476e-07
1.528960523985484816e-07
1.442979038761189254e-07
1.801026786401569866e-07
2.177212325945082214e-07
1.581479319907283369e-07
1.927239792893531010e-07
1.681368647226672306e-07
1.388736494912973742e-07
1.523987171903588952e-07
1.656881816447664980e-07
1.812911703923728852e-07
1.857351939291746560e-07
1.870566151956504611e-07
1.532364007895695753e-07
1.565952842603421192e-07
1.976971108946250571e-07
2.247617763406896672e-07
1.342872896465983030e-07
1.754683108917622223e-07
1.725528854641135218e-07
1.983673188507643466e-07
1.949678344510498711e-07
1.579838200576661115e-07
1.509581668380454388e-07
1.091706828284000785e-07
3.150071289325260182e-07
1.653604828003943813e-07
1.439500791531052127e-07
2.176381669501018747e-07
1.803356378039134523e-07
1.385997057037109746e-07
1.414656588236551633e-07
1.597097454417129848e-07
2.054350484935483917e-07
2.329505549674921523e-07
2.677400853118736976e-07
1.412843983432232006e-07
1.622548239835019583e-07
1.695665653717429968e-07
2.592999283403531934e-07
1.347920077215927734e-07
1.670164392666169303e-07
1.833970599006660544e-07
1.748988929864086340e-07
1.173996697249852895e-07
1.573685768597410173e-07
1.407707996572026952e-07
1.895653421319810080e-07
1.088265874813168204e-07
1.411755925444164726e-07
2.226435006072974548e-07
1.629272202444939073e-07
1.200209583566078254e-07
1.529525233029834702e-07
1.732316023097537131e-07
1.581763944198178244e-07
1.844140457522714843e-07
3.612412245270467338e-07
1.704018368526229215e-07
1.419866868717542774e-07
1.720932308461041939e-07
2.145749950685333918e-07
1.156178193598765212e-07
1.836644325311685922e-07
1.562533396427292639e-07
2.819380654248767728e-07
2.352920658215079909e-07
1.662830419619603865e-07
1.989259247079477877e-07
1.097576643247009826e-07
1.509751345623911748e-07
1.405873082722939800e-07
1.506121253947549164e-07
2.339380180407553336e-07
2.407635689010524924e-07
1.724571553493955322e-07
1.917780498956683127e-07
3.766258463367861473e-07
2.285872745778391487e-07
1.326215785050188962e-07
2.309251379037843984e-07
2.814362256006577728e-07
2.011533946807157529e-07
1.474168360595621026e-07
1.484930660190047520e-07
1.966084631756909599e-07
2.564517134420059491e-07
1.473704489700582485e-07
1.165514822357237741e-07
1.430101250914766581e-07
1.275046065778194360e-07
1.689338037485414344e-07
1.402202055476499959e-07
2.202124137754022589e-07
2.998737276421152606e-07
1.574831201658379536e-07
1.972920182086290356e-07
1.343568421686439414e-07
2.847683998571645639e-07
2.255043974801714532e-07
1.437564178532122752e-07
1.456263396506611917e-07
1.634398897453605195e-07
2.441956169078451566e-07
1.933558498129867318e-07
1.534876282548485547e-07
1.677912159189114840e-07
1.649952511340102341e-07
1.351598402399808213e-07
1.527112193596280578e-07
2.218988668901255740e-07
1.159463643325062195e-07
1.708449232701614273e-07
1.571173237563660612e-07
1.359775118623292519e-07
1.399888616490538147e-07
1.687579730623738546e-07
2.305804270290657548e-07
1.755399907777324560e-07
1.225732460750068197e-07
1.361028934858359898e-07
2.736360730980418958e-07
1.380341319418642703e-07
2.202060339530859925e-07
1.634723164889349501e-07
1.345198104008093882e-07
1.462210504800812997e-07
1.671259315438944651e-07
1.866292474452117063e-07
1.915824374661380316e-07
2.141896335524579762e-07
1.541187410842653972e-07
1.959675949730077448e-07
1.354085119755650004e-07
1.508844101809857628e-07
2.094831423032157022e-07
1.830586847667583280e-07
1.772880604157259658e-07
1.272538026414269280e-07
2.006891852490095422e-07
2.224142032112511991e-07
1.478076388971026062e-07
1.241400491298970463e-07
1.438390458852679611e-07
2.080328867199204110e-07
1.758656721283844622e-07
1.363516315670465379e-07
1.383212571387290057e-07
1.903633677000351735e-07
2.189527331415987091e-07
2.957368850158101904e-07
1.501076418251159743e-07
1.644509596829343210e-07
1.303487766008866083e-07
1.034028002043871496e-07
1.635498083030242340e-07
1.768263333903053853e-07
1.595652874890479405e-07
3.036607138785409314e-07
1.481994032034126282e-07
1.148616817128414555e-07
1.975879890865929412e-07
1.963156198138037290e-07
2.174227615746247235e-07
1.310914570953597724e-07
1.956992264667405750e-07
1.662957689805269026e-07
1.859509398630605169e-07
2.421419752639149661e-07
1.453016445838438414e-07
1.337263510969419863e-07
2.235503989999620736e-07
1.975651143320827867e-07
1.794486608461873356e-07
1.371485460906876357e-07
1.422428251729244619e-07
1.470291310914411354e-07
1.441522728913248957e-07
1.563111164980945216e-07
1.710583415541349777e-07
2.056532949588985270e-07
2.047587013671214845e-07
1.306431666040402189e-07
1.505491414812888477e-07
1.974617532788714653e-07
2.057448484848508687e-07
1.825423993814250895e-07
1.651634424805793065e-07
1.562349921306585046e-07
1.665896879281707239e-07
2.273358852307245201e-07
1.671163253597661933e-07
1.300684730362916484e-07
1.201217033039648437e-07
1.606980309733411276e-07
1.793924214436662900e-07
1.531375307691065186e-07
1.843370366155253859e-07
1.491849589393041392e-07
1.912646194967140765e-07
1.286513571610579975e-07
2.438602651452910549e-07
2.349854887492584580e-07
1.952580281256447211e-07
1.416790316816875773e-07
1.495887548660129551e-07
2.222709863314795886e-07
2.114258134293747521e-07
1.991388710624665383e-07
1.498672789643181622e-07
1.320134072390369326e-07
1.671741895539176551e-07
1.688240687791133047e-07
1.543394133949352849e-07
1.341655472124628719e-07
1.646696157100394081e-07
1.837514402975840587e-07
1.584887449532099384e-07
2.119100098221593508e-07
1.863236126427343345e-07
1.654650975416134211e-07
1.341507424435484175e-07
1.442348037084043265e-07
1.444365408319766559e-07
2.270859656438546031e-07
1.575729116356045493e-07
2.139386114599006540e-07
1.379872411674992606e-07
1.545994144522444296e-07
1.909801788601346319e-07
2.510407824763605111e-07
1.334406297608857933e-07
1.628965569978414826e-07
1.789412660292557763e-07
1.778375192076595068e-07
2.283154604633163195e-07
1.767928278552725609e-07
1.531536351901857591e-07
1.567315848329849090e-07
2.339695947566908281e-07
1.990841631850572902e-07
1.837726261375119150e-07
1.838466454725648440e-07
1.434940121195232491e-07
1.415715205397759787e-07
1.413616580333119486e-07
1.719003326077706613e-07
2.154872534373683149e-07
2.457226519218744366e-07
1.406905432404915090e-07
1.512274563339603100e-07
1.818904607629925589e-07
2.297419915927300063e-07
1.292190573036079838e-07
1.462049190659275408e-07
1.746412029463302757e-07
2.840018059039844631e-07
1.766155528859284496e-07
1.735099587899322888e-07
1.849919539646624323e-07
3.215808390396612303e-07
1.712634009502863808e-07
1.956189505061939337e-07
1.100464311840825403e-07
1.531430688155888265e-07
1.405328243967538079e-07
1.771792715047220830e-07
2.735798046310939898e-07
1.636011073499224938e-07
1.921984050790742826e-07
1.674156351884820307e-07
2.028139550103022775e-07
2.373230552006931556e-07
1.461405861688073850e-07
1.509374340110329578e-07
1.527895625266103687e-07
1.172920268438685553e-07
1.767888291169564275e-07
3.329779521820019066e-07
1.673273897701820268e-07
1.191837859427552056e-07
1.298632474110347009e-07
1.741705029983898983e-07
1.898721901465156519e-07
2.147572404932769349e-07
1.611253017336590052e-07
1.157229466172556588e-07
2.592348736573143696e-07
1.641679840331352005e-07
1.437110098956981285e-07
1.461597503925011442e-07
1.651939213575669860e-07
1.475176045645096115e-07
1.325364022923187915e-07
3.210343082120953230e-07
2.059289802192306796e-07
1.290450586348952666e-07
1.308767031713483554e-07
1.735514415965585037e-07
1.962577639332514748e-07
2.933304329222139759e-07
2.094361090938629189e-07
2.483306353932401559e-07
1.712596363765312014e-07
1.198021681007064771e-07
1.860626412228802670e-07
2.013446602721331222e-07
2.136657197565219599e-07
1.933616847206801159e-07
1.625555538688437376e-07
1.151642036878257925e-07
1.245577981631982924e-07
1.734415893596078810e-07
1.944055599543670985e-07
1.451458953505615634e-07
1.278546199242943396e-07
1.383402078853168411e-07
2.066357046420691420e-07
1.570892557529789215e-07
1.447897845894292098e-07
1.425345100853149268e-07
1.748954531726955200e-07
1.516767444125125230e-07
2.370452504903391110e-07
2.207073064001609866e-07
1.597766437556858344e-07
2.043179138074235879e-07
1.315005490023143183e-07
1.189045683938047544e-07
1.962480716660397851e-07
1.532680678496982402e-07
2.175470950317136907e-07
1.608375598674201724e-07
1.607150523980277668e-07
2.172322291357243039e-07
1.957072085638663988e-07
1.344515892402059540e-07
1.577416805178564237e-07
1.717056516290806169e-07
1.540874098150798171e-07
2.101541720738252002e-07
1.482971341874077112e-07
3.039749914258109677e-07
2.238760533056815574e-07
1.380032759348154052e-07
1.967372337471796161e-07
1.056670966964787635e-07
1.909210855074543253e-07
1.714276404545291648e-07
2.292069598819575243e-07
1.198117569319325975e-07
1.495118525614552479e-07
1.546788964329253667e-07
1.958711156333310753e-07
2.132358355378226978e-07
1.725003691284439748e-07
1.402379162595739096e-07
1.470178834629165279e-07
3.298354907652973838e-07
1.993583622075641205e-07
1.797564869856027740e-07
1.446291052908422368e-07
1.430229000928367475e-07
2.457378491813855492e-07
1.663896170535015490e-07
1.604829008280472097e-07
1.850772178368077011e-07
1.980886599169415956e-07
3.149143265677935822e-07
1.540303002136426865e-07
1.576733804664128828e-07
1.792683731497636744e-07
2.688661092289515947e-07
2.205585030924902873e-07
1.495178812179783647e-07
1.770712735272688467e-07
1.673351092684500271e-07
1.530379743788944159e-07
1.416808991815664497e-07
3.474170616006427125e-07
1.880385146887690674e-07
2.070820581457031927e-07
1.480455049166593219e-07
1.663537680731442736e-07
1.576454818235045997e-07
2.339436109704672553e-07
1.926472573143201859e-07
1.948949505219376024e-07
1.535545929342412128e-07
1.685418565772133102e-07
1.943017345897763122e-07
1.676714169475180738e-07
1.720536308111262093e-07
1.226137163431315025e-07
1.540313879571720448e-07
1.883118361734681254e-07
1.851940912201672587e-07
2.197253943226138230e-07
1.496232578456418760e-07
1.333710635668130348e-07
1.745478018239240638e-07
1.764001504630233140e-07
3.194286040303528042e-07
1.678330082959404415e-07
1.743743408371910724e-07
2.331744465536203610e-07
2.134497113548919084e-07
1.786351753933845312e-07
1.936893012506122616e-07
1.669369989481024808e-07
1.479112507231731330e-07
1.491601180250023196e-07
1.423989830983639192e-07
1.934919572129213712e-07
1.887169339543704217e-07
1.249846424393174255e-07
1.342411294705274992e-07
1.516282588112275369e-07
1.967993196963604833e-07
1.882953999948876546e-07
2.263068717479867358e-07
1.472770594146709398e-07
1.474819707218412332e-07
1.564036520278635032e-07
2.863646016056947769e-07
2.478857531481767982e-07
1.403058619042660482e-07
1.530032793016789798e-07
1.802386692537205606e-07
2.452325007753547916e-07
1.309195981155700832e-07
1.826213695625666395e-07
1.883138045217275931e-07
1.913071648942036758e-07
1.425518154749457024e-07
1.176587451526981198e-07
1.813691431101357272e-07
2.050690354936585468e-07
2.029306352436291801e-07
1.256983005241315417e-07
1.559140686513352600e-07
1.486768901740411301e-07
1.539010622502115567e-07
1.978504741297224213e-07
3.074573701842595938e-07
1.703062989966490740e-07
1.637803510826612613e-07
2.760379864387338726e-07
2.520141104998142613e-07
1.536473605527711156e-07
1.422359566707126662e-07
1.606305978617192261e-07
1.866218814474742251e-07
1.147076964902749977e-07
2.038822837158270868e-07
2.813676468147877479e-07
2.094879320926518728e-07
1.486248507144705780e-07
1.542556928709596389e-07
1.484979262414977028e-07
2.021695271601454699e-07
2.322273265981348802e-07
1.799984070312945212e-07
1.480274859765995985e-07
2.167488598739786756e-07
1.373244595745960925e-07
1.763893410724809781e-07
1.627016917982007972e-07
1.829854309390124057e-07
2.673797820929069736e-07
1.640048676515156531e-07
1.759258972511937682e-07
1.079741099454287376e-07
2.235619064783435169e-07
2.125706699515631079e-07
1.943823128602604189e-07
2.585792172910157402e-07
2.879329709562067974e-07
1.495416360551001613e-07
1.771623751254621948e-07
9.885150659323128914e-08
1.679652010063878693e-07
3.331434590699738465e-07
1.777248113781929988e-07
1.387061864295011430e-07
1.559609938517629154e-07
1.984266793933073952e-07
1.520753636663933875e-07
1.641590864130327489e-07
1.539193254623029902e-07
1.263397900978555303e-07
1.570133231881721129e-07
2.043398531288915327e-07
1.333675024415081419e-07
1.477838570253247556e-07
2.016761232123609090e-07
1.813043775695016338e-07
1.017885620060809671e-07
1.841589486609280543e-07
1.756278923029814565e-07
1.842472193200121137e-07
1.502113945881677348e-07
1.289306617237446211e-07
2.208744485924117003e-07
1.740959813843447566e-07
1.906213119505337956e-07
1.160269771235836355e-07
1.235909446404921092e-07
1.621000865074947577e-07
2.002765649464496747e-07
2.125849644462199965e-07
1.235175228076152313e-07
1.187354252411527192e-07
1.320030848015064959e-07
1.917058071828825636e-07
2.365979835464242663e-07
9.554635430211722454e-08
1.747225645098459944e-07
1.392365344758777161e-07
1.282663082138173714e-07
1.209569685499026092e-07
1.695021826549237604e-07
2.148705046959619141e-07
1.213968764468830010e-07
1.194451508445019698e-07
2.105799076219072108e-07
1.606758867640985607e-07
1.822799900745681800e-07
1.548153013936075089e-07
1.304602846131381291e-07
3.075144916738991657e-07
2.628332627352950666e-07
1.549228980085518738e-07
1.415127835329952025e-07
1.642379158460531691e-07
1.646084730302313562e-07
1.963024753418451158e-07
1.834301538945694632e-07
1.489889893691584499e-07
1.516579074943593983e-07
1.261677552063576407e-07
1.297753022960928267e-07
1.956228528992941091e-07
1.661707873634963090e-07
1.745751613167014251e-07
1.072310558478241059e-07
1.597903776527511123e-07
1.800614569112094307e-07
1.695187731533547009e-07
1.997710300292603021e-07
2.571814707960679437e-07
1.836218509159609282e-07
1.512082379663412164e-07
2.175394145005122909e-07
2.234949370610282609e-07
1.613544057056120784e-07
1.900402951661588115e-07
1.371302215128883678e-07
1.741768968309587022e-07
2.380901872137088477e-07
1.869288079190231581e-07
1.286556184653765256e-07
1.549125204329857574e-07
1.387783559338400247e-07
1.562929718593965935e-07
1.533670878790276290e-07
1.716152623678195733e-07
3.437806946886694454e-07
1.571481942809636486e-07
1.583320297844011248e-07
1.251331251972392878e-07
2.830351091539831432e-07
1.996424500222705871e-07
1.860915296510011295e-07
1.313320615975836077e-07
1.520243269435820010e-07
1.672845516664396644e-07
1.746523168976997609e-07
1.566643785030627941e-07
1.449648527951003189e-07
1.427788076678059097e-07
1.847717212978064367e-07
1.841872289360986073e-07
1.163209363808827040e-07
1.043226699857940080e-07
2.172020617286502970e-07
1.312938010793925871e-07
1.666677537004778753e-07
1.417948885265321417e-07
2.267253764652069069e-07
2.390964420983012185e-07
1.490844679782282791e-07
1.518969472532528389e-07
2.509300492790543726e-07
1.655517386257973398e-07
1.638896675347881779e-07
1.269469207561527238e-07
1.549092712153700429e-07
1.609229555690130832e-07
2.933481375458874639e-07
1.634159591262669855e-07
1.034556384798742546e-07
1.491249936987197096e-07
1.670812804043051268e-07
1.200593391362364769e-07
1.790525039083981606e-07
1.706854890545820055e-07
1.094172485451679867e-07
1.277416764032574267e-07
1.108605931185362872e-07
1.246419390155611094e-07
1.609735816631987776e-07
1.675135938648416360e-07
1.811485717376698056e-07
3.187884758551396727e-07
1.815705437782852535e-07
1.458154152154838408e-07
1.754961238139889692e-07
2.333667374770252125e-07
2.283294723599961205e-07
1.305072411042840687e-07
1.455383770891036644e-07
1.304579091121325807e-07
2.242910520628228023e-07
1.905531518750433119e-07
2.166289231771404361e-07
1.934451579208588135e-07
1.308113390122909821e-07
1.411131970608291956e-07
1.421792481035634016e-07
2.424712036655427410e-07
1.952006121505797180e-07
1.291712585483775163e-07
1.658019011826549552e-07
1.626770417386619221e-07
1.863818814833632683e-07
1.500722110174858502e-07
1.779435839818185386e-07
2.450934775610966930e-07
2.384245804959832964e-07
1.602324408954908118e-07
1.178019402619898241e-07
2.291352772868360003e-07
2.031848906787445743e-07
2.134348523417500250e-07
1.479187530328585454e-07
1.686545538615183392e-07
1.248994745121997225e-07
1.759058840493512528e-07
1.290659261719526600e-07
1.576029574748842984e-07
2.223800404717979303e-07
2.023778077062618174e-07
1.591625731129058590e-07
2.045436988798781831e-07
1.825229509092041100e-07
2.032547905973287545e-07
1.481601172099689315e-07
1.565931187081949655e-07
1.358867685502412680e-07
1.781134748347493817e-07
3.181748875598262456e-07
1.731786289099261154e-07
1.343808102910326489e-07
1.225133600117453184e-07
1.833379409692014003e-07
1.349188449636628016e-07
2.057897735747438986e-07
1.827253642959747393e-07
1.835343927855948419e-07
1.307495536113594194e-07
2.780631501771662927e-07
2.085656828022076469e-07
1.310309658116592724e-07
1.438483545233214583e-07
2.579834190888103450e-07
1.852298465090595971e-07
2.171169115656945994e-07
1.439467190203901195e-07
1.391472395894184265e-07
1.097156424818153952e-07
2.239121920361549216e-07
1.867964194835178376e-07
1.065755296564247919e-07
1.345027941379771579e-07
1.430755447817512614e-07
1.499699555966307722e-07
1.994412995804650530e-07
1.948640598900437643e-07
2.035358911435937156e-07
3.033346442482625660e-07
1.725355412263912668e-07
1.360293100705168887e-07
1.229339836413335359e-07
2.706672746623586276e-07
1.801815716442546069e-07
1.509202348385424008e-07
1.523332137916468360e-07
1.416076560774800651e-07
2.045039613987613602e-07
1.771197845574859552e-07
2.103012056676888886e-07
1.465937063963810994e-07
1.078110448496127441e-07
1.561435314903533730e-07
2.175244114841283165e-07
1.597868915658764293e-07
1.454615679823491077e-07
1.624693279010284047e-07
1.823405175841588392e-07
2.043852396562626320e-07
1.979839944596548557e-07
2.860931102150029503e-07
1.817831682157953360e-07
1.248531132620121450e-07
1.092032420641582389e-07
1.641011858024466459e-07
2.004682011949579803e-07
1.706203875679921069e-07
2.375602382847553583e-07
1.488041214323734496e-07
1.260186246465950652e-07
1.627202222875191948e-07
1.695343880217715451e-07
1.680612892939500802e-07
1.516659950658211152e-07
1.153915980771990356e-07
1.332921650757504109e-07
2.037702113018675095e-07
2.010849725570522051e-07
1.230956571353237364e-07
1.564246963288844259e-07
1.725059764478027498e-07
1.885022599902273239e-07
1.366025062753604357e-07
2.157207000346831671e-07
2.696294731021422808e-07
1.536647892952158063e-07
1.276384306563599207e-07
1.396194014560446033e-07
2.189555360169784608e-07
1.741841979631580076e-07
1.603677958115166122e-07
1.352471886150318278e-07
1.365386759112833228e-07
1.813271759497691161e-07
2.010218140036570899e-07
1.972234811090599022e-07
1.340961337358990659e-07
1.432628204905171894e-07
1.397353674079180523e-07
2.800937214117885220e-07
1.852851182381214349e-07
1.250209576132727065e-07
1.689326810730191921e-07
1.661053902040651951e-07
1.877440450816385654e-07
1.520835027819033603e-07
1.248587273123604282e-07
1.681583333386896507e-07
2.445741967354210567e-07
1.303610721596160879e-07
9.910321371084969238e-08
1.532355567251250411e-07
1.956993308187618101e-07
1.883114556546410408e-07
1.807286900520981547e-07
1.543821726758247990e-07
1.148225467174947852e-07
1.805628839641785032e-07
2.575892685872908869e-07
2.443569780695144540e-07
1.291780333909056863e-07
1.890219021143382763e-07
2.751917364247673448e-07
2.033352261729079191e-07
1.587634838035670896e-07
1.804395548201694990e-07
1.294485753644303968e-07
1.336522175824841539e-07
1.318696579922190552e-07
1.396606202202551621e-07
2.494301650150402814e-07
1.850503148440928762e-07
1.551500474138844332e-07
1.789209729900262127e-07
1.954670418154414265e-07
2.541661697742022803e-07
2.615715446879474227e-07
1.408795535085007398e-07
1.948519681662710254e-07
1.732219326876104997e-07
1.511869533033183996e-07
1.701946775294601412e-07
1.264364965578735617e-07
1.506079467558464991e-07
2.057394680320567201e-07
1.593875432735426274e-07
1.233227117152132421e-07
1.118036969579236772e-07
1.361582720234329032e-07
1.625510872788524135e-07
2.363323498181197658e-07
1.678275408443627665e-07
1.763783741528913260e-07
1.588614208868097175e-07
2.201719804415568474e-07
1.940151858732581097e-07
1.737403820801369950e-07
2.624579367230767291e-07
1.640069052618335213e-07
1.377692852247372392e-07
1.229826789913154345e-07
2.676130584407749031e-07
1.752812068703628278e-07
1.584774241678136378e-07
1.411399804758467106e-07
1.402272602293057079e-07
1.890412890236980442e-07
1.765383709865373756e-07
1.270369255463316921e-07
2.023919340286337657e-07
1.844684592204141511e-07
1.483562452448923894e-07
2.274531910773942970e-07
2.265041459794997130e-07
1.894636696872280573e-07
1.390467543951143954e-07
1.642670902501992721e-07
1.503749789949886071e-07
1.800437261162372786e-07
1.311583171856609936e-07
1.219677116437710940e-07
1.760304507690328196e-07
2.159443423156364130e-07
1.677079576572195456e-07
2.253397723278095574e-07
1.386227931866078435e-07
1.064461716056263576e-07
1.561002075361168362e-07
1.210729444832109587e-07
2.107994935089558090e-07
1.525068878650456231e-07
1.613891031232956708e-07
1.605473308742539599e-07
1.368107207449187150e-07
1.757904825527701967e-07
1.740306791822467672e-07
2.533993471557916924e-07
1.229213162094712751e-07
1.469085047967660776e-07
1.697938182614893872e-07
2.352247543351015844e-07
1.678825462455603202e-07
1.477705503582372217e-07
1.611599495793922366e-07
1.674518730958097218e-07
2.001026516667572639e-07
2.285979555033214187e-07
2.811382384919522382e-07
1.358316533365827891e-07
1.541355865765493388e-07
1.134434519554246833e-07
1.288659014300850244e-07
1.755299003637866139e-07
1.688424543068616699e-07
1.629613413360456497e-07
1.879768577692882668e-07
1.524260980303100179e-07
1.290730655349719057e-07
1.606372549851009647e-07
1.997004333247367657e-07
2.141528537754710194e-07
1.315989868376691981e-07
1.507288914862201796e-07
1.576935312029155852e-07
2.388319133443833531e-07
1.868798880991757068e-07
1.632613174592372364e-07
1.387030287295369741e-07
1.973725582653308089e-07
2.314176523625637673e-07
2.007092967275780505e-07
1.347479283132823752e-07
1.847988933536206862e-07
1.339658167550884118e-07
1.825786178953852377e-07
1.757101209591450254e-07
1.746614256616682153e-07
2.390421618286308975e-07
2.512598577622054550e-07
1.830382116269628278e-07
1.518563263281175067e-07
2.406439892578675677e-07
2.280652265891617044e-07
1.872548534916023726e-07
1.826915886678938103e-07
1.373069123727736133e-07
1.064554282561541454e-07
1.898236101180458544e-07
1.835752925751339698e-07
1.684640126287257258e-07
1.209061848379053367e-07
1.325838745348374453e-07
1.661247155490319718e-07
1.199235884131984974e-07
2.645640363420895659e-07
1.376759036161923158e-07
1.921568925398388433e-07
1.605846308684753608e-07
1.893630611214307319e-07
2.548197044722275779e-07
1.833157257769161490e-07
1.535610475380021014e-07
1.522903989662006199e-07
2.089682165588877290e-07
1.662380859864766197e-07
1.475513258922139857e-07
1.285365620936783839e-07
2.106208076240996776e-07
2.397238808698916910e-07
1.213045807487873411e-07
1.217457871425305834e-07
1.665062193266516610e-07
1.529992918323063820e-07
1.938958830923229686e-07
2.103505805778030623e-07
1.817078235051948232e-07
2.921952997813888761e-07
1.323852099429546054e-07
2.155355872586808338e-07
1.511358045309984576e-07
1.405920439387112304e-07
1.513504124353687155e-07
1.642686783994891367e-07
1.596413329478480063e-07
1.793389245990460303e-07
2.224661491509038557e-07
2.215883461354921808e-07
1.356252948069084733e-07
2.100572152228280825e-07
1.494827617476370149e-07
1.933014470696746523e-07
2.508809734155697856e-07
2.265496941729969260e-07
2.119572707508824225e-07
2.051535532848062308e-07
1.513944938371040806e-07
1.229035518443891580e-07
1.541010765789230071e-07
2.125378378171668680e-07
2.364190604357331506e-07
1.392376243890228618e-07
1.706220592595876791e-07
1.926531206880669751e-07
1.273379529113819705e-07
1.513319592219450305e-07
1.410392575557096523e-07
1.796962729774600372e-07
2.724149750635883877e-07
1.782200289321301514e-07
1.768055077802781088e-07
1.163510048739701521e-07
2.586996265147020324e-07
1.958732037228432710e-07
1.506883811146172275e-07
1.961410164850727544e-07
1.673537101562420938e-07
1.637712770741816534e-07
1.750553436238333881e-07
1.539792710686676994e-07
2.013965330012925327e-07
3.295094994520786095e-07
1.521929074125167170e-07
1.913188058410408788e-07
1.349139504742623931e-07
2.005112548818509607e-07
1.839732623102412222e-07
1.488964606964621601e-07
1.604879172670330303e-07
3.261508892645060897e-07
2.076243343459418619e-07
1.881196486702230119e-07
2.471713987020389571e-07
1.513172368687372534e-07
1.699098448332747572e-07
2.203793510111603145e-07
2.433224471078786126e-07
1.926078218841561638e-07
1.586564113860170248e-07
1.564824501708077961e-07
1.505753673816842870e-07
1.685534902444034074e-07
2.320328196100626713e-07
1.662811493056879865e-07
1.125975390804158477e-07
1.313961555957209723e-07
1.777427651771690376e-07
1.712993887094599293e-07
1.913917566335440227e-07
1.372846719749648323e-07
1.285276862550064656e-07
1.999376047015032566e-07
1.878559466006277814e-07
2.033897665636602138e-07
2.596396997014361703e-07
1.930032034755422362e-07
1.308927671890586088e-07
1.344822572786145791e-07
2.876143015975883126e-07
1.435310539740472023e-07
1.982328935412276708e-07
1.379581260776274767e-07
1.366354319050249329e-07
1.301742091365026966e-07
2.144894362577771422e-07
1.726690169336366408e-07
1.313411722087365261e-07
1.240053896855250055e-07
1.533286567758887233e-07
1.725880875523857946e-07
1.545435466392320532e-07
2.541620327038120704e-07
1.445150242909910504e-07
1.496647122475902696e-07
1.735908592936540149e-07
1.882211757791981561e-07
