1.322448653303106741e-06
1.353045082801306360e-06
1.045326356091308954e-06
1.561113831695750383e-06
1.198979578334828218e-06
1.197742128815132118e-06
1.130953679341352217e-06
1.471171316167530326e-06
1.471278130814306422e-06
1.270906291678229057e-06
1.182982075852996515e-06
1.185196673479088188e-06
1.558144813248279959e-06
1.314623881836836786e-06
1.336627911119538548e-06
1.231627368873586536e-06
1.038178379443731013e-06
1.083389750372029320e-06
1.376053921860898320e-06
1.288820183719271472e-06
1.146395851584545093e-06
1.079818286385862756e-06
1.307756018238257782e-06
1.270819979755003158e-06
1.430288402246671193e-06
1.492912942960769643e-06
1.347775628489241927e-06
1.532987268150327127e-06
1.227182836629910529e-06
1.064096679282472176e-06
1.156511158667947831e-06
1.401530673961665341e-06
1.271808265160560453e-06
1.268199364656271184e-06
1.269375767368899312e-06
1.085351171994288593e-06
1.305049903933563790e-06
1.260525037902180425e-06
1.658638730139256856e-06
9.772134335376129359e-07
1.237831742498666064e-06
1.209248846788476238e-06
1.441728842405994235e-06
1.299461094252609698e-06
1.119659643639453002e-06
1.242231831691839251e-06
1.349437289005003852e-06
1.316006626527894947e-06
1.315945529157855663e-06
1.283090265438366859e-06
1.097761967200838598e-06
1.169692378631075000e-06
1.269031480669852181e-06
1.386349089811165391e-06
1.424375374387954114e-06
1.207875153360370889e-06
1.175283744814096391e-06
1.312822054706219767e-06
1.519597630094283351e-06
1.082481411272436103e-06
1.251689913275255382e-06
1.280859161309412106e-06
1.425870471983173281e-06
1.289923268422218867e-06
1.306332584361793317e-06
1.155281994538907652e-06
1.468784370255459708e-06
1.366299361376998546e-06
1.253250000812445021e-06
1.447129464868262799e-06
1.147459730895870596e-06
1.330352076613507669e-06
1.203395229616310854e-06
1.275628866813711317e-06
1.486011670759946340e-06
1.283965066551567127e-06
1.224466670026224665e-06
1.329701391012665702e-06
1.235491464130613987e-06
1.353472605018539522e-06
1.424377925196207073e-06
1.306353670440828100e-06
1.131072252591434184e-06
1.223641209868003480e-06
1.449135883588703846e-06
1.371331292944362234e-06
1.283587153610726389e-06
1.311504851025094813e-06
1.371935116108862428e-06
1.392835409430348687e-06
1.245279577967098271e-06
1.412480266513385205e-06
1.602307128776685713e-06
1.325859423239026517e-06
1.209714398191690931e-06
1.363500638207964097e-06
1.149421378924403267e-06
1.280681053866123864e-06
1.487756018837234772e-06
1.240648951396627454e-06
1.083908147048725912e-06
1.349331817613064924e-06
1.367146462934359490e-06
1.068750129952373223e-06
1.128827998773121297e-06
1.350857915350869814e-06
1.307953964556553257e-06
1.448562322499714818e-06
1.511397433136920917e-06
1.326205951663171309e-06
1.333356507790296038e-06
1.170688831421379943e-06
1.190998078732364936e-06
1.615029523273833093e-06
1.289871324670598612e-06
1.207795557277601051e-06
1.165946417814751100e-06
1.179803511607676730e-06
1.365232443501023930e-06
1.341713549115459827e-06
1.226849196715982762e-06
1.180449820568608183e-06
1.202810837375389095e-06
1.308997402205493986e-06
1.326396890951079364e-06
1.471538318813759051e-06
1.213052151070364344e-06
1.250957930864604680e-06
1.349994927263257535e-06
1.549902491028579115e-06
1.433193448249377562e-06
1.318029164547099470e-06
1.294897443364316094e-06
1.123064654156798921e-06
1.165690549557995061e-06
1.375398501553623444e-06
1.392139916022802270e-06
1.498067574482419364e-06
1.185406860333246071e-06
1.097139204474279331e-06
1.177623216905996710e-06
1.490313706145359224e-06
1.281748567007706348e-06
1.219021409768948734e-06
1.261881879321434347e-06
1.191929825961872464e-06
1.368055371332546696e-06
1.397893668408704088e-06
1.523854807871226958e-06
1.197887999950609601e-06
1.249629121775863692e-06
1.427911900023092119e-06
1.500477563987720356e-06
1.199791455162844582e-06
1.330440638716298314e-06
1.279196552385767133e-06
1.526357735299623300e-06
1.147794718433517760e-06
1.315212866185903194e-06
1.557046784729742565e-06
1.455216199413765490e-06
1.127420966551638707e-06
1.215702259056704305e-06
1.469591171009072708e-06
1.408402721298890355e-06
1.277253849601488914e-06
1.267089101309601627e-06
1.075017774071113047e-06
1.449165202393299644e-06
1.408384463365237224e-06
1.318814141085625001e-06
1.150448425380783912e-06
1.414890977013219626e-06
1.260550840702704063e-06
1.232089963403948677e-06
1.325728113510860272e-06
1.562268929909492209e-06
1.712453949469938581e-06
1.154810456902520979e-06
1.270871377307107481e-06
1.431525920023726429e-06
1.479126108568575949e-06
1.357985691850048847e-06
1.223222236978420862e-06
1.239535719790090339e-06
1.101136593899226695e-06
1.291072579489620795e-06
1.455458660295037716e-06
1.258887741244002058e-06
1.206327252640576039e-06
1.007323311790374109e-06
1.330390950008146546e-06
1.317844021540108893e-06
1.300208590103271621e-06
1.132134110851638047e-06
1.251978396042082737e-06
1.267538507087312120e-06
1.131361474009736102e-06
1.381305042320011046e-06
1.574732909745857599e-06
1.301425643336989198e-06
1.175046296630912266e-06
1.472699312202494811e-06
1.397877625703330031e-06
1.266919357508274311e-06
1.244468366776315359e-06
1.150061132302185191e-06
1.106033746256021315e-06
1.317924617103564129e-06
1.350018212578501891e-06
1.104252331271883961e-06
1.218528725473475298e-06
1.304909456670172245e-06
1.313967783359445377e-06
1.316849386513969678e-06
1.269081355400274602e-06
1.079700676626469304e-06
1.184564660156962171e-06
1.208425916680301007e-06
1.051442046661114993e-06
1.157809536299554923e-06
1.186965099457410024e-06
1.313708791285255958e-06
1.298169476376024543e-06
1.541182824723226708e-06
1.100750745484509896e-06
1.141702680823388863e-06
1.251625746255318195e-06
1.365210280000364109e-06
1.375306006169064351e-06
9.607181940537208439e-07
1.227028361826699637e-06
1.218526504781315966e-06
1.330270735855100333e-06
1.332119484647276824e-06
1.313685184634480676e-06
1.213686174221862866e-06
1.268538936513132143e-06
1.187804371126092457e-06
1.200303222973614831e-06
1.234689219607221164e-06
1.399345187811033628e-06
1.268587674685638428e-06
1.573156870238322316e-06
1.136714790382877028e-06
1.155052002763813568e-06
1.320811701739348917e-06
1.437729008312635201e-06
1.414431048067716191e-06
1.316801548828191059e-06
1.617527365441185187e-06
1.420281861586901225e-06
1.202448458273165732e-06
1.288646915084262488e-06
1.471134969116676980e-06
1.264976057330799644e-06
1.256529235668723215e-06
1.238142289551659681e-06
1.037245354513569610e-06
1.177971859537774309e-06
1.127547107405484726e-06
1.297344121463874962e-06
1.588939358256162443e-06
1.355900343372097430e-06
1.220802744014505255e-06
1.239183522313185430e-06
1.274635162878732424e-06
1.390292458613539223e-06
1.621555853924152241e-06
1.241248857239519275e-06
1.215069419565881269e-06
1.183642535748416727e-06
1.349045370542987043e-06
1.455224348694368255e-06
1.370415969220557057e-06
9.462918245000386321e-07
1.238197326783520615e-06
1.574522081582798979e-06
1.310535916205482401e-06
1.187545796318811515e-06
1.040466227828351659e-06
1.092556287624442921e-06
1.247815931767421190e-06
1.178793219733506934e-06
1.715705511004448323e-06
1.461643007374524253e-06
1.260802428659845422e-06
1.249917793100690988e-06
1.264738624300598513e-06
1.140091926954007529e-06
1.273587784179045526e-06
1.430760396841844277e-06
1.220924488787936443e-06
1.119231416468406307e-06
1.145916300826194618e-06
1.434383428402372630e-06
1.273305919753239855e-06
1.221810721339760719e-06
1.180142650495161970e-06
1.284503646636912063e-06
1.219096949803522719e-06
1.576741548625743710e-06
1.061311565028520689e-06
1.198483627561497555e-06
1.314823852843830965e-06
1.071334814181126023e-06
1.209918134615590702e-06
1.316182690323589550e-06
1.339014220889178480e-06
1.291190946028564916e-06
1.098321965327494369e-06
1.014306847281886985e-06
1.287716630316030054e-06
1.304741789483322347e-06
1.207276576400039912e-06
1.217336792137110947e-06
1.404897237056303891e-06
1.285024595310582571e-06
1.382382495001578465e-06
1.280064375683333114e-06
1.289913912068195460e-06
1.372471799450429114e-06
1.557905414466592221e-06
1.074392739483058083e-06
1.371322791473856158e-06
1.344214238880345018e-06
1.066588427106528298e-06
1.260007409258665746e-06
1.312818133360749614e-06
1.393009682333112874e-06
1.086665962827877395e-06
1.261110434223274530e-06
1.443382586224091204e-06
1.325945527821388772e-06
1.185850348132207483e-06
1.041788389699778433e-06
1.595725094885151548e-06
1.323985274301374635e-06
1.285159682246882218e-06
1.083277582870453474e-06
1.306621084125192685e-06
1.341065879450571087e-06
1.507760441094944090e-06
1.411511501842007564e-06
1.499212953956055677e-06
1.248616132868983241e-06
1.063284414448855729e-06
1.258145247584616836e-06
1.437051357888913240e-06
1.416669329559912436e-06
1.190128454491949675e-06
1.305912774971346497e-06
1.128340247527198018e-06
1.188425754161580599e-06
1.339726830942490154e-06
1.300264465718926859e-06
1.156411478216100106e-06
1.205457337914780413e-06
1.349064813829703580e-06
1.270741450411566719e-06
1.510477426965405421e-06
1.141189412295988359e-06
1.197662721825733843e-06
1.294648094914523934e-06
1.379254537911245045e-06
1.394870914894689274e-06
1.399430868605567839e-06
1.273798886213908609e-06
1.276024709379757371e-06
1.106709828684262649e-06
1.184776998235563953e-06
1.383321579325468372e-06
1.378077852723782354e-06
1.425084086638173891e-06
1.201869518315354231e-06
1.130264361459861176e-06
1.246602994568280241e-06
1.391100205585384799e-06
1.324527100001176348e-06
1.037293138900969988e-06
1.222175334507649733e-06
1.248956110568512056e-06
1.270103305289857158e-06
1.387017045594363988e-06
1.361982868460947652e-06
1.275415205523279688e-06
1.449612353373281366e-06
1.408516215337379573e-06
1.247203559427941365e-06
1.319774352619963084e-06
1.309079267781289169e-06
1.072596351219835233e-06
1.239875351022763408e-06
1.403032020939647377e-06
1.491003165704849511e-06
1.293623614444226740e-06
1.233580022578994333e-06
1.371426309729067460e-06
1.370460058727319454e-06
1.252898678984860426e-06
1.255182459528026436e-06
1.165474230661103721e-06
1.524836209577410025e-06
1.345975266604466606e-06
1.281334751089048020e-06
1.145366815238101894e-06
1.224422769374828584e-06
1.422589954061234686e-06
1.210483530071493463e-06
1.301298642487918383e-06
1.241052799445340543e-06
1.342395084677744106e-06
1.380905982403980378e-06
1.275256476735462165e-06
1.233894015766220445e-06
1.356902554228334070e-06
1.397965602157154627e-06
1.366945238933677832e-06
1.173125562109486438e-06
1.322927288637099177e-06
1.081782685840529364e-06
1.206357483191065684e-06
1.358831944560727615e-06
1.383320049070257513e-06
1.060629098094421885e-06
1.304364589133175746e-06
1.290743523352721669e-06
1.442340905095699037e-06
1.671043030381599135e-06
1.361526143539582938e-06
1.250868959431597286e-06
1.163612690454161536e-06
1.077881824897368740e-06
1.186177276885003862e-06
1.497043005042344301e-06
1.160257608739581200e-06
1.148896855000825908e-06
1.146129919805777497e-06
1.412124994695768776e-06
1.391876762740342107e-06
1.404896021581241585e-06
1.037508708463794852e-06
1.159986598266890758e-06
1.269276030620305460e-06
1.307440657312277080e-06
1.369676682313932752e-06
1.106249664216495528e-06
1.293405372824644999e-06
1.424625439219996841e-06
1.626585652784333093e-06
1.363291933913687238e-06
1.215856492426798531e-06
1.074448527346411057e-06
1.130550185106898580e-06
1.263572291849229122e-06
1.333329500256193454e-06
1.122723151658461476e-06
1.090570787922371234e-06
1.238346206166435803e-06
1.336378777091532515e-06
1.328913333890169873e-06
1.217482808297316706e-06
1.185248287148186120e-06
1.337970720180284849e-06
1.356815816610744278e-06
1.608886374726659909e-06
1.054846219420688755e-06
1.238113270355779160e-06
1.381153471719613669e-06
1.144855341824954117e-06
1.370529532815746118e-06
1.370635249277593999e-06
1.480140391475365802e-06
1.193481259203165066e-06
1.181852353571072919e-06
1.562381148114957062e-06
1.257199347207172051e-06
1.160459913074290406e-06
1.273848862034361363e-06
1.416522132122823522e-06
1.373073243927955574e-06
1.344291783220578958e-06
1.279063684660660648e-06
1.129352503486574806e-06
1.379086142027442786e-06
1.398964866589308453e-06
1.338480579962823133e-06
1.266594757000312356e-06
1.215379105112138643e-06
1.109151621407381402e-06
1.262959190554697950e-06
1.228308333100950029e-06
1.332228310533838620e-06
1.463827103168890772e-06
1.102890006295407630e-06
1.218781759378300466e-06
1.435058577388171073e-06
1.404699639542620462e-06
1.234064533594813382e-06
1.237518682825502021e-06
1.133229561100606748e-06
1.413882197509001614e-06
1.452576956004769560e-06
1.214976895879981845e-06
1.156216965064599671e-06
1.164151525195444414e-06
1.382173525167289507e-06
1.293003853117872944e-06
1.368681527863270282e-06
1.225016663537555390e-06
1.182538896588540057e-06
1.292085869235933796e-06
1.217140226103663682e-06
1.410173320259542601e-06
1.402140016150047002e-06
1.284708925431657558e-06
1.214678033546413364e-06
1.185626766002840768e-06
9.723716830733410707e-07
1.344152144084551276e-06
1.342075216341896082e-06
1.248751975421842074e-06
1.149396381054507268e-06
1.009262407249972256e-06
1.565649571572951746e-06
1.267987643427216248e-06
1.258394191093444347e-06
1.142985847878185035e-06
1.211537472686346717e-06
1.329907532255284900e-06
1.463715497730435743e-06
1.089613280748926852e-06
1.250357770860790924e-06
1.060677479898675493e-06
1.287042727531726423e-06
1.281886575459109926e-06
1.306774345720208537e-06
1.277559585166025541e-06
1.072904412712212456e-06
1.125157769773842159e-06
1.385727494314200648e-06
1.339857376054932461e-06
1.258950785368377827e-06
1.212624457010285028e-06
1.423590720498860500e-06
1.498784160703177193e-06
1.264629758643699814e-06
1.158682986587527598e-06
1.361929505509803109e-06
1.425588403289900758e-06
1.367699632148436581e-06
1.182977388570341876e-06
1.318084545415181965e-06
1.251210502088830635e-06
1.069706322034978821e-06
1.304171054250740780e-06
1.282921288742739226e-06
1.587100380678637205e-06
1.028598724672458626e-06
1.206760801717178172e-06
1.186687539282063255e-06
1.383474116860852596e-06
1.275959765401974513e-06
1.000246323112605807e-06
1.281306467841762045e-06
1.264688415364788660e-06
1.482382171483563702e-06
1.465474376438259715e-06
1.240399312503710015e-06
1.131815761004408815e-06
1.492858082829192229e-06
1.370100681805787368e-06
1.430532682795649891e-06
1.261802530053263551e-06
1.281340198305896673e-06
1.357585946762248318e-06
1.439565930976146628e-06
1.216847966767139609e-06
1.229631636857072232e-06
1.415600368828621530e-06
1.192798864184189798e-06
1.430600813118206621e-06
1.393513166101617681e-06
1.446800896763171530e-06
1.131376097088228527e-06
1.296653115724746884e-06
1.115255528781185214e-06
1.376871092918661082e-06
1.421549093475909868e-06
1.229933054809153333e-06
1.146062150597006659e-06
1.193983892569909533e-06
1.247855468758771667e-06
1.186620190865857588e-06
1.487341256202939015e-06
1.360670566418421474e-06
1.210685485484375027e-06
1.260549758363483772e-06
1.188995202371161928e-06
1.372633494193072000e-06
1.486869433613626117e-06
1.251118007064514442e-06
9.923890122276335108e-07
1.203009886927007926e-06
1.364523398510875412e-06
1.264258364071457461e-06
1.371820398495758245e-06
1.174774432932790335e-06
1.101020348565993808e-06
1.162676613636044109e-06
1.292033272870880386e-06
1.305781712758622613e-06
1.193427750840054194e-06
1.188351095296232699e-06
1.295583849818838289e-06
1.256513453823662195e-06
1.198521225964580220e-06
1.337574286934996487e-06
1.429279138824693877e-06
1.217278252296322265e-06
1.104613592021000855e-06
1.142441735315672608e-06
1.370031172730287888e-06
1.289070858285940142e-06
1.152513627690208148e-06
1.130364812154269109e-06
1.372756086861081579e-06
1.368050170912975686e-06
1.395618499768621315e-06
1.140045338405330488e-06
1.148881401035196444e-06
1.321944031373725708e-06
1.370620683192242614e-06
1.353705929066496182e-06
1.052820806631449707e-06
1.288458869912662342e-06
1.358531660312170250e-06
1.221689453055614334e-06
1.182840554816400709e-06
1.132336976773121093e-06
1.323709685145842353e-06
1.234649243010957233e-06
1.216568903718198692e-06
1.153534656138214583e-06
1.267514199521741257e-06
1.276282778182546992e-06
1.384869841740080259e-06
1.288979772851363786e-06
1.248671603956860101e-06
1.024291179315199340e-06
1.405845883759508451e-06
1.394936439559296618e-06
1.145368781842674768e-06
1.272721236197609677e-06
1.242657672175964064e-06
1.354442502584719252e-06
1.441259200456769597e-06
1.258807033482952687e-06
1.285517692890358714e-06
1.571349606863285444e-06
1.143851167575420570e-06
1.126870969185676821e-06
1.268820629149089241e-06
1.490860149431749589e-06
1.282871943324050248e-06
1.122975057676075365e-06
1.240812286852017669e-06
1.251720911484421065e-06
1.285551095770494596e-06
1.245758726928894013e-06
1.319007984405164601e-06
1.104237965119301755e-06
1.185915206270997440e-06
1.320287599409459642e-06
1.300745105314402671e-06
1.150905797822641390e-06
1.050704335754635107e-06
1.230615662068231658e-06
1.536067373405816995e-06
1.262952522979260673e-06
1.341925615765941058e-06
1.268602346613233488e-06
1.261753093366818552e-06
1.165822325661673031e-06
1.273563084928448372e-06
1.413902435238227137e-06
1.083566499232033889e-06
1.239995861499137570e-06
1.340486318536469209e-06
1.356570714386635521e-06
1.530633945615251492e-06
1.138576705444478931e-06
1.189709742467600509e-06
1.263710355995750805e-06
1.380983105072818584e-06
1.497366761363607392e-06
1.109337469548827782e-06
1.244093275232690049e-06
1.218427385925841292e-06
1.541403326798648910e-06
1.038672520374073630e-06
1.356270681385327030e-06
1.358445810422024993e-06
1.424229792387280538e-06
1.149892430589856019e-06
1.173384410492490630e-06
1.272726859444651670e-06
1.434050740800405469e-06
1.320820856998105270e-06
1.039087914314019809e-06
1.264638120457365535e-06
1.219980346665326838e-06
1.331629472274641603e-06
1.364933020726730741e-06
1.323284166911412797e-06
1.227712269900689360e-06
1.217777970734572314e-06
1.372979855867788967e-06
1.464334356665285944e-06
1.370406209538486174e-06
1.251911308022491026e-06
1.257900108404359370e-06
1.225671023458175998e-06
1.261815064162652713e-06
1.419777609128463698e-06
1.388736963305811797e-06
1.146962534788901104e-06
1.188836793004345818e-06
1.494178808048756507e-06
1.438201776908706407e-06
1.223510405561328273e-06
1.246167373702822565e-06
1.091485698288609166e-06
1.497510737624383290e-06
1.364052662188025654e-06
1.278478694204027709e-06
1.139246642687404330e-06
1.199418553088715235e-06
1.439043358718530908e-06
1.235078364480651295e-06
1.352006644059660233e-06
1.196281489416272824e-06
1.107739126035194905e-06
1.134140695385615981e-06
1.209801612165970354e-06
1.186875296024394741e-06
1.403163093878545348e-06
1.384225405682382827e-06
1.275872023711141951e-06
1.216872977887865087e-06
1.131251729866781302e-06
1.308317271346707637e-06
1.402584807482004281e-06
1.228350618198015315e-06
1.314617664470254268e-06
1.289586568018033212e-06
1.228009658290471764e-06
9.434619059745632146e-07
1.388472676911582692e-06
1.295885594846806575e-06
1.094128923047627420e-06
1.185291324703940475e-06
1.224543364720036933e-06
1.302920577775832044e-06
1.231923871515076178e-06
1.218406931668703819e-06
1.613698236892590466e-06
1.144833950935173869e-06
1.107871305778960724e-06
1.332936216701990474e-06
1.275557269374061834e-06
1.276540214613351542e-06
1.179488089145054378e-06
1.161973670964635048e-06
1.306099937433522009e-06
1.330489466271065492e-06
1.389707207208158136e-06
1.135709045447920419e-06
1.130394898194636027e-06
1.263191397410963296e-06
1.411473455038302524e-06
1.326673967550887410e-06
1.171360366519820870e-06
1.170948714620081884e-06
1.283824629444424397e-06
1.277349651231298484e-06
1.197769831215482780e-06
1.171224274816172223e-06
1.316127814089640946e-06
1.185373274215903137e-06
1.116117668433067964e-06
1.148520666386463756e-06
1.377111983168105621e-06
1.264642479292019022e-06
1.249291938949432270e-06
1.012011232142477602e-06
1.315814163566360522e-06
1.309241727790616907e-06
1.596503346656585580e-06
1.088885221297052900e-06
1.274545844708746666e-06
1.196475346724391930e-06
1.386983322379591968e-06
1.372616410641655428e-06
1.218589749924851185e-06
1.267259555843515068e-06
1.126534900848583762e-06
1.003776023709922432e-06
1.206368394983302886e-06
1.429125115647499461e-06
1.290867506463866023e-06
1.150369547501197437e-06
1.172216955044415830e-06
1.253343875667691243e-06
1.282251554000358940e-06
1.427828417557448022e-06
1.509337858719786999e-06
1.205435682589029868e-06
1.323096284417470090e-06
1.357552491123607161e-06
1.349412921391486895e-06
1.331351037450699266e-06
1.240202431234299509e-06
1.129875918889477628e-06
1.408576723735722761e-06
1.415037167623483844e-06
1.282406521288776864e-06
1.084015735240777085e-06
1.230882040706528190e-06
1.284476641183885575e-06
1.282024474623301071e-06
1.519946360354479139e-06
1.448165558235342979e-06
1.198492445103162322e-06
1.163160823717576470e-06
1.180229587291852625e-06
1.363065637098354175e-06
1.535390284349620748e-06
1.347440340275476730e-06
1.291050858839378998e-06
1.374195573073869365e-06
1.349950327208796702e-06
1.370744115608456485e-06
1.204854400353613881e-06
1.062883322008631986e-06
1.114249703805788210e-06
1.376673945126298246e-06
1.302321846154200499e-06
1.179648568146011644e-06
1.364604731793636559e-06
1.202596425286671509e-06
1.260784800520389500e-06
1.321981208762161117e-06
1.372177112574355838e-06
1.216074888965151115e-06
1.089449885939323021e-06
1.119633639314042752e-06
1.353216558714875847e-06
1.326062523566976324e-06
1.330012895615531063e-06
1.067036040987666873e-06
1.200384392278940341e-06
1.339407714621920038e-06
1.275745532755266579e-06
1.434527915706946961e-06
1.173772194123416961e-06
1.100640570594338975e-06
1.270579083817478692e-06
1.510488704450249553e-06
1.337743960804290108e-06
1.177145462492529203e-06
1.306144525976873064e-06
1.341986595915933146e-06
1.216996471362837113e-06
1.149714566660108746e-06
1.099192218938093578e-06
1.410501281415482974e-06
1.325888936336867731e-06
1.171434878769128377e-06
1.125589269924289133e-06
1.373826315233525648e-06
1.362504695541014200e-06
1.220703541116565973e-06
1.130059049305890478e-06
1.396395652059908510e-06
1.374086972023574057e-06
1.160307081529149203e-06
1.292975955493868984e-06
1.250358276143697843e-06
1.413650993574518849e-06
1.531810899560145570e-06
1.362249802226456676e-06
1.341310487517111501e-06
1.573481423241818489e-06
1.129211669383969992e-06
1.252675491370389528e-06
1.457734368049272946e-06
1.316877887610718148e-06
1.156763259675792220e-06
1.225677825544614126e-06
1.230088390200611397e-06
1.347575158119804882e-06
1.322195634942222787e-06
1.210635385325503149e-06
1.173622140979833027e-06
1.439815077497002002e-06
1.554974604447093985e-06
1.297087700656974528e-06
1.236864540066017619e-06
1.223832610696539716e-06
1.203243783897279449e-06
1.284531671412900135e-06
1.307397188931272635e-06
1.400122453657727619e-06
1.448534408606865507e-06
1.087245566200829666e-06
1.233378379768574767e-06
1.273813678913007970e-06
1.572053627708568021e-06
1.420633137568800022e-06
1.269957337251600178e-06
1.266967569499121673e-06
1.064139602440170184e-06
1.347962049981407024e-06
1.146107181556336138e-06
1.089692008883039197e-06
1.345359523068069568e-06
1.452456507442480859e-06
1.278307971892488456e-06
1.153567275167953333e-06
1.142587752786484399e-06
1.394488485939616823e-06
1.280427868864498906e-06
1.327511559409973367e-06
1.149845210327565512e-06
1.559480121452345506e-06
1.248581467768148347e-06
1.259807524395024159e-06
1.195350712212320622e-06
1.368617329742716586e-06
1.490467009924635811e-06
1.401684664043277792e-06
1.145949204026076848e-06
1.264731082698558478e-06
1.320386747129025973e-06
1.304633462303602246e-06
1.243147267794637445e-06
1.105716240705284415e-06
1.115743949772752011e-06
1.294667720706085262e-06
1.124579466588326901e-06
1.076389518202918671e-06
1.250160441615409965e-06
1.338770918235159386e-06
1.345447065752129485e-06
1.334157952434445117e-06
1.391991865011260034e-06
1.288507922201717053e-06
1.112492459836285162e-06
1.177588319335962743e-06
1.399472872998162432e-06
1.273939048459749762e-06
1.282717481169064185e-06
1.165401135253179717e-06
9.441731409386913074e-07
1.448142549254693097e-06
1.505821443393162214e-06
1.088429905235398065e-06
1.187291068649297389e-06
1.326483916905443302e-06
1.408074535376104196e-06
1.351089775804973461e-06
1.122248719760141177e-06
1.233018726608599151e-06
1.213752663204402018e-06
1.331144146670588042e-06
1.412754127082751502e-06
1.338682816912033109e-06
1.283014651924556297e-06
1.274203839121150346e-06
1.192198478315425732e-06
1.206233313755878460e-06
1.253573349354022867e-06
1.375056739845481668e-06
1.315600714853090501e-06
1.417843884100775483e-06
1.230513097192391341e-06
1.224344968791998397e-06
1.323829020592726930e-06
1.461265132409966731e-06
1.100587276102379075e-06
1.271499348924715174e-06
1.265144322202901044e-06
1.355599011866914612e-06
1.411148619446496054e-06
1.213452142401508802e-06
1.200932826373483801e-06
1.004352383896525750e-06
1.624103260742873952e-06
1.294786465651236838e-06
1.198053994006235215e-06
1.447474845750427175e-06
1.265125644115490641e-06
1.164162162358553253e-06
1.255451003569615384e-06
1.162261928247950299e-06
1.310394832557508061e-06
1.436738707953159672e-06
1.492580471950508931e-06
1.192523299290125874e-06
1.237321878783596692e-06
1.373460553143402902e-06
1.527887371760233297e-06
1.117397087105429352e-06
1.215229743049486025e-06
1.379112525860543407e-06
1.295951240144914955e-06
1.109319745628670035e-06
1.248163157053066871e-06
1.202875027252689511e-06
1.317711931171465596e-06
1.064548472408377245e-06
1.160486583097026436e-06
1.351115120624377285e-06
1.296171310594187345e-06
1.110842180168948272e-06
1.137116346488190709e-06
1.305098001069214935e-06
1.238561861460772710e-06
1.354834950076433579e-06
1.664067035072413524e-06
1.232610363102338591e-06
1.145855810480934203e-06
1.314746918460180117e-06
1.370388346834920072e-06
1.076614966586886119e-06
1.258407829229130264e-06
1.268932126030461744e-06
1.504508519223500911e-06
1.449020076252214859e-06
1.292506077390345004e-06
1.321471626565731779e-06
1.050779649652959210e-06
1.238321642044204970e-06
1.113647082837303423e-06
1.223719183531540971e-06
1.490645563545032213e-06
1.347666055813737386e-06
1.193494612254055915e-06
1.281079752483560450e-06
1.622841516053042036e-06
1.478519294680846791e-06
1.182418308965371099e-06
1.535002630658284710e-06
1.474264060414392530e-06
1.348812940496592802e-06
1.195934068701940414e-06
1.169403678284004619e-06
1.289993977597316199e-06
1.544385355844211599e-06
1.215784869462926301e-06
1.003415525852237635e-06
1.191666060388891544e-06
1.136587341047262934e-06
1.206620573872100677e-06
1.170628591726166129e-06
1.433516077241071186e-06
1.408437193363213087e-06
1.293891149460911906e-06
1.349931990065424597e-06
1.160786137957019087e-06
1.598715843913332777e-06
1.394669361496428109e-06
1.208001192208256391e-06
1.193713751059679097e-06
1.216395116177437287e-06
1.464277617823831568e-06
1.358028816131115285e-06
1.250528879790374885e-06
1.262408268021912640e-06
1.152682094574477274e-06
1.146236870729530049e-06
1.243225529530444408e-06
1.335628780840746240e-06
1.101139685788755381e-06
1.310328550243650075e-06
1.240803498745421846e-06
1.198721399444623551e-06
1.202979838246025257e-06
1.253568160187802097e-06
1.556789285935737897e-06
1.288850018912893163e-06
1.132601384628419152e-06
1.148114200800029095e-06
1.517030112831976733e-06
1.290853090385542379e-06
1.255824187260658375e-06
1.296171407759094954e-06
1.140987126577237553e-06
1.182809229436239382e-06
1.274984974973425499e-06
1.355796589555351029e-06
1.337000194301333596e-06
1.484959820166756977e-06
1.201350933350336470e-06
1.287677142759998256e-06
1.121266723669920957e-06
1.161357808755109392e-06
1.416649509905792088e-06
1.323873732592402502e-06
1.343806472046275026e-06
1.105949983453745827e-06
1.430579390203182770e-06
1.401789382766811399e-06
1.188406253436570150e-06
1.125944358216945958e-06
1.208590843788111521e-06
1.465595186895903892e-06
1.268545371882787853e-06
1.152385125012483898e-06
1.273721464620445615e-06
1.255581195717822483e-06
1.419385721228125556e-06
1.556286889898168127e-06
1.190985318942445500e-06
1.238267713381814658e-06
1.060004064589010129e-06
1.023688392925967597e-06
1.229332740014971516e-06
1.272768970605306688e-06
1.259457229063330254e-06
1.579163219529349790e-06
1.240406982500446903e-06
1.036337738461057213e-06
1.366945187961375095e-06
1.463876140763581703e-06
1.387271762075374173e-06
1.157110588801641701e-06
1.287868569233748907e-06
1.283490269228630323e-06
1.361784634589734391e-06
1.476772391987282015e-06
1.226373960319945104e-06
1.109960526623089423e-06
1.460342513195192783e-06
1.373599018512508828e-06
1.353446141703399046e-06
1.199162000418259683e-06
1.234284056439909269e-06
1.167707243483948856e-06
1.218746398360090052e-06
1.232975185101167468e-06
1.328451161710376295e-06
1.439675126290717735e-06
1.368346619723636670e-06
1.121436552218823763e-06
1.224972249222660340e-06
1.397960642525954473e-06
1.428019235092000407e-06
1.346283705031136510e-06
1.247690127632637058e-06
1.258240982226074455e-06
1.258557187748602135e-06
1.470911320171153758e-06
1.259429663207657635e-06
1.205129466638061092e-06
1.080383124630688285e-06
1.300863568692532115e-06
1.330976262402333150e-06
1.139761810030935587e-06
1.423108176737779240e-06
1.204269540720476162e-06
1.236315088771410711e-06
1.042317345173082166e-06
1.572602511544113732e-06
1.394289183635964382e-06
1.333470980720008707e-06
1.124162849885260802e-06
1.227375498669150255e-06
1.374231361145760875e-06
1.331460662664720651e-06
1.385353805190886008e-06
1.188592265710336800e-06
1.158604052471161752e-06
1.313056295614315238e-06
1.339803976102377580e-06
1.138490654546799964e-06
1.170297264554460851e-06
1.234278636068377781e-06
1.297647346945654142e-06
1.266802628351528300e-06
1.360109098403537380e-06
1.291179482930579961e-06
1.382207055957229973e-06
1.165400304394996170e-06
1.202102528476574786e-06
1.089693552844271017e-06
1.479850421401641687e-06
1.283499996375294951e-06
1.349399747875629609e-06
1.213185355341275091e-06
1.275886228184533275e-06
1.293185394180084203e-06
1.463089645513205659e-06
1.136670243047726079e-06
1.214437174059481545e-06
1.273515310534601475e-06
1.299983410800816083e-06
1.410786896672775836e-06
1.234845366800660271e-06
1.260780112768268333e-06
1.258243468838888940e-06
1.383623476765337686e-06
1.349016689001453084e-06
1.337475071964073415e-06
1.263320363915171565e-06
1.208373990373758193e-06
1.158535780789831953e-06
1.168479175164375707e-06
1.270549733552826048e-06
1.338717319217615498e-06
1.488578210267376721e-06
1.203411793834527452e-06
1.156569948605542063e-06
1.309830662750966695e-06
1.393252404334174612e-06
1.133006341725268382e-06
1.189730450818477499e-06
1.196321303478697464e-06
1.478725902888807200e-06
1.220246035203368165e-06
1.212827948985742437e-06
1.358332368969954026e-06
1.611693696779746094e-06
1.162723963244235281e-06
1.372382473515479723e-06
1.075053853533777593e-06
1.233776732401810862e-06
1.207971006445464136e-06
1.332299891719694104e-06
1.403688382432122539e-06
1.306110583119261218e-06
1.312470914009551229e-06
1.252134647697055863e-06
1.442154712699239859e-06
1.472013117946119379e-06
1.281702365004138549e-06
1.261118221013590020e-06
1.163794668835917453e-06
1.059419736602619461e-06
1.306792215592463077e-06
1.635406385377492747e-06
1.257448525207778423e-06
1.045774803442314443e-06
1.159052975025719346e-06
1.274779069711566169e-06
1.327601874306043616e-06
1.444940360629472537e-06
1.159162911616713555e-06
1.087041695059590124e-06
1.460727303225119217e-06
1.310557311444170145e-06
1.118110414549384316e-06
1.286982578212625422e-06
1.249110645260856293e-06
1.131237626986839098e-06
1.137683649691458415e-06
1.612183015402726585e-06
1.254005600075357309e-06
1.089622764864512643e-06
1.124719568263154552e-06
1.317831512890366380e-06
1.315303638877761602e-06
1.565235708082867140e-06
1.409161238761178102e-06
1.462517038335467344e-06
1.308507657782876111e-06
1.046759275846311118e-06
1.300929752055332047e-06
1.358830096258088957e-06
1.380438035488767191e-06
1.343200699297892810e-06
1.231541996986341349e-06
1.030201601819705002e-06
1.096167355934139740e-06
1.331593200809031015e-06
1.341593122646543247e-06
1.176236522009700631e-06
1.167974467903188797e-06
1.210069234681743424e-06
1.366870208201989535e-06
1.256030242927263838e-06
1.241012580175232861e-06
1.173975018246680890e-06
1.353627358187870826e-06
1.312533742732930551e-06
1.512615700267775828e-06
1.426726044668809659e-06
1.336243728880425345e-06
1.345421938133023800e-06
1.150019360783429380e-06
1.097240541363093855e-06
1.355900788790734596e-06
1.316772311582137234e-06
1.367057599782928898e-06
1.215273120909336817e-06
1.223173328054577101e-06
1.428095287875713575e-06
1.299015337210220257e-06
1.140960720019617692e-06
1.169442246473645488e-06
1.338443316914227830e-06
1.202922386023186098e-06
1.433440386489894714e-06
1.173260216529856115e-06
1.580843277510535069e-06
1.438511793103820167e-06
1.241174757660395048e-06
1.299037551465800915e-06
9.979685418369082932e-07
1.322726572548575057e-06
1.313335786537597617e-06
1.486907835047811039e-06
1.073102396143671350e-06
1.184090895985704444e-06
1.167379480514999349e-06
1.384171132783306334e-06
1.502145661514221127e-06
1.218396223677802979e-06
1.202437921712709974e-06
1.127644830640051343e-06
1.632089436182962946e-06
1.381622208574310701e-06
1.264581354485454964e-06
1.240590389568645195e-06
1.214506335568671008e-06
1.506806867848065422e-06
1.273310956874411684e-06
1.248807056047271411e-06
1.347303015125295475e-06
1.481259406838537875e-06
1.511558814829579995e-06
1.225904971590358160e-06
1.304716396629486460e-06
1.383664802924683626e-06
1.389715522906648597e-06
1.354196158041235181e-06
1.226711696295842260e-06
1.253882324109656900e-06
1.287748831659189595e-06
1.267914988749769124e-06
1.197912306318811937e-06
1.619948627556795248e-06
1.303570596677988633e-06
1.369598361638684725e-06
1.194930164590644048e-06
1.266197533256969567e-06
1.311619090642155023e-06
1.380452510245241505e-06
1.354737353598847211e-06
1.348672328612955280e-06
1.216983963123769631e-06
1.212476624161842742e-06
1.353034368748084626e-06
1.351459894009258592e-06
1.276257095826530374e-06
1.080752017221974087e-06
1.145024483045265257e-06
1.411971876041245885e-06
1.270448396917954542e-06
1.276752926453756735e-06
1.195560703445472099e-06
1.146672989507194567e-06
1.338684256712295893e-06
1.283136172420084479e-06
1.618443937001228906e-06
1.170539413838572769e-06
1.296642422239421638e-06
1.481122131612471966e-06
1.361430065674161258e-06
1.311614890845324780e-06
1.374310575274193721e-06
1.366963700748243105e-06
1.266939202928220001e-06
1.244328332904384023e-06
1.220856594202415590e-06
1.323178278590851082e-06
1.326807752034523268e-06
1.119087026850880550e-06
1.147410093544705390e-06
1.249136856192981532e-06
1.325449748261439988e-06
1.404954731974091595e-06
1.439524434706779173e-06
1.245286477135313865e-06
1.235077773326462791e-06
1.302317413841708462e-06
1.638546898892669324e-06
1.367490043551002154e-06
1.196214241436082811e-06
1.242296068188743588e-06
1.300391069755551880e-06
1.460652446397995079e-06
1.154155516232783176e-06
1.412722458556080078e-06
1.371110540296679643e-06
1.330037323003169327e-06
1.232796920247617931e-06
1.062016705514923070e-06
1.260109254809613486e-06
1.418979437203270054e-06
1.305366803078324281e-06
1.152898490661068381e-06
1.203791307034514830e-06
1.275350186490536720e-06
1.238925273133079671e-06
1.391845406020672816e-06
1.615879623416101279e-06
1.256954801425904088e-06
1.232998100665657974e-06
1.579346423630212642e-06
1.532859085553203245e-06
1.265968380499575903e-06
1.263892374243689214e-06
1.191745124066280495e-06
1.233590148258078423e-06
1.061509852214338802e-06
1.324258762278501558e-06
1.505335058804699642e-06
1.369879421623706145e-06
1.175242800450638918e-06
1.230390620467934002e-06
1.230749766659766911e-06
1.391808478018608472e-06
1.504332663664596817e-06
1.193173504890154430e-06
1.184354294863040440e-06
1.331760508057289707e-06
1.179105792636631561e-06
1.265551817699686934e-06
1.195128905255092582e-06
1.323778666464316400e-06
1.518234107647524162e-06
1.203356297663715917e-06
1.266638148891844137e-06
9.960913731625113430e-07
1.437159231530779435e-06
1.309985121682872115e-06
1.377763826355141042e-06
1.485020812546678532e-06
1.571748097486878993e-06
1.243613900295752210e-06
1.276182704109901570e-06
1.012187315057968461e-06
1.326839550711650451e-06
1.630514554994547715e-06
1.333301107204390850e-06
1.156829165123839716e-06
1.236292459210440665e-06
1.405584855357481097e-06
1.222976513542357539e-06
1.364582116341894850e-06
1.199280688041009031e-06
1.142328332422301322e-06
1.300625744917320469e-06
1.240256962815862089e-06
1.174987353792899437e-06
1.184377939172587790e-06
1.384582936182455963e-06
1.318214599309764875e-06
1.000008621632787603e-06
1.322138611347697704e-06
1.373845589479037972e-06
1.243217277899756414e-06
1.191414126926372972e-06
1.068150379689350026e-06
1.348620820057494716e-06
1.261503517840074002e-06
1.284562133931087962e-06
1.074477997193545715e-06
1.164484532549726538e-06
1.284654379118542005e-06
1.361049899351110224e-06
1.514209136334790984e-06
1.146139613089524120e-06
1.065773174434303352e-06
1.215074918161206556e-06
1.298794216227612939e-06
1.383428824844068242e-06
9.425926508949348867e-07
1.250297061282526938e-06
1.216219056649501037e-06
1.071250382862739079e-06
1.095006423551816558e-06
1.285058627846671836e-06
1.377829173088902263e-06
1.044471903906883610e-06
1.091502554988759559e-06
1.366256235881349542e-06
1.285035994221649780e-06
1.366548905419086296e-06
1.299837251212841756e-06
1.154169095536428206e-06
1.529233744054018380e-06
1.446293379857691630e-06
1.157604668954614531e-06
1.175357190009503639e-06
1.188354353002964653e-06
1.349693558054316729e-06
1.447174937000484208e-06
1.210565658834877646e-06
1.195878648947417262e-06
1.160210031693739668e-06
1.044064275250519089e-06
1.141613469687064264e-06
1.368266950410846406e-06
1.347091453671984064e-06
1.328691559324946256e-06
1.055161713778248790e-06
1.199335112917741135e-06
1.294881211654637047e-06
1.281834193278192514e-06
1.352653181020623853e-06
1.390017025071134737e-06
1.266847499174198809e-06
1.208526723000385195e-06
1.397546480974557153e-06
1.436348642180842981e-06
1.272781092806269629e-06
1.285904722560810373e-06
1.192657824316532330e-06
1.306210105220930550e-06
1.518434527133852735e-06
1.248480791803563723e-06
1.124410850693391290e-06
1.167747692024268609e-06
1.120001050331693517e-06
1.248005827196050877e-06
1.244904995242322307e-06
1.332723548302978436e-06
1.713388989728419063e-06
1.195634484611657506e-06
1.209255745799854787e-06
1.050391596393889740e-06
1.494117294191043059e-06
1.368793523243847906e-06
1.296114466342560590e-06
1.177261920279532385e-06
1.232286761744950212e-06
1.292945112693553010e-06
1.303365478961388124e-06
1.211843330688168993e-06
1.182015580113509032e-06
1.141967318129382231e-06
1.337296929787123016e-06
1.349345959219717066e-06
1.063932751282998365e-06
9.948651890380328703e-07
1.436985503257602410e-06
1.138189831131750918e-06
1.304484434725543894e-06
1.154341325392105091e-06
1.359331239395532177e-06
1.456760137693594302e-06
1.229847893179629057e-06
1.168665180338831000e-06
1.581927645039106941e-06
1.277787177795233321e-06
1.225889975413381238e-06
1.135806744128280068e-06
1.250302049580817732e-06
1.235069237494896092e-06
1.548428926124380195e-06
1.157063002500846926e-06
1.005249313233885888e-06
1.202256761451593786e-06
1.271897276411478354e-06
1.108118654698308719e-06
1.407275623716747465e-06
1.286788266895746348e-06
1.050709994103243147e-06
1.114716558119511505e-06
1.057576121818903336e-06
1.088156073459220414e-06
1.253958929438314953e-06
1.304733543764049975e-06
1.278299159186023601e-06
1.609685234986057980e-06
1.200668952876480498e-06
1.175979063022815694e-06
1.336894250750769943e-06
1.423581996134754611e-06
1.450326818359663307e-06
1.149056263451013483e-06
1.230194104395021323e-06
1.205505473990279760e-06
1.420853310184534873e-06
1.414153710569868896e-06
1.368864809569311455e-06
1.379109525250261168e-06
1.133957767489232331e-06
1.161623571211293089e-06
1.200454360388187596e-06
1.403198443270075114e-06
1.349933077419758622e-06
1.089444068120233024e-06
1.193147516595579626e-06
1.287791981133430564e-06
1.237373532961216293e-06
1.241694025588905731e-06
1.296004070505012377e-06
1.515570978543093715e-06
1.519351624181012500e-06
1.227543025127546652e-06
1.025758503233567764e-06
1.500472291808266831e-06
1.371735096760878022e-06
1.281317665316503325e-06
1.170884500611913309e-06
1.174056399104040878e-06
1.131313773999430439e-06
1.254408562939526767e-06
1.163006828854170382e-06
1.292165923071988103e-06
1.380428682197172982e-06
1.403877002086760552e-06
1.241998999660756637e-06
1.272891175777750508e-06
1.362136481923456217e-06
1.343511242359192630e-06
1.279711282691949110e-06
1.253226879846428709e-06
1.181344264411267396e-06
1.287746079672825737e-06
1.586191169506535440e-06
1.262793933373513068e-06
1.172206478251637575e-06
1.133134206267719368e-06
1.304394984988259991e-06
1.188129496613529638e-06
1.389562267068728281e-06
1.334556969618439054e-06
1.348489356137515184e-06
1.145900251271389219e-06
1.460307859494736110e-06
1.457192180780310052e-06
1.145372495789544758e-06
1.261288724781983216e-06
1.395478936695887175e-06
1.283879818998995483e-06
1.391437539033391565e-06
1.280667579018209195e-06
1.145497250412331467e-06
1.058639493827005193e-06
1.348791518474797592e-06
1.295982074599735691e-06
1.045841399843592874e-06
1.143403188222171930e-06
1.265501693887686820e-06
1.268684889065003799e-06
1.402361587388316331e-06
1.364339352368464446e-06
1.283742609066100301e-06
1.602370132009749743e-06
1.244722132193870115e-06
1.103660134580916299e-06
1.118521302753388953e-06
1.468352727751483748e-06
1.281525267998521188e-06
1.304362801374173004e-06
1.267746293288479364e-06
1.147995308692492616e-06
1.337908354924945531e-06
1.331871490053716533e-06
1.365713559988386717e-06
1.181253427784396724e-06
1.025624807073661230e-06
1.251148844000766054e-06
1.485417651672874475e-06
1.291960773319987429e-06
1.124464098993982987e-06
1.237289510753734868e-06
1.229406640220508494e-06
1.303976867696391921e-06
1.373667677765175930e-06
1.462786271481930894e-06
1.371598794605408745e-06
1.083054314240665915e-06
1.040711704531856587e-06
1.278896138235838024e-06
1.355731530673495400e-06
1.305627137525288028e-06
1.438146384838829813e-06
1.246826769843600433e-06
1.160744713781786899e-06
1.330525584679193857e-06
1.377723699856662285e-06
1.255042425388228342e-06
1.263821584471564443e-06
1.064360230124968353e-06
1.134594214406930176e-06
1.314817682579467600e-06
1.332762717564066914e-06
1.073152978514906300e-06
1.216142576515146337e-06
1.317959033884681302e-06
1.235243361757914180e-06
1.156404955778716703e-06
1.304168488745337304e-06
1.549467723529559985e-06
1.198951703507721405e-06
1.081700109724997975e-06
1.181210955346727058e-06
1.464981560518764667e-06
1.327644274129945324e-06
1.313485601209675987e-06
1.098538836965374463e-06
1.183118067754024016e-06
1.387205914391727638e-06
1.380940667346098946e-06
1.421124921265858568e-06
1.167674549811798028e-06
1.173012089372538167e-06
1.184803296030552439e-06
1.437731654765566233e-06
1.327356737398040334e-06
1.088013187748344166e-06
1.213516819706269867e-06
1.276468375733238229e-06
1.282793330977153484e-06
1.148092624043423774e-06
1.120001417264948970e-06
1.352439371069375758e-06
1.334841746246386573e-06
1.100623933198880574e-06
9.960568323958318200e-07
1.250149311603568517e-06
1.270207277715003763e-06
1.314802214381436173e-06
1.345776492592018383e-06
1.316967041973484623e-06
1.035750616330584576e-06
1.275240515032611819e-06
1.413193075771210635e-06
1.525317616765796331e-06
1.142220684850205416e-06
1.262836739632044524e-06
1.550196744127092680e-06
1.415349498342536958e-06
1.222672553947856363e-06
1.274333715201230073e-06
1.113345182969109446e-06
1.136036130659810069e-06
1.101990552155527981e-06
1.144894067995098766e-06
1.493687893112632946e-06
1.296960047023294518e-06
1.236779419883052545e-06
1.265129364997432934e-06
1.307606232051263212e-06
1.437155528828775804e-06
1.521308307465753462e-06
1.185266772814629135e-06
1.409645318514690977e-06
1.349751927435873813e-06
1.184407520539159559e-06
1.265809267770501262e-06
1.166821878497076360e-06
1.263186806305030148e-06
1.434037016056471869e-06
1.249314207328554785e-06
1.114361638150087720e-06
1.041595578467527415e-06
1.185507454889472747e-06
1.216420765035192265e-06
1.556649137353246725e-06
1.338169520389043004e-06
1.317292137734302002e-06
1.223684131757442868e-06
1.387340474041371531e-06
1.329471641525352786e-06
1.230728800950127654e-06
1.513380876986506945e-06
1.202013490860173719e-06
1.129549990301544381e-06
1.121483298946503368e-06
1.435213006337708222e-06
1.315403595777521563e-06
1.305242306678718985e-06
1.206363959995236421e-06
1.118473237250641256e-06
1.313324680894939165e-06
1.331340958024558228e-06
1.123294460436808248e-06
1.455653391037521555e-06
1.326502668370312710e-06
1.231729004981126276e-06
1.401784719950723983e-06
1.341753851247833583e-06
1.192119566002620744e-06
1.166030025145995344e-06
1.227317842027201631e-06
1.205711104396453555e-06
1.359153603963694780e-06
1.129855091477721091e-06
1.117781065159429117e-06
1.301305360301992339e-06
1.337747441602303694e-06
1.311258707468129565e-06
1.408986755275926171e-06
1.234168028874927476e-06
1.020778597812050280e-06
1.329934397520968580e-06
1.114911578301749111e-06
1.481814384702691572e-06
1.280004499505502846e-06
1.268873858081056472e-06
1.237743165548533889e-06
1.166628211627409302e-06
1.405707375964760481e-06
1.340266676610197806e-06
1.493668961780548005e-06
1.103932591978793251e-06
1.198484985368503060e-06
1.251015701556798442e-06
1.558879889487395054e-06
1.288019889339865653e-06
1.166764606709916663e-06
1.220773013894937176e-06
1.268104553391175358e-06
1.323511150550732259e-06
1.472958916672099853e-06
1.476753872252759663e-06
1.180447730583419019e-06
1.245372230664719511e-06
1.054480065404106317e-06
1.167716872897649372e-06
1.322331984061765437e-06
1.270386202466301030e-06
1.306292784080478897e-06
1.374109108745611453e-06
1.212037420474772982e-06
1.145448498382659873e-06
1.286407471747414012e-06
1.470596949269663312e-06
1.364869103272526386e-06
1.209964259673892750e-06
1.197555014695826611e-06
1.229249240826371188e-06
1.426897692443507872e-06
1.415505845345504279e-06
1.284641620368120884e-06
1.140984234706929195e-06
1.435829342355680155e-06
1.429002087193437812e-06
1.392004850632568428e-06
1.114972411339168822e-06
1.345760533767592033e-06
1.138460883531431507e-06
1.230591164544849546e-06
1.300023440541442255e-06
1.334377654004320002e-06
1.477639194541491146e-06
1.514093400431312167e-06
1.220811337689608873e-06
1.205732509469345648e-06
1.520546557826747883e-06
1.448113927676730587e-06
1.354848596004264839e-06
1.294587661373799120e-06
1.158356272499499333e-06
9.990252399408800229e-07
1.385673145937789159e-06
1.365268837771580747e-06
1.277009786879599818e-06
1.114769184034130267e-06
1.086086737081333932e-06
1.337260613889019575e-06
1.049245189334863643e-06
1.629419226881140727e-06
1.164054579100226323e-06
1.181806459897130379e-06
1.182214362055467837e-06
1.353610284246121814e-06
1.470281988794066090e-06
1.331880124796132632e-06
1.188452280035013209e-06
1.239586326414200922e-06
1.281032517890219771e-06
1.287348735593502659e-06
1.208352358021132752e-06
1.117197165273228964e-06
1.334187626133176954e-06
1.435906945327502517e-06
1.090113936146300903e-06
1.049645770431383597e-06
1.294951317020247050e-06
1.246452236965967390e-06
1.336936149200668682e-06
1.468932201750612277e-06
1.300002709555186714e-06
1.443897077294681217e-06
1.163719620509666493e-06
1.398518771235038561e-06
1.220640592596475606e-06
1.228283973611213837e-06
1.152799325362800715e-06
1.340851100479147492e-06
1.218972103976698678e-06
1.230007546424122029e-06
1.426506670648793856e-06
1.328666459173535734e-06
1.143654322292025258e-06
1.302384654872651076e-06
1.218095082473099859e-06
1.418585434009455594e-06
1.493327788089852158e-06
1.444035306971342045e-06
1.386376178510613652e-06
1.307368439334348827e-06
1.200904860656924093e-06
1.183490310654379940e-06
1.279869340837823343e-06
1.291398756420757870e-06
1.463601949403981385e-06
1.140909569900623916e-06
1.301867541090100877e-06
1.435497437490695269e-06
1.077041690044590624e-06
1.175069723530337017e-06
1.178718409159492501e-06
1.335750082479728081e-06
1.413673116452107653e-06
1.252477550017539891e-06
1.303333640888373377e-06
1.085179250829125519e-06
1.470577320623229316e-06
1.399268891294620515e-06
1.206505327545445131e-06
1.367610890230421709e-06
1.320492730233425331e-06
1.164721495997782776e-06
1.293790996950773896e-06
1.172833531512872730e-06
1.450327478545634538e-06
1.513026501190110248e-06
1.238704677770297711e-06
1.268089218545850097e-06
1.136565835034477945e-06
1.396444219723025928e-06
1.266138046560341927e-06
1.146781681883131280e-06
1.231175631852107069e-06
1.441627657909258472e-06
1.435945916016573046e-06
1.310451062053776136e-06
1.423608600006111638e-06
1.265153504805929272e-06
1.311721862163473733e-06
1.452338926332227090e-06
1.542770748469921654e-06
1.310020556573300677e-06
1.232946720912755450e-06
1.242044982131113543e-06
1.198305658138329388e-06
1.294124994726775293e-06
1.551478421699100400e-06
1.255283406977622156e-06
1.042413981468803689e-06
1.157145150893480625e-06
1.333535227499692700e-06
1.302780385924899353e-06
1.293284137184850034e-06
1.190035365984050799e-06
1.103483603766105751e-06
1.368234205180598407e-06
1.357027861520770724e-06
1.391448689669504203e-06
1.492275651666229919e-06
1.273407336928402628e-06
1.148883759995991505e-06
1.202725069861689294e-06
1.587921349881905417e-06
1.256446852611314339e-06
1.351483971276753491e-06
1.171989527718997544e-06
1.112313577383587702e-06
1.118754838656930652e-06
1.348413941456684528e-06
1.247707186627789007e-06
1.150223362100991373e-06
1.125154061304431001e-06
1.264277080801832925e-06
1.272582329027472305e-06
1.320268378025052848e-06
1.469475295063325380e-06
1.212801491690930562e-06
1.232124108661944837e-06
1.242927863273286449e-06
1.397684292871977814e-06
