3.534981571625415487e-04
3.243811555191584745e-04
2.666423536573710607e-04
4.207352001341579332e-04
3.338753928702283447e-04
2.554741719987672259e-04
3.746008587448014493e-04
3.528792255111864464e-04
7.171635165922377823e-04
2.822476977923323894e-04
3.506061458124494056e-04
3.360576256631135606e-04
4.455087903471115999e-04
4.060094529925341983e-04
3.181438578026946052e-04
2.967338051873722143e-04
2.300677342230088122e-04
1.793741966305482634e-04
4.884091735638296282e-04
3.459416268415815171e-04
1.893845649987510875e-04
1.849736306546530989e-04
3.631374593205244079e-04
3.697541001340822571e-04
4.448650953811519957e-04
4.834668411739105240e-04
5.122139097895609316e-04
6.439175703994333422e-04
2.989142256381711838e-04
1.232612450505654763e-04
2.711119662411657326e-04
4.451670142505211210e-04
3.676710040044545071e-04
3.451800464400250012e-04
1.637224593820499395e-04
2.243242337457223786e-04
3.377742789741470012e-04
3.831899335751701662e-04
6.535879719360762879e-04
1.324695690881820640e-04
3.109775680884899738e-04
2.913879600142128129e-04
5.212374526645328346e-04
4.776266635557770948e-04
2.037961281650995575e-04
4.098006839462116097e-04
3.512915897279561875e-04
3.979480221864885054e-04
2.523915100676641884e-04
4.003316896645527068e-04
1.534206006243356182e-04
2.595895963038419817e-04
3.174020748708621087e-04
4.746863941156378996e-04
4.495295259313740249e-04
2.816613527786492824e-04
3.007471605784858642e-04
4.285915716137940891e-04
3.937900927998522573e-04
2.013897424607671621e-04
2.740514331351316386e-04
2.974461075928321431e-04
3.943203191304431874e-04
4.279985817673976202e-04
2.664852723264546342e-04
1.390253916832740085e-04
3.547334956211387275e-04
3.546288371053999246e-04
2.511270757787785121e-04
4.017398244603170442e-04
3.731603923227305481e-04
3.254144685864837953e-04
2.830186113066644749e-04
4.393905560570833058e-04
5.576503670281839162e-04
3.962039471257111124e-04
1.858375654437466242e-04
4.595300801078422209e-04
1.773472179905982097e-04
2.588919540269343550e-04
4.944653217519500918e-04
3.976651367289919066e-04
3.373932263516244150e-04
3.135888208478434798e-04
4.163041806599792629e-04
4.367410313430851215e-04
3.426061052659415450e-04
3.944223984644890102e-04
5.938713173576510565e-04
3.624101354172305648e-04
2.062751724241096711e-04
5.079831003660814854e-04
5.000196446693527157e-04
2.922420746320364025e-04
4.851349576179963684e-04
2.557286544389476292e-04
2.510720073929675021e-04
2.500541323385604541e-04
6.313788069564387753e-04
3.591005826237437387e-04
1.647097089653001476e-04
4.288427545716890117e-04
4.721964883679967352e-04
1.176869500958912005e-04
1.929184536111150719e-04
2.690481497664372920e-04
3.559881021646894763e-04
6.025466625542259206e-04
4.640598642568110927e-04
3.237639077003962073e-04
3.379450817283738829e-04
2.417354804409602381e-04
2.116832618517943971e-04
4.345287535247824447e-04
3.655424051631483702e-04
1.929761971746796092e-04
1.616868500678932976e-04
3.370223383325153511e-04
4.486993306006893428e-04
5.792730418841632875e-04
2.704782019650522613e-04
1.761827368530952652e-04
2.155806562482932213e-04
4.837822045885955603e-04
2.404509159131014559e-04
4.847722659381351875e-04
1.543260571138312825e-04
3.785704614055981389e-04
3.831511621119860307e-04
4.639591127340543042e-04
4.693085707383078922e-04
2.685751039015417310e-04
4.557160810657789256e-04
1.336890809059588397e-04
1.916244394662541524e-04
4.926833225827528806e-04
2.047978595781551529e-04
3.871391465694178384e-04
2.483091745937461960e-04
1.612357139044956564e-04
3.672117459240497326e-04
4.220920712768314932e-04
2.729514477085646213e-04
1.743485851376720447e-04
4.242732885201677402e-04
3.664009368310422281e-04
3.553092283066153624e-04
4.205386105166680137e-04
5.092024844848660114e-04
3.576984313126676997e-04
2.134146683441641510e-04
4.474912968528658042e-04
6.286217532706368360e-04
3.059696002574780111e-04
3.538412406605397032e-04
5.028346906341577905e-04
6.448727230504528460e-04
2.085053477175382447e-04
3.062417752715446725e-04
6.023229347498917181e-04
4.337412878030934434e-04
2.250121658497010989e-04
3.411414561520918938e-04
5.861787084177252222e-04
3.263010458092589793e-04
4.119652517166519476e-04
2.338863404037846039e-04
2.181738739117594997e-04
4.632409803067328875e-04
3.885226420578319004e-04
3.828278579382153970e-04
1.513592089137939236e-04
3.323295204131191424e-04
1.774552680635413631e-04
3.531137938935135427e-04
3.570476707752100469e-04
5.825064695670373761e-04
5.677862828421899105e-04
2.683670855263574134e-04
2.635814053734801001e-04
3.306985199932845803e-04
6.687107675598936681e-04
4.825488399834312967e-04
4.142448015927808406e-04
3.948115243837745873e-04
2.824074578513874269e-04
3.766206333844782572e-04
6.221918683148492963e-04
2.647905113899892107e-04
3.061715575953831620e-04
5.813853981253678420e-05
3.136271666067761972e-04
3.905979026765411680e-04
4.148641091156705777e-04
1.411865474179665471e-04
3.289722038633111816e-04
1.804036225809542524e-04
1.812530084721389865e-04
4.088971635489632977e-04
5.781721153154729433e-04
2.760770691792432323e-04
2.475161235411907660e-04
5.477741200180011837e-04
4.635788848914051854e-04
2.609838509607413843e-04
2.765939627579118041e-04
1.897184206287656121e-04
2.905251222825560708e-04
3.195431309164363694e-04
4.251110851387028804e-04
1.000554970987091094e-04
3.650337332906342818e-04
2.742207384339406633e-04
4.867811142879620019e-04
4.431562595035962344e-04
3.374124245127776739e-04
2.148032131548667869e-04
2.628141575923662889e-04
3.039238721989555802e-04
1.588382968711884525e-04
2.004299192486778437e-04
3.201471428984036774e-04
4.701442836808912540e-04
3.099296715201759118e-04
2.905227444971750445e-04
1.533416164114548459e-04
2.489541232180965489e-04
1.979632142692889997e-04
5.353546867085547502e-04
3.799216296052207388e-04
1.456309107068889431e-04
2.974770463398537595e-04
1.786911477967779635e-04
4.413834384076719807e-04
4.110375533608912903e-04
3.370397337471548013e-04
2.864900599083851948e-04
3.958430470046111929e-04
3.604295838008525509e-04
2.168000690757504207e-04
2.183847260710142268e-04
4.408412677377450905e-04
3.558329657414768506e-04
4.016258506578752126e-04
2.360725366712707767e-04
1.941445424058649229e-04
4.262253283392331005e-04
3.690056091398274409e-04
5.370647093751865957e-04
3.367263345273720861e-04
6.352888635428580091e-04
3.664319825156377121e-04
3.052364954371949209e-04
4.779337868222504671e-04
3.900496105997818420e-04
2.963951005364626429e-04
3.066002746659300541e-04
3.090914625317138292e-04
1.396471637816099239e-04
3.635203360442189162e-04
2.609109756265668876e-04
3.741847285237399315e-04
4.856137914339306262e-04
2.945542091402692159e-04
2.987171910994845911e-04
3.747181873156685771e-04
3.371806423050041266e-04
3.248820259036902958e-04
6.736157763796266247e-04
3.109355955727539597e-04
2.328794191194561184e-04
1.623423670391360891e-04
4.341475598170784519e-04
2.337946670260992630e-04
3.498833757533877662e-04
4.588301764984626649e-05
3.000569769851156804e-04
6.172062068039006364e-04
3.344168210262489179e-04
2.998729106407052223e-04
1.482772930283750192e-04
2.907420619649089279e-04
2.671777683332851312e-04
3.213594011558051997e-04
5.973740082299752036e-04
6.066458145593297668e-04
3.908871424611740151e-04
2.296425025078519607e-04
2.705165278152433313e-04
2.999637602485683507e-04
3.451782372750359577e-04
3.086058171031045693e-04
2.747018739066898227e-04
2.154859389445436312e-04
1.378813216621288887e-04
4.288547057719871826e-04
4.069179155920128179e-04
2.997178584429666310e-04
1.715925978901609438e-04
3.676721745897804984e-04
1.748844228447211393e-04
3.098030749940844440e-04
2.363330860591941697e-04
2.304207119317530856e-04
2.913368600313394970e-04
1.872485529626694077e-04
1.739852280376096103e-04
3.758928378531044539e-04
4.750479631732670350e-04
4.066993388175127325e-04
1.150970624423879295e-04
1.378509043720019180e-04
3.278072462097164066e-04
2.409492396112393648e-04
2.044394161554321349e-04
3.635888745687834711e-04
3.902368233165618675e-04
3.763671596715945870e-04
4.301343353159996696e-04
2.505322088206123109e-04
2.368648132122793499e-04
5.042919464260775097e-04
6.858967015074712197e-04
2.353241568821578980e-04
4.911368070175306912e-04
3.613944205248524784e-04
2.076757962728226822e-04
3.318128598511543761e-04
3.089580397943518606e-04
5.042312214132350272e-04
1.912905508988649577e-04
3.102977127152112984e-04
5.483263287074837799e-04
5.826548671411341208e-04
2.104687687971010994e-04
1.478731422991505430e-04
4.670229492130838276e-04
3.904955012200010309e-04
2.664154498097557841e-04
1.160917454283948836e-04
2.873936084621911045e-04
4.479427158761969735e-04
4.974178859689524970e-04
3.898927480491235940e-04
4.450468867481550961e-04
2.471544961139031859e-04
1.474981090603077441e-04
3.783844273220374568e-04
3.388207278997072366e-04
4.480067465388501945e-04
1.266658080679615916e-04
3.423559209754618252e-04
1.670344479013923401e-04
2.679631173671210903e-04
3.060703246040638180e-04
5.162752849604240312e-04
1.886579968319868886e-04
2.730265803233492689e-04
7.340318841562005168e-04
3.785336735737044244e-04
5.064135663070555484e-04
2.088895174897652035e-04
2.012237484443453938e-04
3.820618006921360204e-04
4.049916049100481035e-04
4.740475817489810291e-04
4.672165486593173132e-04
3.079296912789209048e-04
4.806335287407943703e-04
5.926305204629536553e-05
2.535678529359031196e-04
4.995724195627516137e-04
3.472357648534709143e-04
5.101864967909210472e-04
3.058788295334324381e-04
2.791032453058021477e-04
3.713477634122756767e-04
4.647105688178402834e-04
3.625391249932464316e-04
2.682413831830433555e-04
3.879062097222605904e-04
2.946166232291514320e-04
3.282741870440129090e-04
5.640088135780625157e-04
3.026015001977738783e-04
3.408497532476025861e-04
5.723317678089071990e-04
4.514770082867410723e-04
2.589871588874013563e-04
3.843048980130406365e-04
2.622951560855681986e-04
1.273529249023359628e-04
3.354732517289277737e-04
3.647348848192804205e-04
6.004884601560477476e-04
3.342962521426880076e-04
3.426813431866237666e-04
4.170625190531662241e-04
3.052992388395220314e-04
3.810899871204542614e-04
1.823610417652333864e-04
2.307291275187288589e-04
6.839811255121231110e-04
3.819209477703462024e-04
3.617085485251362556e-04
1.136516615967223936e-04
3.204031645098239780e-04
3.126444215682567000e-04
2.449649004605450168e-04
3.421770820841826995e-04
3.235684286234182688e-04
3.061702979115374303e-04
4.113651625019618271e-04
4.605537942835992806e-04
2.671866907145627884e-04
2.409571561289438973e-04
5.279714141956245391e-04
3.957246439657574220e-04
2.707382910902644368e-04
2.962020212435987525e-04
2.315247835766981162e-04
2.372065395758431313e-04
2.819171853091633775e-04
5.502779428881059750e-04
1.970971629322379871e-04
3.492460744769173057e-04
2.967598931566989458e-04
3.996308214657867176e-04
7.956510229182905047e-04
5.196328861107789516e-04
4.632890099512034648e-04
1.976111876361502314e-04
1.618630460642956801e-04
3.139052633102042177e-04
3.789165277196972887e-04
3.003893078441879937e-04
2.390214174484657018e-04
2.984824181663663133e-04
2.967881899904208347e-04
3.303959863731803829e-04
5.044056623285418173e-04
1.476368239172424904e-04
2.811006881314043995e-04
1.894270140004848137e-04
3.385671523162387363e-04
3.851250877934295864e-04
2.354723591617407109e-04
4.058797711754219637e-04
3.803279154310594806e-04
5.314126641254678226e-04
2.654015176311139861e-04
2.463489971343620251e-04
1.563218864971765933e-04
1.552932515951270889e-04
4.753763260442014135e-04
4.393236377461747530e-04
1.939246257044341696e-04
1.343032492935108068e-04
1.771161561153957603e-04
3.163722045703001927e-04
3.309350062992565014e-04
2.449949669559688603e-04
1.110217762688963511e-04
3.281383765948827822e-04
3.396843150237138570e-04
6.949356941240385612e-04
1.451636408070607000e-04
3.515561806635315455e-04
4.972131504546428151e-04
2.132561328468888639e-04
3.528629658356051348e-04
3.313134211079693677e-04
4.044891452021896370e-04
3.514835713886605437e-04
2.912184311862189888e-04
5.684537469494246355e-04
4.902249939778609983e-04
1.220642111818003885e-04
2.940162022084545960e-04
3.638758034676937937e-04
4.406922988311575882e-04
3.818181315861536715e-04
4.035051441280951127e-04
2.606884403346315725e-04
2.471071384582481127e-04
4.646905541708744704e-04
4.478028789945543006e-04
3.265473613924047740e-04
3.082291858039418729e-04
1.216695122068813098e-04
3.977624417613948981e-04
2.879658178263929226e-04
4.980404328700435701e-04
5.884286503108457529e-04
3.238359403941243526e-04
2.324429153324154352e-04
4.394293177948471025e-04
5.191714842263030639e-04
3.629932339866859150e-04
3.320994047114138835e-04
2.231741004066512294e-04
3.611415924350024130e-04
3.753273096128984768e-04
3.353185446900988826e-04
3.337447352216084970e-04
3.250922530404290207e-04
3.943945463632747236e-04
4.046028957953051752e-04
3.065506485012372455e-04
2.598296386174552453e-04
2.120396845619923725e-04
4.075366474252002658e-04
3.580505309424284258e-04
2.903079882726107303e-04
5.368699684473824405e-04
3.922605665967694635e-04
2.390833517552011804e-04
2.965248497444992614e-04
4.356750411189046733e-05
3.820511363704196819e-04
3.977922883212013888e-04
3.903920124556061388e-04
3.717725052868871239e-04
8.933263455976611981e-05
5.161057721158940001e-04
3.468388098154774005e-04
3.952265456925434933e-04
1.648697286025498717e-04
3.261225604135770681e-04
4.382118771487590451e-04
4.508815995745535615e-04
2.651628991539831419e-04
3.162515918648507816e-04
1.124402185949724869e-04
3.202285663462600749e-04
3.420985667577300382e-04
3.825742238820148151e-04
3.971658544573761066e-04
1.007482336982011361e-04
2.475307244454750004e-04
3.953801428073471370e-04
2.580470019552156299e-04
2.271720558242227260e-04
2.402598878413699131e-04
6.401320226467465280e-04
5.961632886178434149e-04
4.992270688216082254e-04
2.089378592256510461e-04
3.697520526554310067e-04
4.480714279746199086e-04
4.510018555280655194e-04
3.605037691594053574e-04
5.474440845261638582e-04
2.645425238309948458e-04
1.747668445784749736e-04
4.207893603659038106e-04
2.592558263752964905e-04
5.458605839175451838e-04
2.064824988278564008e-04
2.325268427927602659e-04
2.527654856212955734e-04
4.653751532770730769e-04
3.957171471137544663e-04
1.152350723517635273e-04
2.918086463652190066e-04
4.142352361726577589e-04
4.184934026779935220e-04
4.351750015606137734e-04
1.770219690502149884e-04
2.515641706711974090e-04
3.331852682077953310e-04
4.868219674584036111e-04
4.185099486349520186e-04
3.568988554481903903e-04
3.358432903504436694e-04
3.960671429717966749e-04
4.687421030122552665e-04
2.079112449533246820e-04
3.533611809243179065e-04
5.649616095506980028e-04
3.260615893789503691e-04
5.431031447478383567e-04
4.462126391644202056e-04
4.995531381037806012e-04
2.900265333916483184e-04
2.912477799680642681e-04
1.198311071048802881e-04
4.198463720393973142e-04
2.450299225110135035e-04
4.274984759964124844e-04
2.694646528075111936e-04
3.047908095056404585e-04
2.834614398560528822e-04
3.284599352048078757e-04
4.491356997407561441e-04
4.386846970364422405e-04
3.579938601560475977e-04
2.554916959035475666e-04
2.649079461144443200e-04
4.042623892958362489e-04
4.396839398002143329e-04
4.465224893842495739e-04
3.917822022632550785e-05
2.625040566212620335e-04
4.525237978165837162e-04
2.429344776888598648e-04
3.168839364811096271e-04
1.566642521166633376e-04
1.845244527979762890e-04
2.166178849279460554e-04
4.001714964829999497e-04
2.937972696945378537e-04
1.887657884705024026e-04
2.443778715300057650e-04
3.422807048058603579e-04
1.953703792808649019e-04
2.758443594562912538e-04
4.232743365991120405e-04
3.024922946882800342e-04
2.112198614696559305e-04
1.817590107151910016e-04
2.009218361544987314e-04
4.276701240402875390e-04
4.067530851553206612e-04
1.745306086433902424e-04
2.325490556942601294e-04
3.660671162319351318e-04
3.165085560992412128e-04
4.424465728064187102e-04
2.573024963521140297e-04
1.842301003867852455e-04
2.739040759418554503e-04
4.203288435496802260e-04
4.742706413571683263e-04
1.375652592266556052e-04
2.705628625542793198e-04
3.908924228317066027e-04
2.541983365351083960e-04
2.798710553988550498e-04
2.345093352563082975e-04
4.785988459115789575e-04
3.740730375697230432e-04
2.393331330925595906e-04
2.581382623381946661e-04
3.818878171170271693e-04
3.078629107795422806e-04
3.899257144869852057e-04
4.178013005937036080e-04
4.208502285493137085e-04
2.169346701042283525e-04
3.238358014732784429e-04
5.067876792339294891e-04
1.425220251871255398e-04
3.416761554453326714e-04
3.028760939257845678e-04
4.432027122296336853e-04
4.588359111577886441e-04
2.455664421277206242e-04
4.760172551330467622e-04
6.550024224690563892e-04
2.040753344572684264e-04
2.128191425463755787e-04
2.178005522735500070e-04
5.123345588813507353e-04
3.641387063278068059e-04
3.166172164852016128e-04
4.593542228682281382e-04
2.806481241401114260e-04
3.819884727825306162e-04
3.315247586281415133e-04
3.482175563476147366e-04
1.448009925501376701e-04
2.959031787793924700e-04
4.078011930067862337e-04
3.437802967329577227e-04
2.034296257817592903e-04
1.237855333404982929e-04
2.264410515863267859e-04
3.909001142518777759e-04
2.077295092942978453e-04
3.660844879185804032e-04
3.148479769154443079e-04
2.818677026983705102e-04
1.848448837813701973e-04
4.140830028452609050e-04
2.895553748602424987e-04
2.942763734877367767e-04
3.508765970283699042e-04
3.756238863072255876e-04
3.681994822268350588e-04
6.930160873261499667e-04
2.304352929628088772e-04
2.138133364528151060e-04
3.589594749575643839e-04
2.283598841943948389e-04
5.209394814101885084e-04
2.000832398594620603e-04
3.522353877727306512e-04
3.159622679773771404e-04
4.836443610828021467e-04
1.665840479711749140e-04
3.326288172681907997e-04
3.049645522126913887e-04
4.959480317699313740e-04
1.409508485248747776e-04
3.512684827091494652e-04
3.065083377284795007e-04
4.493349057353563628e-04
4.080997535867553184e-04
5.985996829151131373e-05
3.117734090332397855e-04
2.754963592259345546e-04
4.514751886123088867e-04
4.349524977575313246e-04
4.052330929106667508e-04
2.069789082585770409e-04
2.455478973248418034e-04
4.373365074386431086e-04
5.156885276375831884e-04
5.348011413472169217e-04
3.917257679838068597e-04
2.690986364218506620e-04
2.632963293978628216e-04
2.007944825119853795e-04
3.615591804502529512e-04
4.648642406127576911e-04
2.441461375995307177e-04
4.824655273584765045e-04
4.034923087384017929e-04
4.908366399325183541e-04
2.768504917807916338e-04
3.751852371779205802e-04
2.337418220027771896e-04
5.078517239436429074e-04
3.850867750614692477e-04
3.346215825943803517e-04
3.404102347674225993e-04
3.322720850303418640e-04
3.502269487059475996e-04
4.087157316169124309e-04
2.886694200828720494e-04
2.143557387448051326e-04
2.287740292492571525e-04
2.019788806650733739e-04
2.894380970489137078e-04
3.777213831201045135e-04
3.829067249941870495e-04
7.045574859146443202e-04
2.366103625747342331e-04
3.379546874444428525e-04
1.681981786982199767e-04
4.528720388793082440e-04
3.472647551928046273e-04
4.415874543264216028e-04
4.240923321015860770e-04
3.762393700006925741e-04
2.944685081348276585e-04
6.452020708049536904e-05
3.286790273596165951e-04
2.382581258692792275e-04
1.384728970128898276e-04
3.219449463680195463e-04
2.795709312519667434e-04
3.740344571948135601e-04
3.705282913532305096e-04
2.445092312751344734e-04
4.832534819400026655e-04
2.589345294091084009e-04
1.165528872844583271e-04
4.912212415513184625e-04
4.445207036801174369e-04
2.795289872146470775e-04
3.089113340525457001e-04
2.668011155093042656e-04
4.834386913323319730e-04
4.083350368244751229e-04
3.194438518734108801e-04
1.409472466824494418e-04
2.724245271985441578e-04
2.914167228583882893e-04
4.365128622503640561e-04
4.215190948176092498e-04
2.224992548931246179e-04
2.684841302184726012e-04
2.795424007985893868e-04
4.071272139723977634e-04
3.284230520533956612e-04
1.519580086257584439e-04
3.721964734106836866e-04
2.914773060750247557e-04
1.539207071010404164e-04
2.557937270807392389e-04
4.063834091558789522e-04
1.864539627341702693e-04
3.946246023136626988e-04
5.359488416405353809e-05
2.281136810784595292e-04
2.757024176802687463e-04
4.596829656549909684e-04
1.663645168969194539e-04
4.390875254126591328e-04
2.168555897320803181e-04
5.118568969125128877e-04
5.866112998199388530e-04
2.170523362525128889e-04
3.166679507783353711e-04
8.616584140855937585e-05
1.346974629746528656e-04
1.750774305349084422e-04
5.469822164617735294e-04
4.933627472840750169e-04
2.631717110130304396e-04
3.181568800870152492e-04
2.177937709998341331e-04
3.188359857471116557e-04
4.901379028005496772e-04
4.723631453542224230e-04
1.834252648319818378e-04
4.401236308442538431e-04
3.780101661325609087e-04
4.161307803413453760e-04
4.289510249969589366e-04
2.523512298907229371e-04
2.071380636342989693e-04
2.995170532525656725e-04
3.315197867186891719e-04
5.291887432041159686e-04
2.005020596410232660e-04
3.214139090896529424e-04
2.917535570507896205e-04
3.554852830071644179e-04
4.098202553107841545e-04
4.642579829935195739e-04
3.864728392192214143e-04
2.141534946171267371e-04
2.515854645367511045e-04
4.326862093732942527e-04
6.287824640796663362e-04
4.544638255714122878e-04
3.497627580380922472e-04
5.116222131456662527e-04
4.515636901339697062e-04
3.825486108766956066e-04
3.244061406706737964e-04
1.881410183779382093e-04
1.362390001533035253e-04
3.967974651860729871e-04
3.503589984439508848e-04
2.636998055009643206e-04
2.607564298181870729e-04
3.297284469623904912e-04
3.165333987609348894e-04
1.764177736889217959e-04
4.316339054977461260e-04
4.124555412108397556e-04
1.785173545763386123e-04
2.686827470277940210e-04
4.094692998077000749e-04
4.190481194488933662e-04
4.377016730119458990e-04
1.203413595926674428e-04
2.063007485778291998e-04
4.163304679722858344e-04
2.302621305998044478e-04
4.222996448599462610e-04
2.940602576795267641e-04
1.871208231754647067e-04
4.010151381058532595e-04
4.576838602280314011e-04
3.622208885830455888e-04
1.949590982280605339e-04
2.862391705385327668e-04
4.727639893174071439e-04
2.439396448571800886e-04
1.777889043762065043e-04
1.483836303011007332e-04
4.637399687086698249e-04
4.335276910835376301e-04
1.303996448012350933e-04
2.485343627410679934e-04
3.507960646164935865e-04
3.136842304573328509e-04
3.104870034998856811e-04
2.200879789757737872e-04
2.749263133148963697e-04
4.762968602026424283e-04
2.481900208672855679e-04
2.796434851941276517e-04
3.932355679923896382e-04
3.445058218552903072e-04
5.049614992653233712e-04
3.269127349916721827e-04
2.165406026410009687e-04
6.398344108399187666e-04
2.741434394796477361e-04
3.016589855918587275e-04
3.589949398155796467e-04
3.860872880960674203e-04
1.965348325923223693e-04
2.720186063571081430e-04
2.465925318713778997e-04
3.544820786664827639e-04
2.090343499601377236e-04
3.821338195829386748e-04
2.908442651235630867e-04
3.824746601255915568e-04
6.582458621414462438e-04
4.557722733986848350e-04
2.328873320247455692e-04
4.234120811766143308e-04
2.861171943782496734e-04
3.245118617029598383e-04
3.217905635357112804e-04
5.557102261474704914e-04
4.467710970182468930e-04
1.563515001618436581e-04
3.475171445386854773e-04
2.997700676653357755e-04
6.567701306385504215e-04
3.535363765476596956e-04
3.852072262051323571e-04
3.608329833263750823e-04
1.123185432387402373e-04
3.470126227304717935e-04
2.948588960528750213e-04
2.857549400814103830e-04
2.737044398842053351e-04
3.013346206507373456e-04
2.662799988716360285e-04
2.251539509210659200e-04
3.159212107968261611e-04
4.900028250388673186e-04
3.773040014427393924e-04
4.449695273805661668e-04
2.474841352809560515e-04
3.944246070309602101e-04
2.248138141382034717e-04
2.679662911490795249e-04
2.162759834110781413e-04
3.831552017799516206e-04
4.784691334414193481e-04
3.744317371188007784e-04
3.371729843535965754e-04
4.180116300017752283e-04
3.020530438465813031e-04
3.078813391227561646e-04
2.542183474163188690e-04
1.752138719505976806e-04
1.424148091724988850e-04
4.321277011400526786e-04
1.852957504298078739e-04
2.318911203403581681e-04
2.207090818886810885e-04
2.739949434132981179e-04
3.876146717292139657e-04
4.535165728551255313e-04
3.817636748540336280e-04
3.059639263920629665e-04
2.425368575316898462e-04
2.214708157978402298e-04
5.265568085475200253e-04
2.776286518653349098e-04
3.979793452317382358e-04
2.401475490328345121e-04
8.135630074746131625e-05
4.404275027981390239e-04
5.344808163290826111e-04
8.563789037103012594e-05
3.012808021717290142e-04
2.804457007271271367e-04
5.586131266005410446e-04
3.854481298121947255e-04
1.136962403605588391e-04
3.603784471830861992e-04
2.010160507621759987e-04
3.178293095553525382e-04
4.152628377444345423e-04
3.488528673796757068e-04
4.094814853251901431e-04
3.904747453356085824e-04
2.105194334981747429e-04
3.162769075289513401e-04
3.805804248453072006e-04
2.991040110362535773e-04
4.271473896636423986e-04
4.001271380937714028e-04
2.108054925640069687e-04
2.609559417056600094e-04
4.030783535684748643e-04
4.207843674424711997e-04
2.006892883761563851e-04
3.610204889823670580e-04
3.468533256112271571e-04
3.255622215150694144e-04
2.717421352354773860e-04
3.584764576176398959e-04
2.591586846145910931e-04
1.091456377638455317e-04
5.425514981470089433e-04
3.700630109780083895e-04
2.662673385670584936e-04
3.716675507003050776e-04
3.344306257404277703e-04
2.689983015649956874e-04
2.545032953985444917e-04
2.661050326833522685e-04
4.223999787100051894e-04
5.050016251398552853e-04
5.370080850163286724e-04
2.239754882977932412e-04
3.066604978132121966e-04
2.022179171082083646e-04
3.800453087492090582e-04
1.858174066385364417e-04
4.640747181326025129e-04
4.022790332420597822e-04
3.629967288407040765e-04
1.109326181415196610e-04
2.341450566564944665e-04
2.287083740159817527e-04
4.136104916794810030e-04
7.010344543078107554e-05
2.197126515657534180e-04
5.121773894886431054e-04
2.747435999689835473e-04
1.665095789231439216e-04
2.909149290372995919e-04
3.300450428919774067e-04
3.576050985861418973e-04
3.121324689294270940e-04
6.322895929168859076e-04
3.602736989097930342e-04
3.226584868158876500e-04
3.275367988360449096e-04
4.514187491538413179e-04
1.440710751716989539e-04
4.533570871600354178e-04
2.831505303217043816e-04
4.591240937527022066e-04
6.883845524101559225e-04
2.428298109715946356e-04
4.851512167466425700e-04
1.167092950953403587e-04
2.572538874935516155e-04
2.669277814944344060e-04
2.548939560662787313e-04
4.961306337856577530e-04
5.676198409714726910e-04
4.956752358436226262e-04
3.818490625756423363e-04
6.709176862536826106e-04
5.563463453189151616e-04
2.496146381244210332e-04
4.385341068337442433e-04
5.345133845937389324e-04
5.782081648513189877e-04
2.929187139291774167e-04
2.871840672355345297e-04
3.851178754564172453e-04
4.341679079320579383e-04
3.445377345533721871e-04
1.908594018233717598e-04
2.031399654839215110e-04
1.748666926816976476e-04
3.751506506939776336e-04
3.117248551326415491e-04
3.928641390386784500e-04
6.461832823632632401e-04
3.203149245677207606e-04
3.368786549515603076e-04
2.030141471954364542e-04
4.428306673851282950e-04
5.232313689569993709e-04
3.032603442850573521e-04
2.313882904420086473e-04
3.451110155369666748e-04
5.051829102730913488e-04
4.371902275332018137e-04
2.520852142148688078e-04
3.234671895552936874e-04
3.619305816761306011e-04
2.282983678588317088e-04
2.810899665710619500e-04
4.223179213802082024e-04
1.096856413244639032e-04
3.496068149137995535e-04
3.054367332164524182e-04
3.127130103772154165e-04
1.762704345165296818e-04
3.217530186109627947e-04
3.019098601900426209e-04
2.819666364252136127e-04
1.700076223980161421e-04
2.231040318336685244e-04
6.680170234179342833e-04
2.055720858201017334e-04
4.520895002902433429e-04
3.286024656772048008e-04
2.387672182636535424e-04
3.233571193414168225e-04
3.124116923731220662e-04
4.218122892520772931e-04
3.366568421607486999e-04
2.789784437384307497e-04
3.811050387198863646e-04
4.234977427668808799e-04
2.685191988253757007e-04
3.040269881423291842e-04
5.370657700410534727e-04
4.104474575412917284e-04
3.212758811590816165e-04
2.177413150693905276e-04
4.236356824219137426e-04
4.436808137394345126e-04
2.694699240789443233e-04
1.070106274266634201e-04
2.092693715330180739e-04
5.110031677720363891e-04
3.633795416808510443e-04
2.138703448105475297e-04
1.503860811960906969e-04
4.047526970575436611e-04
3.764479831706834525e-04
5.912270288314189649e-04
2.719537682628208361e-04
3.952761004400533705e-04
2.503733170259275602e-04
9.253132131130784087e-05
3.693025673484301268e-04
3.609638473074777676e-04
2.214675195927643346e-04
5.085134113995723286e-04
2.308324151400923752e-04
1.202608536761302780e-04
3.865614227756610519e-04
3.979605741878326341e-04
4.160017546255305649e-04
1.752972561328852859e-04
3.787719062546020385e-04
3.104775393853092332e-04
3.199957716767696321e-04
5.464697160545002553e-04
2.471802409048046785e-04
1.592852221812693174e-04
4.596064975972100086e-04
3.924290205065408214e-04
4.087174132511540645e-04
1.948889547516293136e-04
2.341858933710253856e-04
3.052340593754600457e-04
2.784692293580327761e-04
2.287632357968523856e-04
3.043147582913130695e-04
3.994218101464162710e-04
5.608737851901116414e-04
2.434241973536598145e-04
2.653243378184965882e-04
3.843378085940752720e-04
3.406991649634580669e-04
3.828930896463660495e-04
2.840479485302888183e-04
2.895536013785895155e-04
2.308585918850404280e-04
3.907598468902698436e-04
3.017499010784211073e-04
1.312885611740243440e-04
1.868180443334857750e-04
2.835335791263631140e-04
3.360896921257927952e-04
3.882678987016886709e-04
2.511290299878286814e-04
2.895404553616750393e-04
3.768648708510703759e-04
2.326578885215385901e-04
4.443325891557478157e-04
5.111484015932302475e-04
4.147261299235874320e-04
2.935266756960564069e-04
4.087496517459145336e-04
3.972947378182771993e-04
4.068511651978423422e-04
4.345222667076239337e-04
3.258329585162498447e-04
2.131730352169262043e-04
3.511082189395020397e-04
2.634842145825580756e-04
2.499042024318018015e-04
2.262531413561135179e-04
3.623284028582557381e-04
4.887366943781392206e-04
2.370769577973791062e-04
3.490718479243667396e-04
4.056110864347194653e-04
2.621064372478398375e-04
2.322382576446659454e-04
2.353855339364837955e-04
3.168888292520594140e-04
5.067806315120667844e-04
2.428801826816983603e-04
4.536457610541041476e-04
2.474117496138490821e-04
2.797450735198952218e-04
4.184653566110035569e-04
4.909429206382440961e-04
1.865830141475455066e-04
2.775980394788374024e-04
3.644171442487046872e-04
4.427267980386426585e-04
5.824283626975362447e-04
3.791505258696248912e-04
2.403053698068790861e-04
2.758348513618527902e-04
4.556803168397370921e-04
4.103282601764441425e-04
3.730325535279913757e-04
4.633179993988480031e-04
1.690387260517602617e-04
2.445233485096395668e-04
2.383114542489393013e-04
3.088880340811718051e-04
4.735958261560960030e-04
5.440044472820644182e-04
2.411639761404760619e-04
2.889298312628316243e-04
4.108516636844475691e-04
4.680887506694650325e-04
1.861654428819762815e-04
2.841997892445681452e-04
4.187629949005611187e-04
4.521916010699902292e-04
3.050269993392959022e-04
3.198990748336239518e-04
3.900593883648909737e-04
6.313578363341987602e-04
4.026539861419589942e-04
2.774798414214109171e-04
9.775759877760850246e-05
4.255320482753259070e-04
2.328145705892929339e-04
3.435385471003515163e-04
6.039240055876301172e-04
2.986507313857915792e-04
3.306149334907620822e-04
3.101486550295395059e-04
4.303098416029752741e-04
3.888826174917467079e-04
2.084455335285558897e-04
2.258905747724201636e-04
4.301213798002878424e-04
1.039998876972326748e-04
3.558980540892010542e-04
6.318482075578637580e-04
2.914613273382935898e-04
1.928739292210125624e-04
2.122544879457903446e-04
4.979118174902101525e-04
4.476599364087404699e-04
2.902823161245717746e-04
3.861949447103167794e-04
1.367148687756133995e-04
6.260577396061213148e-04
2.062913288920953012e-04
3.208290842701900700e-04
1.892281766538666632e-04
2.750578153623239831e-04
2.957327179675840875e-04
2.512486270393102087e-04
6.590117949847789985e-04
5.173193220079056083e-04
2.133211053038138046e-04
2.308339640085079250e-04
3.066680968921753933e-04
4.453305064657196439e-04
5.521895293482074335e-04
5.031398393290829017e-04
4.187999942884731422e-04
2.783241092555496354e-04
2.376987550494516726e-04
4.256029024729729481e-04
4.391288410763874656e-04
4.689567334004813236e-04
3.635546946624575301e-04
3.065088535766840932e-04
1.600928384372587467e-04
1.860543347267303873e-04
2.644480350518700162e-04
4.766309677608918452e-04
2.774818651518950519e-04
2.045768334795170808e-04
2.746439768282330266e-04
4.268693143501596943e-04
2.905395359082489073e-04
1.977029453651486432e-04
1.940467156159455349e-04
3.942261915085635811e-04
3.090485802291970726e-04
3.835322928236215381e-04
4.542755389932267023e-04
2.752901005901633980e-04
4.301065762609808602e-04
2.082509909200542023e-04
1.776183067155365604e-04
5.007592086494698069e-04
2.510559110639745618e-04
4.242337520699183202e-04
2.420847020537985543e-04
3.167116482500830182e-04
3.898778725023907109e-04
2.995732777642426230e-04
2.621406182401508130e-04
3.406727932704624816e-04
2.415694326308561249e-04
2.932651640051759409e-04
3.854267967263202456e-04
2.954681342286576053e-04
6.628215229822233528e-04
3.583485661568170440e-04
1.724872171989087918e-04
3.728357683861365283e-04
6.443731475192601319e-05
3.385495905605900684e-04
2.174775808885909094e-04
4.819054570336997055e-04
2.021274599263138015e-04
3.485044944590382442e-04
3.258309403024721050e-04
3.828901978825054002e-04
4.359970464741505167e-04
4.043323275789733641e-04
2.392648983996975901e-04
3.569327304764331570e-04
6.238236194525436425e-04
3.033113310203479698e-04
3.547398768246981548e-04
2.676217501702513350e-04
3.043436283330385361e-04
4.125397084047936628e-04
2.691440584752149284e-04
2.960658175628421655e-04
3.829465228995320531e-04
4.156708700165614892e-04
6.028102379035496809e-04
3.253304865808760455e-04
3.360181460133741284e-04
3.417868467180602051e-04
6.070943856172448128e-04
5.352371701671064649e-04
2.881615583077916484e-04
4.075272141131476523e-04
4.514181838217805310e-04
1.966738609793166150e-04
2.815720725198398041e-04
6.252253318996033732e-04
4.291162807359166125e-04
4.473756967400095643e-04
2.227679775410202343e-04
3.460079079585111198e-04
2.165559456420671500e-04
4.793891060592398281e-04
3.941854130138328451e-04
4.062117830466346587e-04
3.835802830485991093e-04
3.321259676907215627e-04
4.677416842699661892e-04
3.443889492402215789e-04
3.184309677786091759e-04
1.739836103724961213e-04
3.928521285423096756e-04
3.838033611120074276e-04
4.128993811465794589e-04
4.402881417142939422e-04
3.142703526034979519e-04
1.434558283521832479e-04
4.619160369528946155e-04
2.938696690006952698e-04
6.513284303504865381e-04
3.571494296710346107e-04
3.061220731306972249e-04
5.413562601795971580e-04
4.527993658856274998e-04
3.187065431505959321e-04
3.380848511120182085e-04
3.272450430008178469e-04
2.399689066018776535e-04
2.894517799015307031e-04
1.656264833530597419e-04
3.493190243655608460e-04
4.342579156223258020e-04
1.775497584821125838e-04
2.986484622600998722e-04
2.760681267952044089e-04
4.841430838103455208e-04
3.217587730568006532e-04
4.412170154325189110e-04
2.985384904438133217e-04
2.712270973563644764e-04
2.330312765521330536e-04
6.385128051021829888e-04
4.178843983597177567e-04
2.431256649959133301e-04
2.032448290664265890e-04
4.635198841153038811e-04
4.791792175984040721e-04
1.890065068834374036e-04
2.354331854028836996e-04
4.609718264393232955e-04
4.305336955121268202e-04
2.394711986120787129e-04
1.331872805786487722e-04
4.438501164332011076e-04
3.941250846603396637e-04
3.967504184934552976e-04
1.452532566623145299e-04
3.157801760537074084e-04
2.288363522897041656e-04
2.585888230407312966e-04
3.433687826674954664e-04
6.510683204195160962e-04
2.776547099820013127e-04
4.005275795905308654e-04
5.944325255643394344e-04
4.476019532483628397e-04
2.296709082295077839e-04
1.711389671918899056e-04
3.049918764808752991e-04
3.605134412802644137e-04
6.721870433054533600e-05
5.033134153094433270e-04
6.335068166222762457e-04
3.607826407029424446e-04
2.592049960447133090e-04
3.023530536629178019e-04
2.478615794310665946e-04
4.715591619680752121e-04
4.378405067428581742e-04
5.159066093749799502e-04
2.361237529040060158e-04
4.233875840516414181e-04
2.070076778538949684e-04
3.767855954997686150e-04
3.774807128854341942e-04
3.060849551036193272e-04
4.919769653752755758e-04
3.500574085627926736e-04
3.215444334829589430e-04
1.040884213444903141e-04
4.272562240689468721e-04
5.190568549061840920e-04
4.048259989122011526e-04
6.230726560532554633e-04
5.033883679621011225e-04
3.037073808574687834e-04
3.213338408818237880e-04
5.582845074624053183e-05
3.332524241633095380e-04
4.787419624376985775e-04
3.554192232816642013e-04
2.281686722276700689e-04
3.827697623600040443e-04
3.254947971719550858e-04
2.194322495271163994e-04
2.960746043118306229e-04
3.111976058424569132e-04
1.677667079402719896e-04
2.662566473551683109e-04
4.789694405784312016e-04
1.962913212383935737e-04
2.528802670047453852e-04
5.172688268694719625e-04
3.012231491665780551e-04
3.901587921325870773e-05
3.679008427549467180e-04
3.205850269126257410e-04
3.620214328503422885e-04
2.709928520997202748e-04
2.721659080066346644e-04
4.120026042728815868e-04
3.300494966238361953e-04
5.514855435947705383e-04
7.175049503148385878e-05
1.498340159564992807e-04
2.317745181759721222e-04
4.701450399431338079e-04
4.871688674546297828e-04
2.329774415641231995e-04
1.412752332697145578e-04
1.344120325515698244e-04
3.313796611204972956e-04
4.554045288781532596e-04
6.459271413774582676e-05
4.242781188023050628e-04
2.373102125477280239e-04
2.320099750286392423e-04
2.231859258124538120e-04
2.866464086836894220e-04
5.043374427834473785e-04
2.266516174660916259e-04
1.972100776362356741e-04
3.423520945042151948e-04
3.060298043110974676e-04
3.768928048045080124e-04
2.491380128019798934e-04
1.687768806087133484e-04
5.891718287893878006e-04
5.215475788489109957e-04
3.670312166632018415e-04
2.297699377239177773e-04
3.508470826005532389e-04
3.929942658586262636e-04
3.266683540273495473e-04
5.479220305996870127e-04
2.231172751361206721e-04
2.150764689259612652e-04
2.216753698669501177e-04
2.333053542587982436e-04
3.669354427940575334e-04
2.853990654868272065e-04
3.110344740987736035e-04
1.086413176359288496e-04
3.057405398512001845e-04
4.390158826906294756e-04
3.962562823925087864e-04
3.975855217396296855e-04
4.522835218116225500e-04
3.848001662956721403e-04
2.814662957796106209e-04
5.003929183880411824e-04
3.745764254386313181e-04
3.045512041035312411e-04
3.526151561626267457e-04
2.710200081865017869e-04
3.392980793949330410e-04
5.404509975822527432e-04
3.548894193650588432e-04
1.947392495455788693e-04
3.304715164891928189e-04
2.809387786901245874e-04
3.461014090078743072e-04
2.638395183314459942e-04
3.939307458995848455e-04
4.715851513084609917e-04
3.072017109610476857e-04
3.008787984412460365e-04
2.418259319784901598e-04
6.437789950923390563e-04
4.035082851234075905e-04
3.938137211304380434e-04
2.464423911506357897e-04
3.505326167532037086e-04
2.569364816119158561e-04
4.392132528162044787e-04
3.035399574026709452e-04
2.555466093687181329e-04
3.282413439574613664e-04
2.900844685838259527e-04
3.735578325111042178e-04
1.250463032806416435e-04
1.630765188211879787e-04
4.890153741328807967e-04
2.388170513496992058e-04
3.146491454294120184e-04
2.200280061973197991e-04
4.928179345625326082e-04
4.988269222598497180e-04
2.818200041301186735e-04
3.504767278700206138e-04
4.165517104427902398e-04
2.854887407243242997e-04
3.050108013837035735e-04
1.164643319967390890e-04
2.609022694601097463e-04
3.622499679650464217e-04
5.884444145357203447e-04
3.919238582902777931e-04
6.503622968927444165e-05
2.829550266974055072e-04
3.029062595151218247e-04
1.662931355361535371e-04
3.727053567570208742e-04
3.477834404679510131e-04
4.848256346546673011e-05
1.849178431831174755e-04
7.957864750962782775e-05
1.451212947109747626e-04
2.880986076721091162e-04
2.331183706625402253e-04
4.377630741996649429e-04
6.266093629900624639e-04
4.269625482257955666e-04
2.539971540787715524e-04
4.097368062236849350e-04
4.692060906823418507e-04
4.422203330988847968e-04
2.232185415788321174e-04
2.990526777348661755e-04
1.284675775029092649e-04
4.485681215904265755e-04
4.294311539527182787e-04
4.251019661575714220e-04
3.319977426413946143e-04
1.987852855681579217e-04
2.607351795504223306e-04
2.939539463237409497e-04
6.526809235842024898e-04
4.477532198140239238e-04
2.555953267736754556e-04
2.624306260566195976e-04
3.297612436517147736e-04
4.330514821921841286e-04
2.721563928411565919e-04
3.151320317543943386e-04
4.984201718525515731e-04
4.412119028840099082e-04
2.963604515900567058e-04
1.467419365962005897e-04
5.265289377119198970e-04
3.718222356269207038e-04
4.741783839216960963e-04
2.844716450188864007e-04
4.337459909407593282e-04
1.977360789807534208e-04
3.150426568574915998e-04
2.309180005528902130e-04
2.932580715286616456e-04
4.974496763754433521e-04
3.499024983019058941e-04
2.583628108237272149e-04
5.895792491909056634e-04
2.999174475379051403e-04
5.034288126051235900e-04
2.759358961027022343e-04
2.697534687311810026e-04
1.968940919979904184e-04
4.228111204554375500e-04
5.841800535378717345e-04
3.246312243104479585e-04
2.961449412067727058e-04
8.584022274992660875e-05
3.577506688912125959e-04
1.862934976284343362e-04
5.125330892659541327e-04
2.990469692966425392e-04
3.421377933979685877e-04
2.213495263633213082e-04
6.503804796085427579e-04
3.393069345187565348e-04
1.948011442233575478e-04
2.445150080460587729e-04
5.283577123865160121e-04
3.602167209526341350e-04
4.807024952307555532e-04
2.004168952006231570e-04
2.364253088045409530e-04
1.066076101389671862e-04
4.493519700099838092e-04
3.972935500122282051e-04
4.469519004902786406e-05
1.638346523918571881e-04
2.141003541108499634e-04
2.340187307165142146e-04
4.320937116739191619e-04
3.697036214851942343e-04
4.453611483147748161e-04
5.876737545615490221e-04
4.175578675385714579e-04
2.554306345539011903e-04
2.081157949648847010e-04
4.759300810437334700e-04
4.556438412231598577e-04
2.541907982135359085e-04
2.602649158536120386e-04
1.909585542482398297e-04
4.826246078435588176e-04
3.374085568952117273e-04
4.467489909953740448e-04
2.759327014655185381e-04
1.597545201076477483e-04
2.630453620531786156e-04
3.594379070135438016e-04
2.119053435703329618e-04
2.273545975933554211e-04
3.307068789441978615e-04
4.258323725729732984e-04
5.150927575122275131e-04
4.595191318021889845e-04
5.509399072585834372e-04
2.895152257631565507e-04
2.436260870951821827e-04
4.522122025453770495e-05
2.703601857286045134e-04
4.853786608358903092e-04
3.160713891503231479e-04
4.106459828576903724e-04
2.858837789311354806e-04
1.508270247914784382e-04
2.617452659443974400e-04
2.258333368502009352e-04
4.263137978650236655e-04
2.393823238100477649e-04
1.354864629333888174e-04
1.850981194927704644e-04
4.406908126291246195e-04
4.266426143706129491e-04
2.218137650714199121e-04
3.441133449688271620e-04
3.887816093655989858e-04
4.151727978825339705e-04
2.178845809064590064e-04
4.743109185066195351e-04
5.832529070589939201e-04
2.459113676253560712e-04
2.267737451642279215e-04
2.356716896673760381e-04
3.059353074599517218e-04
2.386251371383158262e-04
2.773316707341195769e-04
2.403778500080263193e-04
3.414819868155566027e-04
3.092412701283734212e-04
4.046053375207875704e-04
4.028461692992180349e-04
2.408996412224346183e-04
2.674852201461696091e-04
2.288026179590558432e-04
4.889740925068072116e-04
3.521404385018616929e-04
2.362632329743481036e-04
3.752462709320485840e-04
2.564908256477496651e-04
4.023975530901051584e-04
3.201386208597895001e-04
2.210099106304495029e-04
2.078857741740277199e-04
5.154216316776387549e-04
1.804701181417686510e-04
2.872405742924250176e-05
2.313200704301914110e-04
4.350204200020359093e-04
4.322030359297878810e-04
4.102939071751041849e-04
2.391295737122091218e-04
1.515598558635315523e-04
3.669117609484078392e-04
6.038653015194707201e-04
5.358630212079304065e-04
1.766071921609926691e-04
3.792308452630297486e-04
5.502348693211918862e-04
2.895813753725413908e-04
3.558884812208641061e-04
3.777289093638357240e-04
1.855997041802605666e-04
2.455604495933125307e-04
2.593585740728163083e-04
2.601330484857743803e-04
4.699558294121363930e-04
3.540157133486604739e-04
3.434452279072725922e-04
3.328755145478745777e-04
4.237438789883557055e-04
5.940846193645558850e-04
3.627269993388267610e-04
2.518761454357707386e-04
2.933692992571236688e-04
3.225668278609867819e-04
2.308596619002836942e-04
3.504862510423386690e-04
1.313621767885283901e-04
3.317261435746256737e-04
4.239401843461041743e-04
3.215262438251420812e-04
1.189317191623599838e-04
1.644539037683163756e-04
2.471691317275448788e-04
2.873224794734417016e-04
6.045789734130587465e-04
2.799317615555394151e-04
3.523236289968453123e-04
3.239218985558083908e-04
4.212179609427236572e-04
3.956152316308381937e-04
4.796953014999579012e-04
5.244958857038158843e-04
3.041889993128350594e-04
2.278340729490346719e-04
1.878635113361967735e-04
5.406036204325343018e-04
2.813270227172159649e-04
3.187128685513383481e-04
2.045574182127554827e-04
2.615399009908647926e-04
3.665797905372329669e-04
3.491067562011685929e-04
1.737607732500016163e-04
3.294689809675043000e-04
3.692584509575004212e-04
2.871151031637533694e-04
5.441290620528723559e-04
4.402619643685304037e-04
3.802332493689380998e-04
2.071383293017738320e-04
3.706811121675461767e-04
2.512619968110219276e-04
4.490479489106125196e-04
1.802170770304332330e-04
1.376248311568350710e-04
4.385335878741871665e-04
4.287705131098714078e-04
3.063974691679068637e-04
4.843913643045271692e-04
1.893678762561475212e-04
6.019614872801493414e-05
2.866714255804458911e-04
1.979475967723258044e-04
3.809195785391872769e-04
2.429588625793672140e-04
4.126002733237372328e-04
3.186393503447535976e-04
2.198798936581773797e-04
3.179126391297222381e-04
2.333895765658780194e-04
5.034319926216721799e-04
1.144734797284738102e-04
3.065558967683217322e-04
3.315120208321316536e-04
3.915605705322118589e-04
3.085055447910295509e-04
3.579277055404545818e-04
3.107370447793846306e-04
2.487949840012084672e-04
4.421870331897699699e-04
5.101575441992597807e-04
6.127061122748866245e-04
2.136511398417412460e-04
2.612679092057330313e-04
1.638746808976858328e-04
1.304786604196242407e-04
2.988190653276124871e-04
2.757870432679874399e-04
3.600643115049859773e-04
4.180554313963534487e-04
3.120909119175570940e-04
1.906894769113932334e-04
2.188360596776926955e-04
3.707445951425008190e-04
5.208962290740797680e-04
1.732853056116989980e-04
2.553141773086040804e-04
2.765240381891002626e-04
4.816333840581826374e-04
3.097659241157129208e-04
3.609703635753061003e-04
2.660545188271093106e-04
5.362284836734304387e-04
4.430918164172439259e-04
3.843008585160001154e-04
2.942443471349552044e-04
4.148383672609868146e-04
1.779995163694934705e-04
4.016807166295247272e-04
3.370107891400074638e-04
4.343138419132852091e-04
5.134257610502247640e-04
4.560416837404510505e-04
3.221599487942633467e-04
3.110751533806049960e-04
3.713853888434612911e-04
5.982435133051063579e-04
4.250333107845375444e-04
3.878644168871043987e-04
1.859671484310357900e-04
1.082844320015542212e-04
3.666066814557364644e-04
4.322587276193606311e-04
2.203311521615961097e-04
1.466391820155724850e-04
2.016561939595905848e-04
2.410467223654976280e-04
1.951976038326324768e-04
5.271969668501787611e-04
2.162892930035555702e-04
5.226361754994343634e-04
3.731962992364485634e-04
4.733947893771901067e-04
4.814663759548433214e-04
5.361112430239258842e-04
2.706452266451128555e-04
3.106288391097566893e-04
5.170884303435285736e-04
3.372480075959393472e-04
2.393853301984285491e-04
2.362475328022944747e-04
3.639135897528451347e-04
4.516670616605525834e-04
1.469855699066009453e-04
1.805793814229708378e-04
3.056740742987964186e-04
3.529074959844920442e-04
4.344136110717194054e-04
4.158171581847927047e-04
2.736515963812882930e-04
5.689418767533834355e-04
1.829794476821666445e-04
4.303255259713763812e-04
2.770517306190342405e-04
2.336593340492980635e-04
2.809187689901927135e-04
2.449078290602405353e-04
3.226825854592660532e-04
4.263086412663789448e-04
4.048609843356504204e-04
4.238908564873110417e-04
2.273226808706152219e-04
4.709211916965977364e-04
3.084682711570818159e-04
3.946521954241414437e-04
4.925856467438604258e-04
3.627461736564585159e-04
4.599027379732732452e-04
3.651482615341817704e-04
2.486118205640412302e-04
1.323609809296768277e-04
3.208266052309049652e-04
4.602244915747040824e-04
4.650988469624821884e-04
2.990318619762191927e-04
3.086153578264278158e-04
4.710134548679606784e-04
2.413111367446119386e-04
3.375910124638666771e-04
1.998878812524333508e-04
3.593982360211834225e-04
5.683094324170140030e-04
2.939662419891983709e-04
3.949389754078372426e-04
1.070229716987884146e-04
6.081486866120648172e-04
3.138725111049094053e-04
2.366301256262062043e-04
4.192279628819691340e-04
2.721641306301973381e-04
3.727782348526404691e-04
3.495756762440713466e-04
3.377543398775871260e-04
3.152754900252477616e-04
6.606706307927644054e-04
2.000137523297267799e-04
4.944564634438942605e-04
2.497443257093500475e-04
5.374586288001862800e-04
3.499035985443624979e-04
3.163310338628378174e-04
2.622457457411741426e-04
8.422173528192597328e-04
3.960029100316912330e-04
2.746985346367986774e-04
4.269199994365523404e-04
2.412006170116876816e-04
3.881725861673230638e-04
4.288379017961192795e-04
4.604070135551941562e-04
3.512110233685398326e-04
2.726461467566762336e-04
3.112681339381319768e-04
2.802859268140427389e-04
2.839780602096386502e-04
4.502302796170718239e-04
3.943230566339553638e-04
1.244091247102699371e-04
1.978281865962780515e-04
3.202867548776360158e-04
3.175508209742637167e-04
4.285870857218171447e-04
2.612286147882856690e-04
1.955719654985863963e-04
4.647330748925185620e-04
2.814886574079944557e-04
3.433060470483281063e-04
4.503159006304656735e-04
4.686918631589232723e-04
1.990465795379077398e-04
1.509755543810361916e-04
5.951226099313741908e-04
1.665434304477238323e-04
4.508562199119095048e-04
2.221796881962204715e-04
2.635244901687800291e-04
2.043617218985898602e-04
3.980111752470993111e-04
3.655425173397874958e-04
2.157438119846543842e-04
1.236377447359095336e-04
1.873092444936769370e-04
3.924651942705248420e-04
2.782436004821892670e-04
4.866636285679327013e-04
2.642555298420095375e-04
2.551166607109899898e-04
2.774683622912291962e-04
3.268380838190641335e-04
