3.194063993143856880e-06
3.408464506819497868e-06
2.517405126248205630e-06
3.990683804791866412e-06
2.904417542787530564e-06
2.990930543846179528e-06
2.798606352187686771e-06
3.695677967949281947e-06
4.078902959190740242e-06
3.143088910092927805e-06
2.890840555857645177e-06
2.894280658888806394e-06
4.188304751054833702e-06
3.382775324528049966e-06
3.251142218097591463e-06
2.962002010055564156e-06
2.404629894755627550e-06
2.545432404013534351e-06
3.498903400224440142e-06
3.279227178411042640e-06
2.673095203645112512e-06
2.478027474037434790e-06
3.165565756861479200e-06
3.160784907317511012e-06
3.710112852368588812e-06
4.032746462452475399e-06
3.441837403264856685e-06
4.077326466121983744e-06
2.988651537426678588e-06
2.454873463869506823e-06
2.720465009623261727e-06
3.588476110849468571e-06
3.147191835760522341e-06
3.089374437558569879e-06
2.947805331820962472e-06
2.556877368108378386e-06
3.278402410627321794e-06
3.083469757461780003e-06
4.685914731505430137e-06
2.244876183407201765e-06
3.006048155060719959e-06
3.008046920627760883e-06
3.731374328692265645e-06
3.381089135616803663e-06
2.624768670239863118e-06
3.131063459328814466e-06
3.343563604789548376e-06
3.367891113062342291e-06
3.241532601851729535e-06
3.267129053622683843e-06
2.582714768581924825e-06
2.787953662325322137e-06
3.114974794530299031e-06
3.595478482102707197e-06
3.776836886702431893e-06
2.929570747274369381e-06
2.905484085558801760e-06
3.230268545359156736e-06
3.904433809326036934e-06
2.546484487728035664e-06
3.017314875701154987e-06
3.064837468938468288e-06
3.577549136742502721e-06
3.157711251955080585e-06
3.176039098769414144e-06
2.643317153673641098e-06
3.876427154990380452e-06
3.355210329937197660e-06
2.965805994751853952e-06
3.650668396999220803e-06
2.817482432303784907e-06
3.264233277582103835e-06
2.951751121230713022e-06
3.116424416118294485e-06
3.876490360021771117e-06
3.092357094414708421e-06
2.890298768739156808e-06
3.479017880626740979e-06
2.874693497390599716e-06
3.354637646360845788e-06
3.781022743419507370e-06
3.258753451931297749e-06
2.760141856597507047e-06
2.932139634585581238e-06
3.870621164528893255e-06
3.621828880912768567e-06
3.172543225638750620e-06
3.265801443667613556e-06
3.673516560511804409e-06
3.567734713874831492e-06
2.890568346817603275e-06
3.832377661216574574e-06
4.416717224679242716e-06
3.213313781549467861e-06
3.077976098460701132e-06
3.301165364057975995e-06
2.744408827363828049e-06
3.063108675916431384e-06
3.950196848343123196e-06
3.074538300695883705e-06
2.529536378369262023e-06
3.323507332903588010e-06
3.529368468999748759e-06
2.463122452403824119e-06
2.613366135332321853e-06
3.410659755357773198e-06
3.165385785458419108e-06
3.690702782524555025e-06
3.919200055945057936e-06
3.341630381142406036e-06
3.310454436916116318e-06
2.780474233029274641e-06
2.751216057284115740e-06
4.342537068562180563e-06
3.106549943824252671e-06
2.832074877337011736e-06
2.710800960373649145e-06
2.834665301597368675e-06
3.508637824055824710e-06
3.493402340706262741e-06
2.928967175692426430e-06
2.725923658910269120e-06
2.782694346422142673e-06
3.462963696874408782e-06
3.135440694105580222e-06
3.731363966065325208e-06
2.803366787312546721e-06
3.072449449963137156e-06
3.322856889418658086e-06
4.067825492708915731e-06
3.721815230838982818e-06
3.147485120006766690e-06
3.249491338270778327e-06
2.545933335551459062e-06
2.726507225987225707e-06
3.480488336090707070e-06
3.368450626134254998e-06
3.917809516356692561e-06
2.882286322417951529e-06
2.510251199229050444e-06
2.927571811277234367e-06
3.852051920527155199e-06
3.071586506958725169e-06
2.817876948029963338e-06
3.127852614820304398e-06
2.948100739367150265e-06
3.405992527615140502e-06
3.581785572799696006e-06
4.167082108127199135e-06
2.988653473571549844e-06
2.942155563710835794e-06
3.591047676312298241e-06
4.221525516342785727e-06
2.943906291186522949e-06
3.324778152817450180e-06
3.264905114759407801e-06
4.312870440333597316e-06
2.770696640869218953e-06
3.286061066756469224e-06
4.472185333881051680e-06
3.611195199222899994e-06
2.631988055535004575e-06
2.984082677943344928e-06
3.815718382693304651e-06
3.507656784440714457e-06
3.148623290936278254e-06
3.125785635881504099e-06
2.565965802721707553e-06
3.739725910315196766e-06
3.613491035704738601e-06
3.268484717753455779e-06
2.624693188888582775e-06
3.542740080424801949e-06
2.995223300714990631e-06
3.038299192098447486e-06
3.306916360863742471e-06
4.066694413349507309e-06
5.063273956976762236e-06
2.756318466619735092e-06
2.984137128830498384e-06
3.720690428925837734e-06
4.079259995227397743e-06
3.427044712551291772e-06
2.993049668528552097e-06
3.104347587799821458e-06
2.667506893750923289e-06
3.299581538227167332e-06
3.950856234480257516e-06
3.044881472481241324e-06
2.874774128201758323e-06
2.291364587894580892e-06
3.368059576247944644e-06
3.369932227649061687e-06
3.281012662238734957e-06
2.659047734122074828e-06
3.016899308812484485e-06
2.963250682641934190e-06
2.645293963568174582e-06
3.394497410314236508e-06
4.296070944952254653e-06
3.179654362877419898e-06
2.862511886785647450e-06
3.979032139075624954e-06
3.472816658767185790e-06
3.091413570375513898e-06
3.001889987140604718e-06
2.720580828364922717e-06
2.670735055335891240e-06
3.295291601291552499e-06
3.392947813757747905e-06
2.540807964744913356e-06
3.000089167687132253e-06
3.255485169729022082e-06
3.336683572641208049e-06
3.442067008519290710e-06
3.090440235345344686e-06
2.574129767527816018e-06
2.833832527815690842e-06
2.880114264313728969e-06
2.448062024975984610e-06
2.688332148662792583e-06
2.917801021113956887e-06
3.201670334392880505e-06
3.212692860376200898e-06
3.951216006994639666e-06
2.542888029488444856e-06
2.682396597658372216e-06
2.922132471997286102e-06
3.579393766213449366e-06
3.541375091624110867e-06
2.208487874790056815e-06
3.078256234814038136e-06
2.816504539310829012e-06
3.396872956308584034e-06
3.370543177872935627e-06
3.377625379478738697e-06
2.933726191302986861e-06
3.241678135814334311e-06
2.905169460687774144e-06
2.849353958921749133e-06
2.932640283186147139e-06
3.713603511887247145e-06
3.125547068680537224e-06
4.200368679603331447e-06
2.703548408102409970e-06
2.737829312894617026e-06
3.440650569411927039e-06
3.642467679657592787e-06
3.828169030165853004e-06
3.202215832535842213e-06
4.732384523452013704e-06
3.731174708517994638e-06
2.917964419432397244e-06
3.355574322967288681e-06
3.810323153854526851e-06
3.031998207580380516e-06
2.987260652924815307e-06
3.086471582800534277e-06
2.410711207805367982e-06
2.869303853695126586e-06
2.711552180186459240e-06
3.267147933823470340e-06
4.400645321668581981e-06
3.295335496971537936e-06
2.940499462287122153e-06
3.238686145069518155e-06
3.101688929744185210e-06
3.425447046722345081e-06
4.398854722969494650e-06
3.023228836528680815e-06
2.874070133576602127e-06
2.721603030215200683e-06
3.500512148967588823e-06
3.579955579037672571e-06
3.418938914866221121e-06
2.140170148297430101e-06
2.946138565879457446e-06
4.389088467479890567e-06
3.232680959993232579e-06
2.918734976142231584e-06
2.404048758960267943e-06
2.636292082851819040e-06
3.004385311095546331e-06
2.846842680195750824e-06
5.247623065135812921e-06
3.939765605728414049e-06
3.116432121760779032e-06
2.983492680897583050e-06
3.048313683987792330e-06
2.764866189873678117e-06
3.178066329447226461e-06
3.462618997315315089e-06
2.927712038590428323e-06
2.660394306328420367e-06
2.608080192031528472e-06
3.875479776269519008e-06
3.209859981949371423e-06
2.945583700327123242e-06
2.798938376844581932e-06
3.196820875334107546e-06
2.866886843058391329e-06
3.955203273359549566e-06
2.534408930516910569e-06
2.822929768325952776e-06
3.196515514639138840e-06
2.574834942440248990e-06
2.867475953192287473e-06
3.160233938697661983e-06
3.620279174804126848e-06
3.293740499581641817e-06
2.508673703933080287e-06
2.356719802748508053e-06
3.149435741427507083e-06
3.138029189460443052e-06
2.860886140933426619e-06
3.047866653317111476e-06
3.638446721288187439e-06
3.112631245930563746e-06
3.544418484134932379e-06
3.032733563813513822e-06
3.090604022411900772e-06
3.588085510121551936e-06
4.157041597693566865e-06
2.535901650075994942e-06
3.411970360949820986e-06
3.407762931203210941e-06
2.494360799607049445e-06
3.056811407368112137e-06
3.196927729594517968e-06
3.609001826918025045e-06
2.529424059162911125e-06
3.137173287442179983e-06
3.797553877256645209e-06
3.525339186702822199e-06
2.807149158619677025e-06
2.421985791824796297e-06
4.092485490014161417e-06
3.274322128691078879e-06
3.089855808190272448e-06
2.476876146358723142e-06
3.196516419590035282e-06
3.369715835372643311e-06
3.795327663420664492e-06
3.539576679717954614e-06
3.933967779705585279e-06
2.951956315108140165e-06
2.436033282108658528e-06
3.101337703221414765e-06
3.698082971086011076e-06
3.585178503307114713e-06
2.819121378659689671e-06
3.227410810587574308e-06
2.620334901218955479e-06
2.773593382904859816e-06
3.279091922206227324e-06
3.373674834932759000e-06
2.807495201243097260e-06
2.850278322730530743e-06
3.595617018126654337e-06
3.195454821437172823e-06
3.833837603772284584e-06
2.706230126532794564e-06
2.823752885903698234e-06
3.329961671699136198e-06
3.470321674973236727e-06
3.662871458003372168e-06
3.928885033067040970e-06
3.141103928471615389e-06
3.346214646031434891e-06
2.491119048331583140e-06
2.790254760962214178e-06
3.680262281380498228e-06
3.421313597191608012e-06
3.798046381026323561e-06
2.912258829060291058e-06
2.717368357543186885e-06
3.119223796985849849e-06
3.703317318288734165e-06
3.301694186718837857e-06
2.466016424331551619e-06
2.997886414586940232e-06
3.053225719937027299e-06
3.217002805671250507e-06
3.569592776005400829e-06
3.398735561261824975e-06
3.142873475403882711e-06
3.891492441642560816e-06
3.610282937861723270e-06
2.959011027888327330e-06
3.415025437964566993e-06
3.124090907314765939e-06
2.487931796505404305e-06
3.094519742912040624e-06
3.517056413072233627e-06
4.224401176090334985e-06
3.123412468055907504e-06
3.050987523112027565e-06
3.345046352548558608e-06
3.447359387156978472e-06
3.030680848010426165e-06
2.983848812881439167e-06
2.857453658865772269e-06
4.445320166498442590e-06
3.417352911256245317e-06
3.282239136272259448e-06
2.612974917204274886e-06
2.971267183754376756e-06
3.586864920172254452e-06
2.935174959613744172e-06
3.126068681144343116e-06
3.050874638740028537e-06
3.233486750051400124e-06
3.610168135086291797e-06
3.305383747690275268e-06
2.968401205003441344e-06
3.245369900958761633e-06
3.635783763516875659e-06
3.429510965803820518e-06
2.796539361313082632e-06
3.259147673284691043e-06
2.548015774212701664e-06
2.848174087978476601e-06
3.340530622146266863e-06
3.717292064287457127e-06
2.498382634690987013e-06
3.227760066042537168e-06
3.116888992056937610e-06
3.863851298440466995e-06
4.623197989107471815e-06
3.489232769995140208e-06
3.145328096230889366e-06
2.766990970475740715e-06
2.502849159538040531e-06
2.951438664541998901e-06
3.817659189191545460e-06
2.763477942861438985e-06
2.678411127191349268e-06
2.815813812333699135e-06
3.507260910605665131e-06
3.457215548963266389e-06
3.579021607286631379e-06
2.368931375492956958e-06
2.770614978074128205e-06
2.989856695598304358e-06
3.231254811133733335e-06
3.558943424334817622e-06
2.606183567658707377e-06
3.233480830811707610e-06
3.702753383711708769e-06
4.251562508647040879e-06
3.297597426278205610e-06
2.938934027170222934e-06
2.478475734094670258e-06
2.635455696920054619e-06
3.144438434204429491e-06
3.544222484466048664e-06
2.615953271851677258e-06
2.523966634239699929e-06
2.949937352226019188e-06
3.407904701277384254e-06
3.245437268601391664e-06
2.973930080162851694e-06
2.694815574738324710e-06
3.311332154758317599e-06
3.418015500267642968e-06
4.649911668604762593e-06
2.415285356663799193e-06
3.082196005870524260e-06
3.612944797766407628e-06
2.725496160137199472e-06
3.378269154676051336e-06
3.393418247787427029e-06
3.935166716869013450e-06
2.906087863077180929e-06
2.844559218731899912e-06
4.251093357147559267e-06
3.176293730586128059e-06
2.699501070225717779e-06
3.071952823508927093e-06
3.436034445478512756e-06
3.441337071395379196e-06
3.340143843918267903e-06
3.197452370065682854e-06
2.755383521280761519e-06
3.387798309994067380e-06
3.493454782706124113e-06
3.319847544674611400e-06
3.023827227970524361e-06
2.985724152723959911e-06
2.591441305431604466e-06
3.226175694196687242e-06
2.927620608807131278e-06
3.555610703351309736e-06
3.804649639652227366e-06
2.633637805284547479e-06
2.894870302026572765e-06
3.736489633494376406e-06
3.692958235471079338e-06
3.058854854193132806e-06
3.062890576175700518e-06
2.658791912718310781e-06
3.504881121262171644e-06
3.717752945461267558e-06
3.049863282788557407e-06
2.847367715964714128e-06
2.818083546898203470e-06
3.438552185932951391e-06
3.242607324334782973e-06
3.351589829447892042e-06
2.925403873855933090e-06
2.806568626822266825e-06
3.284547076680564445e-06
3.008960053847692097e-06
3.529464991889029265e-06
3.796509438840451210e-06
3.196648696805374234e-06
2.886941646456802252e-06
2.860397840515539791e-06
2.187187161316060932e-06
3.461045365475716263e-06
3.441743541983333136e-06
3.072290350548300246e-06
2.776645953276642610e-06
2.295928152071769484e-06
4.383646910868007987e-06
3.167593893799561982e-06
3.090114438084410148e-06
2.639056008945855798e-06
2.946037463155737056e-06
3.343823263304285435e-06
3.681984428280959467e-06
2.665099639731862906e-06
2.951771566369435786e-06
2.419072685718464960e-06
3.091734228185228790e-06
3.125995732925815047e-06
3.287427954183561397e-06
3.203620627719482584e-06
2.422128519759050231e-06
2.705522976591485322e-06
3.328100098849290807e-06
3.277682040928659865e-06
3.003366619291409030e-06
2.917459890178542261e-06
3.817186698320337150e-06
4.006212081104388297e-06
3.285741389934808267e-06
2.679487373924050444e-06
3.516310187432239545e-06
3.847785209896520693e-06
3.475669770697391296e-06
2.871798777769100289e-06
3.435073726617080579e-06
3.055017031592475431e-06
2.529093223946685251e-06
3.342686604713420163e-06
3.075066774314820511e-06
4.208996620137836696e-06
2.419195516160051425e-06
2.849766369061941076e-06
2.864310047442387483e-06
3.503681232646944402e-06
3.234991085143512055e-06
2.304979364090532211e-06
3.049413392433504537e-06
3.131053363561974060e-06
3.805955749532305951e-06
3.832983456390554714e-06
2.955174375198057902e-06
2.673838650774094033e-06
3.889427351865390044e-06
3.446516538471945174e-06
3.677100672201970156e-06
3.065676118407621596e-06
3.183404687193918498e-06
3.367220021995528644e-06
3.841768330513486090e-06
2.861016592506624227e-06
3.026184785405551861e-06
3.920974870501339242e-06
2.874282650029215977e-06
3.910195036563603494e-06
3.523171846425530018e-06
3.626524035213353170e-06
2.792924966137301618e-06
3.136338469006018212e-06
2.553172478542367347e-06
3.476089650244409657e-06
3.389948917041985550e-06
3.052937722379518473e-06
2.836673739728425478e-06
2.894219346149940338e-06
3.032303964872889628e-06
2.915049112543795895e-06
3.769224154880479743e-06
3.425864896844420934e-06
2.901778338529585633e-06
3.015903611024660381e-06
2.887767652566304294e-06
3.709579624949683402e-06
3.734626193126998441e-06
3.183429523183269483e-06
2.203471352083037185e-06
2.916069421843709034e-06
3.431897242411569571e-06
3.025205313257181610e-06
3.437198949157348433e-06
2.757402251434969492e-06
2.588509257861704286e-06
2.779328491593999561e-06
3.270711012443182046e-06
3.212048713040856961e-06
2.762064060874968791e-06
2.813678216605145769e-06
3.260690938510632460e-06
2.964525889777174276e-06
2.841162598155802035e-06
3.590331326699998703e-06
3.626442774436841642e-06
2.879093674550943496e-06
2.583899167648918709e-06
2.680879855828340107e-06
3.434527203440082323e-06
3.191921993825090917e-06
2.687094249634744749e-06
2.670607974817862210e-06
3.417069530032266530e-06
3.340067337811217852e-06
3.541675069233977599e-06
2.675082633755234923e-06
2.726019089740604877e-06
3.257001631750440270e-06
3.435397356821136512e-06
3.305946173598976458e-06
2.423512762662307437e-06
3.111458502324557835e-06
3.472684210571955520e-06
2.906149965860797966e-06
2.790490217586706041e-06
2.680865943352027579e-06
3.322784909833700198e-06
3.032899523098352248e-06
2.876184960287961301e-06
2.740983350934059706e-06
3.063257859047605036e-06
3.123786989511887611e-06
3.474062867130010232e-06
3.365039881360077207e-06
3.214429863845808665e-06
2.405282531046662117e-06
3.502400841430094640e-06
3.631589651203672812e-06
2.646759456567492279e-06
3.141158792345351542e-06
2.998091530157010387e-06
3.561088887714708732e-06
3.751175621273167438e-06
3.047869761024184029e-06
3.397491668997830997e-06
4.255777803444025716e-06
2.657695978370145778e-06
2.710547338268396485e-06
3.026559137941337212e-06
4.141943046598868151e-06
3.188779648350191098e-06
2.733358188181402168e-06
3.124212181607120730e-06
3.002203851494066612e-06
3.277455957320039295e-06
3.204246723008264434e-06
3.259605467387163220e-06
2.529267420835164799e-06
2.797221663563237524e-06
3.402265478575879006e-06
3.245967347758881546e-06
2.724317246226965437e-06
2.412282357624283213e-06
2.880968953767143297e-06
3.939384853974564699e-06
2.977404684907130905e-06
3.304670795865102208e-06
3.146506804571675642e-06
3.081046552122038506e-06
2.703966491860120415e-06
3.152556286539130259e-06
3.409072043219639474e-06
2.588118248392036032e-06
3.099912029431313912e-06
3.397533252750085369e-06
3.396747135964033617e-06
4.410006795760632518e-06
2.724807057937133348e-06
2.793687500277184764e-06
3.104360514683171880e-06
3.484108688659557862e-06
3.963485599584200530e-06
2.614769608491404697e-06
3.021164997637188955e-06
3.012585328450616762e-06
4.104719347980227017e-06
2.409043256537272082e-06
3.325283733974207239e-06
3.498775247768604430e-06
3.754089444786858049e-06
2.648890583636605818e-06
2.807178684448238571e-06
3.141364890806114496e-06
3.773228929501260068e-06
3.342495553864983734e-06
2.355070025219808560e-06
3.060253562605010277e-06
2.941665834753329165e-06
3.458241544850148882e-06
3.486549428780166617e-06
3.445762415231383393e-06
2.923606922844936716e-06
2.907893543782216837e-06
3.711557001973081982e-06
3.764262238387880664e-06
3.508575064560099613e-06
3.049794768164797968e-06
3.049656658226690904e-06
2.933019582270964788e-06
3.011110137700893601e-06
3.546541282652958096e-06
3.567822361078030869e-06
2.776930802537831798e-06
3.003041065004770570e-06
3.885387924016395089e-06
3.644132059117781108e-06
2.919785646364514915e-06
3.046950523518515025e-06
2.556304164698010475e-06
3.885911331107707072e-06
3.459583159522796660e-06
3.251804159781809174e-06
2.754091288637779573e-06
2.919876514304498099e-06
3.587239511097409218e-06
3.172493146047584648e-06
3.265979555461651803e-06
2.814833938394923399e-06
2.674282642351794267e-06
2.696260693902195919e-06
2.975168694575237497e-06
2.974420483944510485e-06
3.553276471286596796e-06
3.877737708081494883e-06
3.038792135468518041e-06
2.963302072452040273e-06
2.636252158750109884e-06
3.405786771144700378e-06
3.523863275145736808e-06
3.094401797647500389e-06
3.352582298144530760e-06
3.229952809792554130e-06
3.012032424333528975e-06
2.140141009876680430e-06
3.506551323189467027e-06
3.154099958732422679e-06
2.494473657854954452e-06
2.877463331966533678e-06
3.106611173034803118e-06
3.331305772501576018e-06
3.070154939540766131e-06
3.000831957012698628e-06
4.785864959689767560e-06
2.709290241628645099e-06
2.557881278897944878e-06
3.450584823280475212e-06
3.293307657426789427e-06
3.122592262798675900e-06
2.893382386177692224e-06
2.753160794243928587e-06
3.259822599637805256e-06
3.378211565525236692e-06
3.410061043374442775e-06
2.638133509815309548e-06
2.704474772984222714e-06
3.030782380254141531e-06
3.584047358253986601e-06
3.403867562344809745e-06
2.771622187704153290e-06
2.833784254648934527e-06
3.039083827822837595e-06
3.221598536001088840e-06
2.857782873019140831e-06
2.736715988541993052e-06
3.234796428222037082e-06
2.841398926221868145e-06
2.598114819412417192e-06
2.745675061827534127e-06
3.432551978332168249e-06
3.016939938882619026e-06
3.130678666754746859e-06
2.259469485015009722e-06
3.131095331774994572e-06
3.330731191722590149e-06
4.102017069405830263e-06
2.520622798945659306e-06
3.161917360078601731e-06
2.865089961979299053e-06
3.621788686286450905e-06
3.769892938609201455e-06
2.903426083115858310e-06
3.170473509232952600e-06
2.545904491099240431e-06
2.342147295031680435e-06
2.827722025685742421e-06
3.798167230376949818e-06
3.262583889076853637e-06
2.828069235395615601e-06
2.859803294463025064e-06
2.974266014704161157e-06
3.216152469063142990e-06
3.912895921906674415e-06
3.909662684765880176e-06
2.862126195391570555e-06
3.225703281239550052e-06
3.451662918609968201e-06
3.393600871478427803e-06
3.256709494249585472e-06
2.939770083156391719e-06
2.637009836359737024e-06
3.470152521791576715e-06
3.546221098678311726e-06
3.357040827829138720e-06
2.527519792082782810e-06
2.998740452751297865e-06
3.034555902591110883e-06
3.126270601117691004e-06
3.894082903302862601e-06
3.872240330332368459e-06
2.970011277587282754e-06
2.787697628996192782e-06
2.815447931968729652e-06
3.529735047138549636e-06
4.062102305350551184e-06
3.514575933410388343e-06
3.146192548729114224e-06
3.522839561111451120e-06
3.535858161494109104e-06
3.442030338048769166e-06
3.051843683614624797e-06
2.468439271150737344e-06
2.581978592855077925e-06
3.397818506152858849e-06
3.238192656140021971e-06
2.866750787888391992e-06
3.283309757280431118e-06
3.102543915672954654e-06
3.001472956888489412e-06
3.146107273098597448e-06
3.591666759957068532e-06
3.063301652999750895e-06
2.569352360214488965e-06
2.641252172007190206e-06
3.424652498546176863e-06
3.320169773450496096e-06
3.519667017768516430e-06
2.435582066656464066e-06
2.868537277772074083e-06
3.324033517040908932e-06
3.037719017428426724e-06
3.746008006210254579e-06
2.840157280393598392e-06
2.600921695074046330e-06
3.170967603189037119e-06
3.868853020612092022e-06
3.280398784536431685e-06
2.775241773966391682e-06
3.197071610679799835e-06
3.354051052234683288e-06
2.884851765689882446e-06
2.620509172633944834e-06
2.598145506023550757e-06
3.630047808754032720e-06
3.296911348826274095e-06
2.681530145363784611e-06
2.675385698164811689e-06
3.482679373624022887e-06
3.316076133006686511e-06
2.914931173120794240e-06
2.615832688931968754e-06
3.465805549479165728e-06
3.462728758978693452e-06
2.754041211668944173e-06
3.109163315610387861e-06
3.089033149488305873e-06
3.464590456168659443e-06
4.067589385019583146e-06
3.413024870940823194e-06
3.168836434498342385e-06
4.339132321152840663e-06
2.689381046497627722e-06
3.119774221486017925e-06
3.638651281918680264e-06
3.273750156404284517e-06
2.662487740101609988e-06
2.962467749246601167e-06
2.926420223241510518e-06
3.380682811113864622e-06
3.193461266106835309e-06
3.106704977467564299e-06
2.805169837405927844e-06
3.646120110943645965e-06
4.333342144080884095e-06
3.296334019967544928e-06
2.900462053290733368e-06
2.987043126698474700e-06
2.906999943633696029e-06
3.237894416012509852e-06
3.191664866137797546e-06
3.673095190615468278e-06
3.736107643285174806e-06
2.507764298102303611e-06
3.099737361617027977e-06
3.054820885066199663e-06
4.505072689839434850e-06
3.672621777575952660e-06
3.071098166933977950e-06
3.189422018030825590e-06
2.418822191933073876e-06
3.330378236737672683e-06
2.758269300211695070e-06
2.593088027182242610e-06
3.256924718905153581e-06
3.680529735800213341e-06
2.993438333000847070e-06
2.703032526372966218e-06
2.771738883172636949e-06
3.545087917525232270e-06
3.161891085017466154e-06
3.446272147273538929e-06
2.685929222434271569e-06
4.037243975814219770e-06
2.908995546609719043e-06
3.024496395467142227e-06
2.802347092311077492e-06
3.510056447471470557e-06
3.871576276559756046e-06
3.597679253906486510e-06
2.693440832596654042e-06
3.133877193159450918e-06
3.341264804396340592e-06
3.138043669447840483e-06
2.964900486528771801e-06
2.562804890928729701e-06
2.606844085065813517e-06
3.301448783505106808e-06
2.641078420721296487e-06
2.532830767521320012e-06
2.943190807178626803e-06
3.173146261402413651e-06
3.613485188345527881e-06
3.384352208766675788e-06
3.563765454846402671e-06
3.184798133787098895e-06
2.678894385783533587e-06
2.801250552060919414e-06
3.655525612102345438e-06
3.201146059260327575e-06
3.130062944085723278e-06
2.794337944537032944e-06
2.117794270230008877e-06
3.768196319980655010e-06
4.041195521242428990e-06
2.471365899588308673e-06
2.887255189770367836e-06
3.207247665554258527e-06
3.841568541739825584e-06
3.380740420736839220e-06
2.560826145742274434e-06
2.997057869901129577e-06
2.878333157353558259e-06
3.310232484560053288e-06
3.663289923215356553e-06
3.212612138894056133e-06
3.306227259621934461e-06
3.151769858652620012e-06
2.786242439138727056e-06
2.908186460115560672e-06
3.046303878758372572e-06
3.328587402303965001e-06
3.313701077536996147e-06
3.496508534583275083e-06
2.975316291924860064e-06
2.948189022861511901e-06
3.349145987280380926e-06
3.789495376845765416e-06
2.627499149702110295e-06
3.158180881058335682e-06
3.105291565160140837e-06
3.453124264913408940e-06
3.572364254771421301e-06
2.989555936237903568e-06
2.928416334470718605e-06
2.306724484333530828e-06
4.561189740357968087e-06
3.218515617770763116e-06
2.878144559904458800e-06
3.709736526206669655e-06
3.199321575834715427e-06
2.774587360491333290e-06
2.951080372840747915e-06
2.852117062583469787e-06
3.377236881677475473e-06
3.752084579438365496e-06
4.094734344136975406e-06
2.844783089855534851e-06
3.054399728419548336e-06
3.276210390146402304e-06
4.098106065040889742e-06
2.661765385924745870e-06
3.037750931198534295e-06
3.435244074801130276e-06
3.210230891124079444e-06
2.541808754156454769e-06
3.003566140635985287e-06
2.863233248600661424e-06
3.300148942549471803e-06
2.399774390553868006e-06
2.753296838462454296e-06
3.509943128297944911e-06
3.124838832533307157e-06
2.575544810471493555e-06
2.805941564405253279e-06
3.164733158461292619e-06
3.053961145471709984e-06
3.378321525063196240e-06
4.792939854683975964e-06
3.034861650126692791e-06
2.780950808616267288e-06
3.229086608081876159e-06
3.576958965022623324e-06
2.464180063963247824e-06
3.182406498763403984e-06
3.072901704498781368e-06
4.172442452969429532e-06
3.777897960919578016e-06
3.130431593062586274e-06
3.328373897027325964e-06
2.363914492196261755e-06
2.912636720375854010e-06
2.689421732295601039e-06
2.938379765535756676e-06
3.903037588728645826e-06
3.542226806546126382e-06
2.985627136676905554e-06
3.276096355903360929e-06
4.767632380492812273e-06
3.831864616899482152e-06
2.781008507087004871e-06
3.946398261380293619e-06
4.029836552365407868e-06
3.404915236358033206e-06
2.926459374150703751e-06
2.789312750043519709e-06
3.337660350066257236e-06
4.051048398938644921e-06
2.905531409248596415e-06
2.348091084611947707e-06
2.846619569551386824e-06
2.640184704865794871e-06
3.055097291886031827e-06
2.825615093511478417e-06
3.695008917241244552e-06
3.934290206491234230e-06
3.063409126378612331e-06
3.361235413068278615e-06
2.708839001300485498e-06
4.402766724091551138e-06
3.629679614705402802e-06
2.935362689476197220e-06
2.819981344274894996e-06
3.022372388155024246e-06
3.859630806557135508e-06
3.431003637140094818e-06
2.983957609564699504e-06
3.125367435437284041e-06
2.842273332524078465e-06
2.724275631749531534e-06
3.010660025253409360e-06
3.548017399947531571e-06
2.495090022364231007e-06
3.225442091564688461e-06
3.008852638082534083e-06
2.835625328518288853e-06
2.795792041151119798e-06
3.100193805510423173e-06
4.016030071276234056e-06
3.177332189333425874e-06
2.637940417396284523e-06
2.695272489352047959e-06
4.076290858813321800e-06
2.992735356188672021e-06
3.379800651473526307e-06
3.163278309538289273e-06
2.674031035157551694e-06
2.822637604333633909e-06
3.092034962346278697e-06
3.325967640319681178e-06
3.374246658068385075e-06
3.773371455711297244e-06
2.936522707278406243e-06
3.295762288775239977e-06
2.684237967220313525e-06
2.822954735864188468e-06
3.624813885960122303e-06
3.336108852439965481e-06
3.320871900118895441e-06
2.588276008528309336e-06
3.556187051739220978e-06
3.603880976492821922e-06
2.881076746040746059e-06
2.544270360381198695e-06
2.887321763387395745e-06
3.684027228276950860e-06
3.166676017399394069e-06
2.746813663410179321e-06
2.984837005411150719e-06
3.200338691149516501e-06
3.681243071576302235e-06
4.352885485143019015e-06
2.898820962657648777e-06
3.049177504001535766e-06
2.546835474605623528e-06
2.320844392927820798e-06
3.029860028260500585e-06
3.160420538372952861e-06
3.107868598593992593e-06
4.304339507679551531e-06
2.957066153727956172e-06
2.401550328316697393e-06
3.411857497899296766e-06
3.667553989792858950e-06
3.612489314680212902e-06
2.700681318047229740e-06
3.273392443427277809e-06
3.088403873031577720e-06
3.399899728736212361e-06
3.866170222752260245e-06
2.897125074087857937e-06
2.644554409040875857e-06
3.787919284791840542e-06
3.516881575714042342e-06
3.280392092385888808e-06
2.813339227803788017e-06
2.892848209152175750e-06
2.807925665399538317e-06
2.891555069046902272e-06
2.989498508813010191e-06
3.287955955544043869e-06
3.628418970807310759e-06
3.499159547066082333e-06
2.673432790154439346e-06
2.972243149718708547e-06
3.514612888081508648e-06
3.568343553219510825e-06
3.321743610774880891e-06
3.061410647662278762e-06
3.019994227448904817e-06
3.099527548152419887e-06
3.822463565404183905e-06
3.039786856740753885e-06
2.751083590248346872e-06
2.505879973621194162e-06
3.118135652943201678e-06
3.294702504343352600e-06
2.808837811669258252e-06
3.479635359922132313e-06
2.917737915105303169e-06
3.199805102933651308e-06
2.496969380343758871e-06
4.097486526976780379e-06
3.711801580697942011e-06
3.385412734361454842e-06
2.685640155428544288e-06
2.979934281590242833e-06
3.570317630275369289e-06
3.435238101565817785e-06
3.445798044886135591e-06
2.899354839294816073e-06
2.736184032836943775e-06
3.176694099424123683e-06
3.216052516698078945e-06
2.795033666198568523e-06
2.724574707849621453e-06
3.001853821122189684e-06
3.275518831321067031e-06
3.064722042889082818e-06
3.531668762065340943e-06
3.247655021596272281e-06
3.305528793479525782e-06
2.801953311866290413e-06
2.843439492439559555e-06
2.652263019902827643e-06
3.808293093725676274e-06
3.121652938480514877e-06
3.519405786925671645e-06
2.828506437682437564e-06
3.084556651448650120e-06
3.314780076183150279e-06
3.926705459864318805e-06
2.669134775154207466e-06
2.970510199887117957e-06
3.207113744176002493e-06
3.315570123102234976e-06
3.649832576515082628e-06
3.130187318346023611e-06
2.975613312750743458e-06
3.096288721259222959e-06
3.671093231876555010e-06
3.471559042296186892e-06
3.348884649943332478e-06
3.224090371960180967e-06
2.839969386222616387e-06
2.749209072153734952e-06
2.776504873004936305e-06
3.129372271975202958e-06
3.521627676633732161e-06
3.903750772179772943e-06
2.870584415717982813e-06
2.819980224769061813e-06
3.287411538879411412e-06
3.696788655187004065e-06
2.682485112918267926e-06
2.880432040505446748e-06
3.020956215647841769e-06
4.100904500641859339e-06
3.047827913554696250e-06
3.027646103096838823e-06
3.381174781797503774e-06
4.541051435559923228e-06
2.954202333508282359e-06
3.518891942179048878e-06
2.438363148966069838e-06
2.948264073199089392e-06
2.886957400378656871e-06
3.308224967758649696e-06
3.858692380836328882e-06
3.232760446259711817e-06
3.245782532031225093e-06
3.071241764001438061e-06
3.635848182263012265e-06
3.908084679855814050e-06
3.024601563085958674e-06
3.003926196469321366e-06
2.862510049491302026e-06
2.421543549360508154e-06
3.225749838706359870e-06
4.618621518244042522e-06
3.035228830616739452e-06
2.462906592306739795e-06
2.687964122143452243e-06
3.133346142211146696e-06
3.385077862557619949e-06
3.876666394429179253e-06
2.900015459649423167e-06
2.492563739532195391e-06
3.906486510622466912e-06
3.177945677880945275e-06
2.718545611160637960e-06
2.985108990399653665e-06
3.021273799449855510e-06
2.775561282887736796e-06
2.664820330519191533e-06
4.505137839585973167e-06
3.319442534454369501e-06
2.577800965364437746e-06
2.660672299897328271e-06
3.200887252646917656e-06
3.334460163425391405e-06
4.262617029845736463e-06
3.582269437076697117e-06
3.941137674179896588e-06
3.236678112917670495e-06
2.466660747345375193e-06
3.252679924094852677e-06
3.485749715033745330e-06
3.576775079025846489e-06
3.331420380900674919e-06
3.088551977837915197e-06
2.401316109000099611e-06
2.564195679798178675e-06
3.237665523726096037e-06
3.376660975514780673e-06
2.842663576025286389e-06
2.731086429057628094e-06
2.837753763559773424e-06
3.506523096887145188e-06
3.045969149681125809e-06
2.913593534301586492e-06
2.795776045444638310e-06
3.290567656955896882e-06
3.179318067826725113e-06
3.937901036175001212e-06
3.635280512278032830e-06
3.198973442667162751e-06
3.444506776708170183e-06
2.693619922205441049e-06
2.559916935485791145e-06
3.432494769619672934e-06
3.137908353622912450e-06
3.564807933052657103e-06
2.927687302942610702e-06
3.005257116033930154e-06
3.647314668620004460e-06
3.356383223454339136e-06
2.677017417525400058e-06
2.892296262252028325e-06
3.224144593228432559e-06
2.989806164529534576e-06
3.623056312509230710e-06
2.863387044805605403e-06
4.362775610966319973e-06
3.741354627869756013e-06
2.882861128394526331e-06
3.328524528166156964e-06
2.269257660604806685e-06
3.303080463840602849e-06
3.277465737656798321e-06
3.844407076225941625e-06
2.499751176818762063e-06
2.885778939326282504e-06
2.909515413490431395e-06
3.446904479509804385e-06
3.793034704202105914e-06
3.029769807525876639e-06
2.866500645957668271e-06
2.775024682787470934e-06
4.614235369392004823e-06
3.502388192294383406e-06
3.173519054100162136e-06
2.874700262071622648e-06
2.898043806650135815e-06
3.934031724738204708e-06
3.093321415199420314e-06
3.043570780833074539e-06
3.362693111521756314e-06
3.631221123073935948e-06
4.203793161043366773e-06
2.975310550113660878e-06
3.087542590266136690e-06
3.408711755559851133e-06
3.825023065616824569e-06
3.510993706920481892e-06
2.948287818719666580e-06
3.146047966652264250e-06
3.150684915957970316e-06
2.951247135937377690e-06
2.858879359997363552e-06
4.665604059304529801e-06
3.313034356780385841e-06
3.447715947639621233e-06
2.869942176007791791e-06
3.131008816536140909e-06
3.186483582873696969e-06
3.716033080241877258e-06
3.434018878632985757e-06
3.413876236724763555e-06
2.967270418453065643e-06
2.993674675892670616e-06
3.409715330696791817e-06
3.292154072322101063e-06
3.129027409166877593e-06
2.550352426529688853e-06
2.793356651948370482e-06
3.548343259784963946e-06
3.225432973002351505e-06
3.401606096016985397e-06
2.858647337488922789e-06
2.622292911475451540e-06
3.269837209743176752e-06
3.221483299191058096e-06
4.487715946407202055e-06
2.937585085443618306e-06
3.198296777771010470e-06
3.808854283448435695e-06
3.530281596318193906e-06
3.306199554525495504e-06
3.382805039101364643e-06
3.300207764996995867e-06
2.969792195497385464e-06
2.941465168944423084e-06
2.857707888866288123e-06
3.357967202681156480e-06
3.315662946458096513e-06
2.603651150567877345e-06
2.722277022920964569e-06
2.979625187191916719e-06
3.352023377135123185e-06
3.451941228152826753e-06
3.830049350497174716e-06
2.916535329290022902e-06
2.929748915715630365e-06
3.092079463154049189e-06
4.372848490939861207e-06
3.691397506972340447e-06
2.823649502514946218e-06
2.945684416339311898e-06
3.191490962170426730e-06
3.849066022137365779e-06
2.667140781565462539e-06
3.429655128796124390e-06
3.427495151821205741e-06
3.412029375853195585e-06
2.872371252230797976e-06
2.444409399698984452e-06
3.165942275719629642e-06
3.564017536852122950e-06
3.387002414149325559e-06
2.641501205661805966e-06
2.945713147816914109e-06
3.004408102188337291e-06
3.007082914149984587e-06
3.592608405041146338e-06
4.483499441914417300e-06
3.123208604597754848e-06
3.015801871090838040e-06
4.217383640867998288e-06
3.971857305943064100e-06
3.013908323417214414e-06
2.939285317061436951e-06
2.936225905809218641e-06
3.153545731391565905e-06
2.382089602105896274e-06
3.438291770909178670e-06
4.108605177999580587e-06
3.532942559276225909e-06
2.831940066658224023e-06
2.999380573803075930e-06
2.952450431090615981e-06
3.504343930671459495e-06
3.864846496234518789e-06
3.043318882045573163e-06
2.861156509660840621e-06
3.477260173240994838e-06
2.788017187799163741e-06
3.160308539191599913e-06
2.965940821896487398e-06
3.274417483630067089e-06
4.084381547434058113e-06
3.005671651774431266e-06
3.096996856637110425e-06
2.282347093149114422e-06
3.704056912734314684e-06
3.382031665269187880e-06
3.411007048649391978e-06
3.926946889785820192e-06
4.190577242933507793e-06
2.976283294901231149e-06
3.165820016839637516e-06
2.256733040762781467e-06
3.291512405452807462e-06
4.654890959521037096e-06
3.289786156367406052e-06
2.719529356699919147e-06
3.019704253568814113e-06
3.577526047638724028e-06
3.005772319503723449e-06
3.271692019226779845e-06
2.928140245384467145e-06
2.669161925389855862e-06
3.130843395527494985e-06
3.244708162879678654e-06
2.723522385220502629e-06
2.851885975204140247e-06
3.488596862748762504e-06
3.266528714008873685e-06
2.235360050091490089e-06
3.340664518079392698e-06
3.348543243240405795e-06
3.163852290186862926e-06
2.856029435732376027e-06
2.566658607388920906e-06
3.576719171352604330e-06
3.173483883202221350e-06
3.282303070994959862e-06
2.425164513051253545e-06
2.652732567160614499e-06
3.135193720763223854e-06
3.454967792115723346e-06
3.748079731980987832e-06
2.679637823941646762e-06
2.467799030926182655e-06
2.811885681811644934e-06
3.363537650796592195e-06
3.628772049016353694e-06
2.123365663294696240e-06
3.089331251260726669e-06
2.881312635581706269e-06
2.570380377046162299e-06
2.558821310299067825e-06
3.148467508849970340e-06
3.529196781465292238e-06
2.450872972123619704e-06
2.537558317282079709e-06
3.524447361507619057e-06
3.080999054564032017e-06
3.416466805025733281e-06
3.091282157441978318e-06
2.689124372698032346e-06
4.268875970164273338e-06
3.866539954936979420e-06
2.854112863704619274e-06
2.817501653119556673e-06
2.973414914182943320e-06
3.303847637617865998e-06
3.685908568221242778e-06
3.063707863767105045e-06
2.868123686854488386e-06
2.819285586990487576e-06
2.472935664587805986e-06
2.691236512835973718e-06
3.399700796721677323e-06
3.270279969167422334e-06
3.274807079012712190e-06
2.396496745215361300e-06
2.978824619941640401e-06
3.198489926942698587e-06
3.172465597076295799e-06
3.487695549501041088e-06
3.822222866190176847e-06
3.160822543782744010e-06
2.926058857483599453e-06
3.676126156247792139e-06
3.813074313067949260e-06
3.106355462928356614e-06
3.255372653643453662e-06
2.830305357915050205e-06
3.218163176721044624e-06
4.007680299744302651e-06
3.143752027714630704e-06
2.635758665624467113e-06
2.851960851162918680e-06
2.672618105310762803e-06
3.008439947547514505e-06
3.010778373432964959e-06
3.304552037732305363e-06
4.868969677492832041e-06
2.973059184142931012e-06
2.962779616415248156e-06
2.490242646037154048e-06
4.030175462900183527e-06
3.517241966064570115e-06
3.270465533935516211e-06
2.741191745605433449e-06
2.936081936585479601e-06
3.158074825480041458e-06
3.219204263368701934e-06
2.939484991984475326e-06
2.829284457080308896e-06
2.759385335517764619e-06
3.321504819046718626e-06
3.360105972662973836e-06
2.485172777130911245e-06
2.290296203183592067e-06
3.638823151740753199e-06
2.702684168093940755e-06
3.172117199057586285e-06
2.782273948315897093e-06
3.536806805649486416e-06
3.911242559888276504e-06
2.926726427773739728e-06
2.834271788193733225e-06
4.146245661266189994e-06
3.154224139655108638e-06
3.023018788917280008e-06
2.610566969826236144e-06
3.043715947382491818e-06
3.047640475782523574e-06
4.327785429288724592e-06
2.918876608309321159e-06
2.251825903427884016e-06
2.919650121369438910e-06
3.157714594743337122e-06
2.539625261612610914e-06
3.388437840223948390e-06
3.171233993823353063e-06
2.358292254342189029e-06
2.595301530966838343e-06
2.415643340390482496e-06
2.570977614364791187e-06
3.060334725757865176e-06
3.168749513341141860e-06
3.249531953736926869e-06
4.489020317344032209e-06
3.056744351853333543e-06
2.807901920053329638e-06
3.270932315670235897e-06
3.733946210116850806e-06
3.808228464653963793e-06
2.687862421155598341e-06
2.915794489629241629e-06
2.791324643497163438e-06
3.681342020755037735e-06
3.463765287998453377e-06
3.523538792523380305e-06
3.467899586490755489e-06
2.679485391275845150e-06
2.731997621976119503e-06
2.875721530699958609e-06
3.707021537904047503e-06
3.393650198848122425e-06
2.592718769146603165e-06
2.970729505776586042e-06
3.113030859395799348e-06
3.178299241421047609e-06
2.973460952367595157e-06
3.233872385162916367e-06
3.859606008135352530e-06
3.981045962867195878e-06
3.014480531202644478e-06
2.363498230645139302e-06
3.940304986401456639e-06
3.503669303804660699e-06
3.368061028697877719e-06
2.791273753051036529e-06
2.985003335127111411e-06
2.640255811005231544e-06
3.126847275702804345e-06
2.709529746392691855e-06
3.116782847495448727e-06
3.559676869203499918e-06
3.516572809327065541e-06
3.017512478479727342e-06
3.285294904964057597e-06
3.423523630670766535e-06
3.477981623953822550e-06
3.043211014826647270e-06
2.983044393317387967e-06
2.761863916662300303e-06
3.223088134723236169e-06
4.271146781848681105e-06
3.125659966799357943e-06
2.764012985842987214e-06
2.569482977354753601e-06
3.261619818531771448e-06
2.762777428530250150e-06
3.558422726313963514e-06
3.277593793547360741e-06
3.264344123408796200e-06
2.663258346397381135e-06
4.066098885671251587e-06
3.660761149360051846e-06
2.669086132877397892e-06
2.955025873959781737e-06
3.805234457320035685e-06
3.206720936545621214e-06
3.575744623688884806e-06
2.997856063984622535e-06
2.715935701904317285e-06
2.411061850107913247e-06
3.492464358132556957e-06
3.274873167476111233e-06
2.324843493526259317e-06
2.673695823994742478e-06
2.975267476872586544e-06
3.051791331651247366e-06
3.488354650569004076e-06
3.473355073572377898e-06
3.357477867028951491e-06
4.363845270889157316e-06
3.070819327424971476e-06
2.636581874389998517e-06
2.631027589187234421e-06
3.966382193540805059e-06
3.212391163255036291e-06
3.078328416200788719e-06
2.986236055781039678e-06
2.727197022117126352e-06
3.441970685169209336e-06
3.307409798041697370e-06
3.520490478816026017e-06
2.829138216891508398e-06
2.350107305808543647e-06
2.994499953821112490e-06
3.791312094628300723e-06
3.134159386473875386e-06
2.696327677920360002e-06
3.031902067977631576e-06
3.110831034436825117e-06
3.336809288792553685e-06
3.511612388404351523e-06
4.072529060499796380e-06
3.413777328184656738e-06
2.526323216561815989e-06
2.349016948236187454e-06
3.092338459693680898e-06
3.432285484694177396e-06
3.214807624310254864e-06
3.797504420193890080e-06
2.994676070833687636e-06
2.641668976559534038e-06
3.213792881970864031e-06
3.288185167130130310e-06
3.103205691287755931e-06
3.008492707600350683e-06
2.438202303878652050e-06
2.657988325354968326e-06
3.412169313155660605e-06
3.401986869619620598e-06
2.525170136642794314e-06
2.966034919989573975e-06
3.204884287262850711e-06
3.221074079995859657e-06
2.754648219639361603e-06
3.386156041273415426e-06
4.215771655780169574e-06
2.927528021994262339e-06
2.556127567211589805e-06
2.766279331082885748e-06
3.765536272277071740e-06
3.265009323116104624e-06
3.146822267101209930e-06
2.674402677665506205e-06
2.785269194010806546e-06
3.382858923789089974e-06
3.476907959666806231e-06
3.567610688834984078e-06
2.752453181339249194e-06
2.771344657234676134e-06
2.841195658123982465e-06
3.970989805942632413e-06
3.332706206225203764e-06
2.574454301979486678e-06
2.999861493621036338e-06
3.132329715133790935e-06
3.257055853048121174e-06
2.827357045611541014e-06
2.601699218805928906e-06
3.258237060633453762e-06
3.524471055261232183e-06
2.603578240981645322e-06
2.221404135807826218e-06
2.976544578864444061e-06
3.300494516411060860e-06
3.286090492182763449e-06
3.361548125921292223e-06
3.098693051484717958e-06
2.430081252558567832e-06
3.168382531643522134e-06
3.782891343445043249e-06
4.023625030099519868e-06
2.658697795230909440e-06
3.224217621814476231e-06
4.198072522363424297e-06
3.529329085058939281e-06
3.002748464654398707e-06
3.207697366357927944e-06
2.632367901882942395e-06
2.688590265826524292e-06
2.598326534344173283e-06
2.780310086291759903e-06
3.954156991408771035e-06
3.288534863403701288e-06
2.922568304101880686e-06
3.139354217066297488e-06
3.326217881025949256e-06
3.820940627730651691e-06
4.074217751338614561e-06
2.814228203874570850e-06
3.545554855324230041e-06
3.278657035657209631e-06
2.909279094881516517e-06
3.081978093458651755e-06
2.671018705829603880e-06
3.039599603420440073e-06
3.606493794755705267e-06
3.038768576187718133e-06
2.580022237494718439e-06
2.412703090561611839e-06
2.802258806207719277e-06
2.997584517566500670e-06
4.043187150895882893e-06
3.246735308318883706e-06
3.222228765520527040e-06
2.930307013238058243e-06
3.623002183636869946e-06
3.411118160123790964e-06
3.109956581865984272e-06
4.023307183954134749e-06
2.970102849142114988e-06
2.688048180215541723e-06
2.629210715154764536e-06
3.879188032936527753e-06
3.253753073084531353e-06
3.139123819062947516e-06
2.818040807155086084e-06
2.682464996167775857e-06
3.354297135904937492e-06
3.303537042836958037e-06
2.596262050139432430e-06
3.642462062484153110e-06
3.341029630201749254e-06
2.944869201332624695e-06
3.683449304526753572e-06
3.516204762772459759e-06
3.052171413067350273e-06
2.739521636323847286e-06
3.000022253757287914e-06
2.972164380923938946e-06
3.361343098193691199e-06
2.654071718426016737e-06
2.552596134754066508e-06
3.178897566895387969e-06
3.481412093396994138e-06
3.201853260846637027e-06
3.669773198435330861e-06
2.910531129700701305e-06
2.272715885157514022e-06
3.175645563971817348e-06
2.577872061086265753e-06
3.736769520917400979e-06
3.067473667643627030e-06
3.107249816883080077e-06
3.005393207318777125e-06
2.762441957578756077e-06
3.331647538824493686e-06
3.245630997386349088e-06
3.980047846736242873e-06
2.545541694912067150e-06
2.850731987184027826e-06
3.009459053365773982e-06
4.033146770433495808e-06
3.145822732525977707e-06
2.839099411188233736e-06
2.985904828440448887e-06
3.102043042764730752e-06
3.384503042556586808e-06
3.868740553372498779e-06
4.034224166824789068e-06
2.779662488527436533e-06
3.003089091360224072e-06
2.406148248681659327e-06
2.667948563135308841e-06
3.224455373882599868e-06
3.167411187869183682e-06
3.162099595688712416e-06
3.508797613796905428e-06
2.934742701704606300e-06
2.648653632256601945e-06
3.125834297249337703e-06
3.662328692979495737e-06
3.550644174729104239e-06
2.753352685759914729e-06
2.851853061962082941e-06
2.985358269035160721e-06
3.783610511075422974e-06
3.512034976026809686e-06
3.066124142269312722e-06
2.758572902305782179e-06
3.555160105535760498e-06
3.790405987044642414e-06
3.491127722574946373e-06
2.639085123381802847e-06
3.324927154147110731e-06
2.685851833325320855e-06
3.135876088332897067e-06
3.176512889172381427e-06
3.270772618951644136e-06
3.896337338070277470e-06
4.024347477469680524e-06
3.169202694644894789e-06
2.928903750226081008e-06
3.975883594178219026e-06
3.766807113718241536e-06
3.320283012581985747e-06
3.230889227723165651e-06
2.750625699028007697e-06
2.275000310655121423e-06
3.399748431119431499e-06
3.391896848791158081e-06
3.129940158262646360e-06
2.550594341950206532e-06
2.635471860212326171e-06
3.216263924640974417e-06
2.452749765727324571e-06
4.310172892592253236e-06
2.779176546242720520e-06
3.089786412169129070e-06
2.898315402840367247e-06
3.424636700423210628e-06
3.964942848810283934e-06
3.306693529794970665e-06
2.886992472943677143e-06
2.997730259784792837e-06
3.383293964901275656e-06
3.131046138224269802e-06
2.937911751795390010e-06
2.628636435253314358e-06
3.440242009528146995e-06
3.697707233057392051e-06
2.531333412868242532e-06
2.449394197837222422e-06
3.117206145400930066e-06
3.025874714481810211e-06
3.411281489309353306e-06
3.759172445181926835e-06
3.263625405119222551e-06
3.979181413773918940e-06
2.729877973269884962e-06
3.573399396148941733e-06
2.984612412926285483e-06
2.862373530906255606e-06
2.789359220052751320e-06
3.266066267416485340e-06
2.934759848465730353e-06
3.120097875640702512e-06
3.685470704810634822e-06
3.535830674259223615e-06
2.736991167456447894e-06
3.357011581315933740e-06
2.932781437046870997e-06
3.508728059369590333e-06
3.903848792704600723e-06
3.687631486247811490e-06
3.527058782227006797e-06
3.358219485204939776e-06
2.900523797306612630e-06
2.752596638207750922e-06
3.086436383567289044e-06
3.397325437657996276e-06
3.858966582037742869e-06
2.767397633875133009e-06
3.175379785224259130e-06
3.569601941454378796e-06
2.555123171058090566e-06
2.903972626123324264e-06
2.844307327599386376e-06
3.336672040759536530e-06
3.816813517742206945e-06
3.104020111687852219e-06
3.161178965456712693e-06
2.476220775845793930e-06
3.934267743784681319e-06
3.485303803571256634e-06
2.910758287299527082e-06
3.504644660349129707e-06
3.183437619874080055e-06
2.918692790539890755e-06
3.176263224862429872e-06
2.892099240794411461e-06
3.659995974561708745e-06
4.341544235772687503e-06
2.960828251696409928e-06
3.169235316527776777e-06
2.683153384051773071e-06
3.517069245625371937e-06
3.223389015935403035e-06
2.799252159247143275e-06
3.001354516408756861e-06
4.204411264694810246e-06
3.609740490916416440e-06
3.274899793832416725e-06
3.837683008380855550e-06
2.989669579340445641e-06
3.174829257102742356e-06
3.768087322280658796e-06
4.041812511474396217e-06
3.323459847346319330e-06
3.028210084140694524e-06
3.000223937689339125e-06
2.873007119683678356e-06
3.123612271092037524e-06
3.992717975453307040e-06
3.047813534041074356e-06
2.423438490493080777e-06
2.694694307020420274e-06
3.337633467669027689e-06
3.225238509884828707e-06
3.330068977886532325e-06
2.807246905322763801e-06
2.598388424015358735e-06
3.474501824771938172e-06
3.339944007580664444e-06
3.534368449448481283e-06
3.966288514441687962e-06
3.251690530711818840e-06
2.713728008115207825e-06
2.780457215262524111e-06
4.331859078068048910e-06
2.975845929615280932e-06
3.395251391509080230e-06
2.791009578323757863e-06
2.664608076788192471e-06
2.653004149428463955e-06
3.467030605007547872e-06
3.125099422569755620e-06
2.712527996153729056e-06
2.599980093976243362e-06
2.990791514594190802e-06
3.206067411321005311e-06
3.138322619234221211e-06
3.909604203083746057e-06
2.909773340761795950e-06
2.887091390977736656e-06
3.142982430135805452e-06
3.469042360261892930e-06
