4.561899071547531256e-03
2.746605985192146666e-03
3.013478592545940256e-03
3.343160213752617571e-03
3.514226284775381730e-03
1.975503910309444559e-03
4.028555800286448725e-03
3.042184899145523955e-03
4.928827307771294769e-03
2.523899037589848356e-03
3.240403834011219234e-03
3.704266490175185493e-03
2.930038251021286917e-03
3.127754261315553348e-03
3.251756661933922782e-03
3.040900832065357613e-03
3.480518953606996473e-03
2.649504455105830634e-03
4.003105384239807364e-03
2.563288101631377731e-03
2.769055668356653743e-03
3.124177262873033354e-03
3.815834281366876132e-03
3.571402572639936768e-03
3.264955924837438777e-03
2.932769175295767052e-03
4.040860477728267820e-03
5.148817922564735521e-03
2.919758326162471759e-03
2.340942397002893170e-03
3.652394411107420021e-03
3.843808116115623834e-03
3.793197414543638454e-03
3.779519208761840995e-03
1.964125195281685946e-03
2.735599299498410030e-03
3.012296985677923641e-03
4.719504348197367874e-03
4.064153117108929361e-03
3.881255015266110546e-03
3.065845409079373442e-03
2.688790314926939491e-03
4.625725544462002195e-03
3.474621625846552320e-03
2.628739870161862866e-03
3.664346956618383215e-03
3.558868463400495681e-03
3.085937608820321816e-03
1.861170175315937213e-03
3.546142797083114747e-03
2.517943934796131045e-03
3.387522870011667759e-03
3.198819724028969472e-03
3.849261038947992056e-03
2.843885817092820477e-03
3.228031137927551888e-03
2.812235763603373410e-03
4.350758413192612646e-03
3.087544363931326273e-03
2.843917224332032610e-03
2.695209594613269272e-03
3.214152100269676311e-03
3.318271471852839161e-03
4.984017370343933780e-03
2.845417910415315877e-03
2.101441836169274779e-03
2.133533061847207868e-03
3.186168228767444297e-03
3.136901078579777766e-03
3.646805167600491136e-03
3.734417212174670920e-03
2.971740527447123362e-03
2.470779973753397998e-03
5.153291044355565176e-03
3.906543036768888449e-03
4.667819103803955150e-03
2.671327270768393634e-03
3.432590174853767436e-03
2.212721652484733736e-03
2.164428762904506420e-03
3.434468317221650840e-03
4.432404296135794737e-03
3.730164358250634242e-03
3.327808236772996416e-03
2.810228715354166646e-03
2.815422313391816988e-03
3.192567212518824041e-03
4.056894014638413003e-03
4.050848511342192669e-03
2.534524166931276332e-03
3.159589107890060141e-03
3.324156426609714988e-03
3.161959675674786731e-03
2.628919550648350662e-03
3.699894902996191288e-03
2.318981775234173637e-03
3.675281045972512550e-03
3.001801758625117708e-03
5.141670099342809247e-03
3.149296583701529165e-03
2.532946718183723758e-03
4.452291637390451765e-03
3.583037880420723159e-03
2.226824009643549925e-03
3.738753859461634282e-03
1.830106969379799485e-03
3.558263922966166913e-03
5.108170532752016532e-03
2.981123574709719070e-03
2.588728692222781909e-03
3.062656055885928236e-03
2.745417748389553450e-03
4.100778029150176432e-03
2.591079491311746967e-03
3.828296620769816756e-03
2.671099910787574395e-03
2.751931608441706301e-03
3.683916532333046320e-03
3.026342377918571878e-03
4.474330721830083006e-03
2.900825187961119430e-03
2.899253635725744689e-03
3.769926770339555866e-03
3.488220508424258633e-03
2.923210910729826927e-03
4.011017942652568384e-03
2.146278539820984949e-03
3.784011797273826704e-03
4.886762731321752512e-03
3.256549608591926062e-03
2.985965836673111582e-03
3.268490331210907856e-03
4.842682908184762700e-03
2.756752565678830934e-03
2.799922362418276207e-03
3.857423143194988434e-03
1.593861497607046299e-03
2.782039116414036003e-03
2.610288626438081634e-03
3.750488207452433442e-03
3.853644788840134092e-03
2.875083749232940945e-03
3.249615783108494253e-03
2.550499050041767947e-03
4.693491648205765261e-03
3.560804489634926233e-03
3.134740508249359275e-03
3.726671002290050071e-03
3.349076041376781217e-03
3.104601110388215297e-03
2.464843655291649050e-03
3.529760173692600943e-03
3.636905911078954640e-03
2.919096375007718819e-03
3.141015256876687495e-03
4.355660606190557733e-03
3.683520066292321916e-03
2.178845275080673952e-03
2.717137803708276258e-03
3.732755012207376096e-03
4.118079899481886727e-03
3.638963912888100449e-03
2.872616814579469560e-03
5.288546355965359491e-03
2.770716749883396588e-03
3.728732515393950401e-03
2.014581642069737753e-03
2.577494707723968458e-03
3.363883681316510825e-03
3.193221656312178209e-03
3.809724506671240997e-03
3.015098524819762212e-03
2.482471181894640392e-03
1.789303380663135462e-03
3.500227679283895478e-03
3.294781759046125531e-03
4.304047047673459879e-03
3.126908731809935858e-03
3.058476490130993593e-03
3.936999249729998020e-03
2.010022481142000571e-03
4.569639099007931533e-03
4.110429234111799904e-03
5.056011422910573760e-03
4.134586338500805501e-03
3.301233837946193975e-03
2.891314293606713891e-03
4.573713345059015299e-03
2.638478929062922605e-03
3.479445101838221730e-03
3.308470457112490208e-03
2.220696831936951488e-03
3.036623915188901238e-03
3.712208094579054051e-03
1.613479220585770047e-03
3.463350669177010267e-03
1.998473371163251352e-03
3.286481143147215386e-03
4.160165805799675640e-03
4.183093982739629832e-03
2.883013080277609455e-03
2.312802329653874597e-03
3.674678589224640232e-03
4.309562787001322039e-03
2.758066827223544862e-03
2.867959289461965468e-03
2.722301013586655993e-03
3.664932776410500647e-03
2.848853564448237865e-03
3.555518294346609719e-03
2.861914175245611116e-03
3.678700539633987694e-03
2.474565174289182663e-03
4.370300355210075469e-03
3.010788101339518293e-03
3.737685988540559445e-03
2.326388257087216513e-03
3.187051384038267973e-03
4.073478460328951341e-03
3.447806060540937155e-03
3.201857880689966494e-03
2.820748203624930377e-03
5.017193459113167275e-03
2.823308838764541397e-03
2.158836721058597728e-03
3.017145314777168897e-03
3.443221158021702710e-03
3.157969535164038572e-03
4.013354531974361490e-03
2.632530998230657969e-03
3.953756326346292982e-03
2.584756550686755430e-03
3.605866482644879030e-03
3.792656723050374934e-03
3.507312760371860804e-03
2.595086975153798343e-03
3.265367465100428145e-03
3.102216156693393592e-03
3.764921984433295364e-03
2.594713230849626535e-03
2.554158757476199335e-03
2.755251488978714518e-03
3.504797343988922450e-03
2.235563982014257545e-03
3.380924808566682354e-03
2.567600055626885220e-03
3.332814467180139975e-03
2.696451020572473295e-03
3.273860755412170281e-03
3.475149370284349483e-03
3.640148297225362112e-03
2.427359805405332298e-03
3.292387365778256560e-03
3.620428483418708897e-03
2.893137465648539745e-03
3.497739636927749401e-03
3.323530794599012343e-03
2.455546953510657875e-03
2.464282518182382784e-03
4.352877153942966669e-03
2.712226080082045469e-03
3.393461031470901799e-03
2.908101891102491017e-03
2.708353445285062878e-03
2.464378106888149515e-03
2.534340092545082652e-03
3.486238889977067313e-03
3.159404495843831043e-03
4.319430378251904595e-03
2.731998521698193131e-03
3.055561043897829423e-03
2.962461140293987365e-03
3.509093912414437862e-03
1.910840345600519144e-03
3.093525083771378470e-03
3.086850583808474578e-03
4.413149120670914992e-03
4.061896903375804453e-03
2.677357036225549471e-03
2.703912400110880781e-03
3.670911306493658804e-03
3.650655832374793269e-03
2.736774007274344299e-03
4.433651726315836726e-03
2.842660215228903602e-03
4.043842986571576786e-03
3.959793708217326444e-03
2.463012665528330463e-03
2.611026312916768684e-03
3.317630072749400052e-03
2.901507231804466899e-03
3.862459452032381956e-03
3.117556723743951114e-03
2.659192211829832213e-03
2.435394593310367430e-03
2.571095179052885604e-03
3.424879867400797053e-03
3.795544006433360443e-03
1.855232447864086590e-03
3.249444477113612711e-03
2.652008689542923164e-03
2.576928296918712304e-03
2.953780923270982704e-03
3.262330260187756240e-03
3.303958443781638242e-03
2.225877219699534410e-03
2.288734219116176759e-03
4.108027097794855753e-03
3.104066845009620379e-03
3.347072739192008799e-03
3.400494517915435364e-03
3.103671671060476405e-03
3.050187795745697844e-03
2.643590575913463536e-03
2.417613399087567561e-03
3.268271950331111658e-03
2.851813025151566511e-03
4.274780688207155052e-03
3.219637575664835698e-03
2.588274287062477304e-03
2.179863247489885122e-03
3.980931081991372078e-03
5.179327800557784189e-03
4.423175090869808750e-03
4.555850665482275366e-03
2.908334054061003770e-03
2.822150846332941929e-03
4.370633859059400508e-03
3.371269317378712809e-03
3.922196194741254562e-03
2.719523537432599457e-03
2.769162529428147949e-03
4.573218324465437579e-03
3.914671552219683819e-03
2.508724869210444009e-03
2.745340246130797360e-03
3.316405829512879527e-03
3.423990060402451290e-03
3.249063961712523804e-03
2.710203688831330088e-03
2.782475843291819153e-03
3.621650189104997416e-03
5.083254588008368283e-03
3.413436056339304910e-03
3.103219939140708285e-03
3.628837928599827883e-03
3.020859158364096880e-03
3.658069000079342686e-03
2.521730760674424296e-03
3.290607286601284886e-03
1.464737819187254299e-03
2.576455406935720862e-03
2.600451010147504082e-03
4.991559674201434711e-03
2.535702629350379024e-03
4.334188228157530298e-03
1.612959775056551238e-03
4.257135403981310642e-03
6.416301482060635455e-03
3.227503353242875545e-03
4.523363561960948125e-03
2.639048893156059703e-03
2.876906888456479214e-03
2.867645886787693020e-03
3.674881559996073885e-03
3.382804278286346764e-03
2.175139242289904698e-03
3.029347069540160465e-03
3.831664278904513450e-03
1.753742026829176659e-03
3.319713877212984287e-03
3.169993494856029274e-03
3.070001902524771651e-03
3.803897945721178980e-03
3.137023790971138048e-03
3.458966355751897509e-03
2.956319731952628069e-03
3.029254052395171423e-03
3.232456670449262385e-03
3.610732344906412202e-03
3.654778222404153707e-03
3.031436050493144588e-03
2.700827290186936808e-03
5.585115682934411151e-03
2.669228250274761471e-03
2.970977760686624447e-03
4.366546951154279266e-03
3.894384638256793638e-03
3.447073466094344694e-03
2.733496214920897675e-03
3.617303315520494379e-03
2.083806811472199445e-03
2.715354056966341918e-03
3.303405794295540075e-03
3.866560537758823805e-03
3.112790327391588060e-03
2.972783226724648280e-03
3.884268441039934790e-03
2.708837141715388953e-03
4.433317249745274795e-03
2.390447175652858549e-03
2.103274564442367441e-03
3.867830478316380913e-03
2.915137483960556896e-03
2.679864914705718405e-03
3.258579958401539717e-03
3.174793513570488192e-03
2.487143703027325410e-03
2.433940748577689307e-03
3.901833265621290538e-03
3.630286578162304420e-03
3.489053000745852371e-03
2.722003420641796751e-03
3.264793385743631690e-03
2.967610234820663214e-03
3.078249439911327334e-03
4.465258526252078967e-03
2.871737466968529023e-03
3.069099808527037902e-03
2.685381069491201561e-03
4.071945151881486979e-03
3.066619800272269054e-03
2.242880353905889450e-03
3.889780330171975931e-03
2.858407168730810882e-03
3.304969254193743794e-03
3.560252118716925474e-03
2.819184121367425844e-03
6.166021754265478896e-03
3.914638292740770659e-03
3.626740925684311580e-03
2.387338957134844172e-03
2.467596199646759480e-03
3.060114825219398954e-03
2.964638222385242074e-03
3.789186027328074642e-03
3.229884412959462339e-03
2.812287947443391656e-03
2.306852486207052345e-03
2.725150605401002735e-03
3.827747462543927472e-03
2.871258710672111233e-03
3.609261940921453925e-03
2.771770074718957807e-03
3.385228060431789022e-03
2.352891895426180002e-03
2.926025833357876263e-03
3.842825892921537725e-03
2.564415651740679231e-03
3.900370155603061478e-03
2.559170231706649461e-03
2.747901113793514184e-03
3.416468838673490226e-03
3.201228557692206624e-03
5.032397276041972352e-03
3.143500388933877752e-03
3.177850039931158065e-03
1.963147205987864508e-03
2.005844268867387672e-03
2.229656346871692826e-03
2.852995219744091076e-03
2.345909723238401214e-03
3.100802705814520704e-03
2.828365307099144077e-03
2.901198320178789095e-03
3.758265444997169972e-03
3.258974350923302989e-03
3.195814049291629318e-03
3.791303803494201069e-03
2.655684256629583639e-03
3.318011758770390320e-03
2.877214994097010772e-03
2.770520851583370501e-03
3.360521316738277094e-03
3.370576537810091294e-03
3.227738899334518709e-03
4.549188154870409048e-03
2.314917923737589128e-03
3.329709977601736683e-03
3.675800575839934230e-03
4.010437759529648753e-03
3.744802047381374632e-03
3.311085907851874476e-03
2.493987012870728815e-03
2.130926082509134074e-03
3.650822356480237004e-03
4.444338282453259500e-03
4.811035771389709018e-03
3.019915624734431040e-03
2.007302703472381780e-03
2.509974757413772212e-03
3.796224550589932106e-03
4.022040280670829623e-03
4.775721736239032546e-03
4.836180571147610796e-03
2.780328402698384500e-03
3.364465875966498633e-03
3.723829969169336913e-03
3.399981544995516868e-03
3.227270284790267289e-03
2.838758236553775086e-03
3.427864905290057412e-03
2.613538972471448740e-03
3.423591409137947614e-03
2.776141903633011498e-03
4.076223924115726996e-03
3.782114339728269003e-03
3.371058396940578624e-03
2.825188468101620578e-03
3.189100532467981433e-03
3.299255075911015824e-03
3.223295008602072766e-03
3.874051638289866158e-03
2.204035845698426241e-03
3.473372949088376210e-03
4.110836969407354394e-03
2.864613361545814783e-03
3.207956699163924327e-03
3.856959340077534791e-03
2.840818883681531758e-03
3.000465031325047494e-03
3.580877067321013886e-03
4.043697321449571565e-03
2.224390501175611129e-03
2.954577565116246231e-03
2.729535543862473233e-03
3.963855468962683426e-03
2.723129232534510225e-03
3.217590080349193218e-03
3.349025387589130327e-03
3.973259137824482548e-03
2.609415690082195725e-03
4.639344816283278924e-03
2.625180756389095850e-03
3.688200824925351538e-03
3.522371272107915896e-03
3.343613537170678652e-03
3.119172838022485090e-03
3.470495469624694258e-03
2.755379745087400273e-03
4.024727890619463240e-03
2.556369972769862234e-03
2.569469287235064733e-03
2.816432595004629991e-03
4.599018832072999767e-03
4.320851469753282832e-03
3.585196600519215213e-03
3.493972977080027267e-03
2.614412755039761602e-03
3.038968332780259910e-03
3.505173647192773648e-03
3.982993178678386099e-03
4.381541253961090954e-03
2.586402467660743262e-03
2.337704794674054336e-03
3.446565796525843505e-03
3.033970355908218678e-03
3.938718659234422166e-03
4.254039036995503273e-03
2.952092320937100157e-03
2.651821344010184441e-03
4.271492855774427014e-03
3.329197554865575680e-03
2.713598992000598644e-03
3.627397131054639883e-03
4.346000424847827961e-03
3.216019464794246576e-03
2.737530348968106753e-03
1.762365794572588176e-03
3.415318770683841917e-03
2.319785839130843359e-03
4.339876720539946608e-03
2.876828727414453869e-03
4.002613016712777347e-03
3.361342811918777672e-03
4.292404222485565225e-03
3.079673042523196121e-03
2.754926523287747325e-03
3.426774057881542060e-03
3.581820156504925655e-03
3.321671444164622615e-03
3.464508147955059052e-03
3.626613389986463581e-03
4.252184061104862488e-03
2.952232019610339341e-03
2.968301832933211131e-03
2.668371611991059069e-03
3.621858693527156645e-03
2.445320203424684608e-03
4.234682970259394559e-03
1.886895629618932707e-03
2.950463885020716392e-03
2.512614907921450081e-03
2.883101440995143507e-03
3.735164967350961505e-03
3.908835115005736965e-03
4.532766946539200023e-03
2.932538362909439204e-03
2.387159448387417282e-03
2.529774761080700023e-03
3.371415425273106663e-03
4.078738595867462298e-03
3.270749620314118526e-03
2.654071858448463390e-03
4.650971002414728411e-03
2.640354747307297779e-03
2.263276153901945271e-03
2.128764542325225530e-03
3.299247783212654397e-03
2.506378481174745959e-03
3.521500807259909851e-03
2.694694686033402477e-03
2.940057766272378276e-03
2.863150436843617339e-03
2.861646378585735052e-03
2.419524953172266530e-03
3.637109486877935019e-03
2.625999370192534134e-03
2.429511467754867041e-03
2.912451596988310278e-03
2.580658193687496160e-03
2.916506307005976763e-03
3.350261357523668000e-03
4.179911968617840146e-03
3.062811879089266144e-03
3.470431750915294739e-03
3.184467826022797324e-03
3.103251920592640326e-03
3.788552746917397442e-03
3.019128408045757602e-03
2.234636395097520153e-03
2.447122987198895039e-03
3.471979106552961370e-03
5.111043302249712247e-03
2.642610481283866591e-03
2.650238827100604658e-03
3.206964120995058239e-03
3.141465920812000403e-03
4.397497642327339966e-03
3.101757476235285273e-03
3.682957143167965922e-03
4.010588496982707418e-03
2.949386320032344831e-03
3.159699911108530823e-03
4.002043633728690451e-03
3.245868223704333113e-03
3.141587070312456317e-03
3.124264881735934994e-03
3.607359808225366928e-03
3.744775537712807106e-03
2.519256901172209004e-03
4.197844314576174192e-03
2.640088614385098422e-03
3.394961694832904480e-03
3.990420991944501963e-03
2.946892277237780043e-03
3.272217761042974741e-03
2.504002307902429645e-03
3.666929826431868881e-03
5.046370032641801263e-03
3.481706018214016009e-03
2.278889402424763740e-03
2.058602848056007018e-03
2.765362299908600066e-03
3.322761217240714163e-03
2.935874539163596791e-03
4.139671531064003686e-03
3.295685324940896693e-03
3.251366308362293924e-03
2.364912593030158664e-03
2.888997215771810061e-03
3.231259242386481326e-03
3.896038381248736679e-03
2.691962252830619289e-03
2.903991355064771719e-03
2.320691347845065412e-03
2.970465514604147313e-03
3.448513398471717700e-03
2.725864623538051205e-03
2.754253489151711233e-03
3.223872032196912259e-03
2.821683315255972546e-03
2.436189925666817132e-03
2.820522967217004191e-03
4.097549886696372386e-03
3.252822902941024732e-03
3.576085895938225200e-03
2.886454158328068207e-03
2.891399516831690952e-03
3.077698732861148742e-03
4.340260150335607109e-03
2.934846846187568435e-03
3.163615165458072854e-03
3.480748076635227766e-03
1.648380259761070363e-03
3.641149430375088640e-03
2.881906695838955951e-03
4.405184384621244065e-03
3.120907144665950247e-03
3.043536084275103720e-03
3.845234732040306302e-03
3.422830267337015776e-03
1.909336773969080641e-03
3.577395853193483886e-03
2.867434676211762234e-03
4.777409950220818519e-03
2.933502900211212589e-03
3.143242191555520228e-03
3.484978983475918446e-03
2.273521460525560964e-03
3.294389596909759899e-03
3.580936042979902031e-03
3.182548121968387534e-03
3.730764030913127222e-03
3.201281999070621637e-03
2.503071294486068285e-03
2.677698324378310294e-03
2.553607166393175119e-03
4.023103537542915657e-03
5.101349861014387206e-03
4.134495862839242947e-03
2.812210322253240035e-03
3.235717743645998446e-03
2.491992884771016166e-03
3.401610034485173621e-03
3.781214139070471908e-03
2.878608115199502229e-03
4.861373222414185589e-03
3.017975910875921996e-03
3.636590032685748947e-03
3.859217919043449706e-03
3.954574222737694371e-03
3.949219866659434662e-03
4.833738712251340990e-03
3.184928954312591688e-03
2.412803890372550684e-03
4.034798192635110151e-03
3.282435515746086677e-03
2.802911718008516302e-03
3.358133018489249753e-03
3.025474152294578643e-03
3.421942060764013478e-03
2.727744528219375186e-03
3.015579200297943165e-03
2.387048610009304041e-03
3.514554221492047822e-03
3.158976446936299139e-03
4.666562603287591725e-03
2.957158667288265104e-03
3.409196906508335598e-03
2.873768100849720137e-03
3.322262046244834222e-03
2.840396522183665038e-03
3.859331612866011112e-03
3.581781955061649151e-03
3.257449928176647889e-03
2.854133243084669598e-03
2.504343828809874918e-03
2.612428724395800695e-03
2.431844233946630143e-03
3.653684598390666369e-03
3.446796373362484827e-03
2.001850558303795886e-03
2.572636948796530598e-03
2.797336209548959007e-03
2.304444544338330163e-03
2.393689090592975022e-03
3.737207754947669686e-03
2.197656478063224512e-03
4.123782585247322274e-03
3.396947135242032404e-03
2.732108813699300667e-03
3.400043375466724714e-03
3.163016491599018702e-03
5.363805946229423076e-03
3.123392482165324169e-03
2.850416879602274411e-03
2.156783930427589365e-03
3.013710403877616854e-03
3.575621290656345961e-03
3.404734752089209893e-03
3.208175348982552234e-03
2.768066041458717985e-03
2.837289458607978199e-03
3.379689265501508756e-03
3.572118203847962376e-03
3.923202999299824079e-03
2.092292748247219329e-03
3.708515442162175699e-03
3.382990173592934947e-03
2.501838024235036873e-03
2.879671055610765005e-03
3.369587366661703880e-03
1.837822594566380745e-03
3.247303339830580771e-03
4.459851536343574507e-03
2.518986682643813407e-03
1.967869580137275153e-03
3.331968406728390807e-03
3.293428662372146435e-03
4.426991764282209481e-03
3.025257818122357133e-03
3.970301842955679950e-03
3.873827747873785730e-03
2.624604768719360302e-03
2.779354661818188733e-03
2.975758206949327255e-03
2.049980967545066927e-03
2.813704091882575972e-03
3.759275019164376539e-03
4.385008832268558025e-03
2.009283146702307583e-03
3.003038416282752601e-03
2.664097342619896249e-03
2.594778425280571451e-03
3.052478238853217982e-03
3.915602377272882871e-03
2.086573872378193542e-03
4.358267719893713955e-03
2.729970516953982625e-03
3.616212359986546374e-03
4.022078602374245214e-03
3.109754991035226269e-03
3.998973625825165412e-03
2.375849022280342258e-03
2.746074351593246962e-03
3.677249727616086362e-03
2.997194020423242858e-03
3.199247714130369104e-03
3.653416852012457590e-03
3.550804808315419659e-03
3.045510272933388100e-03
2.738109303563933828e-03
3.361119044961453049e-03
2.355507229607011529e-03
2.642442868566072418e-03
3.623922522943225089e-03
5.601103034283223467e-03
3.913578828277058941e-03
3.113783270132367605e-03
4.461774417625232955e-03
3.174863505274364440e-03
2.952940951004982915e-03
2.585961283892679666e-03
2.995629176347251125e-03
1.889777731860524911e-03
3.781433505679359774e-03
3.218540329849010288e-03
2.663772412929990129e-03
2.444321659893489845e-03
2.128000787389484460e-03
3.318588232811772818e-03
1.966808307148032713e-03
3.527801533022304793e-03
3.708754671986703565e-03
2.793849756976439589e-03
3.200575853841211484e-03
2.807050588322109949e-03
3.968241314947174199e-03
3.087297139264007576e-03
3.431453662973808771e-03
2.435343687101563983e-03
3.213118127722632000e-03
2.328235497669136917e-03
3.089967657796486005e-03
3.117461085964638810e-03
2.684117025466573915e-03
3.498344642879142301e-03
3.308458973525448422e-03
3.528001567967064232e-03
2.706046044677540459e-03
2.644464280012468957e-03
4.564380067444192418e-03
2.931650064166181971e-03
3.998609669187353291e-03
1.899571678797028207e-03
3.434218125022977380e-03
4.122012381246760275e-03
2.109897521221208022e-03
2.996372732476498477e-03
2.722149609350567930e-03
3.430687333709454140e-03
3.779936231333819955e-03
4.179600819595757910e-03
2.620937844608566079e-03
4.618027448021961787e-03
2.560997870628134877e-03
2.890630505313767761e-03
3.818331450807351847e-03
2.745138249827228615e-03
3.642325415992723851e-03
2.599194433937842674e-03
2.441722627302317632e-03
4.315484080084975617e-03
3.786407215432763089e-03
2.698488924861982760e-03
2.982568024626067790e-03
3.323702866092348007e-03
3.203389519755053295e-03
3.223035041016676996e-03
3.095385616192061762e-03
3.074758966214739646e-03
2.098716322439246780e-03
2.781214838895210845e-03
3.943798549095884308e-03
3.016298875211893566e-03
4.031621621861501518e-03
4.101017388238646297e-03
3.169330709040331807e-03
5.501058037646143657e-03
2.818005716139347638e-03
2.882918701636566928e-03
3.035330909458525562e-03
3.956809228022981940e-03
3.683650507923135527e-03
3.139167107473382189e-03
2.549725310769941546e-03
2.930915995927060088e-03
3.758881049329392075e-03
2.434307300332872424e-03
4.944386020011229919e-03
3.108898212892949927e-03
2.419603434086078485e-03
2.942794433458477323e-03
4.458598507223763240e-03
3.491200241359326481e-03
3.001156259231058544e-03
2.089090568931196903e-03
4.112854035271085520e-03
3.249452854211211644e-03
3.388162651574713139e-03
4.265902844279220556e-03
3.383974228069441034e-03
2.918401855853727887e-03
3.703200859593704184e-03
2.565822872740885358e-03
3.405891366566494039e-03
3.090345538253589687e-03
2.373635365275890939e-03
2.797899393900907510e-03
3.368824504730444803e-03
2.594814318140020813e-03
4.766220863016071632e-03
3.245442103673028787e-03
2.173031501691533550e-03
3.405811228761349181e-03
3.414201903353977514e-03
2.548950679428871151e-03
2.429512457383107508e-03
3.541359164813245083e-03
3.176481552103390012e-03
3.915544862537654117e-03
3.265538238997164628e-03
2.861088459612644731e-03
2.241281750756956084e-03
4.136085177611373807e-03
2.698520391500331978e-03
2.796893106561136166e-03
2.472139739996261684e-03
2.686226081475226631e-03
3.835876414406981169e-03
2.130548092439116161e-03
4.135246265097865942e-03
2.947039385925773365e-03
3.888991637884231609e-03
3.172617710140764307e-03
4.022127018017631131e-03
3.013581910584236905e-03
2.900141799632110703e-03
2.715857440194277637e-03
3.390187639586682896e-03
3.294322304264294884e-03
3.275287931592858835e-03
3.490222389216245894e-03
2.144410964386152772e-03
2.710182244433780290e-03
3.152737160360492320e-03
5.186907874775346060e-03
3.354684079539071648e-03
3.780073147083302249e-03
2.803364559482482508e-03
3.057211714171146483e-03
4.217394833016628077e-03
2.603401732849070904e-03
3.792119138740329166e-03
3.776526963814553443e-03
1.673036109023075648e-03
2.986232938059975306e-03
3.000286322308862337e-03
2.671682702963953850e-03
2.050382240491965217e-03
3.482937454869058404e-03
4.116942443327087885e-03
2.473453269318951712e-03
2.067474606932273671e-03
3.412192533144985281e-03
2.714383656419600433e-03
2.728645143239867912e-03
3.599482975432673638e-03
3.545741431655416963e-03
3.352213870794963201e-03
2.842525912032087699e-03
2.905339746993041046e-03
3.073825526259505239e-03
3.523562516680569037e-03
2.647312914335523716e-03
3.077363582401994747e-03
4.259920103032819629e-03
3.825853954770890540e-03
3.155435156349751559e-03
2.616986745746774628e-03
2.320230496144372930e-03
2.137021445545401587e-03
2.135736121011228873e-03
5.229593983494118872e-03
4.183160500737644061e-03
3.141777139944677052e-03
2.859055582319410243e-03
2.281152823306770681e-03
2.632326998354554779e-03
3.566360222233093662e-03
2.822614699583375370e-03
2.164920626419428347e-03
3.743932449206498116e-03
3.210135272355977426e-03
2.492010869440129499e-03
2.677206978525114786e-03
3.096593410860827046e-03
3.524364869628138913e-03
2.772319197990395431e-03
3.680957231165729680e-03
3.633929173249677777e-03
3.842163719196319688e-03
3.387373578609092009e-03
3.177560146744786741e-03
2.667725988940324727e-03
3.873355793884544675e-03
2.879529486677494341e-03
2.621924116462950264e-03
6.318287256871127355e-03
2.436032331173774469e-03
4.083773643591938167e-03
3.998455609823511718e-03
3.128033039491658323e-03
2.844476619525639852e-03
3.228731548190940433e-03
3.533462289008643641e-03
3.841966724918445195e-03
4.029762383080962018e-03
2.666384435344063691e-03
3.841923897256220837e-03
4.532965007243969224e-03
4.227963318318202039e-03
2.958949604161690942e-03
3.051999887560083273e-03
5.418613213477740768e-03
3.470413302442832814e-03
3.355922511125855948e-03
2.653798327622919426e-03
3.166085303696172283e-03
4.091196633237849378e-03
3.629930865401325649e-03
2.285999372791622155e-03
2.387489796528613917e-03
2.954221391742556727e-03
3.772260529088578007e-03
2.790505729260732946e-03
3.713061566765537853e-03
3.801545738276159749e-03
2.476431711410562262e-03
3.453033840810634976e-03
2.701849895562941171e-03
3.726089332074803123e-03
3.210171777345365539e-03
2.712956954629085291e-03
3.123484569589926162e-03
3.595609949056859187e-03
3.819970115325753944e-03
2.953222120594082602e-03
2.810116966350836246e-03
3.922117172937539427e-03
3.295735210242639428e-03
2.900665622809444830e-03
2.489676899397311096e-03
3.058132902015107003e-03
3.658131931904827841e-03
3.547611248113368820e-03
4.854233659040719899e-03
2.586512696996669160e-03
2.771446274927151249e-03
1.931922229231600478e-03
2.483101058543967128e-03
2.834771302401545897e-03
3.233042346557018099e-03
4.991424111879034196e-03
2.979185270646368244e-03
2.777306328283161724e-03
2.992518370024346668e-03
3.698135679079461464e-03
3.701647385040923808e-03
2.925476824748317588e-03
4.252890490342848412e-03
2.745570400582767606e-03
1.681128302569076831e-03
3.866364738174539028e-03
3.318827494640822114e-03
3.394682953902215458e-03
3.357413243136931225e-03
4.121560212713474246e-03
3.383047117457285789e-03
2.759515920555860417e-03
2.957064608862323540e-03
3.842765003189264981e-03
3.309040439469646076e-03
2.533488779050829028e-03
2.256866487051598005e-03
2.147014280067740307e-03
4.834410024147263105e-03
3.167736087966076686e-03
2.845930048109357631e-03
1.809491546487458028e-03
3.580990005793482922e-03
2.816630444341926189e-03
3.795352835182883890e-03
3.410245223218067410e-03
3.722314903398130179e-03
3.187706677164521725e-03
3.560306420804357566e-03
3.436157125035508870e-03
2.727883738608483360e-03
1.977386237486167264e-03
3.026982507498788329e-03
3.033310073090572656e-03
2.617918160405603191e-03
3.719936217636886887e-03
3.425387255142999399e-03
2.930079045930610807e-03
2.595307117639293094e-03
2.727998149781302520e-03
3.220085599886295287e-03
2.865114799914054468e-03
3.985773084072533404e-03
3.500443951915458134e-03
1.797142239781304458e-03
3.043571543890867797e-03
3.063206738283694771e-03
5.137707614815164095e-03
2.320980678991008215e-03
3.116416293379815124e-03
3.760807500636057042e-03
2.915095102543120188e-03
2.120220846454984581e-03
2.787268829303455198e-03
3.117785694984733912e-03
4.926897769209168977e-03
3.578695043742371931e-03
2.897959516392718381e-03
3.069120811068633096e-03
2.572773477859027942e-03
3.421880769578587028e-03
2.440404034544183236e-03
3.302781992019505463e-03
1.954238283976160364e-03
2.961731286940215944e-03
2.725199478442041825e-03
2.578291055587062647e-03
3.028300696326570018e-03
3.417851183474925319e-03
3.101266347136604710e-03
4.062059089864348410e-03
2.362949423005507830e-03
3.161786250005733760e-03
2.823100079133292629e-03
2.899296006127617502e-03
3.385162724636510238e-03
3.665867002100330063e-03
3.841899379223997438e-03
3.248192282096439096e-03
5.049002471490677581e-03
2.711130922132582929e-03
2.994222088638624595e-03
4.508692692512425784e-03
3.656632874170167614e-03
3.280125317445345672e-03
3.898429148229993948e-03
3.068578819154987956e-03
2.132239908372971643e-03
4.259228582384682466e-03
3.605815274520452873e-03
4.318574641979520262e-03
2.549310941854773371e-03
2.467134524975238361e-03
3.593586103559624160e-03
3.155394536566043934e-03
2.605527325830167377e-03
2.855437705707430159e-03
3.057259862456567640e-03
3.689084020398397407e-03
2.309385347000326213e-03
3.186444901292691170e-03
3.759511726219200763e-03
2.424957243428389579e-03
3.046399168643822847e-03
2.982582255657625393e-03
2.697696361184330135e-03
2.168850952304901981e-03
3.320684979407483028e-03
3.625686086730995576e-03
5.093060870688402401e-03
3.315058288460519427e-03
2.738366283908132137e-03
2.221165465500657757e-03
3.337003346810528057e-03
3.645205619317138258e-03
3.369639716551988545e-03
4.356925894924392612e-03
2.102545159345645554e-03
3.040995490759310690e-03
3.402453335848046150e-03
2.856733061269951541e-03
3.198063294478236621e-03
3.955728190696187509e-03
2.835919017059896144e-03
3.343098587335354907e-03
3.704028495895968220e-03
3.231279601586567116e-03
2.383287241351441862e-03
3.032956892595400217e-03
3.577332448828596159e-03
2.539264727090215570e-03
2.491807977747107633e-03
2.765395518515979638e-03
3.584832923644880234e-03
4.049261888395988898e-03
3.895606821548042945e-03
1.827708391289988629e-03
3.150783697706938981e-03
5.285278330545609138e-03
3.342813515561946901e-03
3.122410560294917176e-03
3.828746491899280915e-03
2.900089647615562965e-03
2.523424202454669155e-03
2.899712598270327412e-03
3.500940462169909676e-03
2.361134283629516984e-03
2.761808628774885602e-03
3.086397109894281881e-03
4.711717696904213840e-03
2.934989269548677910e-03
3.192644309619933115e-03
3.852999230207234966e-03
2.645303852303906595e-03
3.011991537331528985e-03
3.687807886412315488e-03
4.816598961627365470e-03
3.491390167974389638e-03
1.913704432480651564e-03
3.897840338548654027e-03
3.819355849039194391e-03
4.965762740185051573e-03
2.136165399548716794e-03
4.257061879175786344e-03
3.449030579768651555e-03
2.685336066764560867e-03
3.036339653793808033e-03
4.044263274958752145e-03
4.165116203035270845e-03
3.437895824516637531e-03
2.485834096876499578e-03
3.083520586742643371e-03
3.453693422096692101e-03
4.778075204099912869e-03
3.325130925961399496e-03
4.584498993564826985e-03
2.827645728290788512e-03
2.521753413797597158e-03
4.467112806796823439e-03
3.589391295598634481e-03
3.646430460910561003e-03
3.587062350122326333e-03
3.359870376255036720e-03
2.935395014142256741e-03
2.555481791328195317e-03
2.933612755496198092e-03
2.619864570990898187e-03
4.125942963023132223e-03
3.161933256069904014e-03
3.306329099075259927e-03
3.459318356878806310e-03
3.159979065531982878e-03
2.993342046892297735e-03
2.593222599787586412e-03
1.857426590910276785e-03
4.036039133461262821e-03
3.595271179084030301e-03
2.438648207916249613e-03
3.509699016365283065e-03
2.412740560285620440e-03
3.133051927740469061e-03
2.878567664945044183e-03
3.686660198248363062e-03
4.711145391834607211e-03
3.028004006273565373e-03
2.959534391170599594e-03
2.202979298116155334e-03
3.687295680760936060e-03
2.891430552440767566e-03
1.907733182386474194e-03
4.052797482705231165e-03
3.323235795549670749e-03
2.537798822867033156e-03
2.547510751169716498e-03
3.093806299276139621e-03
3.204179025146743770e-03
4.465125289033942957e-03
2.392258098440389058e-03
2.536488137949822076e-03
2.963383219706106596e-03
2.790143039238872271e-03
2.712932253708194141e-03
1.705556806590252487e-03
2.833789794555788537e-03
3.258670756590201049e-03
4.255015653538782132e-03
3.207890213186260445e-03
3.740004297340490669e-03
3.777768902999113342e-03
3.378651323014792741e-03
2.611793483563629083e-03
4.021842317942450444e-03
3.537247132562079677e-03
2.208072300701447409e-03
3.083739137974206984e-03
3.198197600394366881e-03
4.293016354634701139e-03
2.664679010267015629e-03
2.409346695095560681e-03
2.544872550419690835e-03
2.893930381865882518e-03
4.034155631675831639e-03
4.102442031025674632e-03
3.246130556194900749e-03
4.306713303541880207e-03
2.630072104673946819e-03
3.567857976915506189e-03
4.047396121581268470e-03
3.559624424230467109e-03
3.445543564712284443e-03
4.920460566971365454e-03
2.520053714138521285e-03
3.946924146678696191e-03
3.447654097543272587e-03
4.027796620549480011e-03
3.769608052340730955e-03
2.349367033844383668e-03
3.202475921693445724e-03
2.055806634626132327e-03
2.835656907103794623e-03
2.904708774907584484e-03
3.343662000320894636e-03
4.438645011050815388e-03
3.107384938319611174e-03
3.737978889193882461e-03
3.846585175644498100e-03
3.071867341695171550e-03
2.506787837423236995e-03
4.025335348133250203e-03
3.300095978705805053e-03
3.742134626852444777e-03
2.969793443089235527e-03
3.976397727543819899e-03
2.572273977029521444e-03
4.517305456443295592e-03
2.268326826194693151e-03
4.498391467324783059e-03
3.201813953669315361e-03
2.275401502441180921e-03
4.254445014445853296e-03
3.390480799759210649e-03
2.731274195027517254e-03
3.217682726632704882e-03
4.087746297085689991e-03
3.501500534179937535e-03
3.187693549979659594e-03
2.014350006003839174e-03
2.721578087190650204e-03
3.411408054072414403e-03
3.169337312126676871e-03
4.422596500217538390e-03
3.075801139961279514e-03
3.942780768442302741e-03
3.370937888336333378e-03
3.313658629474693432e-03
4.946406630587030923e-03
2.917425217978823759e-03
2.809111766443226146e-03
4.403958999893884188e-03
2.492999754251010256e-03
3.374526172838001378e-03
2.179214782447050792e-03
4.310168761179262488e-03
3.082534866256717888e-03
3.210502306830648189e-03
2.085760380716326391e-03
4.315062000078545394e-03
3.095502882212189995e-03
3.822449001724514094e-03
2.353848247145948636e-03
3.081061160705199104e-03
3.520041451578802359e-03
2.505007922506920746e-03
3.142715211534764883e-03
2.944259171751294896e-03
2.799574688128403203e-03
2.950190898299438411e-03
2.203422324681691274e-03
3.654354557025208360e-03
2.379221513070775909e-03
4.092964123931548334e-03
4.691114656416891029e-03
3.648027540736128917e-03
2.877433880011143804e-03
2.475628979302425727e-03
2.804448772914945771e-03
2.861902424801296071e-03
1.734770830830818268e-03
4.298629182028015916e-03
3.879231145039766133e-03
2.587712376797309324e-03
2.623866405478923747e-03
3.167098841714307330e-03
2.745308397389756207e-03
4.294008360397064822e-03
3.604148417307698107e-03
4.310673034640642026e-03
2.340469252592994667e-03
2.884025755972171711e-03
2.244037775654194895e-03
3.459852915937595974e-03
3.705971374983511001e-03
2.558369203775481739e-03
3.094427997050655868e-03
3.297239036575212896e-03
2.627555117265787093e-03
2.493169194696351430e-03
3.394380871917976415e-03
4.179684017889278083e-03
3.388715241030516769e-03
4.420036188646486904e-03
3.452724769925012097e-03
3.515470369642496439e-03
2.636049916790628774e-03
2.484390717935533455e-03
2.659699566902264892e-03
2.434810883733100513e-03
3.273524457775135819e-03
3.029394450331014590e-03
4.059977638116355099e-03
2.302152702131056005e-03
1.948206040354691230e-03
3.248237486947354140e-03
2.969790135443403818e-03
2.758711419298847008e-03
2.425296839499147244e-03
3.735470437805114927e-03
3.942487835771711115e-03
3.169307352507065318e-03
4.443228293291181727e-03
2.686414802036294833e-03
2.459342065931534749e-03
3.033127793227600403e-03
3.328581030415551315e-03
2.644669714496609980e-03
3.368340661277382294e-03
3.483422643348059629e-03
2.910475850029961824e-03
3.139559864196293185e-03
5.352191021514240109e-03
1.830061219127797952e-03
3.001511949443868253e-03
2.333583858151853149e-03
3.707989372615849277e-03
5.568740660122417641e-03
3.940196053110475195e-03
2.567127763060979631e-03
1.976017058665260201e-03
2.223277925000822532e-03
3.524533982296661812e-03
2.749756873646353513e-03
4.490524503233683969e-03
3.586266246637139377e-03
2.983520306703199652e-03
4.280113530678260336e-03
2.657158996819948375e-03
3.684030060940377774e-03
3.615122950310207389e-03
3.370230431169391958e-03
2.407788522324042640e-03
3.954685069159876928e-03
3.023106413450628131e-03
2.734526377531475844e-03
2.437625511182904287e-03
3.586202860283709427e-03
3.349517734398789384e-03
3.639089802481398038e-03
2.633753570580654735e-03
3.332874320451535092e-03
3.887825371392786018e-03
2.389400689020333268e-03
5.137528250138459138e-03
2.292479047266563971e-03
1.995657129525890954e-03
2.905580829845204327e-03
3.384621102334875366e-03
3.030629090798309371e-03
3.129229341840996347e-03
2.950472794066343919e-03
3.334202621575712861e-03
3.040192371424726200e-03
4.180040994699990228e-03
3.730061808285305668e-03
3.077818688208949424e-03
2.586362514584529537e-03
3.855867083516938392e-03
2.895481630943731819e-03
3.990454356469621232e-03
2.628675194872488394e-03
3.123524269862481672e-03
2.755373193836163030e-03
3.676002648808345853e-03
3.127383752045484553e-03
4.290595041994105588e-03
2.925800051039406310e-03
3.063138021045352932e-03
3.521971588267665525e-03
3.505729688271500954e-03
4.148377909786220286e-03
2.861640807736537308e-03
3.866996260078997549e-03
2.315835210021155444e-03
2.751944862045481097e-03
2.868641333060242913e-03
3.023680396494024623e-03
4.513726182975273844e-03
3.762764861216355214e-03
3.252777729391138732e-03
3.607952502185991350e-03
4.546631587201661190e-03
2.721709027074857221e-03
4.514345509707027790e-03
3.706149444668948526e-03
2.909723044533585497e-03
3.600157916202594791e-03
2.306175082168020370e-03
3.273641325350735813e-03
2.157171372516534374e-03
4.061555496986591317e-03
4.099074440671647904e-03
3.381947590538644625e-03
3.129319697298666488e-03
2.579835348892742762e-03
3.620378161369937862e-03
3.433839874032610772e-03
3.535080583485048812e-03
4.493498828053511460e-03
3.082009601445433958e-03
2.489314660646251096e-03
3.025097628339109071e-03
2.183633241489487190e-03
2.581774999138870819e-03
4.142904217445269460e-03
3.511672153302733326e-03
3.520309217175723263e-03
3.370658866138665465e-03
2.848329713968051052e-03
2.700685143003033438e-03
4.385444457949300504e-03
5.519038559974839483e-03
3.157838844461852926e-03
2.078265226751913834e-03
2.596966247035239952e-03
3.752750480249325126e-03
1.961387845695938825e-03
2.939213657529668716e-03
2.213873258478200531e-03
3.681821883547155196e-03
3.790845116699569431e-03
3.239740090784124643e-03
2.833882131073781844e-03
4.797152270014238239e-03
3.331126656095860592e-03
3.003705582063317427e-03
3.654954909563162824e-03
3.110838961556284567e-03
2.253540592323600815e-03
3.583413842920096272e-03
3.792104929763294267e-03
3.094167074192571455e-03
2.600913679594984724e-03
2.400182527519731292e-03
3.016307090909679713e-03
3.797612186002390696e-03
4.934704827629814335e-03
3.369030503700392882e-03
3.078218392079971107e-03
2.244297931424267274e-03
3.133185128699153468e-03
3.183602344321796989e-03
3.137393981968714281e-03
2.454677120306486722e-03
4.147881711215595929e-03
3.211441163686868955e-03
2.720128716350630332e-03
2.888722190188949910e-03
4.171150123238715444e-03
2.689698245045171569e-03
3.590060661255760170e-03
3.630736154191399525e-03
3.941305280292967637e-03
3.393526620593648960e-03
3.030998367373725216e-03
3.227315980932573582e-03
2.805073179182693364e-03
4.084169246533980203e-03
3.213255607200663812e-03
2.493820421399822046e-03
5.385403468749752100e-03
2.305048760673290929e-03
3.837062171413108125e-03
4.545363611666709651e-03
3.198729045681601279e-03
3.285983028374997797e-03
3.306710434117180603e-03
3.813058947567608825e-03
2.787994249306304136e-03
3.573969777380670444e-03
2.097138561578223721e-03
3.268204817264727929e-03
2.329857909805803026e-03
4.372820373736209000e-03
2.396763760582250498e-03
3.090019344321199429e-03
3.611003285457188051e-03
4.608748164561338699e-03
2.763733810446295132e-03
2.737550917349804679e-03
3.095364955772528584e-03
3.305156333564297777e-03
3.501840123498187792e-03
3.425308814697040471e-03
2.374724270837870292e-03
2.902234030662929724e-03
3.293966074192704666e-03
2.593019858502414350e-03
3.605507277717098866e-03
3.163190926353864896e-03
2.219415104942344067e-03
2.961786697487909983e-03
2.482562252530444262e-03
3.949571010573401340e-03
3.267947685994646717e-03
3.125832813282874469e-03
3.491728065307242619e-03
3.362407437831468546e-03
3.270105162829078059e-03
2.874059753797992764e-03
3.123745177372655012e-03
4.298413540913857168e-03
3.681542269816389604e-03
2.864055732722108581e-03
2.174045833925416019e-03
4.021788173676300003e-03
3.497787721561586554e-03
3.565118748063295703e-03
3.047381099213019792e-03
4.885679904207252885e-03
2.565232907038860442e-03
2.936061272878294839e-03
1.855168285810408681e-03
2.271126097136220989e-03
3.261260335697906305e-03
3.525137427489712268e-03
4.314333297891242112e-03
3.285478697134431442e-03
3.124905914436791349e-03
2.346697510537129518e-03
4.338029665311037356e-03
2.705350450343417101e-03
2.587112724252751874e-03
4.120335590392207488e-03
3.315758293911624452e-03
2.718061656405530106e-03
3.304533532620034571e-03
2.831162971487341008e-03
2.722653055473546555e-03
2.517829801561635283e-03
3.614208787272480978e-03
3.061540220123578401e-03
3.511541453167992249e-03
2.437147493533194532e-03
3.400644528031915477e-03
3.614968945994988594e-03
3.026977211736407193e-03
4.035685441152975922e-03
4.417523487666684401e-03
3.277326538736790532e-03
2.803260589347844091e-03
3.258730500768358684e-03
4.056999768970025178e-03
2.742214051796290110e-03
3.156443355175035746e-03
3.463940726000243418e-03
2.053542370994501827e-03
2.175091399092507830e-03
4.069251286784218193e-03
2.409545739386460828e-03
4.277986498590987188e-03
2.302583820728471703e-03
3.047627549699776384e-03
3.473116204886815463e-03
3.721518790608488881e-03
3.704006010826147843e-03
2.818596275572220894e-03
2.878572411030246546e-03
2.979667702411616364e-03
3.030515997064995356e-03
4.025522320315887657e-03
2.273942533564104508e-03
3.225857426515144760e-03
3.094371021799213316e-03
3.509078835570382093e-03
1.985283044497652971e-03
3.549458769340610009e-03
2.294420311511692449e-03
3.852867361691477387e-03
2.898894009565636861e-03
3.633554783048172955e-03
3.901009905302709520e-03
3.628261597183751047e-03
3.557405350602039617e-03
2.309746164301885139e-03
3.335268952656880205e-03
4.468342133285543340e-03
4.218338660048611549e-03
2.961570588091933832e-03
2.691987112456867889e-03
3.210175689741207733e-03
2.371111623647684675e-03
4.158868067170842266e-03
3.638418919058701573e-03
2.451056199086967466e-03
3.350441456479500476e-03
3.830389994496487781e-03
2.823368029940824704e-03
3.750851404866334393e-03
2.682103318948959175e-03
5.540028394983900414e-03
2.934389146274350192e-03
3.580007611478874981e-03
4.361972567502607825e-03
2.063294491502439681e-03
3.385724302160708458e-03
2.455023108554031403e-03
3.059128308020706531e-03
2.058575451225010469e-03
3.594925200400384772e-03
1.838643665327078418e-03
3.790164835377694916e-03
3.101975414924549885e-03
3.392922255880786650e-03
2.284179850525941673e-03
2.632418640062735970e-03
2.960617468897193232e-03
2.462564312802836136e-03
4.417079118580902880e-03
3.617733044856893954e-03
3.540042581055228427e-03
3.272996021185228289e-03
2.691786629836345236e-03
3.222334657549849515e-03
4.968758087352732021e-03
3.331743563687527502e-03
2.804012594789113185e-03
2.445835306230930740e-03
2.404844984542528832e-03
3.462476186123758688e-03
2.385663438362144433e-03
3.603652977031213470e-03
2.991120181920210556e-03
3.772199496411926707e-03
2.729309885693708988e-03
3.400505250444973634e-03
2.896157321199638833e-03
2.715624128064841967e-03
3.334914502929804160e-03
3.703512897496740071e-03
3.896880809423161444e-03
2.962333687105407447e-03
2.850992544172748638e-03
3.404813291475309624e-03
3.854960857486205896e-03
2.433296129705943191e-03
4.750316808628031809e-03
2.289396128899656973e-03
3.676042566537507904e-03
4.482379594785110798e-03
2.846596246758781659e-03
2.717177692907958315e-03
3.599631708695224305e-03
2.489754239635641030e-03
3.172592817701606199e-03
3.272177076758872507e-03
3.568823710462330073e-03
2.785193841455861630e-03
2.898069640738750764e-03
4.209215214621336854e-03
2.577776222766171767e-03
2.949597042746378468e-03
4.061872104423415453e-03
2.041651816982396894e-03
3.482974218755802761e-03
2.135393510886361614e-03
3.726797613254830607e-03
3.320214803172415879e-03
2.702772594829216685e-03
3.047276533905648229e-03
3.802452592163408154e-03
3.768690338273689763e-03
2.226272665945735248e-03
3.224632791598049976e-03
4.236913076629271642e-03
4.265563172223468986e-03
2.947757932493179963e-03
2.685865374595012948e-03
3.410837085020211688e-03
2.274526410215011070e-03
3.078918018185425754e-03
2.623034972014103103e-03
3.628907740930070996e-03
3.229283328960210094e-03
2.920617431072052971e-03
3.498781693103580458e-03
1.805791608424363358e-03
3.700796104099216780e-03
4.154863658703577753e-03
4.126656240403142953e-03
3.936901845674110195e-03
3.067255376500440268e-03
3.164786689642775774e-03
2.441367129370397484e-03
4.530234207779515986e-03
3.132550046975926192e-03
5.577421345549749346e-03
3.081339929681366392e-03
2.997079908710667193e-03
3.554115851008659861e-03
3.622733771260481638e-03
2.231520144574078261e-03
3.254541189303886920e-03
3.331965514442724631e-03
4.261190658285772884e-03
3.459926811482380311e-03
3.045121106204827944e-03
2.378055544132762732e-03
2.643908781551247266e-03
2.513931574408131801e-03
4.868205012314047800e-03
4.178824691130830771e-03
3.064197165231762575e-03
2.335377777280621403e-03
3.010301324003635502e-03
3.042086481940874630e-03
4.088474574289598443e-03
1.698910700283509222e-03
3.101505632226361168e-03
2.247785113827221060e-03
2.529620598804202623e-03
2.776388272667171687e-03
4.068151614087692908e-03
2.332631231387098224e-03
3.915989388402771679e-03
3.646003872186646781e-03
4.504427960005813643e-03
3.290636451985877974e-03
5.638093599257487654e-03
2.448264701019050443e-03
3.659468034017472789e-03
4.095441062511254865e-03
3.557473699676344005e-03
2.396679735198629490e-03
4.027080651323955429e-03
2.554872214194809591e-03
3.196315977688370287e-03
2.420738861060570905e-03
2.523361173622973210e-03
3.260905811194363124e-03
4.047050025646290600e-03
4.167126629216569636e-03
3.420208873358816792e-03
2.083038590477842567e-03
3.422594277629528465e-03
2.943059155273917461e-03
3.527800930943178221e-03
2.880198513413472373e-03
3.485038248803532662e-03
2.747977258068532228e-03
2.463335440865913311e-03
3.817512034392653124e-03
3.371023569139473298e-03
2.937013413733037884e-03
2.973511913866541331e-03
2.761921963378260493e-03
4.046755987241710227e-03
3.776648725719065208e-03
3.486745474684301710e-03
3.304575763149515937e-03
2.399221876482801694e-03
3.963679873248917955e-03
2.436521887380709798e-03
2.556412251728114576e-03
1.869202282557192417e-03
3.647149773177789291e-03
3.176405153290904910e-03
3.182394304306189903e-03
2.839443840261047462e-03
3.045767479265171825e-03
4.702730149105215605e-03
3.679042772599485246e-03
3.363808446211708023e-03
2.035405538246331299e-03
3.612639669209071792e-03
3.718791980881346569e-03
2.372105206979892647e-03
4.391797771794315325e-03
2.695502187021248542e-03
4.255825185306380889e-03
2.507079515085601940e-03
2.559294362586712109e-03
3.329877967504965650e-03
2.996702545032541194e-03
3.566433055776272853e-03
3.243511669752506196e-03
3.139330909046186054e-03
2.309847851905236747e-03
3.525798371587090217e-03
2.149267540204054510e-03
4.475816890819779570e-03
3.305517256864677102e-03
4.788032328523807342e-03
2.850604332502453594e-03
3.404547654009138034e-03
2.546389756365537074e-03
6.124355596815057173e-03
2.889140169864711383e-03
1.887770131047378664e-03
2.664318487957726030e-03
3.336202644158920566e-03
3.980730182453167190e-03
2.841396120946434664e-03
3.054037118978847505e-03
2.909339942460442956e-03
2.343056367071483063e-03
3.197948258918475138e-03
3.396472937654224870e-03
2.637320393573925476e-03
3.215600542688024175e-03
5.082541874069772606e-03
2.777531294012775247e-03
2.693265924670205664e-03
2.476799304492244801e-03
2.988822360408531064e-03
3.664105910734244062e-03
3.793012780654496895e-03
3.112372398677408763e-03
3.971793374401159753e-03
2.494187814400546706e-03
2.858756254972422573e-03
3.025172026574268411e-03
3.791196513136661783e-03
2.704719860381289611e-03
3.135781704200972953e-03
4.122277569628981717e-03
2.015595759597828013e-03
3.542709649664739762e-03
2.829269859269736235e-03
4.234863959101779936e-03
2.726038903784168237e-03
2.763990597533114591e-03
3.236628876227342928e-03
2.617638437824120964e-03
2.383995919715076097e-03
2.467527570828245958e-03
3.326962554354122217e-03
3.718120720810213706e-03
3.358971524435191980e-03
3.436640329195381378e-03
3.466485285422159484e-03
2.037826822433069091e-03
2.856530901659981407e-03
