3.815304011186007246e-03
2.174196799012362551e-03
2.488927606182874883e-03
2.654775427610559218e-03
2.914745262459679260e-03
1.561328336825690451e-03
3.305383911347332081e-03
2.422004172098360039e-03
3.960405674733815003e-03
2.044311349403165733e-03
2.642851347419993696e-03
3.060023283723049652e-03
2.315335969327655865e-03
2.524614113688948992e-03
2.667729298696885996e-03
2.491686953609844636e-03
2.924089913669755680e-03
2.199397643020835000e-03
3.300086287319199934e-03
2.034441511845528315e-03
2.288052050970311359e-03
2.648183650077458578e-03
3.156818778297665069e-03
2.934954466256733344e-03
2.622300282141377253e-03
2.293477332200104159e-03
3.314073221417272383e-03
4.221139283709437508e-03
2.407919893646853684e-03
1.946727138184987417e-03
3.077098327861554645e-03
3.123666424282979612e-03
3.132398788356562536e-03
3.154635295738972625e-03
1.612621381974366263e-03
2.271996650293590762e-03
2.464017312405697869e-03
3.903421063079263401e-03
3.237328387237076860e-03
3.301566007811687631e-03
2.499674247021674289e-03
2.185529851011345885e-03
3.780564271396279728e-03
2.771795818009957588e-03
2.184843381271944687e-03
2.999329725265936948e-03
2.912343517149846347e-03
2.448475370091425692e-03
1.480014176219514224e-03
2.864936745574288290e-03
2.090397823023385036e-03
2.798602931340142021e-03
2.615919041631279991e-03
3.154808167873692643e-03
2.242807680946416748e-03
2.669582093557957159e-03
2.283118129249500205e-03
3.613406576922892702e-03
2.488866561509186105e-03
2.384278231104002780e-03
2.235861047540315446e-03
2.635233908683416986e-03
2.692724850980343556e-03
4.190000728202473296e-03
2.326525245469456687e-03
1.715514577328710460e-03
1.641046890319498635e-03
2.631834205594356640e-03
2.625363723890097954e-03
2.983430484709605375e-03
3.110578908451518566e-03
2.424857645668790015e-03
2.012980580806511544e-03
4.302887061885369256e-03
3.179271024617705884e-03
3.897389237560167953e-03
2.201081714671807108e-03
2.774758242940501048e-03
1.822331101468437336e-03
1.736401479326301137e-03
2.779136228096171050e-03
3.673428131842651663e-03
3.116335010435330576e-03
2.767355083333821603e-03
2.250800768843401554e-03
2.256387698897622824e-03
2.615549922625976052e-03
3.360655181355658942e-03
3.280961306279928710e-03
2.028350632601861898e-03
2.648193800062567920e-03
2.651978623475209542e-03
2.496033951747305898e-03
2.125595811790397579e-03
2.994680824887562334e-03
1.886066977328064659e-03
3.106694296255339393e-03
2.498381684484537665e-03
4.191998235993978431e-03
2.536414990884588647e-03
2.098648246084638177e-03
3.722678328629561162e-03
2.877705008717081243e-03
1.862903670170052870e-03
3.224627770636558349e-03
1.448484567229769981e-03
2.923825903261760648e-03
4.169459258928466701e-03
2.374110362159332060e-03
2.047381887065017822e-03
2.502356011425387397e-03
2.252689451398746066e-03
3.474149306210346736e-03
2.059708807045572236e-03
3.166477516118418409e-03
2.225264870683464798e-03
2.296176710457193976e-03
3.065925252729066568e-03
2.418396733544990983e-03
3.660569638154709433e-03
2.391199111199239155e-03
2.450488006932424918e-03
3.231127003334176122e-03
2.804647038686162736e-03
2.424287133292331829e-03
3.281113014712469089e-03
1.780722230944243971e-03
3.114184916212885384e-03
4.060747102816914672e-03
2.628408375610158474e-03
2.368471951548816335e-03
2.712303826505458367e-03
4.035472282081621967e-03
2.325361077353415087e-03
2.319334266679713621e-03
3.115897347097055375e-03
1.271884727050008124e-03
2.245600959256898680e-03
2.122055034167312070e-03
3.174268769628959142e-03
3.165505859729170549e-03
2.270730042566997987e-03
2.668348138964424243e-03
2.124992383317873563e-03
3.874011556236858344e-03
2.891753242221330178e-03
2.526573203363198083e-03
2.980919602548501388e-03
2.638766780799987020e-03
2.520847943244876408e-03
2.024222198433630639e-03
2.840656861814499969e-03
2.895575315200852456e-03
2.359413871055808520e-03
2.543152801586732233e-03
3.571751889259657409e-03
2.926033623952991897e-03
1.765105598600785145e-03
2.206871595595375976e-03
2.947119393277436872e-03
3.361769266617041507e-03
3.094933575437309146e-03
2.329499942616242072e-03
4.361590664954599454e-03
2.242507635234798277e-03
3.099522387694953352e-03
1.625496663290410156e-03
2.114957767893250930e-03
2.727905698365372129e-03
2.531281302359337463e-03
3.104571352694989080e-03
2.558548971983495759e-03
2.001129505960310036e-03
1.448207911518560901e-03
2.907478036506286074e-03
2.716703995758736317e-03
3.513813797139217227e-03
2.465179034830911661e-03
2.522747681232921299e-03
3.348089813533246251e-03
1.588965319909849605e-03
3.682411871867338760e-03
3.366976936253339003e-03
4.215001079126074086e-03
3.406150591800816835e-03
2.724572073301990104e-03
2.342515927797575188e-03
3.673189719586288007e-03
2.133532287333779216e-03
2.891809747944172268e-03
2.856129786285866497e-03
1.750778937092875879e-03
2.456262855861066768e-03
2.989828427450284733e-03
1.314695928419575650e-03
2.900342915188976883e-03
1.620113627567544221e-03
2.777361746854960581e-03
3.422070994283208864e-03
3.322199417987782479e-03
2.381105800766461500e-03
1.872291840333640232e-03
2.924399707557152027e-03
3.527360000977527305e-03
2.260614707768613882e-03
2.360128038928060827e-03
2.280875572539429411e-03
3.050753280325847836e-03
2.302298070827870843e-03
2.900514102033845652e-03
2.426906682039076200e-03
3.013326291467483160e-03
2.009237780990024910e-03
3.601217690721852851e-03
2.432792866658445123e-03
3.100789391495566063e-03
1.910445432059007043e-03
2.629444321011168480e-03
3.446538697318395593e-03
2.911175606628804702e-03
2.691438186930115908e-03
2.286389654323385621e-03
4.155040893798923364e-03
2.298942996043509390e-03
1.732289401623309617e-03
2.523662817995102510e-03
2.875394574249722727e-03
2.647436387845576375e-03
3.230731440732605066e-03
2.079034316746835361e-03
3.357822492060372373e-03
2.079064169613978937e-03
3.056885103429875846e-03
3.068764598485237798e-03
2.854189419196486149e-03
2.040503205571056640e-03
2.678364717890930214e-03
2.500196156734903804e-03
3.114197392016565015e-03
2.112646529682331992e-03
2.071335482581158731e-03
2.196200795034599501e-03
2.873800301883111964e-03
1.720487485462663920e-03
2.795648335485627096e-03
2.099618726509818595e-03
2.717683935036795204e-03
2.161348449058127924e-03
2.536455437919399054e-03
2.880332942693148573e-03
2.893510023882466062e-03
1.891254752755601540e-03
2.704759114869888497e-03
2.943024872661127202e-03
2.312722441813903299e-03
2.910447052435920657e-03
2.753033727984085556e-03
1.982217165425298987e-03
2.062068584667635721e-03
3.595065918934806440e-03
2.214450854280665057e-03
2.752966662601804074e-03
2.290787437766240216e-03
2.205621300396490292e-03
1.963798648935021277e-03
1.995112398476136476e-03
2.875108403592063766e-03
2.558783665860210089e-03
3.430626624254564695e-03
2.211229602584898098e-03
2.550483271571414752e-03
2.505422770433518402e-03
2.805953723679868554e-03
1.526729505514762102e-03
2.487835687955681011e-03
2.649731083998922189e-03
3.686261872304417205e-03
3.241312394081986327e-03
2.167245431070095787e-03
2.196943525649258742e-03
3.069154826711156282e-03
3.018674170509081517e-03
2.254612617053873298e-03
3.714755188708443977e-03
2.210756714424431425e-03
3.211334684893366563e-03
3.222765206414996905e-03
2.024314548316600171e-03
2.124510962608257454e-03
2.700971946760135061e-03
2.331043954235806348e-03
3.233710309423937310e-03
2.617647468414232605e-03
2.197202716581166462e-03
2.031350733341428724e-03
2.000680782957373754e-03
2.772792273194599373e-03
3.147473791047516144e-03
1.508327239755303563e-03
2.612295379126885423e-03
2.195233282094108916e-03
2.075459536785226929e-03
2.450269951014725448e-03
2.698521405218480464e-03
2.714741912488999407e-03
1.805107381579423896e-03
1.859828799409329750e-03
3.396086257484258290e-03
2.451849150344576934e-03
2.723512632111436526e-03
2.890238722205152287e-03
2.603158012750559237e-03
2.491070470148655427e-03
2.173457262744091407e-03
1.988520859741041077e-03
2.645054833907172897e-03
2.262530536068171200e-03
3.621632530098316868e-03
2.592500198263595831e-03
2.132135312304145065e-03
1.767964888469175091e-03
3.229844073397361917e-03
4.196513310334848770e-03
3.744549101209660238e-03
3.769891875774648154e-03
2.356405710601228252e-03
2.333717850396814075e-03
3.610903123411605530e-03
2.795944530004856269e-03
3.201007611342645415e-03
2.273314862202300245e-03
2.231273594771046847e-03
3.734580832646107375e-03
3.121071984720928498e-03
2.062911457899803316e-03
2.307634307936547169e-03
2.673595037572401318e-03
2.801245655713506880e-03
2.688706309158529414e-03
2.298004204515394396e-03
2.279969501759634021e-03
2.961826710786960408e-03
4.206625565635231656e-03
2.812884371478892656e-03
2.472552668987109022e-03
3.009145564725736622e-03
2.552515690192822592e-03
3.037987040687472294e-03
2.031620313501657400e-03
2.655559466337379781e-03
1.150186298331160430e-03
2.084403132990751088e-03
2.173156495803926433e-03
4.273403619549715621e-03
2.052805940634730691e-03
3.542042129525586457e-03
1.291226170915590627e-03
3.573531464017247819e-03
5.348587565610464847e-03
2.620286861424899610e-03
3.734142568759671495e-03
2.198984194761747710e-03
2.383607420834748386e-03
2.285611344266043517e-03
2.997618769731105314e-03
2.738886554856367721e-03
1.645219643410359995e-03
2.473751681720485780e-03
3.114761124813762803e-03
1.472918442211444256e-03
2.788421694047714828e-03
2.480026988665733675e-03
2.495237159890737345e-03
3.075894597132240813e-03
2.562806780585760464e-03
2.832629688887460667e-03
2.397092698446958662e-03
2.405469710822652398e-03
2.654056380874955830e-03
3.067591791645477625e-03
3.014847328232089264e-03
2.487552511000018420e-03
2.189458780423592967e-03
4.644097064096866512e-03
2.159553997260707427e-03
2.402770542208532666e-03
3.568938165618523468e-03
3.177501747135833346e-03
2.893482112830129092e-03
2.188208035946241723e-03
3.046731584397637492e-03
1.721700286748821789e-03
2.184321085048936129e-03
2.734564724270114027e-03
3.059084488717675812e-03
2.557804650276173514e-03
2.437193454103038417e-03
3.215135606266415584e-03
2.189359167110312664e-03
3.705197759698046142e-03
1.938242782816252752e-03
1.697983083745429993e-03
3.044767964955640872e-03
2.331094662581854535e-03
2.149681858000168817e-03
2.786275517423482048e-03
2.567039087694831558e-03
1.995249486662247114e-03
1.959084902888943557e-03
3.243910109770809652e-03
2.984569186578663394e-03
2.884303058942073832e-03
2.119281552642786771e-03
2.592658946117887015e-03
2.468990288071308027e-03
2.537668442332325150e-03
3.611012058355882876e-03
2.274433180608738218e-03
2.510723914885217359e-03
2.174157659728594583e-03
3.414754430996802797e-03
2.565118133573215334e-03
1.791974146563163079e-03
3.140213612408793587e-03
2.387149612869445599e-03
2.653602778705837356e-03
2.960537477576211714e-03
2.233005132199785553e-03
4.965342713214807718e-03
3.164321490464244192e-03
2.937103780762993690e-03
1.965079678011000860e-03
2.071296699376841410e-03
2.491948229944632685e-03
2.367779875920984593e-03
3.123975189985751712e-03
2.711605344348570236e-03
2.278629354266789846e-03
1.840524051969246897e-03
2.180341931553992935e-03
3.123145786075223057e-03
2.422620721490375151e-03
3.011737748946795648e-03
2.301962747929697187e-03
2.754659751372187573e-03
1.842198992586793326e-03
2.415100378315350720e-03
3.141466566319529776e-03
2.029192128340412925e-03
3.144395957923342561e-03
2.084725788371422778e-03
2.269394321875075737e-03
2.894032149963547164e-03
2.641703079101591616e-03
4.215347493034662073e-03
2.524633633567187948e-03
2.680980631541623593e-03
1.618686582184454114e-03
1.595377235413139106e-03
1.752102166013563963e-03
2.314632241291727111e-03
1.895031157885218500e-03
2.601578373398641224e-03
2.286053669296122127e-03
2.348619488881080724e-03
2.962629834898197929e-03
2.757449140071394512e-03
2.623655480809497162e-03
3.075971595972878947e-03
2.180378869991313976e-03
2.697472012575915807e-03
2.328345210337425322e-03
2.204016915896002318e-03
2.745432207752503476e-03
2.780258868607157416e-03
2.531598878680498942e-03
3.736745946521931230e-03
1.918512514084349564e-03
2.732736317782959168e-03
3.073262403425089124e-03
3.310563363269681137e-03
3.046045458657576591e-03
2.689856265420515011e-03
2.007312263590946191e-03
1.733771919175152061e-03
2.974537392485947142e-03
3.670448767140922167e-03
4.081243443128441083e-03
2.486695716761567337e-03
1.642143722235648662e-03
1.989899029475178209e-03
3.191141638934215635e-03
3.264037373783117320e-03
3.895933750578011931e-03
4.045800896379085111e-03
2.309356330188646646e-03
2.726941372737144188e-03
2.994424366003578877e-03
2.772432455199991003e-03
2.647924990545072466e-03
2.367053308560138417e-03
2.818780458649471164e-03
2.080621678418166209e-03
2.797429743169792780e-03
2.216449236880078163e-03
3.424912030194025674e-03
3.096365180538921714e-03
2.701987125710858702e-03
2.322368723548433843e-03
2.660753465671287631e-03
2.736117480486595106e-03
2.619026625133846157e-03
3.207110627252576698e-03
1.763875596211101791e-03
2.741571804105278828e-03
3.378478103885015470e-03
2.372128882855149921e-03
2.638502581837432436e-03
3.337626269611678256e-03
2.278654491911760640e-03
2.409817124467537267e-03
2.921242473430760416e-03
3.383838547934676921e-03
1.865420217365574120e-03
2.319802139080170272e-03
2.193077763816645657e-03
3.293175969185096509e-03
2.283628445541681026e-03
2.626874936189328279e-03
2.706487275510570129e-03
3.267648466687465315e-03
2.121336613770627780e-03
3.866154982265400646e-03
2.227822188031729038e-03
3.039777586206696483e-03
2.873978362116845747e-03
2.708146262478443745e-03
2.525680140231194911e-03
2.973936197212023128e-03
2.254457936957233663e-03
3.393521291843887636e-03
2.092868615314825466e-03
2.117190744507693907e-03
2.299377560298378025e-03
3.713247455422521125e-03
3.512258644775167159e-03
2.870909657476457440e-03
2.947400417279221786e-03
2.107122769688252704e-03
2.415747237331184426e-03
2.840552217442175471e-03
3.279377445931372110e-03
3.604736365924658941e-03
2.096034994153674839e-03
1.913823598664604695e-03
2.775686501820423622e-03
2.498993634681624231e-03
3.162701442872730643e-03
3.631854278050143572e-03
2.447981952677014215e-03
2.164957443080779871e-03
3.459019987777152416e-03
2.661992161281953682e-03
2.300362113437077246e-03
2.975760319945120348e-03
3.570749964443262897e-03
2.602060659680054296e-03
2.173393573543088483e-03
1.425004044873280987e-03
2.873464013069911092e-03
1.879446464474310687e-03
3.560497801136276383e-03
2.285407981002931382e-03
3.346153289299085704e-03
2.751961720710032703e-03
3.581826678820601920e-03
2.463940232911262292e-03
2.302055570495369595e-03
2.808276734013822554e-03
2.855762901962834686e-03
2.745515377712259061e-03
2.763411701554251663e-03
2.930392919765923126e-03
3.491553899111141980e-03
2.390754505638698589e-03
2.433271128392114086e-03
2.224231618850716890e-03
2.924885884700121220e-03
1.999707371926057967e-03
3.526310631135866173e-03
1.500187563948660388e-03
2.443639927435972692e-03
2.055180625774069483e-03
2.343733268353821991e-03
3.048256785704869711e-03
3.175459095308887352e-03
3.846496077909320518e-03
2.415860364720370801e-03
1.928206305091734228e-03
1.991245788699763045e-03
2.751508774912495014e-03
3.316795459804055927e-03
2.844700391554530906e-03
2.157806646121959281e-03
3.846601427157137192e-03
2.151583596962423385e-03
1.808835246146118635e-03
1.767846853736744495e-03
2.777367560134062600e-03
2.073096784431347969e-03
2.878672813428301801e-03
2.205243877600377746e-03
2.485788403792482150e-03
2.371781995908415954e-03
2.332486230727583241e-03
1.997756619899337862e-03
3.033538140512459860e-03
2.095445736515137106e-03
1.958528217312103820e-03
2.381597874114520837e-03
2.156035369011795235e-03
2.431906611241992523e-03
2.695012921314697378e-03
3.477988439818222640e-03
2.558957300129800078e-03
2.873872051943712758e-03
2.610583619105787991e-03
2.550454451412240229e-03
3.072764004394548925e-03
2.512137394710372684e-03
1.839475027853294678e-03
1.988500482291395005e-03
2.839658078458723138e-03
4.278580955347840477e-03
2.229248005769062825e-03
2.184251147183360886e-03
2.596923382613174330e-03
2.599199851951223498e-03
3.724475567259855503e-03
2.606106945202801839e-03
3.005352140070336169e-03
3.340504009459387483e-03
2.428509412769252508e-03
2.653439669015842783e-03
3.350055636273854571e-03
2.671327392103819282e-03
2.548637272383548306e-03
2.506615229934057703e-03
2.912057931111627484e-03
3.166679714947474855e-03
2.023085880166295304e-03
3.404120986362274039e-03
2.211342562711840053e-03
2.787256942651254472e-03
3.340983808418592545e-03
2.338840881632539993e-03
2.619426040036464814e-03
2.043999265319241740e-03
2.956726167322109525e-03
4.051768624189520246e-03
2.932313575020854910e-03
1.871065379261973704e-03
1.677100697026559029e-03
2.161238925582618584e-03
2.721939861465145355e-03
2.390609909310028453e-03
3.386933261153393139e-03
2.681474718597585179e-03
2.622029503048789369e-03
1.856050423079908277e-03
2.318418839458947708e-03
2.700774974024433128e-03
3.246087071175592694e-03
2.150241106595075433e-03
2.349275440586074629e-03
1.911997121508880997e-03
2.517504386889390586e-03
2.894478395477578878e-03
2.169875133870946809e-03
2.287338940353260408e-03
2.640407590040242791e-03
2.282911798820838785e-03
1.979381268844839295e-03
2.343292305668591858e-03
3.389417267795652011e-03
2.664187717255339476e-03
2.985526119815883842e-03
2.360193163881825658e-03
2.335660574464079858e-03
2.498976214725688160e-03
3.417105278265602543e-03
2.433787165570823734e-03
2.641776070916811246e-03
2.870400698427806423e-03
1.293819605384119008e-03
2.962240431185099443e-03
2.420469313972270237e-03
3.674812140784653857e-03
2.557110774701744620e-03
2.411777528939599083e-03
3.312132233541488415e-03
2.840861298170957189e-03
1.480061610823231585e-03
2.852181790775953907e-03
2.418133918841291943e-03
4.073217697221825050e-03
2.387567995064816297e-03
2.516632612531269613e-03
2.855486603801019128e-03
1.911071769928954439e-03
2.717709585500812774e-03
2.981816143966293728e-03
2.554207217714789084e-03
2.996638198090535981e-03
2.583314743824086709e-03
2.063508372249626011e-03
2.193813532000130333e-03
1.983757713952274092e-03
3.274110143936584654e-03
4.205265640714657242e-03
3.470014537059405192e-03
2.279847142529249030e-03
2.701191878934788154e-03
2.043381700358552332e-03
2.782545229385301536e-03
3.083178425838655357e-03
2.374103341478764773e-03
4.024809306476965186e-03
2.440021561088660459e-03
2.954980867033552439e-03
3.260223501783911324e-03
3.276342920732230272e-03
3.334855289431714123e-03
3.963686034332840509e-03
2.604999489968731589e-03
1.897880005829635395e-03
3.363950023158624857e-03
2.706292725781650390e-03
2.268348022803093941e-03
2.715009308455260898e-03
2.492556772349985121e-03
2.855265434452314462e-03
2.263788848110655574e-03
2.530031014108479002e-03
1.927872920152878984e-03
2.841735614740061987e-03
2.534831160300623446e-03
3.748066978968781892e-03
2.416012906401279921e-03
2.810318164471301613e-03
2.420151558176867300e-03
2.683201758901727560e-03
2.268679359781036135e-03
3.129057620327825324e-03
2.923578316945638599e-03
2.660263253033350300e-03
2.324945733822947856e-03
2.131104594180054535e-03
2.113265933309888597e-03
1.961228372483233683e-03
3.118131588817000914e-03
2.857823335014045806e-03
1.592946459284941274e-03
2.024296145983278932e-03
2.246007854214465606e-03
1.879780912926303947e-03
1.860694457165766591e-03
3.110017704670444468e-03
1.829711173448870425e-03
3.302332550161485216e-03
2.744732841104512155e-03
2.242998247688350686e-03
2.780379515983540106e-03
2.645328391224084988e-03
4.444633681739274325e-03
2.505330086432360458e-03
2.327067745985911870e-03
1.777773333288490193e-03
2.482675784721305023e-03
2.971774128523695102e-03
2.738211212503082349e-03
2.594914954187533054e-03
2.297516657267583990e-03
2.322835722438310220e-03
2.800482897319662122e-03
2.909480070359600403e-03
3.291855148575567862e-03
1.711547786660740133e-03
3.058339674960302255e-03
2.779530172178980817e-03
2.094325841553192763e-03
2.366901756878077388e-03
2.709446240679203467e-03
1.503061617621997146e-03
2.652559396882950195e-03
3.914680726169124207e-03
2.069743109470938581e-03
1.543491979136572302e-03
2.697299821134148314e-03
2.798817791755624056e-03
3.672974653166773996e-03
2.483280815484099988e-03
3.191685205200618311e-03
3.119366634821582607e-03
2.174271096165708399e-03
2.232541678234514337e-03
2.535233969048593557e-03
1.686333580102060718e-03
2.337912160513582610e-03
2.998134858710322856e-03
3.606821320410175027e-03
1.591965628317974996e-03
2.455782619778640839e-03
2.204439387937105928e-03
2.085605543021230770e-03
2.422585105207385441e-03
3.167431840954597691e-03
1.704839732127811378e-03
3.602662316198938959e-03
2.177543192337835862e-03
2.954510513796265985e-03
3.343978522502984076e-03
2.556851394799706557e-03
3.392658809394805304e-03
1.916671785406221396e-03
2.208819075134680916e-03
2.955786004314361545e-03
2.510791234476797418e-03
2.636021557366700647e-03
3.048308358854727625e-03
2.919745946466572283e-03
2.465991218783112129e-03
2.143705707595398163e-03
2.758754399821680952e-03
1.951573886790690208e-03
2.168212242675278401e-03
2.955739697197594558e-03
4.610969134374465032e-03
3.152949874144574376e-03
2.559000227938405640e-03
3.702776065463438560e-03
2.549157492293720791e-03
2.394543892350504532e-03
2.061834001285467195e-03
2.532601265768210600e-03
1.552020040506589061e-03
3.110868095506264062e-03
2.615225565322168520e-03
2.176043971671290638e-03
1.972401518664533560e-03
1.669254791278866655e-03
2.760409419972421549e-03
1.598660995643877035e-03
2.855597152494922155e-03
3.025251627144619725e-03
2.338234606862482808e-03
2.671788553178944519e-03
2.230088895041315664e-03
3.266120655854249776e-03
2.467280909161388616e-03
2.921130663881382674e-03
2.005108617101863337e-03
2.618204272916518655e-03
1.887834204272626501e-03
2.475638446979816932e-03
2.587161669508159564e-03
2.204363350763642506e-03
2.843878445564188180e-03
2.648898378618345234e-03
2.907455241282915284e-03
2.255566782998789151e-03
2.148710507385900078e-03
3.783716106580860359e-03
2.431007831283525308e-03
3.454360943247340981e-03
1.546777705095138790e-03
2.764343277284499016e-03
3.401122814449122206e-03
1.748058770684916309e-03
2.471472965295232367e-03
2.200841514040324885e-03
2.854857646590344342e-03
3.192588664094161716e-03
3.548202196734747717e-03
2.106720064660712408e-03
3.844888617493001474e-03
2.107499093890723846e-03
2.364349372557487429e-03
3.162817555479268978e-03
2.216629807748384147e-03
2.916271541745243077e-03
2.079494011340331325e-03
2.005327041274227850e-03
3.479783848115692441e-03
3.152035865902606641e-03
2.181868239686491576e-03
2.425139155118912274e-03
2.698433109393759757e-03
2.683756678736146095e-03
2.601308756034398807e-03
2.574840997395732526e-03
2.475056171309605608e-03
1.696537897563542069e-03
2.214336328584988120e-03
3.308862167585549258e-03
2.400633080672306616e-03
3.217734539990717811e-03
3.337801685157468570e-03
2.595471527301119671e-03
4.625425835345031711e-03
2.317709426066532578e-03
2.332634001558204617e-03
2.485639748210042525e-03
3.194379549481963631e-03
2.943113399477849911e-03
2.671466805613944857e-03
2.037842356654428859e-03
2.410079917064729144e-03
2.956517849451276766e-03
1.934635664275651500e-03
4.165541369920198675e-03
2.554969954256009531e-03
2.029129316366714252e-03
2.399099484118156610e-03
3.724219483859081241e-03
2.937320064115278833e-03
2.458088818495984731e-03
1.659919303679762044e-03
3.471814425545235484e-03
2.719328417410521101e-03
2.759757217614861730e-03
3.490874574246157283e-03
2.753265700842834254e-03
2.347001044630995983e-03
3.104165315898424482e-03
2.038152083923708367e-03
2.834514966384875986e-03
2.555994791888274373e-03
1.959396134418839308e-03
2.219151411323965276e-03
2.692546939532733385e-03
2.078810344953123303e-03
4.052924376602771821e-03
2.627192232569525252e-03
1.726079967760499930e-03
2.843277728345595164e-03
2.873950733263487805e-03
2.107638396798769409e-03
1.993568719506686685e-03
2.878768694201616629e-03
2.670237345585206503e-03
3.309549035831074390e-03
2.713220292173927541e-03
2.340721834541838013e-03
1.758912460050195050e-03
3.385341674858792158e-03
2.166022138430953852e-03
2.280025500228282601e-03
2.028566445184606503e-03
2.208614522900795383e-03
3.111825791006252173e-03
1.712005605101864832e-03
3.410353752077487609e-03
2.428523303938025495e-03
3.413832413389759381e-03
2.565166269160013956e-03
3.254404768383995991e-03
2.578900663739841156e-03
2.346883211233125304e-03
2.219168426845092353e-03
2.690060406657703799e-03
2.668984804052101922e-03
2.796495714653697735e-03
2.865039048050466598e-03
1.754553028630474569e-03
2.210343178636438137e-03
2.529712950367590980e-03
4.342715984955927179e-03
2.729475035550021564e-03
3.123917190929624901e-03
2.337372200878744082e-03
2.513190249586377822e-03
3.456620652354046308e-03
2.122078495539679501e-03
3.099015928076013712e-03
3.075050187428747615e-03
1.339856917593989886e-03
2.478124435458279196e-03
2.431215305494882888e-03
2.110125629996332033e-03
1.660208541764903378e-03
2.853332212120456273e-03
3.404574249963746371e-03
1.976047217245111096e-03
1.649751860338386118e-03
2.808662909050768652e-03
2.200496313847716615e-03
2.318564530465114931e-03
2.894465047489649077e-03
2.913861506960633858e-03
2.792044857007618987e-03
2.270604184941654724e-03
2.333238974670080821e-03
2.533208894748565938e-03
2.976737695743319426e-03
2.138659792475833439e-03
2.456993883632652489e-03
3.457392594481501456e-03
3.075490920008824933e-03
2.637305419374829079e-03
2.127309573420623889e-03
1.906612389286223936e-03
1.664170479838395986e-03
1.739029503401994794e-03
4.323675380693985798e-03
3.475494075469174292e-03
2.581670868169417751e-03
2.414299249046607081e-03
1.857430440539746585e-03
2.183644144423277800e-03
2.898505571729228635e-03
2.432793214716313674e-03
1.760240964724293445e-03
3.023627912015594641e-03
2.631867998947470724e-03
2.083882361246433383e-03
2.171601217282814137e-03
2.534314122958692458e-03
2.902637089034823797e-03
2.255980969988660018e-03
2.920881991625965974e-03
3.002427308956368088e-03
3.210140124564156081e-03
2.738599719232617021e-03
2.558113413160791483e-03
2.248479437069728776e-03
3.209532410728164770e-03
2.357182437420631601e-03
2.060672651964072077e-03
5.236148668958401191e-03
1.981179417657978527e-03
3.341123940277662251e-03
3.456292574471816603e-03
2.592384385905950519e-03
2.321419142151361775e-03
2.679873027990403115e-03
2.838622334327446217e-03
3.094853423073651473e-03
3.279615100017445328e-03
2.149514344155761553e-03
3.031425124040576340e-03
3.697755738905034867e-03
3.602135224255472497e-03
2.378107087206749598e-03
2.412696793181018894e-03
4.512517483998657736e-03
2.880870736734599761e-03
2.801856872911305443e-03
2.142293251557111488e-03
2.547667058382388754e-03
3.420278615001944890e-03
3.074727536382161532e-03
1.875631946322025949e-03
1.961439013453226531e-03
2.383109173493423629e-03
3.173290595565754751e-03
2.242742883205489039e-03
2.893272804019782294e-03
3.159146038193837679e-03
1.994301928461751465e-03
2.904730231706461642e-03
2.128166241957124821e-03
2.986366440992637653e-03
2.646353681603805241e-03
2.240284148493290085e-03
2.550491134575374064e-03
2.872450867696314455e-03
3.142990422370027428e-03
2.417506428042533965e-03
2.255545814118057549e-03
3.242349930741916537e-03
2.717288161120332349e-03
2.378193794285870383e-03
1.962043542891363495e-03
2.613754300766741191e-03
2.968679620369681083e-03
2.916073011485342120e-03
4.118382498548876954e-03
2.132733521827435367e-03
2.219950415903914221e-03
1.518820309100979773e-03
2.016495265667751346e-03
2.357508988942929630e-03
2.683072072052408632e-03
4.094137779547055676e-03
2.499581303484869031e-03
2.187993949383558370e-03
2.467315418817105435e-03
3.085936694894517857e-03
3.076449766293725286e-03
2.402691886799270937e-03
3.515478704841257674e-03
2.217825281114987283e-03
1.317397902545731393e-03
3.202317268079107188e-03
2.675971810613659609e-03
2.832713111789698750e-03
2.728847100154493163e-03
3.338439096710240847e-03
2.738217055127422847e-03
2.247996326584739222e-03
2.445732928737572465e-03
3.151355525716920299e-03
2.674582040363093945e-03
2.076322447503522756e-03
1.868707734247229474e-03
1.730812991509625897e-03
3.974650397193428900e-03
2.574641354092066774e-03
2.349531244290932290e-03
1.495475096672033242e-03
2.895456043103390893e-03
2.240449483544446497e-03
3.009358661686396385e-03
2.817180096265632910e-03
3.046334859031766228e-03
2.653092701015441566e-03
3.059342988135655382e-03
2.803601483258384014e-03
2.194701822256093799e-03
1.569453954040322171e-03
2.398133816961056305e-03
2.494335071144552791e-03
2.208399489796537309e-03
3.044173442331864123e-03
2.813753181068810554e-03
2.318894886264404910e-03
2.168826285136468690e-03
2.176686518280487696e-03
2.647816364416164664e-03
2.328018661742167414e-03
3.236518104445252220e-03
2.942576528794977556e-03
1.451175322801780175e-03
2.449775101456210143e-03
2.438929291041305909e-03
4.329585116590972498e-03
1.908520268597535194e-03
2.598745778723029597e-03
3.141257746103402748e-03
2.376772985927315569e-03
1.718523558048883374e-03
2.292454549273363097e-03
2.526519038058894651e-03
3.999124578977167159e-03
2.965782430080278823e-03
2.387520459149405742e-03
2.501746260898736213e-03
2.051044101460660317e-03
2.796005458406828400e-03
1.963338515954184127e-03
2.762998875213593022e-03
1.570210033025434652e-03
2.373656427115221259e-03
2.193163583952470290e-03
2.188012479161185152e-03
2.542036358398327197e-03
2.815077249459414961e-03
2.534786816269189638e-03
3.400757469688185392e-03
1.900821925080976686e-03
2.608777761500355886e-03
2.275473953340091844e-03
2.419808790648902974e-03
2.748766211406396872e-03
2.935731514766347621e-03
3.144818656519937552e-03
2.704696099700522501e-03
4.225698397234559436e-03
2.109461108074825973e-03
2.407428534601655998e-03
3.762323245510233380e-03
3.025742838929470699e-03
2.780886728938833981e-03
3.201622332223231018e-03
2.543263929407935629e-03
1.701227395266572328e-03
3.595072980867542508e-03
2.967745742552443510e-03
3.556255725571485192e-03
2.069761608334839791e-03
1.978165452832930053e-03
2.910563051380411336e-03
2.599347469487596918e-03
2.155432174579590895e-03
2.368260981060551877e-03
2.499601038079632062e-03
2.948220303790788626e-03
1.849383861734910876e-03
2.548351127135032885e-03
3.138919173672967064e-03
1.956389243853939430e-03
2.456299840894756066e-03
2.368306066969624001e-03
2.243727445563593013e-03
1.737684874826934175e-03
2.667092018088790262e-03
2.931227188769971233e-03
4.128701989877661856e-03
2.671126433859383111e-03
2.261229292721145517e-03
1.788889683327787470e-03
2.670395728989647614e-03
2.939102374072480317e-03
2.752564897105552050e-03
3.548123021406736875e-03
1.721932329370314029e-03
2.501860617963461934e-03
2.800471350607151074e-03
2.333987447390279812e-03
2.563836609455070938e-03
3.138990259552889520e-03
2.346543584162432382e-03
2.782398451791237830e-03
3.053011589987516313e-03
2.578241518373550895e-03
1.942449917886070925e-03
2.479903580664316858e-03
2.912628826710713780e-03
1.989454869733638283e-03
2.019928414370819169e-03
2.237551333883956457e-03
2.922368645594857362e-03
3.196964300864502638e-03
3.161816340106036669e-03
1.433894428708008990e-03
2.717525252359922171e-03
4.421054700382923315e-03
2.758580228811683202e-03
2.551385430906682496e-03
3.032006547556731144e-03
2.357143341074156677e-03
2.012362861067372964e-03
2.366701397338796115e-03
2.871360226553247835e-03
1.860680758885100133e-03
2.260984011648689129e-03
2.549860584654496404e-03
3.973486373383565418e-03
2.487122857743744551e-03
2.613489054582071591e-03
3.091768904308248456e-03
2.169587751735558515e-03
2.527937141995545162e-03
3.116783356070211217e-03
4.010181692185834507e-03
2.828569650913036974e-03
1.492722865508999469e-03
3.200378120075388685e-03
3.286711089257045651e-03
3.972217223955375187e-03
1.731026092790399588e-03
3.567695454585185100e-03
2.881394672696687646e-03
2.195345764118632106e-03
2.480978228716445959e-03
3.404952174156814556e-03
3.299291636479110071e-03
2.739975801061951544e-03
2.055560041322732241e-03
2.559990340998349184e-03
2.834379805184228905e-03
3.963312627663118613e-03
2.623911036001357749e-03
3.773668036058443111e-03
2.266281026429044915e-03
2.046270670291326990e-03
3.813753163006888391e-03
2.918162042465291886e-03
2.961694255826278089e-03
2.919015168440761837e-03
2.740511975463829231e-03
2.393752661360611968e-03
2.124745478759581391e-03
2.479569499793628836e-03
2.129287350713156973e-03
3.425231444570096817e-03
2.631082819285921956e-03
2.789297239012077968e-03
2.897345750567549040e-03
2.530605717142893254e-03
2.480557511293725662e-03
2.143504652415394781e-03
1.508112510393083954e-03
3.339196628436507264e-03
3.003235813830304728e-03
1.924041330256182677e-03
2.852731644685122837e-03
1.970602856753277381e-03
2.520336907041397477e-03
2.385591330740692486e-03
3.097695061122704256e-03
3.873769474848777917e-03
2.504425340800632734e-03
2.377101055602095798e-03
1.762627635521181371e-03
3.072058066003079645e-03
2.343044373845647871e-03
1.507297548251119524e-03
3.435593724168262055e-03
2.718549732714091016e-03
2.075814871279671285e-03
2.070707525247542265e-03
2.517504216421148633e-03
2.673364295491873280e-03
3.585984217611313911e-03
1.873739101717335426e-03
2.129546687245558595e-03
2.380850891370121271e-03
2.375374363998362243e-03
2.174924552658140994e-03
1.349923586659267441e-03
2.253275907272328342e-03
2.742160497718978442e-03
3.553797460578918786e-03
2.616631905530522433e-03
3.061771473591947366e-03
3.085644144698463515e-03
2.733046151068898102e-03
2.172151215461742401e-03
3.340515528944684991e-03
2.792085621922868379e-03
1.743328782161614491e-03
2.523288105452131235e-03
2.653744388821616812e-03
3.601304560361897125e-03
2.101607610251159629e-03
1.952307002594454947e-03
2.033033552550258648e-03
2.320396911464483493e-03
3.315429563791585845e-03
3.282718750346859306e-03
2.661704069394708709e-03
3.604961617972500705e-03
2.124969456358002592e-03
2.818103218588446143e-03
3.302122212022089772e-03
2.968389975241251567e-03
2.801719672369843220e-03
4.128425688480967352e-03
2.077820493893461472e-03
3.296033632400939203e-03
2.712812280576641557e-03
3.315737307112156043e-03
3.087975034636492640e-03
1.925258035327014105e-03
2.621629803712515697e-03
1.660797076518118328e-03
2.249916186414097508e-03
2.323737600396624976e-03
2.712892053230212073e-03
3.697599823037371527e-03
2.538988114745761773e-03
3.008873476748341342e-03
3.207254380489498510e-03
2.523639004128317744e-03
2.070348332165454497e-03
3.316011207205438790e-03
2.669663805280838176e-03
3.035042066552218545e-03
2.375937153416052706e-03
3.322074183343209919e-03
2.148798793473829551e-03
3.768830862085333598e-03
1.806881117739730924e-03
3.574121393253288422e-03
2.567278128368973098e-03
1.817748610808990082e-03
3.421716896542805701e-03
2.753818159249676271e-03
2.180340737932456256e-03
2.616888529481656376e-03
3.399224133314781258e-03
2.941130099104427922e-03
2.655126062269808074e-03
1.637330895178044313e-03
2.193556662116430845e-03
2.785125524200466728e-03
2.670436070701834134e-03
3.746927948827710568e-03
2.547098446905553606e-03
3.219194864981538527e-03
2.751632253411724280e-03
2.682358300649049197e-03
4.164742444476906592e-03
2.394763913523743903e-03
2.305388324562707668e-03
3.545945241204748449e-03
1.935913099102564306e-03
2.825391505470442426e-03
1.771422309030209769e-03
3.567185927082159799e-03
2.453419063625230170e-03
2.697856828458975245e-03
1.663984780004292355e-03
3.572281510969385360e-03
2.496515889741186475e-03
3.213603470777452384e-03
1.954031228900817742e-03
2.484691017324763395e-03
2.886796244189123849e-03
1.982285054719631900e-03
2.655930167386774936e-03
2.384319702840684285e-03
2.329479347626058766e-03
2.430493969327264438e-03
1.726353284505908331e-03
2.828053357329954332e-03
1.922584453404644527e-03
3.358628500984178842e-03
3.778347825747544603e-03
2.948655209060918863e-03
2.368044124653467374e-03
2.051792405935910953e-03
2.271792906728721962e-03
2.306040250870601289e-03
1.452853941746957587e-03
3.522497548517818707e-03
3.113235620482115561e-03
2.058510743511317992e-03
2.150038861940895777e-03
2.641562705699820705e-03
2.248328351420322922e-03
3.525420262041076801e-03
2.935389027484761049e-03
3.545829275780355925e-03
1.915993532928515503e-03
2.290402960600686644e-03
1.844445522575128031e-03
2.821239220447629894e-03
3.061721456294646485e-03
2.071306103827337541e-03
2.449788158699575669e-03
2.725091157514247537e-03
2.129208652648128738e-03
2.082390053064587382e-03
2.743351326052654703e-03
3.364995313755076572e-03
2.763457179987783337e-03
3.557882077331827632e-03
2.744666505531804992e-03
2.912015847794853420e-03
2.148288018567669471e-03
2.131620128669769586e-03
2.147924545358956619e-03
1.891453162853216343e-03
2.681853441517605130e-03
2.547255010282681396e-03
3.374609305210394920e-03
1.839078564514540865e-03
1.569987775164300488e-03
2.707583789829246662e-03
2.439834227714100714e-03
2.306530056474805079e-03
1.964149219330222924e-03
2.986766277889178756e-03
3.382303482845743555e-03
2.605502885635169359e-03
3.661391596928024756e-03
2.177074112842044065e-03
2.096293003376228491e-03
2.448563783018241347e-03
2.774625846201272429e-03
2.113214142837674392e-03
2.815978265484726014e-03
2.891530812830646769e-03
2.320264740707931022e-03
2.559210378041362234e-03
4.382323689889355313e-03
1.513865747664125795e-03
2.567823901828664591e-03
1.869922149793985366e-03
3.025346021915433382e-03
4.640754794865719658e-03
3.382541901169037156e-03
2.130137960421293539e-03
1.625047128105371486e-03
1.757705503305399992e-03
2.816971403249058422e-03
2.360829871560925046e-03
3.720098690157791835e-03
3.024725916150315577e-03
2.465250920731502319e-03
3.647015761258070882e-03
2.168566014588112646e-03
3.015604374919514559e-03
3.053166884913925076e-03
2.850888694187233945e-03
1.928560870415104312e-03
3.291169636482053299e-03
2.446174822154360828e-03
2.258498897659715933e-03
2.037724413187226493e-03
2.822319897566432419e-03
2.681516289992047410e-03
2.971835023211160786e-03
2.158918156717897462e-03
2.736321746825978122e-03
3.199010610122695816e-03
1.904969921557648181e-03
4.211396826750938606e-03
1.856766902235987456e-03
1.617768164698786624e-03
2.384848096064039278e-03
2.837918144384236809e-03
2.452157993668736650e-03
2.568433245204873074e-03
2.395068194282589345e-03
2.845860797850260655e-03
2.489598155054225954e-03
3.417292730448499589e-03
3.030016537081112182e-03
2.445280556756983161e-03
2.040989569041145365e-03
3.183839891507495804e-03
2.377749147859988324e-03
3.270150163558923663e-03
2.066063368122660754e-03
2.550232437412636426e-03
2.209271860906183646e-03
3.084467673989568608e-03
2.528175368811448522e-03
3.462167632622044095e-03
2.387611487773352512e-03
2.551807396636825067e-03
2.874882210068744129e-03
2.938362650685481109e-03
3.429039123025524275e-03
2.328753079922008494e-03
3.177883027303926317e-03
1.780301464747325669e-03
2.222068012607770517e-03
2.340634531075234427e-03
2.486379551704131965e-03
3.640358734031294303e-03
3.054061076541898529e-03
2.647058347666676140e-03
3.084085381089913397e-03
3.816923044659254437e-03
2.220282512579910446e-03
3.785390780677614590e-03
3.067800591704366361e-03
2.391055825574201453e-03
3.018971658969179205e-03
1.868733663458009911e-03
2.675422654842548025e-03
1.793199893598736118e-03
3.505112319719966979e-03
3.362313822460451761e-03
2.837419461480945350e-03
2.583274577553014949e-03
2.109232548306645694e-03
2.904510379205089976e-03
2.768819142763127329e-03
2.931592298360360515e-03
3.729975652048567441e-03
2.472802732134619496e-03
2.036434966105884689e-03
2.403379036445451016e-03
1.811642212358918237e-03
2.115380694347028696e-03
3.413210334610923893e-03
2.777677166616293776e-03
2.876594119778505803e-03
2.922790690124357597e-03
2.343610014779380721e-03
2.174834046074148892e-03
3.761171013313181072e-03
4.684952904694309091e-03
2.574358484151121652e-03
1.749981854143665147e-03
2.153723006921016460e-03
3.251509296653842633e-03
1.616558816370891388e-03
2.415552476090503456e-03
1.796315971918216849e-03
3.006245991811519469e-03
3.010608078554328094e-03
2.623798465316092184e-03
2.349467275339116139e-03
3.995192280879828785e-03
2.677582584298583007e-03
2.406839707551777178e-03
3.096055981160185117e-03
2.590945663949088731e-03
1.870236844478569051e-03
2.883999934207503828e-03
3.107461640669854572e-03
2.479204410674399912e-03
2.088185542252986651e-03
1.955756508067940051e-03
2.510659938572128592e-03
3.185498435234142278e-03
4.005404514183437750e-03
2.733016971570459506e-03
2.549820140563752863e-03
1.816430532778778514e-03
2.547026852910988775e-03
2.530303781308536337e-03
2.612760194698520323e-03
1.978452969625059399e-03
3.399199988068345342e-03
2.573405529399590535e-03
2.215209203965148258e-03
2.434618470112837919e-03
3.378651742407302178e-03
2.167147792346684268e-03
2.934365283360170808e-03
3.042395786310679150e-03
3.220326671399325810e-03
2.846899307704410954e-03
2.466185058816279616e-03
2.710859934696858032e-03
2.283538601959089233e-03
3.324637259254098302e-03
2.586551846182939558e-03
2.013821220496098217e-03
4.426221949719992901e-03
1.821243650438037365e-03
3.099858557935793527e-03
3.866572567239111996e-03
2.674444714435997988e-03
2.755995676461128231e-03
2.657634282183826083e-03
3.064025805290926125e-03
2.277204095103455180e-03
2.985597667429368707e-03
1.741854473050524895e-03
2.658170583068681508e-03
1.912094895166009494e-03
3.564864408530821639e-03
1.919439241803465920e-03
2.501303098943393269e-03
3.025374317069257080e-03
3.650721624438905532e-03
2.229592300543204331e-03
2.275143291544756523e-03
2.592352269217948306e-03
2.639104015487508600e-03
2.871204220883457822e-03
2.760884372810444749e-03
1.969128466750193294e-03
2.406834164223134714e-03
2.841847533117927184e-03
2.048821659441668955e-03
2.957318102854422041e-03
2.759202170031676334e-03
1.825176131180009749e-03
2.494686409741510118e-03
2.041922829989945530e-03
3.226193936389109944e-03
2.605497746476696016e-03
2.529141107552267381e-03
2.755294279019203721e-03
2.715118876409716372e-03
2.695434375482598597e-03
2.402450104596000682e-03
2.471166730419290924e-03
3.513347599088082092e-03
3.062278259054721560e-03
2.372803880935190398e-03
1.774542077511003521e-03
3.259328391675250531e-03
2.840499591833851260e-03
2.871064284346733653e-03
2.501581461034603406e-03
4.194684714425498534e-03
2.109356670594685415e-03
2.367777305949099118e-03
1.484371633399746886e-03
1.830605493553595468e-03
2.677277937328931962e-03
2.870272013690059170e-03
3.529357841354544088e-03
2.624805315169398846e-03
2.475609978397230997e-03
1.883361533356114762e-03
3.690760416197532996e-03
2.315910333624788403e-03
2.099090531495849139e-03
3.382660782620135805e-03
2.741153513405108003e-03
2.157438518809055850e-03
2.756125776143909453e-03
2.405014026953037048e-03
2.238983409572858213e-03
2.052374331679565362e-03
2.955643623186759994e-03
2.520344024249114752e-03
3.005230266555482341e-03
1.995258063290539230e-03
2.727850527961563337e-03
2.950493384400271375e-03
2.513284806199515310e-03
3.314186969982288716e-03
3.658048694652600314e-03
2.628572271529482085e-03
2.303628307851070863e-03
2.605909652642644792e-03
3.208566179869833807e-03
2.250272385876259541e-03
2.628640615678831064e-03
2.892129325004601584e-03
1.619415662657952082e-03
1.736150763206983395e-03
3.418655345301702207e-03
1.961921235584739801e-03
3.597847245714810849e-03
1.822533940073741603e-03
2.481044515760742666e-03
2.839340120117564859e-03
3.138711589296671114e-03
3.090597159394673724e-03
2.306966613678650569e-03
2.305164446422511976e-03
2.417299095514601360e-03
2.522129461364347892e-03
3.354670662408174020e-03
1.847239483977212776e-03
2.615998083389853204e-03
2.534088726507671176e-03
2.994459108743170381e-03
1.616790848936086903e-03
2.849591734001633622e-03
1.897175251871907088e-03
3.372684996506107591e-03
2.414156062446312211e-03
2.973400400556819659e-03
3.192575663402362138e-03
2.961202654327040051e-03
2.961181714558570963e-03
1.926389047523134872e-03
2.728229043698853114e-03
3.598870849963343305e-03
3.394617743757828276e-03
2.483931317216209016e-03
2.142516870263528467e-03
2.540689295595108341e-03
1.896931192821781900e-03
3.445132885438122183e-03
3.006029729033797213e-03
2.025623112302881237e-03
2.811313080374214408e-03
3.245121002165229918e-03
2.315203093959749322e-03
3.031735603080905773e-03
2.150778639143034830e-03
4.685972058760364684e-03
2.388841406414215704e-03
2.919565120675479859e-03
3.506915794540616232e-03
1.619249323783584268e-03
2.824987581451633960e-03
1.973972534034892749e-03
2.501922776111340299e-03
1.651810941222746744e-03
2.997789284842466723e-03
1.514720862096237712e-03
3.163960646564319395e-03
2.505300515273192405e-03
2.805997527419926054e-03
1.899630103459843148e-03
2.204702649054904231e-03
2.460663923851430339e-03
1.994826189247205471e-03
3.581526511300940196e-03
2.970411552226483783e-03
2.895545426481877394e-03
2.704685265767794999e-03
2.111459389818704218e-03
2.622109317549016234e-03
4.099549821434018970e-03
2.668214146920328683e-03
2.287610164449978192e-03
2.005957822750045229e-03
1.993290717414669764e-03
2.755851913820750541e-03
1.939012140085283808e-03
2.995352546709049296e-03
2.500049594628561949e-03
3.160871669918128343e-03
2.180362435137668878e-03
2.819660173743371127e-03
2.429338796227081300e-03
2.201061063904997863e-03
2.737252498043555530e-03
3.083027043319286863e-03
3.182828324735513179e-03
2.372181359576661965e-03
2.274602156276936838e-03
2.801415257949370873e-03
3.197062137010958649e-03
1.977433270341573575e-03
4.000377314231096278e-03
1.883422152395649966e-03
3.145750198731139726e-03
3.723590268634650695e-03
2.275893430850341268e-03
2.199547529453681899e-03
2.910098185195910975e-03
2.052904729481770489e-03
2.743145867866848484e-03
2.720473867189587662e-03
3.026554975281206365e-03
2.239764896359033430e-03
2.373348465088001482e-03
3.484095666256185192e-03
2.079873357809566576e-03
2.435745838585672268e-03
3.405688225554613646e-03
1.635128857060374943e-03
2.776609909126596682e-03
1.757716870352410681e-03
3.108734269309937348e-03
2.742725629026988160e-03
2.169900650321186873e-03
2.509888608800396863e-03
3.153127914021475620e-03
3.116551820928531707e-03
1.807468285324115471e-03
2.590784148017308535e-03
3.452910310236245554e-03
3.454649325573225238e-03
2.465165714647040394e-03
2.221396771008384355e-03
2.901090639118008348e-03
1.898277563824283349e-03
2.557924088859638012e-03
2.125287567716527878e-03
2.970324958137852359e-03
2.599919804984300153e-03
2.386660584724084339e-03
2.923859054485960889e-03
1.432839698338471239e-03
2.993399694284590642e-03
3.396930157040374890e-03
3.542169750598366407e-03
3.306977026411929942e-03
2.500790141057697771e-03
2.517742069505085178e-03
1.961359975379987040e-03
3.744134404605992464e-03
2.554895504838419935e-03
4.654910403045912567e-03
2.460770700098501886e-03
2.426846152596358157e-03
2.996146975713979543e-03
2.960680815762060155e-03
1.841039828383603076e-03
2.639750501932327468e-03
2.700953207508563578e-03
3.533384018372151113e-03
2.771861763996449901e-03
2.431751777160822466e-03
1.889262666286185789e-03
2.133477991459324739e-03
2.002509064076888300e-03
4.001879465538320420e-03
3.478855651515549291e-03
2.490299719910421278e-03
1.911975351934465514e-03
2.547740117855488116e-03
2.483097447444078398e-03
3.388783432000388399e-03
1.354642956671323409e-03
2.636275480094357054e-03
1.831142107063317426e-03
2.074851378461069294e-03
2.330785775644001866e-03
3.310352450051445242e-03
1.936887209795549189e-03
3.176367400983435511e-03
3.010163238770334829e-03
3.696775618515937487e-03
2.653468932234060752e-03
4.736587151438121160e-03
1.987759252670504712e-03
3.056515475991961224e-03
3.314717389046670758e-03
2.934930838227307100e-03
1.941109169659459548e-03
3.406028936062496792e-03
2.038218748685276163e-03
2.582510503173640875e-03
2.000711380703842218e-03
2.094255464801885510e-03
2.696322072445562264e-03
3.361081728576491377e-03
3.354649424677001376e-03
2.775240090024365131e-03
1.661065344399755873e-03
2.674953876587596226e-03
2.454767705040378570e-03
2.843802037502539577e-03
2.369366361797645149e-03
2.934899935869715853e-03
2.245211698886849429e-03
1.989270222507476867e-03
3.210879270293528261e-03
2.741785098273733391e-03
2.376662817383942521e-03
2.396217943683993327e-03
2.273344253666391337e-03
3.314273527783376857e-03
3.115477347984473011e-03
2.843045153132870307e-03
2.668109249378985883e-03
1.902088342556716629e-03
3.215396038909215399e-03
1.930588759459697396e-03
2.089654188425993809e-03
1.561283826709050507e-03
3.018751038404448098e-03
2.515007734681453788e-03
2.576536253198899278e-03
2.306932086989224671e-03
2.476906497566126394e-03
3.900630474793639283e-03
3.067370653989712030e-03
2.771009341784484888e-03
1.638208065632918093e-03
2.935677222634892978e-03
2.970761318279761202e-03
1.907080025593313509e-03
3.630110526885766981e-03
2.265086483174508138e-03
3.408386503477580601e-03
2.016287195774046567e-03
2.062050422523822955e-03
2.665705977517067275e-03
2.462246254177400447e-03
2.949468362270145968e-03
2.658999898531256342e-03
2.541133318844080585e-03
1.840782809447863563e-03
2.688126834379012380e-03
1.741847459325279561e-03
3.657133912506680806e-03
2.763178647454398069e-03
3.925489691998883431e-03
2.303076715101123537e-03
2.777380516734217781e-03
2.074884723139167400e-03
4.906076946370381033e-03
2.330376264131002115e-03
1.490953060539928696e-03
2.098386659637122530e-03
2.764771763340459921e-03
3.276437611586758333e-03
2.262621978579394851e-03
2.438274242847390458e-03
2.309717052317834720e-03
1.891903407916927567e-03
2.598412774465324367e-03
2.845967994742343212e-03
2.153513273541469118e-03
2.572057168272763334e-03
4.227687933542071709e-03
2.307756978035732914e-03
2.248950700327862970e-03
1.997571122386248774e-03
2.435697095949053079e-03
2.943633318331716209e-03
3.237668758188768248e-03
2.603118716551264256e-03
3.238273062409570413e-03
2.013559456737459754e-03
2.286751135274009503e-03
2.426406513415240752e-03
3.056770447746653008e-03
2.235329935640259155e-03
2.658032762595845689e-03
3.332283348112387127e-03
1.644344952373856051e-03
2.887001628474866483e-03
2.348824135093769295e-03
3.562315555620340461e-03
2.257191440579051946e-03
2.196826694165721246e-03
2.601185378074850722e-03
2.149598871459944965e-03
1.988674460763789273e-03
2.026236935909001176e-03
2.672536183283709919e-03
3.082903716067959821e-03
2.683480854013501650e-03
2.874012093586861792e-03
2.893066967325910472e-03
1.605815861878633370e-03
2.312821495124553831e-03
