5.633769260361500865e-03
4.012155511914417862e-03
3.890552341074896871e-03
4.857489370954738706e-03
4.675855871723944360e-03
2.927655224376790079e-03
5.302846350262408436e-03
4.356593877388719588e-03
7.220643259028275071e-03
3.486915788181104304e-03
4.401753365395009825e-03
4.822565445820850734e-03
4.417378063803736182e-03
4.434327759459534384e-03
4.297243009306586821e-03
4.058729914325678173e-03
4.194860961761514954e-03
3.322047536741151372e-03
5.444317027837542768e-03
3.790486814562148230e-03
3.534505057067299956e-03
3.743697999482007831e-03
5.001847993459565718e-03
4.797254035361653637e-03
4.703141986463272271e-03
4.563524834808005935e-03
5.580664672982672998e-03
7.001930888304567883e-03
3.864658800724925149e-03
2.860964219557793516e-03
4.583828041787464842e-03
5.315588869273450527e-03
4.903810211006489825e-03
4.865857027552369582e-03
2.558519771976451498e-03
3.531069605559500075e-03
4.149707945525249984e-03
6.035258133626358185e-03
6.081341899304853332e-03
4.456683715038142757e-03
4.160350994518628200e-03
3.640225790914810178e-03
6.300819350713735868e-03
5.052592288894911313e-03
3.346348692619279062e-03
5.022954460639170518e-03
4.678338227164291485e-03
4.566709680184119491e-03
2.700345890276302594e-03
4.869532803199443788e-03
3.137569877148163339e-03
4.364899339263317302e-03
4.283802549094736442e-03
5.286370807294964690e-03
4.361137990109908297e-03
4.150660178352173768e-03
3.873410756919380780e-03
5.665754029616529991e-03
4.405919135176253332e-03
3.499884836328852940e-03
3.494485686928523044e-03
4.290943753256430508e-03
4.609224323088134678e-03
6.183084122349918541e-03
3.820986935553855046e-03
2.748202731285429284e-03
3.400430754925817464e-03
4.275386369103423984e-03
3.881229268768266686e-03
4.878949689911521621e-03
4.869570138478169184e-03
4.042521585263390144e-03
3.359024209072783776e-03
6.437864985974206533e-03
5.560691989930344713e-03
5.906912005519847006e-03
3.363800051504712511e-03
4.887397908091757961e-03
2.806481839774618760e-03
3.024069268246952751e-03
4.924774846695662185e-03
5.647583452261966015e-03
4.769763822020962364e-03
4.308823540141175530e-03
4.141028137726003935e-03
4.218801312274186865e-03
4.283821159219759929e-03
5.193519807917049841e-03
5.866365402072499548e-03
3.694746427061409728e-03
3.854291622501265085e-03
4.964227464967447233e-03
4.835687416452718636e-03
3.583572467610140859e-03
5.298528737481115504e-03
3.173333264003542088e-03
4.488119159223484707e-03
3.777663721887378114e-03
7.143604168814535714e-03
4.447480127041469541e-03
3.217936143849514999e-03
5.719392463127535679e-03
5.163622385563956287e-03
2.649413001232480466e-03
4.219631759947444112e-03
2.741026636141067913e-03
4.699105111949096990e-03
6.907855903821305196e-03
4.437762984465669185e-03
3.766709634172935115e-03
4.145127100217568805e-03
3.589557993497835813e-03
4.742033419228180481e-03
3.893551772458029702e-03
5.049040994733443484e-03
3.323859905453160121e-03
3.378938689093886720e-03
4.772785627673325516e-03
4.460824042416670389e-03
6.210333855176565152e-03
3.815178691275889194e-03
3.482978523987235835e-03
4.317154388218031637e-03
5.112345652546279075e-03
3.735926947899636912e-03
5.531801114369388345e-03
2.720844437299562053e-03
4.939534068346553008e-03
6.048865074876688674e-03
4.708506736431163769e-03
4.497241511689266391e-03
4.113105308270702948e-03
6.247838283713956324e-03
3.270923184115831321e-03
3.530951088150196399e-03
5.420279557739987077e-03
2.275950689223410657e-03
4.040642390726398823e-03
3.546253450137746167e-03
4.412597531324987353e-03
5.093483272240698079e-03
4.299298979932964643e-03
4.161380730521324102e-03
3.164345757623494154e-03
6.149472371440066649e-03
4.869795264618232387e-03
4.370781225250667743e-03
5.231305072988559970e-03
5.041515962858845491e-03
4.336003970636043495e-03
3.174960465977370513e-03
4.947892278764528563e-03
5.543006150674790848e-03
3.995339666634049706e-03
4.348822598894800523e-03
5.936386099601906677e-03
5.649673354833250477e-03
2.976076314093257721e-03
3.758223924052636698e-03
5.680652324950487102e-03
5.566842972776408702e-03
4.335304493275646785e-03
3.975529437306225301e-03
7.102442657459239438e-03
3.872022802992511163e-03
4.850997286470812471e-03
2.802263179474558628e-03
3.374391186483415971e-03
4.794622882154066928e-03
4.625335027437625472e-03
5.031627144925067928e-03
3.606432967717093218e-03
3.535717410585779638e-03
2.409476905804443844e-03
4.577612151162428061e-03
4.403352103300077827e-03
6.059772079998949033e-03
4.875332086466937359e-03
3.941856838107008799e-03
4.689404035458253836e-03
3.077401705418722575e-03
6.532175524532279030e-03
5.603153662726863445e-03
6.424469686070050090e-03
5.454303825515767479e-03
4.333550170140445384e-03
4.121663255677876676e-03
6.616243335603261277e-03
3.648452181511183199e-03
4.468878041657568800e-03
3.606864656108555063e-03
3.323643263489464011e-03
4.297517163239824266e-03
5.210726060216255319e-03
2.163005868125580933e-03
4.447763091052717860e-03
2.655153186440964604e-03
3.923050700695515473e-03
5.500970967849481107e-03
6.149483643889234324e-03
3.704730381491701339e-03
3.219373838986360620e-03
5.438466931886257703e-03
5.758819567542399452e-03
3.686029177494342095e-03
3.746060205453225454e-03
3.381041357045346842e-03
4.573680799170508522e-03
3.970081358970258337e-03
4.924916930977575082e-03
3.353922837521036097e-03
4.891539650430086830e-03
3.430779435507569364e-03
5.892404524416477649e-03
4.300965132067840514e-03
4.836326097359634410e-03
3.077630692964902943e-03
4.153417124539784261e-03
4.973998565670604416e-03
4.114889284258446689e-03
3.839391823222642122e-03
3.868828738877636095e-03
6.551806458916452011e-03
3.885088827547925235e-03
3.112551567365212830e-03
3.600554028229227717e-03
4.230104705825903089e-03
3.803044465235376915e-03
5.836825202924010407e-03
3.951041838295287108e-03
4.485386358665169673e-03
3.670441414860176142e-03
4.278453402030820731e-03
5.267886363798382314e-03
4.788885310594642557e-03
3.881136033203493214e-03
4.287192674208346703e-03
4.456464592957409127e-03
5.019679561172930155e-03
3.465584521875579496e-03
3.397408597767703157e-03
4.124442728629574076e-03
4.711446481280618867e-03
3.603288204533411105e-03
4.204041626928317794e-03
3.329771237412157241e-03
4.677784879246697086e-03
3.865774377870725368e-03
5.239619430094744588e-03
4.483932631852515990e-03
5.605410036056864866e-03
3.738216289558667343e-03
4.335124542314202321e-03
5.136941994319743632e-03
4.251907104338195284e-03
4.356895651090837880e-03
4.257904541266580890e-03
3.492620759224317629e-03
3.026972892189812650e-03
5.606201510837563115e-03
3.637824387826610242e-03
4.682648275525220019e-03
4.425261184963096700e-03
3.608592927524563107e-03
3.584740611385652930e-03
3.874619899604713359e-03
4.562682640651204158e-03
4.267991811004082092e-03
6.423758128236718885e-03
3.780791422430062210e-03
3.819358891396070366e-03
3.545363850218239288e-03
5.004042355690014980e-03
2.726239485399769517e-03
4.348549149561070290e-03
3.421520196451174715e-03
5.333323735419502262e-03
6.001548750687159782e-03
3.754802831672575652e-03
3.746577286788039564e-03
4.324908814027679169e-03
4.683762721319765371e-03
3.612825694954961264e-03
5.498336500962954648e-03
4.710833065222659946e-03
6.037728242282216010e-03
5.266207113404861202e-03
3.221501476630325364e-03
3.543488276858848367e-03
4.438951853083229065e-03
4.087749370789137138e-03
4.701313418777681302e-03
3.936567009534906042e-03
3.466810870801893124e-03
2.942456341747032127e-03
4.036187299630131578e-03
4.839656447725754380e-03
4.852374155423690855e-03
2.501536140316313207e-03
4.510537744118544787e-03
3.292430513725247507e-03
3.610586533394521090e-03
3.810784316182384314e-03
4.106004959776927976e-03
4.370930115464303350e-03
3.009100265383502729e-03
3.001128935217449098e-03
5.342995074288835189e-03
4.740892831564616668e-03
4.682114129674069467e-03
3.824933385592563934e-03
3.729182518299879300e-03
4.142680292453235387e-03
3.431351179289495595e-03
3.192922930081503949e-03
4.547947728482459352e-03
4.223788235503439688e-03
5.305803679224186872e-03
4.578023704962682489e-03
3.399217082157870301e-03
2.975148034188678306e-03
5.684732344528980498e-03
7.340913012312193058e-03
5.157430719900174369e-03
6.069807138482145870e-03
4.119664888890912577e-03
3.584256066002537711e-03
5.583976294718870879e-03
4.304540663918223278e-03
5.442982851036168475e-03
3.387968713497927723e-03
3.878440604012533925e-03
6.284920201969996546e-03
5.788042021247843082e-03
3.259945962662254802e-03
3.366620743102082761e-03
4.777321624702009044e-03
4.661361265922060564e-03
4.196366616234147029e-03
3.116256649224156614e-03
3.769710024513259379e-03
4.955645317298058329e-03
6.545140136307320104e-03
4.510123396461009418e-03
4.596028928997348932e-03
4.514664303514949115e-03
3.648118725676510309e-03
4.785814606439683407e-03
3.572649725381346359e-03
4.689850830226408203e-03
2.097319974070185888e-03
3.661288897146129911e-03
3.179521987415579679e-03
5.725966767123340413e-03
3.554108794165269838e-03
5.987900789389312591e-03
2.323381076422149222e-03
5.137494430122297416e-03
8.515997112364694782e-03
4.541568160330599659e-03
6.017883469454289591e-03
3.298170153038647301e-03
3.627889940019237824e-03
4.134627186778961315e-03
4.940686283530645699e-03
4.894577742537959721e-03
3.679755164700547303e-03
4.076619183725159294e-03
5.381013211290757922e-03
1.991364527217513811e-03
4.107231261342350788e-03
4.907363314355083286e-03
4.226816740859703006e-03
5.436951032658623832e-03
4.174562368362910204e-03
4.558425031586206370e-03
4.163563712180348882e-03
4.538024530547953538e-03
4.377822201420814019e-03
4.356455361066984867e-03
4.896615943937527096e-03
4.022724930921233420e-03
3.770452668781277411e-03
7.272403669971279176e-03
3.773733432412967014e-03
4.138702051820945284e-03
6.049277557721484053e-03
5.394163535729842862e-03
4.192188334267639080e-03
4.033847718616956866e-03
4.393817958231318460e-03
2.649952009166535710e-03
3.846187583761999720e-03
4.394594294764942420e-03
5.813391448888276594e-03
4.200187163334505834e-03
4.053880409107171040e-03
5.111073424313880738e-03
3.737975466140120145e-03
5.633508019493723221e-03
3.178236623454777469e-03
2.968162655897228774e-03
6.048780855441186766e-03
4.241163590010563027e-03
3.882753804322715274e-03
3.549599266149399898e-03
4.340146554408108419e-03
3.599829158896339365e-03
3.426110574530292271e-03
4.958997594340466310e-03
4.744945245990186966e-03
4.521901841342745518e-03
4.199627769974688223e-03
4.872518285765388944e-03
3.746437573393598692e-03
3.928798559237983885e-03
6.203298563212168194e-03
4.219776781655325271e-03
4.040686876112795090e-03
3.709181225731270244e-03
4.919969453984852047e-03
3.873209343340995679e-03
3.215521502147783688e-03
5.576593257509667584e-03
3.571893874201612605e-03
4.637471910297535915e-03
4.427842210718318204e-03
4.230087412835339261e-03
8.800469871746574232e-03
5.558263194849150622e-03
5.085994749973689853e-03
3.104932372620879816e-03
2.956395014544434350e-03
4.163045645901306165e-03
4.259959522431230015e-03
4.913240848691820956e-03
4.084616923391015675e-03
3.879108927295275323e-03
3.260884725269446414e-03
3.881282730776543233e-03
5.328648023175866673e-03
3.444630877259814879e-03
4.547312585038882325e-03
3.470031465899048231e-03
4.460483154139717812e-03
3.590926893547239599e-03
3.785145363092991613e-03
5.182707344167880766e-03
3.830983829380556031e-03
5.588065843497064429e-03
3.468531454525861785e-03
3.594130324189335601e-03
3.952766014341017008e-03
3.920358838917656352e-03
6.404500232167252040e-03
4.575712441112081766e-03
3.905097685934286970e-03
2.463736652812189079e-03
2.796064793012593107e-03
3.332962426872328361e-03
3.931627719491413535e-03
3.253024239519496878e-03
3.568662321437124536e-03
3.932142253150571268e-03
4.027404585875817532e-03
5.884089687191959919e-03
3.829136807510044420e-03
4.345902162531483509e-03
5.342315921736545854e-03
3.502946884838525638e-03
4.526210415379790589e-03
3.997667937598556841e-03
4.103294817033481187e-03
4.619996010992243052e-03
4.325368100538960411e-03
5.034095681063626218e-03
6.099653570441565531e-03
2.835305499476262637e-03
4.351065582779900173e-03
4.772651649943785573e-03
5.253164953166170395e-03
5.075447524789203704e-03
4.551170893325922132e-03
3.446957206282811204e-03
2.971415599308267763e-03
4.986370921557266647e-03
5.845346654208888847e-03
5.773300026613620468e-03
4.047235576391365781e-03
2.634708320578034967e-03
3.798673822878819144e-03
4.652319935806662442e-03
5.680144946127617042e-03
6.624585284132886165e-03
5.961713718662072989e-03
3.506038592747048876e-03
4.710111589029956219e-03
5.403399110085123011e-03
4.595287593304975444e-03
4.384289299253156524e-03
3.652643159247133831e-03
4.535234995714233254e-03
3.791186608672091236e-03
4.567486883862307938e-03
3.956722538941551300e-03
5.074876079823540005e-03
5.105172625230010829e-03
4.796516662122589196e-03
3.801339576444266385e-03
4.028568842244833505e-03
4.174037453864537332e-03
4.566911247941067738e-03
5.013359760574938317e-03
3.183115420259185341e-03
5.302994550833404173e-03
5.393618080213960671e-03
3.617277302675190806e-03
4.179088492070351553e-03
4.005957693960126437e-03
4.092376717421524965e-03
4.319265630945886766e-03
4.811741383038595221e-03
5.148299959713324714e-03
2.629642633123443606e-03
4.595279021611432119e-03
3.889115696812598354e-03
5.178151206399236005e-03
3.293885617844007595e-03
4.333269974539340555e-03
4.714990560250481057e-03
5.359148494868015700e-03
3.608457465328948361e-03
5.695698908941099377e-03
3.075951176497784215e-03
4.749725035285021213e-03
4.783711092816029554e-03
4.638103707285001591e-03
4.365178875637619645e-03
3.897636827151262744e-03
3.683344861033162592e-03
5.090156504979234837e-03
3.387238887516009784e-03
3.290104128942085166e-03
3.675443451556187433e-03
6.583921382378627417e-03
6.178822135530542131e-03
5.174825057936286929e-03
4.165089754089260944e-03
3.753162433703715294e-03
4.541439478593882820e-03
4.938396033907894132e-03
5.210141565617270633e-03
6.012538366029412940e-03
3.500151344238679185e-03
3.083865208461907328e-03
4.858884784608588983e-03
3.929447055734746654e-03
5.624403377856163934e-03
4.901976079290683991e-03
3.776848282013296580e-03
3.551650713865229028e-03
5.899387106586932716e-03
4.790592537675353660e-03
3.154741977212761200e-03
4.694491415074222677e-03
5.775288083388465353e-03
4.527029376218117546e-03
4.100356723766586040e-03
2.371709724090690675e-03
4.171302320908148141e-03
3.391089942388977527e-03
5.810518006437705163e-03
4.198952145750528553e-03
5.111522791760628702e-03
4.493766874147197936e-03
5.519322551308172842e-03
4.620253352321503949e-03
3.431663079385069426e-03
4.569123975600360502e-03
5.331771094311033715e-03
4.341921794390636927e-03
5.112421440452467707e-03
5.102977727176528921e-03
5.756060381042318701e-03
4.030259710584482326e-03
3.907407668741125738e-03
3.324827667568637773e-03
5.081577134791058839e-03
3.228742628434766622e-03
5.524873307997562807e-03
2.812535778282952963e-03
3.922127926161298773e-03
3.453368666073666337e-03
3.917062786548628113e-03
5.137310277080500004e-03
5.404850283746983480e-03
5.458632868161033234e-03
3.834310498735375976e-03
3.282338543144224571e-03
3.845255029539866327e-03
4.717233357951006005e-03
5.582490705505160217e-03
3.325038104292158889e-03
3.574311334192356235e-03
6.052154246454605549e-03
3.494836740911884659e-03
3.314388525951514255e-03
2.735881506715208758e-03
3.981716978078224910e-03
3.234046904453653868e-03
4.814020177953520427e-03
3.657750612277039810e-03
3.639739400232034922e-03
3.658800413779937210e-03
3.975355963274177298e-03
3.095470062089140158e-03
4.617068583241787545e-03
3.981526649563793367e-03
3.440356049686496120e-03
3.771789222478129453e-03
3.225742618860041964e-03
3.683163434464327077e-03
4.791653547082712350e-03
5.358372824941470304e-03
3.758698637039795034e-03
4.366107962675986817e-03
4.261387384214296824e-03
4.126170143464545984e-03
5.232104846829278150e-03
3.903918000960020403e-03
2.881295658842474364e-03
3.317507734711132132e-03
4.779545331622367214e-03
6.504195791505341245e-03
3.160469100010442588e-03
3.530252581052835403e-03
4.434148013706496610e-03
3.992152737508710900e-03
5.267704318004563444e-03
3.779660864541610401e-03
5.139133905112823822e-03
5.138735369849166228e-03
3.828924856525085709e-03
3.960372279986399714e-03
5.166237603596840651e-03
4.314565909240617933e-03
4.373811258842808317e-03
4.531237493151075123e-03
5.015697177845594538e-03
4.522298961650247397e-03
3.617771724277225095e-03
5.880248460676790363e-03
3.223267576608687592e-03
4.516180411935398833e-03
4.997443756660704429e-03
4.404051068968417755e-03
4.734956995131546845e-03
3.347803481391648222e-03
5.184788290965724675e-03
7.252697368021199242e-03
4.170149037311054151e-03
3.006727566410466977e-03
2.759501131219019299e-03
4.389498428519557002e-03
4.526982695937949337e-03
4.015623699230153228e-03
5.661618192301029473e-03
4.349093776464480442e-03
4.543810324371711472e-03
3.612228145521723024e-03
4.084327373573377537e-03
3.882494487239132944e-03
4.843710405490691574e-03
3.943001231178898738e-03
4.045883471084695676e-03
2.970600402309534968e-03
3.459625498898275149e-03
4.199581994684891718e-03
4.022671400950691284e-03
3.431831261949907282e-03
4.399297138238750238e-03
3.861509064292870455e-03
3.304367442144820650e-03
3.547227968850312062e-03
5.410257491031932910e-03
4.269606420536516643e-03
4.509996690103391589e-03
3.980408245285120723e-03
4.128085880114346941e-03
4.240900114905997616e-03
6.689303586624037283e-03
3.710498028637218039e-03
3.983165400135988896e-03
4.675176783499417760e-03
2.452677943293542998e-03
5.188755515163000556e-03
3.585871272586347181e-03
5.545029415906467182e-03
4.185919993759443410e-03
4.556350822340659787e-03
4.353183445375474400e-03
4.412554472404931968e-03
2.993352692236527553e-03
5.270425197886971155e-03
3.332455130360489123e-03
5.752747898387944661e-03
3.959901531297576292e-03
4.590716292742776962e-03
4.763353589854561580e-03
2.685300683446080819e-03
4.397881178359833165e-03
4.470627631682197456e-03
4.601819378935218322e-03
5.201495140212020370e-03
4.542130772219689361e-03
3.255123426592342138e-03
3.563915656104082921e-03
4.129472760514998550e-03
5.631494449181307510e-03
6.711184349121228701e-03
5.216958290732046782e-03
3.810742363131845549e-03
4.078526189762173709e-03
3.224580490159956788e-03
4.539866566653813322e-03
5.217887586006332915e-03
3.776594159909768024e-03
6.353718365791625675e-03
4.277654408412320114e-03
5.134836609523957610e-03
4.695718350945802567e-03
5.112258268586029886e-03
4.728155804492054082e-03
6.443745855732206304e-03
4.402609901911969624e-03
3.653855268022703981e-03
5.149862136450716887e-03
4.328468259369232067e-03
3.930074443038960967e-03
4.760772932228497442e-03
3.975256395135704467e-03
4.229508259499256163e-03
3.469666977591455859e-03
3.739576044189573106e-03
3.357303371411488654e-03
4.887113608507588289e-03
4.502781161561562710e-03
6.911340678127997524e-03
3.818741276155886415e-03
4.514490574821238694e-03
3.483433532588647852e-03
4.800716283489384756e-03
3.986208615519479768e-03
5.279945339886144701e-03
4.966722763956594837e-03
4.499165318452845105e-03
3.879732012533034825e-03
2.801874596390747322e-03
3.729265432652413732e-03
3.302419160218728490e-03
4.044716203658387313e-03
4.534040955317881691e-03
2.983737844425502373e-03
3.829015339921831851e-03
4.041911215625493617e-03
3.162001635560107802e-03
3.897979773323922894e-03
4.547766362104846069e-03
2.706179384962729192e-03
5.929833714702833179e-03
4.867101266178331526e-03
3.607226535962062761e-03
4.523929652074161478e-03
4.057498125319776786e-03
6.966462458140883392e-03
4.482919885665528903e-03
3.873447075791352275e-03
2.732906841355281675e-03
4.019207369145362183e-03
4.577343688019982343e-03
4.783822456347268208e-03
4.540374957184513741e-03
3.556023212848371043e-03
3.780669179630928578e-03
4.306175080920017842e-03
4.912447183359319389e-03
4.934070871014096388e-03
2.700485145603866068e-03
4.904310513913788527e-03
4.384392145412831926e-03
3.131322746033103534e-03
3.760275555644289683e-03
4.711040426824282187e-03
2.448741352856280591e-03
4.566038986200663362e-03
4.502580947293375636e-03
3.274447986336724743e-03
2.953217754360693437e-03
4.724060487460798700e-03
3.910244201120141594e-03
5.838287886425237196e-03
3.889113802464599576e-03
5.722913991497448859e-03
5.712941347644641399e-03
3.302687794115851099e-03
3.825457475967636821e-03
3.342045308724654433e-03
2.615443862741623649e-03
3.469454202813174962e-03
5.488398184103209475e-03
5.978993181568273592e-03
2.975519631976183445e-03
4.052152474339480726e-03
3.411586155526359892e-03
3.679168595671809643e-03
4.694196908758562631e-03
5.415712026046265448e-03
2.768590195841231713e-03
5.622875143498472054e-03
3.945870398673570478e-03
4.928037829927783310e-03
5.307998916081522675e-03
3.937240056837671559e-03
4.699517797754403613e-03
3.360157964515906280e-03
3.886951811394555312e-03
5.319131578986293317e-03
3.718318997465560639e-03
4.186551617095016740e-03
4.588613419572199099e-03
4.719545321596837172e-03
4.349667044036152966e-03
4.298823193223498193e-03
4.541292216463879532e-03
3.069797495905946059e-03
3.502605428194416337e-03
5.053542936068429643e-03
7.434392584240213236e-03
5.365329358256900119e-03
4.176851324967396396e-03
5.956943365069004674e-03
4.642135964083663087e-03
4.187704800618593549e-03
3.709552497044034045e-03
3.579947663656832604e-03
2.441538210124475153e-03
5.027759332870667362e-03
4.407679502397059135e-03
3.634416796432126534e-03
3.314990599441499774e-03
3.263731675438052461e-03
4.391240000407504139e-03
2.625653155728460003e-03
4.996882225190876596e-03
5.061275685728676595e-03
3.442579079463351562e-03
3.973823775207591287e-03
4.137675205861899089e-03
5.307463231526914939e-03
4.548058521619571977e-03
3.873854917357625986e-03
3.181242135936196251e-03
4.526476470905638032e-03
3.108390360602502223e-03
4.494826894571425993e-03
4.047533838044007314e-03
3.477149280386841040e-03
4.832876440807824976e-03
4.766802224446449812e-03
4.718113601069025623e-03
3.389188127391510111e-03
3.623044902292879479e-03
5.964587029911368014e-03
3.737153358485619664e-03
4.394568479333627216e-03
2.470239966106379734e-03
4.891826337081744622e-03
5.485459735113029298e-03
2.634075710028836118e-03
3.944523664736906271e-03
3.881635078158697863e-03
4.340958019702889290e-03
4.680600017036273472e-03
4.939454511683032123e-03
3.646199011138613610e-03
5.974693839773604492e-03
3.324627683881991539e-03
3.852045385960818549e-03
5.047428172251707326e-03
3.870359809020383103e-03
5.315825023407454511e-03
3.678129542752234683e-03
3.191514544375119097e-03
6.304117929629940442e-03
4.748245598649052102e-03
3.759138103997387067e-03
4.088079993665715353e-03
4.594299253001314816e-03
3.949579032945902887e-03
4.394207096089086141e-03
3.841669256377165404e-03
4.339132900783759968e-03
2.845574220595262129e-03
4.123727491070692565e-03
4.816893027132281707e-03
4.319188851109133538e-03
6.049199156961444605e-03
5.707585711957499294e-03
4.052380211806413078e-03
6.710402744319402847e-03
3.775585763291658317e-03
3.993827670085856735e-03
4.125217693182359202e-03
5.700606016402406766e-03
5.232924759508912269e-03
3.614333363611257378e-03
3.728514405934151791e-03
3.890626446761732971e-03
5.802089475647998276e-03
3.598552651680911579e-03
6.029677255869857200e-03
4.259073002338232411e-03
2.873115530587989214e-03
4.047010837072458414e-03
5.435634152149085817e-03
4.390778383904440918e-03
3.961394191452834515e-03
3.068587672651487686e-03
4.892751192425472129e-03
4.054355865471621391e-03
4.520364123537553257e-03
5.770350684165830371e-03
4.633561346457936575e-03
4.321470704210601289e-03
4.578091546935845850e-03
3.818950032628106155e-03
4.155758892852425522e-03
3.938732541056410956e-03
3.063496100482969355e-03
4.199971164369135750e-03
4.893274605820971054e-03
3.751102553195244035e-03
5.735704783092859110e-03
4.601358855026819149e-03
3.207092055992266742e-03
4.310835565903722161e-03
4.246746462889429939e-03
3.244623854791245463e-03
3.107240248129220124e-03
4.877561999833869219e-03
3.880317684192761789e-03
4.659629806723266515e-03
4.131384745307328972e-03
3.843204612543662732e-03
3.550752856141720787e-03
5.595276410678480528e-03
3.882734724665475295e-03
3.833568059628951388e-03
3.348197964706878423e-03
3.499441891750135376e-03
5.426211600584504233e-03
3.089251367251803944e-03
5.458571332654003037e-03
3.866659035501106550e-03
4.097906492332701635e-03
4.484538108732223465e-03
5.649264870306533633e-03
3.408880879273072304e-03
4.004278296248558675e-03
3.665631851838037098e-03
5.143243569485541657e-03
4.582994676900861708e-03
3.579134862023097309e-03
4.644891873618420611e-03
2.880673281049274826e-03
3.741431141478211014e-03
4.519596086106358879e-03
6.198302723190834626e-03
4.656131082974333986e-03
5.010991143682346632e-03
3.537799753530421545e-03
4.092202877641499051e-03
5.556522347879978667e-03
3.587252868768608244e-03
5.180390963215019025e-03
5.125919779062767037e-03
2.375736391858606147e-03
3.837358326554744965e-03
4.286788651158185241e-03
4.021880030400972784e-03
2.799123401077123485e-03
4.654741512928964493e-03
5.359925980168637853e-03
3.625936067311284761e-03
2.986782563094771224e-03
4.526719122671425330e-03
3.726308450616799307e-03
3.190748073562039468e-03
5.272476609668054655e-03
4.690391670086138838e-03
4.242359524886355100e-03
4.143325339359733676e-03
4.149428290453385446e-03
3.966079478587969560e-03
4.260335024375778816e-03
3.675325186925676880e-03
4.466100000709986514e-03
5.928200178558959942e-03
5.577948841311187490e-03
3.977419093045194212e-03
3.660744943292756036e-03
2.988196310974889757e-03
3.352953542675263764e-03
2.857232989387206192e-03
6.789646849526700598e-03
5.409146359277732657e-03
4.320342919709943205e-03
3.305411169162385341e-03
3.095628524229976711e-03
3.305116090565822940e-03
4.940673434706598435e-03
3.147400845237051641e-03
2.963788508274075792e-03
5.368708889287501958e-03
4.146894565191805611e-03
3.030713237412346276e-03
3.701245776706484428e-03
4.208023488422915799e-03
4.691412432343962553e-03
3.748831686655339571e-03
5.689110623594404240e-03
4.794095143700967745e-03
4.863349267862821651e-03
4.636027236370546430e-03
4.594505146571003194e-03
3.227088595608246235e-03
5.271221793161678243e-03
3.842075949166452384e-03
4.160490697103441139e-03
8.391799228905771207e-03
3.264972256903459543e-03
5.547046764003429886e-03
4.353873724336698552e-03
4.024384935380301634e-03
3.827031225877629370e-03
4.088000802882471064e-03
5.032386164084297168e-03
5.579729742108852086e-03
5.599165754019549621e-03
3.844811809002622767e-03
6.037106192504137180e-03
6.216406976202619450e-03
4.936485789510534211e-03
4.263343199024257311e-03
4.706668910764793233e-03
7.091807346231955751e-03
4.439742654474330627e-03
4.330108066043006181e-03
3.871553663514667055e-03
4.502140625888450404e-03
5.211503174454582867e-03
4.304005936171505405e-03
3.048490259678586414e-03
3.082135079206347380e-03
4.190884600691101650e-03
4.677405628983916965e-03
4.013824964763103645e-03
5.974814299406716600e-03
4.799443024948316441e-03
3.555047700198011532e-03
4.129256894543473569e-03
4.183967446006136778e-03
5.389167251785635139e-03
4.184395303660776687e-03
3.463609898669269081e-03
4.274244832776887340e-03
5.228699881698769397e-03
5.190849208637209056e-03
3.828306345585000790e-03
3.966149418400807466e-03
5.146508654477971977e-03
4.165549364168329334e-03
3.838925702256119985e-03
3.816469748887417641e-03
3.426190905176267239e-03
4.939651789846648787e-03
4.636918023489435513e-03
5.697760726323262449e-03
3.334430015342022130e-03
3.958351805036904036e-03
2.908811204319010791e-03
3.439347975024440677e-03
3.488465817617555313e-03
4.111430103756155696e-03
6.981512236993321283e-03
3.610214466799284601e-03
4.250023014421782687e-03
4.004121372663653651e-03
4.532810566449230368e-03
4.723964640462346987e-03
3.960616826373328410e-03
5.572806045139454267e-03
3.880686373930530148e-03
2.587452801109669989e-03
5.065099110508409705e-03
4.736204192802498728e-03
4.249808740944739475e-03
4.580421137802067819e-03
5.754165118818170901e-03
4.682542918149107565e-03
3.808319704848551601e-03
3.747146471349053782e-03
5.232080012808408911e-03
4.708031304523178917e-03
3.402286883194327594e-03
2.761262338335496776e-03
2.903076594113138554e-03
6.461057155687251370e-03
4.418073596537470255e-03
3.610476522294003236e-03
2.239704622393423605e-03
5.011257282973753668e-03
4.130837494877125440e-03
5.667981813296990405e-03
4.418255582212374938e-03
5.062234469390725598e-03
4.132972326836340492e-03
3.905294357069934510e-03
4.673675967586017783e-03
3.901947292826742249e-03
2.868982706572386059e-03
4.640108447105209186e-03
3.884283915715101496e-03
3.133360351349154162e-03
5.061016192270410309e-03
4.556317988009539466e-03
4.372038343761872232e-03
3.244010180391905702e-03
4.002287891707649765e-03
4.292622578401339255e-03
3.971504689942449359e-03
5.610993958292762734e-03
4.305241463579772242e-03
2.480321614230306115e-03
4.388068928299597091e-03
4.413206271181680657e-03
6.239575500041665002e-03
3.036749669465204672e-03
3.884405567946295958e-03
4.752821769357786635e-03
3.895309576718249123e-03
2.886663763116402784e-03
3.666037988848227288e-03
4.414148771701633701e-03
6.809318564090062822e-03
4.598561512370410997e-03
3.791039305372616037e-03
4.257034377972050178e-03
3.699246340658908852e-03
4.550489917090356357e-03
3.474577139402429231e-03
4.207646664133338384e-03
2.755388905766144921e-03
4.315495584323354381e-03
3.830921920349760097e-03
3.000307981893155125e-03
3.683357271428852001e-03
4.465597284262867554e-03
4.222199790664886258e-03
5.171167508688285022e-03
3.279932110492742720e-03
4.107746286898774496e-03
4.071246119552524717e-03
3.718673104951777768e-03
4.770890653158221806e-03
5.328073335424904876e-03
5.208109257976997232e-03
4.213387201389204653e-03
6.279242626850561025e-03
4.235250142076576498e-03
4.341896640635608401e-03
5.792408365189918862e-03
4.741778709859461455e-03
3.916901457689940177e-03
5.079951664967253221e-03
3.920555160042407325e-03
3.141934544906417603e-03
4.999418061402938554e-03
4.790819938694360937e-03
5.772014273294341809e-03
3.467021121093089367e-03
3.661769459247938337e-03
4.967315710862979516e-03
3.998418823005977715e-03
3.347439948596273810e-03
3.670308702357501316e-03
4.148398393866779658e-03
5.325108395743675949e-03
3.223168533218725897e-03
4.682628914191994986e-03
4.596007591606254480e-03
3.340064152348638273e-03
4.383144984130004328e-03
4.474145416952178198e-03
3.381230272155765198e-03
3.126184036772414708e-03
4.628021020136467538e-03
5.047574279750358280e-03
7.067000265204527974e-03
4.663200155467838413e-03
3.537160575820208919e-03
3.129300125135479026e-03
4.838285605150358104e-03
5.033472818564815529e-03
4.544025250598575892e-03
5.856132626285324820e-03
2.816582987212925323e-03
3.953852491373892851e-03
4.331657718646035084e-03
3.917670055338654499e-03
4.723764587036140272e-03
5.858916898639355240e-03
3.561453454857339742e-03
4.253974952447797490e-03
4.993766178112845830e-03
4.813602508140025875e-03
3.140341399343328423e-03
4.045682185572603388e-03
4.987051539039342833e-03
4.051873754571846953e-03
3.486394641290147152e-03
3.886629989383835661e-03
4.894691989098386153e-03
6.121612289929211949e-03
5.304706215314712418e-03
2.800648633044510241e-03
3.444749383278710407e-03
6.523874354634774490e-03
4.227236439243506685e-03
4.203508573049808891e-03
5.772786362103451627e-03
3.902207343214295944e-03
3.673479678663361080e-03
3.943616657897740241e-03
4.782634065248757803e-03
3.597882958814624648e-03
3.588687087241254712e-03
3.982706150460082681e-03
5.958670692465239775e-03
3.447846165787729969e-03
4.267404238565985358e-03
5.758771619428979666e-03
3.597701027998740069e-03
3.727545267870429908e-03
4.336040105020855066e-03
6.301040707842015844e-03
4.951557041085180924e-03
2.991745998782250563e-03
5.119908944846989114e-03
4.289486754157545781e-03
7.127482894468996355e-03
2.906428956065360957e-03
5.333430824580198508e-03
4.165459708976535294e-03
3.638423480278754271e-03
4.141924799298829334e-03
4.933493056361439554e-03
6.296128946867017746e-03
5.067750456941129238e-03
3.210174960168274416e-03
3.885099908071045372e-03
4.496536410311884925e-03
6.141784328190987366e-03
5.133355884320522228e-03
6.159308364239609451e-03
4.170785910905064689e-03
3.467521440817701237e-03
5.208250412393475477e-03
4.953868731972100280e-03
5.112691848043480862e-03
5.071087726981031961e-03
4.564122219558771655e-03
3.954282499242094649e-03
3.180160974183913244e-03
3.614602952184348909e-03
3.591703771757570954e-03
5.482593733719708269e-03
4.070409939584494069e-03
3.918744569726431010e-03
4.334018057307324930e-03
4.617120988879215224e-03
3.905247007825503845e-03
3.253166204080325166e-03
2.580567681505256065e-03
5.267059680588844980e-03
4.556027498702810638e-03
3.648220018063254647e-03
4.950727920575859718e-03
3.249719195173872161e-03
4.539195400974831672e-03
3.607056671989693469e-03
4.345154258531232390e-03
6.316417833886333634e-03
3.780425473831847908e-03
4.310495384162076407e-03
3.102965278619160792e-03
4.689229494482258578e-03
4.168645867839992913e-03
2.864950884223056108e-03
4.814523208516485568e-03
4.462999442674704664e-03
3.406544721941761212e-03
3.526708006189330658e-03
4.276528475216518840e-03
4.149371816857039263e-03
6.487768106585920305e-03
3.720553736876358684e-03
3.107312905033141406e-03
4.242800021986417591e-03
3.135732741746629412e-03
3.871397905987210546e-03
2.480838569810910662e-03
4.266403310642057425e-03
3.943158488740930966e-03
5.373789595442907997e-03
4.362203185118465956e-03
4.968832817266973130e-03
5.179267116982867389e-03
4.701830074658775414e-03
3.290108124137821905e-03
5.186206726699579481e-03
5.413937573059547474e-03
3.306877299885605231e-03
4.234205104239467318e-03
4.203984974056077135e-03
5.333254854227826441e-03
3.989124192544814436e-03
3.339072888417228893e-03
3.636858995405121368e-03
4.102525320277123494e-03
5.263867365472286314e-03
6.050235828122157815e-03
4.333263005942376324e-03
5.336594792692948667e-03
3.724586572748127787e-03
5.525352325363562349e-03
5.704403551960179203e-03
4.489920338670074298e-03
4.734401275466834300e-03
6.299510096140283587e-03
3.247736124914010324e-03
4.814839772310643834e-03
5.407933631546494972e-03
5.411634381940842904e-03
5.189091288002013573e-03
3.124684094318986183e-03
4.280437153866961490e-03
2.829440457199538551e-03
4.281462887631996318e-03
4.207696374493254468e-03
4.611477138724801722e-03
5.666063609921586156e-03
4.193279880830011637e-03
5.307826647515195839e-03
4.912086004525069959e-03
4.081642696065265231e-03
3.209226319536859998e-03
5.323618470268951831e-03
4.510813539755118007e-03
5.160400273829240415e-03
4.389231839823386563e-03
4.945536068050608927e-03
3.147702400919046711e-03
5.912629175685397628e-03
3.285708538276062209e-03
6.634953806141769515e-03
4.559675209448023174e-03
3.279206173945096829e-03
6.033211658332753892e-03
4.777884179969499844e-03
3.917730114289997949e-03
4.371849281624240989e-03
5.230268005015803467e-03
4.359581755666475968e-03
4.097800438545645511e-03
2.677480362250050146e-03
3.880644298953645193e-03
4.752826324282742945e-03
3.815298863151806927e-03
5.255545579713296819e-03
3.967427899266620303e-03
5.435734762861648209e-03
4.461359561967276344e-03
4.641589676921619237e-03
5.953229814241024417e-03
3.851532851111731832e-03
3.656479401341357523e-03
6.376557722574176419e-03
3.994323216173651173e-03
4.095958702726532584e-03
2.897986526690249538e-03
5.730043356034926136e-03
4.614449440925995870e-03
3.886345806477272367e-03
2.957542103942490536e-03
5.715140189832899897e-03
4.457902635613292600e-03
4.683195356881746617e-03
2.909123643459440682e-03
4.439632373278024589e-03
4.732864643282774092e-03
3.775347315445356112e-03
3.707058825338180232e-03
4.054440015664671250e-03
3.529227738774331005e-03
3.873091779375646432e-03
3.311869828264135066e-03
5.902647118098486301e-03
3.349087220466687598e-03
5.420187347142726812e-03
6.728665725705354310e-03
5.070521290437405605e-03
3.742067644671043074e-03
3.136898310485251168e-03
3.850709754689970142e-03
4.101221335302765968e-03
2.086609118083559544e-03
5.887179965664224128e-03
5.780049838046493957e-03
3.807491412714345859e-03
3.463984343421793420e-03
4.046786982044326200e-03
3.652357177466554212e-03
5.763276162093828280e-03
4.921865930756885721e-03
5.821640731321247805e-03
3.180550330776482464e-03
4.320368491355551510e-03
2.883342860964914489e-03
4.705897958988194095e-03
4.868088178433876631e-03
3.579441004602155075e-03
4.655226490057086212e-03
4.445093583496983157e-03
3.693875371310860641e-03
2.987475417782283014e-03
4.730320464516235036e-03
5.906008285326588662e-03
4.719503183691440423e-03
6.460805548198792804e-03
5.123161591409821497e-03
4.492895980956531504e-03
3.660081867697258587e-03
2.627904930902510809e-03
3.694495467569052817e-03
3.909261983280322428e-03
4.400757074515672211e-03
3.781766367443403169e-03
5.235158674804000177e-03
3.334081533855500195e-03
2.697906681810742762e-03
4.165857682263095219e-03
4.002575850553162159e-03
3.390202929248256180e-03
3.294394407307436878e-03
5.467065618092084578e-03
4.512667696366615133e-03
4.107247678644925480e-03
6.001298968280868208e-03
3.764225368066525124e-03
2.695161974147773035e-03
4.282435352089835820e-03
4.297778625753728710e-03
3.864920098741013617e-03
4.325370158673375910e-03
4.393760416523255150e-03
4.311273552075320370e-03
4.362958126443278704e-03
7.185155762411644595e-03
2.204258891686286179e-03
3.391595308852096962e-03
3.301722043731289847e-03
5.213087958637494836e-03
7.027155366372661582e-03
4.538264700945347091e-03
3.165663291699843084e-03
2.507036870621280177e-03
3.364460197578729092e-03
5.062068295615963429e-03
3.048575143415895028e-03
5.777214506944045903e-03
4.444363644559498443e-03
3.859986383635708417e-03
4.986610168413314371e-03
3.595108293012782945e-03
5.182163247627625917e-03
4.400639155487801914e-03
4.012790507343001398e-03
3.541142277870316761e-03
5.033861395595887363e-03
4.236596439781695894e-03
3.547517703157431184e-03
3.051112194118418743e-03
5.614939914260900708e-03
4.978866951102823429e-03
4.917806877219205522e-03
3.437239249283445368e-03
4.493691421900374190e-03
5.018197874055299774e-03
3.462011640478771662e-03
6.882720012093217210e-03
3.146905886764386935e-03
2.778749273827060048e-03
3.724237340944647982e-03
4.179311827897785707e-03
4.289685043972110354e-03
4.124541772067223319e-03
3.963977351032390260e-03
3.736603875588511217e-03
4.105090432583443499e-03
5.608221404806127894e-03
5.106826739635124054e-03
4.482309202726159070e-03
4.022904946658040042e-03
5.119931888300552347e-03
3.828705639542514388e-03
5.448827440425771211e-03
3.962680181929775607e-03
4.198716047921723787e-03
3.938973615103045882e-03
4.524576537502933427e-03
4.322873870069335669e-03
6.098400780606855545e-03
4.091004560580412466e-03
3.820719338173126853e-03
4.675814266540274586e-03
4.381385462751971084e-03
5.356752583817137210e-03
3.750784881092333704e-03
5.224203496401687297e-03
3.816421343110691297e-03
3.755563636075858174e-03
3.894515758773127966e-03
3.923024178883869305e-03
6.552659315584290212e-03
5.155917591950174954e-03
4.456396343092151532e-03
4.280514122994918090e-03
5.643851368059589826e-03
3.661576921639121077e-03
5.741324253233191267e-03
4.793657240788029052e-03
3.842572470472406521e-03
4.606851097653524504e-03
3.243198178253893938e-03
4.491925715617236387e-03
2.666208884443388525e-03
4.397230987580626888e-03
5.588254208225141087e-03
4.182480358202979136e-03
4.073378938426006068e-03
3.406527752841748916e-03
5.271304409504634289e-03
5.043352001738046417e-03
4.493450749917358641e-03
5.692343136015724607e-03
4.463493866315719483e-03
3.379750207766879164e-03
4.271031776867141583e-03
2.672900147644184828e-03
3.411444289888484332e-03
5.456574123114235446e-03
5.428640789440330149e-03
4.805881880360782232e-03
3.597371487119661263e-03
3.780932059205102929e-03
3.726002868370387276e-03
4.896023935519233476e-03
6.462442511361080749e-03
4.310799588089019030e-03
2.404473466032024890e-03
3.269379945051182484e-03
4.127457664870184256e-03
2.532547306913151587e-03
3.849050931462527896e-03
3.028367202331966410e-03
5.137740748114952814e-03
5.741203417213458504e-03
4.614740303658017989e-03
3.668407794921766697e-03
6.103842538399577473e-03
4.825981311723090070e-03
4.440248240297598598e-03
4.423921588333000303e-03
3.999140861554404194e-03
2.780729288681608579e-03
5.124890075109931296e-03
5.114444770344210404e-03
4.488056074815693387e-03
3.674036756088980369e-03
3.161169828245492287e-03
3.837765405196529034e-03
4.742871247344103598e-03
6.953908967705257904e-03
4.764726246769363134e-03
3.931847238933769070e-03
3.141090890951209538e-03
4.268348308529787589e-03
4.646216746540129949e-03
3.966263954296477164e-03
3.461967571942100707e-03
5.647273799305293357e-03
4.679253665593181670e-03
3.767050865270790434e-03
3.509664998901779014e-03
5.771328029038784446e-03
3.859696357716561367e-03
5.070247415674129614e-03
4.557308202948827380e-03
5.300723852178859836e-03
4.092241268693020892e-03
4.106025440317059849e-03
3.928993751335077902e-03
3.763456574229857767e-03
5.642860291209526521e-03
4.452969391032512991e-03
3.429750201554628529e-03
7.263999097384668188e-03
3.420960510547351157e-03
5.480111962381789895e-03
5.227753201176746183e-03
4.072118110672084783e-03
4.000681846246570937e-03
4.706408250710074695e-03
5.625280507167720878e-03
3.822517118955089804e-03
4.486623091631605428e-03
2.537806960103946956e-03
4.492369764220955144e-03
2.974369621452292549e-03
6.018245142899968959e-03
3.406735607443878763e-03
4.283106654282004509e-03
4.414533129688817843e-03
6.821735802989552233e-03
3.890954959158239666e-03
3.448456896712858398e-03
3.793357788590506936e-03
4.954579422272615066e-03
4.708885350287838993e-03
4.949380621941890102e-03
2.971982198105887346e-03
3.766180848112061098e-03
3.720389884702314173e-03
3.959977484873849346e-03
4.884480903186965393e-03
3.330531949649921490e-03
2.859843671282339111e-03
3.533968071120452588e-03
3.259449911422647624e-03
5.307400332221257760e-03
4.612214653586362879e-03
4.485149172591241552e-03
5.360549470340680508e-03
4.702443681833885086e-03
4.235522647139578281e-03
3.490681533410670053e-03
4.725300550601725658e-03
5.789576851498868214e-03
4.552027748284648810e-03
3.748781164167100562e-03
2.895999533220562552e-03
5.616689772951845121e-03
4.689107575607563867e-03
5.081008014171476198e-03
4.015071822439778004e-03
5.370243616495960423e-03
3.489998084273794338e-03
4.155110182554696240e-03
2.567882578415958423e-03
3.141306562106975508e-03
4.391354108899034846e-03
4.897262382971294750e-03
5.929108228113265898e-03
4.787392616233839687e-03
4.850116107500156148e-03
3.336246008267651931e-03
5.019803307206096264e-03
3.008995296546094090e-03
3.492612001819454717e-03
5.557674347731317126e-03
4.350271820765679552e-03
4.031528148691051160e-03
4.210896629512952613e-03
3.317879654171318384e-03
3.540887734562761686e-03
3.298246040151999684e-03
4.979705229819866331e-03
3.940026509159665936e-03
4.018850500430467924e-03
3.104710855677980403e-03
4.842824140053485216e-03
5.018130588382990753e-03
3.845299031973669745e-03
5.198920953783975514e-03
5.640936060128978226e-03
4.835553861607469646e-03
3.666170374552967046e-03
4.768202853352512816e-03
6.037465551723065343e-03
3.629560186061910661e-03
3.982693744795685886e-03
4.313246585759631518e-03
3.135458979993530158e-03
3.071857263593314163e-03
4.962487978526544316e-03
3.249232573719068248e-03
5.344379558208040351e-03
3.340849361475790175e-03
4.308779783433771410e-03
4.719856984284330828e-03
4.492707497182167262e-03
4.535942389232361892e-03
3.675478886024979765e-03
4.395218081502902732e-03
4.137939558236425168e-03
3.818037718926100329e-03
5.119150782520950210e-03
3.188633313123569353e-03
4.527888409425866352e-03
4.167373629385152760e-03
4.141746462616280322e-03
2.628871299070634215e-03
5.164569060350095511e-03
2.986770105628866034e-03
3.938105104876492811e-03
3.655964572255096870e-03
5.025323221727385527e-03
5.337863302068854288e-03
4.924745496026315845e-03
4.346410289422807972e-03
2.894719114835261117e-03
4.557065022338931820e-03
6.437550214850358207e-03
5.972161646890179580e-03
3.588060648188654781e-03
3.952363669153070164e-03
4.888201378714825997e-03
3.352590983833296425e-03
5.368114712460124102e-03
4.847964646816057058e-03
3.145529945564648489e-03
4.118647910524104484e-03
4.604735279710229362e-03
3.743256711496206930e-03
5.288655141316988238e-03
3.843869306948637706e-03
6.496622625136783992e-03
4.086130687459804678e-03
4.932803972684084680e-03
6.258033869484653199e-03
3.277286467281437417e-03
4.282041997108783880e-03
3.451871409672089674e-03
4.076870258792483770e-03
2.924020886795533104e-03
4.694387510319605536e-03
2.314533080989800064e-03
4.744253130704347877e-03
4.450617288728829501e-03
4.423844867220630937e-03
2.808673267723145548e-03
3.199089255376622205e-03
3.794997789503776198e-03
3.436638211742801350e-03
6.212398356088047989e-03
4.610725008720169965e-03
4.770781272471410865e-03
4.338888062278792312e-03
4.110086083516183326e-03
4.532435309641997395e-03
6.514076561361149993e-03
4.964404954240317358e-03
3.849091672210751269e-03
3.263887503330014424e-03
3.045157672775337769e-03
5.123472051492980461e-03
3.336293646972166536e-03
4.630039266130302547e-03
3.692340866585382131e-03
4.624462243630660975e-03
3.994624760416219146e-03
4.472186677383432722e-03
3.570537705418207284e-03
3.770562486822709187e-03
4.574250714935395798e-03
4.635766807713038312e-03
5.530593703390638584e-03
4.352430591184150259e-03
4.183787227303340656e-03
4.266271490890746754e-03
5.059578020196782086e-03
3.352154003222443130e-03
6.004598846623103968e-03
2.943234417945273743e-03
4.228611561993654913e-03
5.779346448331939591e-03
4.181330820527360062e-03
3.752092394728003162e-03
5.111892473213937478e-03
3.176011066782884629e-03
3.389598284366247740e-03
4.190782818807745232e-03
4.281178648736044985e-03
4.012051368983372487e-03
3.841114595099759041e-03
5.500033510654350928e-03
3.638306349747983184e-03
3.750062096577752059e-03
5.032522211630851075e-03
2.818066705886449266e-03
5.092846338430396386e-03
2.716705603638606362e-03
4.712317495304393575e-03
4.419063312643732935e-03
3.957323733407100246e-03
4.012320786423954379e-03
4.896557823887946748e-03
4.829463709119493145e-03
3.110204516674536582e-03
4.673533263103941092e-03
5.830327511548791773e-03
6.129875655649689829e-03
3.666368374724862395e-03
3.557725279641267904e-03
3.975995056767533779e-03
2.799625509436699453e-03
4.019316709958129820e-03
3.562367929121890847e-03
4.810561423194687283e-03
4.519713251305233423e-03
4.008530753449762382e-03
4.162636393647388064e-03
2.585132958831350223e-03
5.055298307256348572e-03
5.806893495521167105e-03
4.584369226948748453e-03
4.784181327915752908e-03
4.041276749206422492e-03
4.694656765928902943e-03
3.464976587057064673e-03
5.794486795135196135e-03
4.143305403043760597e-03
7.095259284702257890e-03
4.584074504483520544e-03
4.213212600715387189e-03
4.476414366889416158e-03
4.952358506584880402e-03
2.939537508887097705e-03
4.558467524097107801e-03
4.544053010822409963e-03
5.611492529097671968e-03
5.005356763469073419e-03
4.512468831073062313e-03
3.494905541451258368e-03
3.704459426045917519e-03
3.751696674078981546e-03
6.593097098740475018e-03
5.457814690051908044e-03
4.333053488625887052e-03
3.065788643284951195e-03
3.445986419822086658e-03
4.145941912770764563e-03
5.424837476670855627e-03
2.497616263026863990e-03
3.594204738249255279e-03
3.035129791481720567e-03
3.378254797139257186e-03
3.414355096240052814e-03
5.640831913574854452e-03
3.015547031387087306e-03
5.539397116466843705e-03
4.861470261812597324e-03
5.996437296734696137e-03
4.764425615046505129e-03
7.123307389316590847e-03
3.358538096220144153e-03
4.624079819966650691e-03
5.816208680861861477e-03
4.656823007947002470e-03
3.254281434276447196e-03
4.839176534841617763e-03
3.793484229057519658e-03
4.597435394443896359e-03
2.997741756212511828e-03
3.196208749363810449e-03
4.248548624888177222e-03
5.180799946982109737e-03
5.729292580787420305e-03
4.708834731246482053e-03
3.023175532478878172e-03
5.400118398370640053e-03
3.595237108978193916e-03
4.984389624353886827e-03
3.806327863907919568e-03
4.260979287373668940e-03
3.705217613293364243e-03
3.341557407813334525e-03
4.769403598339452821e-03
4.722961874469614255e-03
4.240025885463776650e-03
4.276909360660260083e-03
3.641327436727497674e-03
5.557924772708027449e-03
4.892577120562498737e-03
4.746697852716529574e-03
4.744780028830378714e-03
3.605443249582792643e-03
5.424921487861265358e-03
3.636216513252818992e-03
3.463001946406154673e-03
2.287619492717021981e-03
4.600796303054838915e-03
4.796628945689511772e-03
4.607801566109346811e-03
3.817718820645756971e-03
4.038798724207356104e-03
6.127598073462530923e-03
4.573629575125534065e-03
4.452689763521583757e-03
2.760693402736847171e-03
4.864342928515981782e-03
5.513186650076416957e-03
3.430967467252651112e-03
5.702346259471333806e-03
3.167286482950715069e-03
6.135852393038440135e-03
3.599819103352709833e-03
3.510425922597970854e-03
4.780657810561166586e-03
3.883376562040847472e-03
4.796418077167549469e-03
4.371706508187099549e-03
4.366855936119971686e-03
3.368851238557108926e-03
5.933214692757878862e-03
2.849329539736193510e-03
6.026696109228173170e-03
4.156015202400296059e-03
6.426471943878535667e-03
4.084523162732044479e-03
4.543908546219092674e-03
3.475566287549107167e-03
8.884244784833014025e-03
4.097498705737282615e-03
2.829817709629531448e-03
4.077759038854728707e-03
4.218399353626226672e-03
5.232987131541987080e-03
4.160881439732628737e-03
4.507363672857245089e-03
4.206736887904958741e-03
3.250643402656917900e-03
4.302862344804198394e-03
4.335046179891085920e-03
3.601394335719119988e-03
4.640699354143398500e-03
6.294396781488641006e-03
3.357368520783392436e-03
3.360418918997041225e-03
3.509171497414819135e-03
4.108239352940208818e-03
5.124515696115971783e-03
4.571909832999170378e-03
3.874110163901050771e-03
5.443865209358095952e-03
3.530522060022201966e-03
4.062335878030200881e-03
4.463637756199206018e-03
5.405314812715476119e-03
3.381549085762057365e-03
3.676712680209698846e-03
5.950689018467103172e-03
2.636288388521540547e-03
4.919112538355304570e-03
3.666567150993243866e-03
5.160006642996515375e-03
3.446065000158132514e-03
4.055792095981994826e-03
4.508306652404763144e-03
3.330212991430495789e-03
2.927878884110596443e-03
3.194459698557278182e-03
4.703562824353590271e-03
4.636979317787205679e-03
4.967956656385500575e-03
4.334120265648872157e-03
4.345219614092079262e-03
3.051536725851911221e-03
3.991164532146779069e-03
