1.612695057253757940e-07
1.672074465320827507e-07
1.290648017200558171e-07
1.941479697182120929e-07
1.465044958264984550e-07
1.459854379107851106e-07
1.384298793044491984e-07
1.816145762270347664e-07
1.865877221231409620e-07
1.549719038192216645e-07
1.453230019307487214e-07
1.431418833862324636e-07
1.954289613523912361e-07
1.623254867330940279e-07
1.638686705378104049e-07
1.494747407554394001e-07
1.241383939882386525e-07
1.308896701653932648e-07
1.701407270310235118e-07
1.600987450682114421e-07
1.402302696001610676e-07
1.315407860822161854e-07
1.612027558096857316e-07
1.553169831225434113e-07
1.821245519796702968e-07
1.849481467368906820e-07
1.679757782387269554e-07
1.931309250635398092e-07
1.493556624869250381e-07
1.285251759779261602e-07
1.394014423061992413e-07
1.755828778255024767e-07
1.541233266506339335e-07
1.545281569528333470e-07
1.577745567708136130e-07
1.330227812895344025e-07
1.604873583842762443e-07
1.533637715022274197e-07
2.129306653776615163e-07
1.162768031965678420e-07
1.529281778335835578e-07
1.474075008689162866e-07
1.795818225017948803e-07
1.598052378974817598e-07
1.348969010246182235e-07
1.529885955197053044e-07
1.663540253398601843e-07
1.625370715732189469e-07
1.609541335809511847e-07
1.582091441862311291e-07
1.323573362048078284e-07
1.405829473265662491e-07
1.545739897913597792e-07
1.743903032381911465e-07
1.760252435864639316e-07
1.475957656125955768e-07
1.436507951083554369e-07
1.631067345864917476e-07
1.879778768122039229e-07
1.296356942297286086e-07
1.502898746344672736e-07
1.553832037866608370e-07
1.770461275810248112e-07
1.581371766021780743e-07
1.613471291127925089e-07
1.414285264502872045e-07
1.795346092253998451e-07
1.666453755507003547e-07
1.527046304410713880e-07
1.758760495803602924e-07
1.385684269666052637e-07
1.639552674403924971e-07
1.470104457407578050e-07
1.551454630311812838e-07
1.855744272607860970e-07
1.571539762783362155e-07
1.478381353216442083e-07
1.693407424849039139e-07
1.498842088772190648e-07
1.623703821219485776e-07
1.771958435547138372e-07
1.587057265208335751e-07
1.389543336987974748e-07
1.504231934160645772e-07
1.782866947642379536e-07
1.723845752852352331e-07
1.557784103320335127e-07
1.641897078309376924e-07
1.727668932506881193e-07
1.708244881242503547e-07
1.505547877373277368e-07
1.738984123371715749e-07
1.963296264373410621e-07
1.601915524058744438e-07
1.505388196559377623e-07
1.714415481549517165e-07
1.390528137282692180e-07
1.549373109486984928e-07
1.856770973115401839e-07
1.530009406167306731e-07
1.315499322988016998e-07
1.649647936899311379e-07
1.706464947266987320e-07
1.256219416578233190e-07
1.347550796241083677e-07
1.661153532036041804e-07
1.598339263366180897e-07
1.847442327949830615e-07
1.868182962077337061e-07
1.600362150011957229e-07
1.641683159277734736e-07
1.430195143980514903e-07
1.429786795198813735e-07
1.988559565406821902e-07
1.561217412433292593e-07
1.455374641790332286e-07
1.388207160548515226e-07
1.428331901810062758e-07
1.714534578373952841e-07
1.683454082986039565e-07
1.504968580968094754e-07
1.432853013972141507e-07
1.448539775012859076e-07
1.642223663385173830e-07
1.624929624062527435e-07
1.826305331130548798e-07
1.451759170074359095e-07
1.488298900051790386e-07
1.650333577936581364e-07
1.924872853778045108e-07
1.786494557337688761e-07
1.589084093084834277e-07
1.589188578967203823e-07
1.373333110927776027e-07
1.414005849519375375e-07
1.709357849686622993e-07
1.679212976691248774e-07
1.879426384847954573e-07
1.439925670364133131e-07
1.328085428505250932e-07
1.446551507147038309e-07
1.837399894439606091e-07
1.532610700680442751e-07
1.493650996300225532e-07
1.545568114940424765e-07
1.466977647885993987e-07
1.667099980046068348e-07
1.729491314369661072e-07
1.938838916151666968e-07
1.475573601730354487e-07
1.493394717741100537e-07
1.774910795967289737e-07
1.963361612279876994e-07
1.457051342066585457e-07
1.659374595670706477e-07
1.574682937544193128e-07
1.936963058989909912e-07
1.375126531102377718e-07
1.600397864641131088e-07
1.951216718608972780e-07
1.827906191669072928e-07
1.343199216347330650e-07
1.498989410199846659e-07
1.849647080431982189e-07
1.738194564574465647e-07
1.561508581562101015e-07
1.551538213627049344e-07
1.291650399756025312e-07
1.771834899577465917e-07
1.731865124040321260e-07
1.603009418099749100e-07
1.418516195683606027e-07
1.743681081394755534e-07
1.537628689582649924e-07
1.507830604090420175e-07
1.631880846977367519e-07
1.976183718049383072e-07
2.203238336155366568e-07
1.391344855497370546e-07
1.558049948922152887e-07
1.766016023583846900e-07
1.832363430438351335e-07
1.680628960084745985e-07
1.492059289295823924e-07
1.527522842613049938e-07
1.353586599367470193e-07
1.578319550738048682e-07
1.873282639083318707e-07
1.515736040781168698e-07
1.473025771567324153e-07
1.199873304726492884e-07
1.619514296720862990e-07
1.625072632936324035e-07
1.596869307197674149e-07
1.382851072701899988e-07
1.542666876372452437e-07
1.544514579292494074e-07
1.363277739816736239e-07
1.670301815755265438e-07
1.974858131897750937e-07
1.562182982740187835e-07
1.433853860606664390e-07
1.825758959634769185e-07
1.777512389656740508e-07
1.534054164898617749e-07
1.511011923879363311e-07
1.381805548111729953e-07
1.333744204400216537e-07
1.609728699774323686e-07
1.678655244407988273e-07
1.323078933209706730e-07
1.504387407120372279e-07
1.595798579207784292e-07
1.657051664864966626e-07
1.608171551229752970e-07
1.540919124355769252e-07
1.317291111526632960e-07
1.439722474471981480e-07
1.494982321132602967e-07
1.249266928070918087e-07
1.425016183258794409e-07
1.474908201160635142e-07
1.605179842579499378e-07
1.585257428521587043e-07
1.873627041813947988e-07
1.327067842301609630e-07
1.350103197866763524e-07
1.516451407194349352e-07
1.700407203689479614e-07
1.697445619069819535e-07
1.148757259743188092e-07
1.493912469160607953e-07
1.472277857120379589e-07
1.637464579976453639e-07
1.613010667464050335e-07
1.597097068184247380e-07
1.483886444413024964e-07
1.558542640867108607e-07
1.464453854620196854e-07
1.450897696038611370e-07
1.514243145716405867e-07
1.733155834299935603e-07
1.564649261429650942e-07
1.948748480916729804e-07
1.353016521570428840e-07
1.416123584827084192e-07
1.639916600889163716e-07
1.774872447781810186e-07
1.741484819308274847e-07
1.590375713244368361e-07
2.046585370055903590e-07
1.738228729262494733e-07
1.479688779351161915e-07
1.611548589370546863e-07
1.845930533631175164e-07
1.518872819801515888e-07
1.513188427359235485e-07
1.531712151997023917e-07
1.237097449425068864e-07
1.411733603005576755e-07
1.395584464247057488e-07
1.600621673759350508e-07
1.989388402232327878e-07
1.612694575704982395e-07
1.505484070002129228e-07
1.539687568717462804e-07
1.546851633814033661e-07
1.697680931239480601e-07
2.089521473111322823e-07
1.514082793425825363e-07
1.461782081869188506e-07
1.427529904822687680e-07
1.659359876885150096e-07
1.750580893710960499e-07
1.697343713480077998e-07
1.128571909129724542e-07
1.493058235022552206e-07
2.013153869624930112e-07
1.621239751410961196e-07
1.453170613654479576e-07
1.245480923803790452e-07
1.326473578784247372e-07
1.516414607144982071e-07
1.410793935792034174e-07
2.213558234860409850e-07
1.854818622988959259e-07
1.546528877432433952e-07
1.535182966997812460e-07
1.529393074450999244e-07
1.392484422386385817e-07
1.550725639373281993e-07
1.723598125618644254e-07
1.477615608971103708e-07
1.344212737113117670e-07
1.392615039172043233e-07
1.787048671993227659e-07
1.575088177616710404e-07
1.473528057869711016e-07
1.441183466430311813e-07
1.575546462098086283e-07
1.459775899212642446e-07
1.942779760338025504e-07
1.288398014615782965e-07
1.453945573604220684e-07
1.620920011507105575e-07
1.309385937276428176e-07
1.456489454176285045e-07
1.627757137589807679e-07
1.682361039517144420e-07
1.602111674217274091e-07
1.297433300983099047e-07
1.208975126767921147e-07
1.572418712321658625e-07
1.580771269088736055e-07
1.470306384663084444e-07
1.478898429235306554e-07
1.770698865987836510e-07
1.553602288517696773e-07
1.702601669279026608e-07
1.590341833019496916e-07
1.569821845925460026e-07
1.703639460140521628e-07
1.987232528458376114e-07
1.289359482376710200e-07
1.730461090431572268e-07
1.671331246867918548e-07
1.289608735772231768e-07
1.543452094157742886e-07
1.605349839108407522e-07
1.715157345317293001e-07
1.316822339945565454e-07
1.580115340509890568e-07
1.773225886411611858e-07
1.681346554168551507e-07
1.449818582188920362e-07
1.231414194033463579e-07
2.000875699418586129e-07
1.618480156866999163e-07
1.571313307346374574e-07
1.318110463491681001e-07
1.600504745698526709e-07
1.651885396524146666e-07
1.827400615087146375e-07
1.721645515211225874e-07
1.880400620011109845e-07
1.491887344415948712e-07
1.291041979816404478e-07
1.542063803451377621e-07
1.779797610668050811e-07
1.768746825129307126e-07
1.426812990585674893e-07
1.608814920253978671e-07
1.385394558504828629e-07
1.473717550550724832e-07
1.635772805516296969e-07
1.612149683456700903e-07
1.422201281124015898e-07
1.477787789027563908e-07
1.681179785752375941e-07
1.586888517655183225e-07
1.859063505368505635e-07
1.357440003527382163e-07
1.465627658833416843e-07
1.594768411220471756e-07
1.692016830933577713e-07
1.707893492985825586e-07
1.775476956260037510e-07
1.528287544652860299e-07
1.565067359186408261e-07
1.318281351266955033e-07
1.429565313625183425e-07
1.756508554832318389e-07
1.716328026898351553e-07
1.790645751861974981e-07
1.470625321536992050e-07
1.388535260398984629e-07
1.526965384287141051e-07
1.725596056446070294e-07
1.622564521019409370e-07
1.244792184707855004e-07
1.524406201344849625e-07
1.517545685838702588e-07
1.571502701899517981e-07
1.688524559909897088e-07
1.661376614464276722e-07
1.564228148103262823e-07
1.764397645060036931e-07
1.715944428225662515e-07
1.511573290093228256e-07
1.638946569513871639e-07
1.607976982263506537e-07
1.284131208261651905e-07
1.506345195892394234e-07
1.720983717524983853e-07
1.868401754353671763e-07
1.588220171553310457e-07
1.510747281363227933e-07
1.659618963605643835e-07
1.645365873090154567e-07
1.559432674069073995e-07
1.545801915602518937e-07
1.427621074847853669e-07
1.964248779276676424e-07
1.645473487153858055e-07
1.611477103480392884e-07
1.360326188374395334e-07
1.492835163794793033e-07
1.729109312790789002e-07
1.478611934386304415e-07
1.607233572593157493e-07
1.490119595934181750e-07
1.614986217634691078e-07
1.721427603973848566e-07
1.610242714611225165e-07
1.477355448153498457e-07
1.628114894403745087e-07
1.732933118868892407e-07
1.710148092420226397e-07
1.395457484848794943e-07
1.640277672156392822e-07
1.313696213640825468e-07
1.454707790172807544e-07
1.707028705876007530e-07
1.732579308820789218e-07
1.272293157647649633e-07
1.593753744100020261e-07
1.572068057457760282e-07
1.784018862008425183e-07
2.111116889450391041e-07
1.725404683316995700e-07
1.526696304129770919e-07
1.412693115079857846e-07
1.291111449165305878e-07
1.430499963707582978e-07
1.873585512246329155e-07
1.395742043624820871e-07
1.395119959016825276e-07
1.400134078489600185e-07
1.731745380400499202e-07
1.755409445013463396e-07
1.757029340992887460e-07
1.250711890553045474e-07
1.406811287265953726e-07
1.540056133248746514e-07
1.604090310193416240e-07
1.688820308050434787e-07
1.341878624757515522e-07
1.613174692538034652e-07
1.747628280174811183e-07
2.036390304998191248e-07
1.674088506297822036e-07
1.468436600314357207e-07
1.283646950356421443e-07
1.354815662640389722e-07
1.538323334614378352e-07
1.647238707346509367e-07
1.353956382808930798e-07
1.321507696114576121e-07
1.516862694020867739e-07
1.667236486854508758e-07
1.603762048215309608e-07
1.470025627659454332e-07
1.462063149177818042e-07
1.633433060357804523e-07
1.654739328850901456e-07
2.110615978909280556e-07
1.247726483925070427e-07
1.520972041251061716e-07
1.725912158313382464e-07
1.387855263075546032e-07
1.694467794258222173e-07
1.726594851190299106e-07
1.846993896622965305e-07
1.469822280573791157e-07
1.447634067595924666e-07
1.942329581224752693e-07
1.564811004828827387e-07
1.378155413541011945e-07
1.562599749151314143e-07
1.765713646057858112e-07
1.675740779028137233e-07
1.652772708347191578e-07
1.564317457130627576e-07
1.363897649419961766e-07
1.682967058025819057e-07
1.690010105533061168e-07
1.624059359358009754e-07
1.554425524481992656e-07
1.487852305703627433e-07
1.336925422487316330e-07
1.583425990002742584e-07
1.486550075433720350e-07
1.645900465022451436e-07
1.832769560660485652e-07
1.331383669566918062e-07
1.487120267706647778e-07
1.775090207333119164e-07
1.743865040784410866e-07
1.532686157259942954e-07
1.539889299162859612e-07
1.382570746360497677e-07
1.709230759272260384e-07
1.802421193422008757e-07
1.466352926240656484e-07
1.440452861661343910e-07
1.415529358708525985e-07
1.683175668134978535e-07
1.609788814877236028e-07
1.662901875802049747e-07
1.508380291221919834e-07
1.443813854273044525e-07
1.627864712842188090e-07
1.506808573890627287e-07
1.721995425140475400e-07
1.753485396415760923e-07
1.548351284689592991e-07
1.432170308888388217e-07
1.453679285210257008e-07
1.168072346967404339e-07
1.674982914601232843e-07
1.631966449520412971e-07
1.524230103500384542e-07
1.380336915973999709e-07
1.220587435427951392e-07
1.957712776989697737e-07
1.550051488382516093e-07
1.524919033764859275e-07
1.368415604635873730e-07
1.493422579330384169e-07
1.663376796194351849e-07
1.807163062119295625e-07
1.334257104808769625e-07
1.554574102987475861e-07
1.271188654865577758e-07
1.571799402892807859e-07
1.572791055981988595e-07
1.602296242551065892e-07
1.580835230515353818e-07
1.285963460756572012e-07
1.370851397066302624e-07
1.701987010341296324e-07
1.623856588257073965e-07
1.537218434342887917e-07
1.442095874293980351e-07
1.789262076386183797e-07
1.867554588578746522e-07
1.566740024100520623e-07
1.410346511120361181e-07
1.668608290174983668e-07
1.785704308128997843e-07
1.679680764267427395e-07
1.467464503973661318e-07
1.635447138736201377e-07
1.501872043201383976e-07
1.300066905236847052e-07
1.607168764583179300e-07
1.527358335727059235e-07
1.964992738330214895e-07
1.247752775640322015e-07
1.482131053673307554e-07
1.425721151823052151e-07
1.693863372915563476e-07
1.560511961982869935e-07
1.215975551208439689e-07
1.566549622997129370e-07
1.561239649707170199e-07
1.813378481899486043e-07
1.821202852310981898e-07
1.476900322719154213e-07
1.348379821863037787e-07
1.861186454950575214e-07
1.707771361001299202e-07
1.790081768573037913e-07
1.536398241809759095e-07
1.537788670645913816e-07
1.645368356832072957e-07
1.808776428623305064e-07
1.459819048444943488e-07
1.499081249031932115e-07
1.818930604214243872e-07
1.433867743972986726e-07
1.793766638401984772e-07
1.729302125035598451e-07
1.804136864373130150e-07
1.373913776703040296e-07
1.577042929907458719e-07
1.342839799254191396e-07
1.694602909208178581e-07
1.727975397909933320e-07
1.512743512626747749e-07
1.411911163214114767e-07
1.457430804136202527e-07
1.521016743240062519e-07
1.434439663630565122e-07
1.844504903745072710e-07
1.674145903056689010e-07
1.479276024216075112e-07
1.549643279883188689e-07
1.459624523445258790e-07
1.719154962410307033e-07
1.837107180892021307e-07
1.521969795978205541e-07
1.188374987222133389e-07
1.449947820352686907e-07
1.680091409570755080e-07
1.526087165077335605e-07
1.695965858386715243e-07
1.405102591559036323e-07
1.335477620396172226e-07
1.426742246041498921e-07
1.570990154649319883e-07
1.595617142460817633e-07
1.441189812429480865e-07
1.433779084488821580e-07
1.588760950765820221e-07
1.515223629308341665e-07
1.473178297059043520e-07
1.700175947694599928e-07
1.752313463457647522e-07
1.480478347936975159e-07
1.329228856765246971e-07
1.389218987336907857e-07
1.692770706407836044e-07
1.551338188902779956e-07
1.382073639091380461e-07
1.381382384691752873e-07
1.676290408035860974e-07
1.687031840206036043e-07
1.730447056696437744e-07
1.389868160859197862e-07
1.376608041375983662e-07
1.615797622406039755e-07
1.694453294822316546e-07
1.664530574499655108e-07
1.246565431763362842e-07
1.549495860781179592e-07
1.709330910863498725e-07
1.474280057665324248e-07
1.439445183689074205e-07
1.355907682020487959e-07
1.652740018561711408e-07
1.495784639428516467e-07
1.492646118350613263e-07
1.406551015133237046e-07
1.553090847683310579e-07
1.542169440311601112e-07
1.723498199772757872e-07
1.583277710333973740e-07
1.551566993107495059e-07
1.235982738142063479e-07
1.751071596264203858e-07
1.728705478368808979e-07
1.378182533379858543e-07
1.560081619121696004e-07
1.530167894250051359e-07
1.682872774447428569e-07
1.783870761634969520e-07
1.507780188426822297e-07
1.603140381893471422e-07
1.943753099052362879e-07
1.397838483107231914e-07
1.363833205172378705e-07
1.539999038450162095e-07
1.918971819887256866e-07
1.564389648927726376e-07
1.378483221438241907e-07
1.527438757076152724e-07
1.548900596621484800e-07
1.552012205739376585e-07
1.527615194210129922e-07
1.604506670626151322e-07
1.349522435338817542e-07
1.451837575879217606e-07
1.639732441168191779e-07
1.610008811269911420e-07
1.388265568359669982e-07
1.260609208913163929e-07
1.473265560586827970e-07
1.923466409490209414e-07
1.511691436207996431e-07
1.650249832811230370e-07
1.549099460776468930e-07
1.547203708389704283e-07
1.441043874058846677e-07
1.566733062384097192e-07
1.714592827767149363e-07
1.310539036448073737e-07
1.522949712164997442e-07
1.672899301984250865e-07
1.663563334482741361e-07
1.967919926308229471e-07
1.361834450518902927e-07
1.470748415545768135e-07
1.550486036193434932e-07
1.673156420336662104e-07
1.896995012506847751e-07
1.324724626764387961e-07
1.509843695488870765e-07
1.490849413263277402e-07
1.910700403503973496e-07
1.251905640343548151e-07
1.662279613232205353e-07
1.731822915145294677e-07
1.781895022957551618e-07
1.379720782277389738e-07
1.435163110492382793e-07
1.574752037431114750e-07
1.779941430976661958e-07
1.626171800332020213e-07
1.233546576134722230e-07
1.569809892252349093e-07
1.480084723296048745e-07
1.628810071647646769e-07
1.675116496640081016e-07
1.630534435305902161e-07
1.491755847964021202e-07
1.486334811578053112e-07
1.730449428390379092e-07
1.829624506489924209e-07
1.688150654792867284e-07
1.514882951006324353e-07
1.547048635330593939e-07
1.508833826405364770e-07
1.519026887196522815e-07
1.742237101217247945e-07
1.677112096166331589e-07
1.396774646252886185e-07
1.462238369764420192e-07
1.881716809400958778e-07
1.795547192383197956e-07
1.487517212622542925e-07
1.514880556746857248e-07
1.322352622286962918e-07
1.837678951442901546e-07
1.667759648026515036e-07
1.599843095946785332e-07
1.387649306272426375e-07
1.457480424044508830e-07
1.788609295915321389e-07
1.526861053622300187e-07
1.647816560680933184e-07
1.440876829455674934e-07
1.331878224434074582e-07
1.360157123556205155e-07
1.458496421274693239e-07
1.451170313528947261e-07
1.718099793973298457e-07
1.776009934216723284e-07
1.546923019670110347e-07
1.484224759003481190e-07
1.362767653267106310e-07
1.608879222907038642e-07
1.731024750813340753e-07
1.500661943147704970e-07
1.623152919890565014e-07
1.583625886450210564e-07
1.496473019534959591e-07
1.113498037965761487e-07
1.717951690584971691e-07
1.561573046484603972e-07
1.318664894016081763e-07
1.476817466538059817e-07
1.524464906377986748e-07
1.612712680169490049e-07
1.518856189508715153e-07
1.454297160498635604e-07
2.123060506127694336e-07
1.366123753439086807e-07
1.317957296428092214e-07
1.616146186134899749e-07
1.584880504469977412e-07
1.541298154723579104e-07
1.458394959729106017e-07
1.438291199096015954e-07
1.591618625856200063e-07
1.626039843035732859e-07
1.685579456367050103e-07
1.368650401870757641e-07
1.375153723226435817e-07
1.570816429247318370e-07
1.727281890908742546e-07
1.634118655235771054e-07
1.432951454057992280e-07
1.403286117232696320e-07
1.550817324986813229e-07
1.575056259164289510e-07
1.451003998249390065e-07
1.419048092817772305e-07
1.603380112919388551e-07
1.444705739932140620e-07
1.354705089245115253e-07
1.381592521975906851e-07
1.704043090217972590e-07
1.515442537643338002e-07
1.545086628968747106e-07
1.217850679256264409e-07
1.592448134983651530e-07
1.596034381203781028e-07
1.995175382250302292e-07
1.288789384252276247e-07
1.559737158103987353e-07
1.432327144237966473e-07
1.692624375660757657e-07
1.737746622787449084e-07
1.462698895172927021e-07
1.572943287431185524e-07
1.364946282612590866e-07
1.187804210359199152e-07
1.462206556492766039e-07
1.773804335663102671e-07
1.603108351165653876e-07
1.408825892535839789e-07
1.416453691067316941e-07
1.522202628361220975e-07
1.572474440714288866e-07
1.788581456528573897e-07
1.809525416873587879e-07
1.458212855945574867e-07
1.627327558494346993e-07
1.674465975537729068e-07
1.646813691511864402e-07
1.610142919196627255e-07
1.490610715100506631e-07
1.366607694688458565e-07
1.743050482713294951e-07
1.705201396571640756e-07
1.624933810980681283e-07
1.328459556502969649e-07
1.512252031778165954e-07
1.577097175697160608e-07
1.594572847709995055e-07
1.868431907084426360e-07
1.833877880180361631e-07
1.452570578226544754e-07
1.401758917530114686e-07
1.442848465975210178e-07
1.690605567270207251e-07
1.873290848468452862e-07
1.682932652268490473e-07
1.587916303658955135e-07
1.686487303035500759e-07
1.706311053969313898e-07
1.709727804101103255e-07
1.491404759631174362e-07
1.273451312468444378e-07
1.325621836835805179e-07
1.700102211477173903e-07
1.588882318542791327e-07
1.433750290695451085e-07
1.689515165358890601e-07
1.476835643918780402e-07
1.545777165481084011e-07
1.589554837395517071e-07
1.690711685093902021e-07
1.502210204105246016e-07
1.318092390019865100e-07
1.343073077275386359e-07
1.666577873053264236e-07
1.644559271234382705e-07
1.668174094682026551e-07
1.270757412955401509e-07
1.459027488569430925e-07
1.654287768658786891e-07
1.554783689711538425e-07
1.798818103431914869e-07
1.446123898137478940e-07
1.321417864360722127e-07
1.590793437992708949e-07
1.850377975015959414e-07
1.654892897480334800e-07
1.410057722573688225e-07
1.583722104486540865e-07
1.675597698977808968e-07
1.457365820925109755e-07
1.365221590840427191e-07
1.327504052984131030e-07
1.778603770071802687e-07
1.601793384799553407e-07
1.410469328137417967e-07
1.388770000591140920e-07
1.699881165519652850e-07
1.644807600244331999e-07
1.465284461114815831e-07
1.387144196489167502e-07
1.696778802375058221e-07
1.667353918482785152e-07
1.398396806719731978e-07
1.585685567774129265e-07
1.531144406527473972e-07
1.749722059634102872e-07
1.944694744917108495e-07
1.718469229942388281e-07
1.635608347738005677e-07
1.976979672793966373e-07
1.364442281063263855e-07
1.531211894192500572e-07
1.764944452288128134e-07
1.621416725844636110e-07
1.383536538272884318e-07
1.508997137638019273e-07
1.479401540464384649e-07
1.663371051619911861e-07
1.587774383029049048e-07
1.486649665663085439e-07
1.410556322908061352e-07
1.767706791513836230e-07
2.003522035217283439e-07
1.590304535228735351e-07
1.514897335972661711e-07
1.481193461026290154e-07
1.475783053803292756e-07
1.572266673130843599e-07
1.599311828121784180e-07
1.717385112050150073e-07
1.790261223916731140e-07
1.306080575958500869e-07
1.520373701046201816e-07
1.534995700108332536e-07
1.994412407801738998e-07
1.747771123917370811e-07
1.566652220288276992e-07
1.580516077673962812e-07
1.282216586810017826e-07
1.692732917025544381e-07
1.381124677389841932e-07
1.335984489490126305e-07
1.621544031472325805e-07
1.799368191212628881e-07
1.531113143770062133e-07
1.400066237800247265e-07
1.409613449813828725e-07
1.716092003669716469e-07
1.558458539640950984e-07
1.654028818531235714e-07
1.425172003129123564e-07
1.924433486169569247e-07
1.518546831021131508e-07
1.539691081174722881e-07
1.453279737563263304e-07
1.689544961755576282e-07
1.885789665202811931e-07
1.778987945233601291e-07
1.383834631957292908e-07
1.564119131586028563e-07
1.633241345889006329e-07
1.581818950570913668e-07
1.519538329254058731e-07
1.336800613121612338e-07
1.354069836319769537e-07
1.558817777673719644e-07
1.356143791702236166e-07
1.298304267570133581e-07
1.495348373980732314e-07
1.635693072104672286e-07
1.705534208356651499e-07
1.658501151875228902e-07
1.681910864308855756e-07
1.590240839075377466e-07
1.354488822593118638e-07
1.435078780815225515e-07
1.739556523809127357e-07
1.573934645448617264e-07
1.585103959760260709e-07
1.429564234336845208e-07
1.130398484982558051e-07
1.840975561947530339e-07
1.859430910510686739e-07
1.310174190849186519e-07
1.440027570101776710e-07
1.639342364289355256e-07
1.769565011357279547e-07
1.668520214430049688e-07
1.336181979589315573e-07
1.484823496638755334e-07
1.470607137019522047e-07
1.629952338105473566e-07
1.741947411780295893e-07
1.599219852930266999e-07
1.575788387833092085e-07
1.543166478809145643e-07
1.448955749148436711e-07
1.477042664986076342e-07
1.547682295131343430e-07
1.705304808138068886e-07
1.613479492454329815e-07
1.730548783965020958e-07
1.489780409091062863e-07
1.507885908307754563e-07
1.650264817906282914e-07
1.795935305641360155e-07
1.341760687079210785e-07
1.570644335305119998e-07
1.566461970773145322e-07
1.677188079496217224e-07
1.718906357568308072e-07
1.469158567231643551e-07
1.453493112090530286e-07
1.208369825852909517e-07
2.057292759374404203e-07
1.550202287562444630e-07
1.445694105785392863e-07
1.794114942143756046e-07
1.554286197000744276e-07
1.409812235115126604e-07
1.502074794043764474e-07
1.443439791302616652e-07
1.637582793102866537e-07
1.795733103353322992e-07
1.863277968908408035e-07
1.437554785998305565e-07
1.509517312203941787e-07
1.695313973258607964e-07
1.905393645671410279e-07
1.361377804749384349e-07
1.480377121610693031e-07
1.677535664137760134e-07
1.588442303962724033e-07
1.323984015571278123e-07
1.535164450978297470e-07
1.444988593564609189e-07
1.636242624311969787e-07
1.270164900902409394e-07
1.417397015431938097e-07
1.696405630995086165e-07
1.583688975728004492e-07
1.322397906920420421e-07
1.397617379697349373e-07
1.616646583133850006e-07
1.492942616006387727e-07
1.661883452687545674e-07
2.124622920709353439e-07
1.530922362542221304e-07
1.386780338393950725e-07
1.603170534393673180e-07
1.683012615994974283e-07
1.289370051962260911e-07
1.555110560107215180e-07
1.534857003522005072e-07
1.888843673876012645e-07
1.799096109307610580e-07
1.587205443719319513e-07
1.650908322492765869e-07
1.265036154270530070e-07
1.523118612767462504e-07
1.359489992075388397e-07
1.492489975307703308e-07
1.831636707378523911e-07
1.713284721493436898e-07
1.478493044145118321e-07
1.580801336752100932e-07
2.073847668872346384e-07
1.825026599139665597e-07
1.415829200112124719e-07
1.888741958811235289e-07
1.861101877673622528e-07
1.679458200631619989e-07
1.433257360888499885e-07
1.446568678256279914e-07
1.586299117625872363e-07
1.946437645068124462e-07
1.470355269725733365e-07
1.219663214755205857e-07
1.441415869203819787e-07
1.370196880412837227e-07
1.465188412277904750e-07
1.407264163881675513e-07
1.790684264127238008e-07
1.792390362091674602e-07
1.576210957561884581e-07
1.690704502486928263e-07
1.412310922939196572e-07
1.990911707773042425e-07
1.744476874443048634e-07
1.439773141117258364e-07
1.465521609300251551e-07
1.477505120200067468e-07
1.828011299884556741e-07
1.667475429672484274e-07
1.532369646592199475e-07
1.537205632138845875e-07
1.441203486202881709e-07
1.387298588927693249e-07
1.501142628298850176e-07
1.643009457804030814e-07
1.323648275180706711e-07
1.592996008088840477e-07
1.516439930020942416e-07
1.428677457281785619e-07
1.472170389651130653e-07
1.532485160480986493e-07
1.922391871187836870e-07
1.599826281587134184e-07
1.343902856368866961e-07
1.396855627626224582e-07
1.906538099295711230e-07
1.525046207987421160e-07
1.568548037984746237e-07
1.562256694040714319e-07
1.388850654707487382e-07
1.444984864420644213e-07
1.576340853002912698e-07
1.686453870548213885e-07
1.643897407594039625e-07
1.831837271978256798e-07
1.456931732327073190e-07
1.601305651668220041e-07
1.355055177449885761e-07
1.425676067545496119e-07
1.732519925236020382e-07
1.611493451644934444e-07
1.635016821999868761e-07
1.338431801424213975e-07
1.769495006516347737e-07
1.760310976139957383e-07
1.438745923167668818e-07
1.380015540679762376e-07
1.459794581579658281e-07
1.805087376756584000e-07
1.561934790013650647e-07
1.392620277003478431e-07
1.504204586127225244e-07
1.564031891550851400e-07
1.764652534726788782e-07
1.948450924101621902e-07
1.441072429099878892e-07
1.516620254663422309e-07
1.288996020256687594e-07
1.211941982173592390e-07
1.502004138367237598e-07
1.572516915729253050e-07
1.512981223712564219e-07
2.013177078631759120e-07
1.505802484525399405e-07
1.248080776774450693e-07
1.699129830006753090e-07
1.771199353968144114e-07
1.713882385991417827e-07
1.397198366921315559e-07
1.612644756417766510e-07
1.585967165709523811e-07
1.666488792215147693e-07
1.831104620405461022e-07
1.494406823969111480e-07
1.348607011431443922e-07
1.793162777003450931e-07
1.673076022371355992e-07
1.671609232719751415e-07
1.446606060543347028e-07
1.494982272315463915e-07
1.429312271032429938e-07
1.476179975638142806e-07
1.508228560679961857e-07
1.601372600480803860e-07
1.765969728514054445e-07
1.683026667589280222e-07
1.345703460963931214e-07
1.478773713864147270e-07
1.719367859728608304e-07
1.779093223421797761e-07
1.658906287624791937e-07
1.527743208727116889e-07
1.537789084048153896e-07
1.545399411268734161e-07
1.819966140837082836e-07
1.566325917689390464e-07
1.453887963891962142e-07
1.301626332161214270e-07
1.585743397699538092e-07
1.636304752338997237e-07
1.397799018022914327e-07
1.746645706093265025e-07
1.458045061143881556e-07
1.537127546688433961e-07
1.272462614920481563e-07
1.944898215355378273e-07
1.738714491383192063e-07
1.644786897119451782e-07
1.382245484336064460e-07
1.470406772284307760e-07
1.712203958130665530e-07
1.663697461264930468e-07
1.731461686108802754e-07
1.441329684574549140e-07
1.389301159445080505e-07
1.600508892879715906e-07
1.642435146838651612e-07
1.409575899284620116e-07
1.419800663502523383e-07
1.528068508562399157e-07
1.593012586119985770e-07
1.535815626655695629e-07
1.684778073386145989e-07
1.594956402204585410e-07
1.666585697956605399e-07
1.380927155034136931e-07
1.466656316205025710e-07
1.347120232502763185e-07
1.828711529256766665e-07
1.539508051915179418e-07
1.672894939850655405e-07
1.465612683075154743e-07
1.529514189859591472e-07
1.586166904113977720e-07
1.815785784648252832e-07
1.384213154103870100e-07
1.499990358967243865e-07
1.563779122076442218e-07
1.560884110330595865e-07
1.776699860528211641e-07
1.516876479381103946e-07
1.552821420163035175e-07
1.500995307573506239e-07
1.734094224635312465e-07
1.661236864977171272e-07
1.633532271337615073e-07
1.549338663700045251e-07
1.482162456408190942e-07
1.421546722755122290e-07
1.419292434257969589e-07
1.568891354662042437e-07
1.655803294195620011e-07
1.857305822560627746e-07
1.442924626770941177e-07
1.424421943071994889e-07
1.600737724054317922e-07
1.731674672699652868e-07
1.352312429194202302e-07
1.432048995323996954e-07
1.481029970326259110e-07
1.874243524243789692e-07
1.524988876866329468e-07
1.504928842838889941e-07
1.655508214945992507e-07
2.043831729517718267e-07
1.434276181298490089e-07
1.673859368390157476e-07
1.276509074394946015e-07
1.506457185472822219e-07
1.439746333133246697e-07
1.618788228334563915e-07
1.773547982485724831e-07
1.566486265180921311e-07
1.653675872934823971e-07
1.545699103229831438e-07
1.763571724678840172e-07
1.812472882281941112e-07
1.534992534884992083e-07
1.529342729230335001e-07
1.420711653648622661e-07
1.290122823554100827e-07
1.604910429776323494e-07
2.060489063832536335e-07
1.566332172219166666e-07
1.252577315190307933e-07
1.399425575856711166e-07
1.572600768139516034e-07
1.613786987862121915e-07
1.747935896659366030e-07
1.423874715838530915e-07
1.301062588349197640e-07
1.830612288629952108e-07
1.600647638769052167e-07
1.363715292766864197e-07
1.555210806666222144e-07
1.552846829481172124e-07
1.377301701234468045e-07
1.383414700611895993e-07
2.033117254164394035e-07
1.539339513815906868e-07
1.321417161424961361e-07
1.353872484161303922e-07
1.629539767725833935e-07
1.638563156495093765e-07
1.976158200210460387e-07
1.743286298993207176e-07
1.817498848105180706e-07
1.596194082659675174e-07
1.260069618940840546e-07
1.614530069961167862e-07
1.663928905047638717e-07
1.707496938365196952e-07
1.684778557726454666e-07
1.483635754262536981e-07
1.240431361754876885e-07
1.327678124089264050e-07
1.638126561038726913e-07
1.658831671385135517e-07
1.424536937092968248e-07
1.390426409853432639e-07
1.460365913546718042e-07
1.691111595755311266e-07
1.522017717553852447e-07
1.508095810524278725e-07
1.433024110206291205e-07
1.651986257915156670e-07
1.551718601379284924e-07
1.881937925957976918e-07
1.792105500472007369e-07
1.608717574263749499e-07
1.673428856492527374e-07
1.386467120390555227e-07
1.301245774743224459e-07
1.670626690177701777e-07
1.579783237156110414e-07
1.685594415910994598e-07
1.516486721353195070e-07
1.497832603474821926e-07
1.779265631498086346e-07
1.596264216143956077e-07
1.390925657386835338e-07
1.433042169924179867e-07
1.653778731670304002e-07
1.443358899362832709e-07
1.779473985401592761e-07
1.423224728216143227e-07
1.988219065471646045e-07
1.785305703476409307e-07
1.493831456610604364e-07
1.612990856219355409e-07
1.197978339090852854e-07
1.649450918730499463e-07
1.587435749313246354e-07
1.830878350512572608e-07
1.292076199373595570e-07
1.435252899684206558e-07
1.415455280586517086e-07
1.718636445803722205e-07
1.848212737370494467e-07
1.511219385235751075e-07
1.446131112957316852e-07
1.370680378344552711e-07
2.054935932703289037e-07
1.702956049652489926e-07
1.559997320606456279e-07
1.518429488484349871e-07
1.463169215050457015e-07
1.884264971329680515e-07
1.570623119644975411e-07
1.517165214082225170e-07
1.650985726077307052e-07
1.816155728974654336e-07
1.950084202486497078e-07
1.491246740126859220e-07
1.590510122294172093e-07
1.666418668970893465e-07
1.742861127834147236e-07
1.692264430423424905e-07
1.483684815202217421e-07
1.536020153900799566e-07
1.570957534304696314e-07
1.574902489787415569e-07
1.438431156055339212e-07
2.065178139812281455e-07
1.609163205795067552e-07
1.715482324212283628e-07
1.462473774838721408e-07
1.542677443336322885e-07
1.566416266851929037e-07
1.693543907395045308e-07
1.654693103799894858e-07
1.655935707230647742e-07
1.470460248534095301e-07
1.506411081170633151e-07
1.668447031331695843e-07
1.634888074748963842e-07
1.577706859717804517e-07
1.292192522895348946e-07
1.417076995147745137e-07
1.702422336700406168e-07
1.572854098385901959e-07
1.603813089674359717e-07
1.463449311812516230e-07
1.420473565176220151e-07
1.629813120751844069e-07
1.560748132448158776e-07
2.059482201288340715e-07
1.446292394084033786e-07
1.589259952572627111e-07
1.841676710779666658e-07
1.694420926969059980e-07
1.593249021454487597e-07
1.722362659386658083e-07
1.649840189722781002e-07
1.536661695088145959e-07
1.513972016332641225e-07
1.488876740025792267e-07
1.637726602851373670e-07
1.636321645569073860e-07
1.344335114218963354e-07
1.381976824360684586e-07
1.522024528135174686e-07
1.638507094645549080e-07
1.733379803062501821e-07
1.758792107948043170e-07
1.521786483978231545e-07
1.496868726223004366e-07
1.583258042447094478e-07
2.048641215510576551e-07
1.722249643146731605e-07
1.451699834974344318e-07
1.529812473133135245e-07
1.620908433637885326e-07
1.822228596185805857e-07
1.405039098839440088e-07
1.725397373233013130e-07
1.668653078812267484e-07
1.604791890485644897e-07
1.494612298832318012e-07
1.284343626050861254e-07
1.558756204680661287e-07
1.761923792219066895e-07
1.606826676338965812e-07
1.387822467527348841e-07
1.463247165141663471e-07
1.547238001188417057e-07
1.505343071658156380e-07
1.676487089972648490e-07
2.005433190285932551e-07
1.543628816376198625e-07
1.509748950336757568e-07
1.984884338603142181e-07
1.943569539355816519e-07
1.540401060806228812e-07
1.527127443723293166e-07
1.465772736289251535e-07
1.532530396948756396e-07
1.293948745672714854e-07
1.631471899945635566e-07
1.888018827139280666e-07
1.696691185644232499e-07
1.443419559809358383e-07
1.491553459847041986e-07
1.483574508035553821e-07
1.723671243029050674e-07
1.876404834521157038e-07
1.482709489902616274e-07
1.447645589244159427e-07
1.666008098875894334e-07
1.422843267346481626e-07
1.557334584798456231e-07
1.465350970135791452e-07
1.641208502714905266e-07
1.888080538048122849e-07
1.469401888881341469e-07
1.587215813495590613e-07
1.198610341355410290e-07
1.792962272837301193e-07
1.643121909619558863e-07
1.713902563471947324e-07
1.866389349526360719e-07
2.026334210352246631e-07
1.501454668532607786e-07
1.573493903740750813e-07
1.196202507804914306e-07
1.586249549287854418e-07
2.082456455520732648e-07
1.625538934465558723e-07
1.416405727882043387e-07
1.488821193014945526e-07
1.715749234322535504e-07
1.468737123087176314e-07
1.650411339926243399e-07
1.457375998737927354e-07
1.362978458660497774e-07
1.566098610128196810e-07
1.549244344800908142e-07
1.426733019339330515e-07
1.444545696350781496e-07
1.709436595009838893e-07
1.631977225455043859e-07
1.196951493433280484e-07
1.612433929505587460e-07
1.676604187776220529e-07
1.536540298250834185e-07
1.466368806961640241e-07
1.287281677679437439e-07
1.670213933523001868e-07
1.542402117629548765e-07
1.583881395165522993e-07
1.306019166480660264e-07
1.396944566430386341e-07
1.556974390824667560e-07
1.685217501994635254e-07
1.875619411817052365e-07
1.355358822589065513e-07
1.286188039543777191e-07
1.450349314172787270e-07
1.592199842297327397e-07
1.763188144195537548e-07
1.120889813897890404e-07
1.553307535490915238e-07
1.452851848235750309e-07
1.289768219424646190e-07
1.307276928481686584e-07
1.577023215805761199e-07
1.718972398975489739e-07
1.267372689738285894e-07
1.304317780136752427e-07
1.699410114125527833e-07
1.572321474677479437e-07
1.649563287596900168e-07
1.574762537142257958e-07
1.394833573058411016e-07
1.932279836723915679e-07
1.835010726883601376e-07
1.411371450557445072e-07
1.420916011234051909e-07
1.461668026780724903e-07
1.601423038418117762e-07
1.742702874551397277e-07
1.507426431942893112e-07
1.461521881729282789e-07
1.434998661715154085e-07
1.272472586198146228e-07
1.369963795089005609e-07
1.711889218009749118e-07
1.624042532406402281e-07
1.622629583977570453e-07
1.245156362144925166e-07
1.461510106260159847e-07
1.602843968613184110e-07
1.560931547473843613e-07
1.657621015304284641e-07
1.746717731745602434e-07
1.578133436229874505e-07
1.466606167949153563e-07
1.711555781147157684e-07
1.762564341735952198e-07
1.541836449361527563e-07
1.600028480471049428e-07
1.423282888896273108e-07
1.601978462970407566e-07
1.862746634819842865e-07
1.568864070762084676e-07
1.357482883646438902e-07
1.433527533588924959e-07
1.374382500905845587e-07
1.518804540430786265e-07
1.507013315038982892e-07
1.598815065486835744e-07
2.164139491678811841e-07
1.446513541170988934e-07
1.483730518434266789e-07
1.275386493163237249e-07
1.895038621533307807e-07
1.677563823552267909e-07
1.594699572404594328e-07
1.413362347501890674e-07
1.510853977184712561e-07
1.585258904064730301e-07
1.594298489445935371e-07
1.482816809554273642e-07
1.436922101378750283e-07
1.388959552166898718e-07
1.649515037740912649e-07
1.660598425244986848e-07
1.262436825440131704e-07
1.176296592360034653e-07
1.796560958909224405e-07
1.362094292448900828e-07
1.589839676655651137e-07
1.400069467090418638e-07
1.714718940854774310e-07
1.790149887928497598e-07
1.495698832775282882e-07
1.434873377214441112e-07
1.974005569946823963e-07
1.553377728450239219e-07
1.503416139727905091e-07
1.384014971953813305e-07
1.508455943337688157e-07
1.499902341616721035e-07
1.925105487461736346e-07
1.416169637970420834e-07
1.205702779867574104e-07
1.457851286182342266e-07
1.541350579758053993e-07
1.330815250689209774e-07
1.730110220552724603e-07
1.570156284596302611e-07
1.265884213579617221e-07
1.354937336530598014e-07
1.261846721456049530e-07
1.309041468539792980e-07
1.523973209177784170e-07
1.597494994219675351e-07
1.563063028214279160e-07
2.041123489681244201e-07
1.491083079073421061e-07
1.443126733167918392e-07
1.630900495374588748e-07
1.774369793207969263e-07
1.790120804104870563e-07
1.386959397850021871e-07
1.485248889149941384e-07
1.438698662550982335e-07
1.773622981591866267e-07
1.739026798062031988e-07
1.714607611005743984e-07
1.696641095676814033e-07
1.359792909622423149e-07
1.430269413818547067e-07
1.444037159428591336e-07
1.756756846337797596e-07
1.666234480739020957e-07
1.311826291044824355e-07
1.480838183527421519e-07
1.570707858323841527e-07
1.527382537536266195e-07
1.502893106206984277e-07
1.592131603732810761e-07
1.931771910672227197e-07
1.883783982228694651e-07
1.499290525596524514e-07
1.258048813260462209e-07
1.829404910292285957e-07
1.693795218959083181e-07
1.600530743074764152e-07
1.444310469029080707e-07
1.433304700741515518e-07
1.344120532562273142e-07
1.552542283623578907e-07
1.393475611383704094e-07
1.561338241479663431e-07
1.736258904518733306e-07
1.747899944387568432e-07
1.517230894611437352e-07
1.592768576407813658e-07
1.637293412490279936e-07
1.642169298779097611e-07
1.536975673803316587e-07
1.543431208075988317e-07
1.431445171025344208e-07
1.565525114138278315e-07
2.063095160841891891e-07
1.553926081953082760e-07
1.406902330037144208e-07
1.372531158197833797e-07
1.604817701222540984e-07
1.440615386241046502e-07
1.700100988390425776e-07
1.656684534152004633e-07
1.685873996401204975e-07
1.389905770739564892e-07
1.828386046749873536e-07
1.798949206814747311e-07
1.389034846955744750e-07
1.520199785961622564e-07
1.758898934404267496e-07
1.600434754224180324e-07
1.729493130360984725e-07
1.535770473186712759e-07
1.397620254202244163e-07
1.255882319608612748e-07
1.699837329140639874e-07
1.597129794793526990e-07
1.257028923961439184e-07
1.401077234248222815e-07
1.518789992566208630e-07
1.519601049893771506e-07
1.738902995473536732e-07
1.665277633653552553e-07
1.578734842303100673e-07
2.021480460999791893e-07
1.538645719054462325e-07
1.345553437376175751e-07
1.319692995203960073e-07
1.874432089025956680e-07
1.576446758351475054e-07
1.568969918624097972e-07
1.549406374270588094e-07
1.408545327142157420e-07
1.652505834867192908e-07
1.620647761812011233e-07
1.691606702156711146e-07
1.439723704274408625e-07
1.218877483531609096e-07
1.534243219893629219e-07
1.827949836399638662e-07
1.565329148572798177e-07
1.392400706621753227e-07
1.511664373947903460e-07
1.526589040122546475e-07
1.629479225282465051e-07
1.668403317058571586e-07
1.837504450537381927e-07
1.660876517359193796e-07
1.316082067039726319e-07
1.258064205824385388e-07
1.567809346051790789e-07
1.680885801354508409e-07
1.590693797885647559e-07
1.799559355561093462e-07
1.497941151343087914e-07
1.407245860823895629e-07
1.608711309631848086e-07
1.687652048029363210e-07
1.525894810176536640e-07
1.530578648702694990e-07
1.281421510859192126e-07
1.383328092848934642e-07
1.627868738299349549e-07
1.655383472401752371e-07
1.290887890659389219e-07
1.478429360720833924e-07
1.617510592003449766e-07
1.513315961345005057e-07
1.395894413812455641e-07
1.641155063398369704e-07
1.915001310423223317e-07
1.463956043114329735e-07
1.317190859389767660e-07
1.440949373195966523e-07
1.812457720999038574e-07
1.624185417255582542e-07
1.599471819514290608e-07
1.324864503521579485e-07
1.420025248977941477e-07
1.696944600474607765e-07
1.716234215205192355e-07
1.743407339443331275e-07
1.404522944322528777e-07
1.444464659943841896e-07
1.424882221796534743e-07
1.828957303456923821e-07
1.628780511072577282e-07
1.305369919111193475e-07
1.506867635582612492e-07
1.560661182460689944e-07
1.585191634183032776e-07
1.405816010529232436e-07
1.348965610887243612e-07
1.649978765163073511e-07
1.704310025925939973e-07
1.336558644400299621e-07
1.182867935987878357e-07
1.528860916478164850e-07
1.570170757615140291e-07
1.628817210022235237e-07
1.637196172870400899e-07
1.598826752684311090e-07
1.234625391381286212e-07
1.579626884607992140e-07
1.776557536233704996e-07
1.881471579223072939e-07
1.381335987676122353e-07
1.562123590514175748e-07
1.937329154719985098e-07
1.765922240684254019e-07
1.487318090247074283e-07
1.567102038465872493e-07
1.343120871289127400e-07
1.373395486273380241e-07
1.347548547817460211e-07
1.377379210054867786e-07
1.872490217675720269e-07
1.591439442339756670e-07
1.530807172119445297e-07
1.574297376561909447e-07
1.625710209213099547e-07
1.820275842131636963e-07
1.914627311464494047e-07
1.435842275196789860e-07
1.727733263674914639e-07
1.655568132065612278e-07
1.438215313701396817e-07
1.569454924832437758e-07
1.403128997364792639e-07
1.511307935188271309e-07
1.774539819230303903e-07
1.524945958278115230e-07
1.346142670967735996e-07
1.234599092215623347e-07
1.422645474595121792e-07
1.492024399916111407e-07
1.899935758167183733e-07
1.622264234283601906e-07
1.623201168121313625e-07
1.516903660319180622e-07
1.721167072864939137e-07
1.625554730774683734e-07
1.502269221022163833e-07
1.901854963208675200e-07
1.482197895752610385e-07
1.378455063275523361e-07
1.331506611709937043e-07
1.837755515912409911e-07
1.612692893963973663e-07
1.572758913008923211e-07
1.473808177500038533e-07
1.369048452027855780e-07
1.613342497716305083e-07
1.623480634929139715e-07
1.364092706068120616e-07
1.793917923110608416e-07
1.627614732414712586e-07
1.491334986672669291e-07
1.725235683971999125e-07
1.693851565532711888e-07
1.500735609874160220e-07
1.425449911579603725e-07
1.515542615967295784e-07
1.442072016187492863e-07
1.654406596214816386e-07
1.366121415360521473e-07
1.354491618866110505e-07
1.613116596356210834e-07
1.672995908457682916e-07
1.594367607906135151e-07
1.756376868796160813e-07
1.473211205884770778e-07
1.236706273422644871e-07
1.596861980774935041e-07
1.331941492779216273e-07
1.819594448473585165e-07
1.534897869827729131e-07
1.526238762442907119e-07
1.515194531677136590e-07
1.411387877700283075e-07
1.735656931137912055e-07
1.651695072003345692e-07
1.857500900497817025e-07
1.335879221141279221e-07
1.468712494247176147e-07
1.568492552474049325e-07
1.918870874188298942e-07
1.580687379411385820e-07
1.414249784921149560e-07
1.505568649854773582e-07
1.556442655260766480e-07
1.637371046638651023e-07
1.801448008153288665e-07
1.860801084269793336e-07
1.426688281730139473e-07
1.518680451084107657e-07
1.269935602883452594e-07
1.420032146646915160e-07
1.631561637754583102e-07
1.547075031228389763e-07
1.578264616181596732e-07
1.654870077008861509e-07
1.473237842455300891e-07
1.392715773356707186e-07
1.556909520878045989e-07
1.801622412492157506e-07
1.684209809084948524e-07
1.464755256124803838e-07
1.477728762284941348e-07
1.509028896343741083e-07
1.774946242146753138e-07
1.720223306940497801e-07
1.586285653341095992e-07
1.374534685595552427e-07
1.766284305319879197e-07
1.755043621795168780e-07
1.726850298029249904e-07
1.357290151116627508e-07
1.663778327229503583e-07
1.381338683958372192e-07
1.524159247816129353e-07
1.612594282257366552e-07
1.620547480469944632e-07
1.820167259115823268e-07
1.886453410529667162e-07
1.498227648559636343e-07
1.461588313661865585e-07
1.890936607697449461e-07
1.790588816709346459e-07
1.691696354467231364e-07
1.602697240625932696e-07
1.403475321047339598e-07
1.198665727048050575e-07
1.716248239752428417e-07
1.660850738282778326e-07
1.574233570527334299e-07
1.346356395732517315e-07
1.306026327673723144e-07
1.626168257148434305e-07
1.269868194005784800e-07
2.014450407070012497e-07
1.401357169010726240e-07
1.469810662121104559e-07
1.464220907932387795e-07
1.655505385049976976e-07
1.822293223349967001e-07
1.632633485378692196e-07
1.459356026088415413e-07
1.501048950807077570e-07
1.582959664470088655e-07
1.576521336712372086e-07
1.447739681544225895e-07
1.347598983202882483e-07
1.671435773875151962e-07
1.835617507302970693e-07
1.312300827540770875e-07
1.273339412732520528e-07
1.597296330659193668e-07
1.495690533681291889e-07
1.644093281145535550e-07
1.796168805996194684e-07
1.601048882800003270e-07
1.841283456425925459e-07
1.401393418103895356e-07
1.741615009143163816e-07
1.468769937558389185e-07
1.486575696269598165e-07
1.430133887764297760e-07
1.610502096709281999e-07
1.515615983677537686e-07
1.511712950838532266e-07
1.778388023458396927e-07
1.655563596712949277e-07
1.370504567246441371e-07
1.640397840244985378e-07
1.477076495724531211e-07
1.741680406536986707e-07
1.890011509214183493e-07
1.827434600866454734e-07
1.738875330467357858e-07
1.641330306149049521e-07
1.467487908405665309e-07
1.380862001191270519e-07
1.533781593426161515e-07
1.610512195516669512e-07
1.813636422424730349e-07
1.366370666423511768e-07
1.591073057502342251e-07
1.750912688123780058e-07
1.303563617679647430e-07
1.421958385690373754e-07
1.417676245689067560e-07
1.625393833129494350e-07
1.790392265078496069e-07
1.563692221681461781e-07
1.628701816052085051e-07
1.307108523067156106e-07
1.845749677545149095e-07
1.721780835370997587e-07
1.470415112511837034e-07
1.658619009357144524e-07
1.621607326474850602e-07
1.434908490477282212e-07
1.596434890212628258e-07
1.428705895973121767e-07
1.769924130168837127e-07
1.916346941729719730e-07
1.507912029223572926e-07
1.593980827977967901e-07
1.384355428099990414e-07
1.716909177260273444e-07
1.557312184731576634e-07
1.401368177859391117e-07
1.507882457335519484e-07
1.831017189463950241e-07
1.780664676381895902e-07
1.632396081234066177e-07
1.778236823169101535e-07
1.539669292952394470e-07
1.613674548951874030e-07
1.776579266910662673e-07
1.901322951538063961e-07
1.626157991698745922e-07
1.492985954389825332e-07
1.513331151122490340e-07
1.472943468275330376e-07
1.598119535694665140e-07
1.891984651879599632e-07
1.552573200772930216e-07
1.236959666467726603e-07
1.399244587184912472e-07
1.618494571661142773e-07
1.582187170124201248e-07
1.584009763218910313e-07
1.431756631432940786e-07
1.337336873126429060e-07
1.687639084318292273e-07
1.685557812763498893e-07
1.720176756232135282e-07
1.886125477202621259e-07
1.579378156355016211e-07
1.375975106489958584e-07
1.451899248265973583e-07
1.983263497862330752e-07
1.511458461290507034e-07
1.677693437624152808e-07
1.412585622272280566e-07
1.353722907469423950e-07
1.349519167005439089e-07
1.703762201344514393e-07
1.517880254171145659e-07
1.381806570533030801e-07
1.355760092254245861e-07
1.547735927218973114e-07
1.541778693866390088e-07
1.584016304308583690e-07
1.846305614094366450e-07
1.459071930952026878e-07
1.522146952612902310e-07
1.521976026301356916e-07
1.710274031598354012e-07
