3.330566740163115760e-07
3.370188034445253609e-07
2.652522122794057289e-07
3.860523647702748134e-07
3.008438009768966568e-07
2.978125573442516093e-07
2.830663239029249014e-07
3.671631693387068973e-07
3.597116131001959088e-07
3.183869521514762142e-07
2.989413904091769620e-07
2.968610192616722108e-07
3.813407167824579632e-07
3.264779026554581908e-07
3.371303032146118272e-07
3.110683696207274540e-07
2.659014780184875860e-07
2.741909008399733821e-07
3.428598877800317954e-07
3.208983836359975262e-07
2.919519412893627771e-07
2.770117569417004539e-07
3.306099141797300942e-07
3.180706771678994095e-07
3.569903111348258728e-07
3.641350567089483549e-07
3.363126791787724996e-07
3.795684210191138739e-07
3.088883240907510739e-07
2.708534845490971604e-07
2.945738102231472038e-07
3.486531402088941507e-07
3.188223305787870100e-07
3.183506156946866033e-07
3.257301045362409409e-07
2.762463586481150673e-07
3.256409689665164873e-07
3.149073691067700818e-07
4.073626351995543374e-07
2.479080173382715618e-07
3.135300071114865307e-07
3.021820160287411819e-07
3.573846130011101883e-07
3.204871736667921135e-07
2.845232842489532640e-07
3.106727486344478254e-07
3.380779177153091942e-07
3.258301119857075723e-07
3.318942735341920004e-07
3.178574947513319660e-07
2.775860949396008421e-07
2.934987123321879129e-07
3.176571138209274545e-07
3.448213078790526089e-07
3.488260144426086235e-07
3.038191647228695258e-07
2.933064967259629997e-07
3.308023602002632143e-07
3.752334828857279903e-07
2.740629782691484347e-07
3.159674403311802152e-07
3.226629954702401516e-07
3.576835418524866660e-07
3.247493744476342001e-07
3.277675730193996619e-07
2.974392068637919973e-07
3.603151660360471554e-07
3.427856299596098073e-07
3.177586600295659142e-07
3.589619426613800374e-07
2.880044141656167082e-07
3.341061215152784939e-07
3.035657638403078701e-07
3.213099877820003672e-07
3.675033814509902100e-07
3.238709758294849565e-07
3.100913354241462606e-07
3.319447685963676063e-07
3.150430564694651676e-07
3.377406879559694404e-07
3.514912015497140548e-07
3.242371488914672115e-07
2.843147970820863004e-07
3.107048984658011284e-07
3.585637285871128139e-07
3.389264836449659109e-07
3.209706373886560678e-07
3.292085023394015890e-07
3.396075276212144242e-07
3.456801943041616679e-07
3.164403119680009615e-07
3.450997887335774484e-07
3.886591269106347389e-07
3.335436972201110651e-07
3.008917036514053676e-07
3.458794725105980396e-07
2.887625455179095807e-07
3.221673930916332932e-07
3.653031437261374052e-07
3.117712738603906078e-07
2.756114023786310012e-07
3.382834297525035742e-07
3.386787323071920282e-07
2.710710110401996735e-07
2.869210392432572097e-07
3.374993869821397257e-07
3.299315727662525021e-07
3.646401807717792903e-07
3.746919511558664621e-07
3.280083421600930961e-07
3.339442143348479773e-07
2.967082037009935162e-07
3.034000871022595100e-07
3.975156509264093296e-07
3.250339737449519299e-07
3.062820092075629311e-07
2.956064517546818202e-07
2.980936791967292213e-07
3.416903962511829005e-07
3.336416798226855850e-07
3.107489050805947597e-07
3.011660442810450413e-07
3.061233897015215304e-07
3.212527464234010686e-07
3.370858418002966973e-07
3.686820953678694458e-07
3.096424065825943479e-07
3.127578661594438317e-07
3.381721998628039591e-07
3.852252863810775971e-07
3.562043006363795136e-07
3.325234300215622466e-07
3.220838223824946451e-07
2.897558885634879615e-07
2.955323004746659134e-07
3.444574830005886652e-07
3.507551267699683548e-07
3.704536556447212543e-07
2.971612202605528673e-07
2.810315941535182972e-07
2.928146765381690082e-07
3.691185670130143459e-07
3.226358103130129560e-07
3.120310745815506933e-07
3.152721263804626090e-07
2.997052737204133606e-07
3.420872010015587780e-07
3.454999402381937753e-07
3.749064293245709849e-07
2.992757713130127959e-07
3.170809279664907504e-07
3.587966948156037716e-07
3.713377053365481349e-07
3.005733751420036555e-07
3.325609856575308529e-07
3.179614113232770126e-07
3.731993323946491595e-07
2.871396535526861137e-07
3.277520623217017590e-07
3.788529616888091798e-07
3.655152155293518243e-07
2.856941044812474572e-07
3.065019228105797020e-07
3.642448010903999979e-07
3.527192970900663786e-07
3.216900184679251701e-07
3.167011917289811211e-07
2.710845543294713239e-07
3.588197362033204931e-07
3.481973786030095570e-07
3.311371260288315618e-07
2.965092343294080164e-07
3.552204902884585570e-07
3.197409246938130977e-07
3.090880688180588650e-07
3.306791850268653460e-07
3.887438720742166983e-07
4.177189742562377846e-07
2.915523226809794361e-07
3.244927250693898930e-07
3.554676126301320153e-07
3.619807237609457512e-07
3.395731741912809922e-07
3.058364920343111584e-07
3.097009575380913426e-07
2.776089796128624944e-07
3.212368069187339595e-07
3.594964136172602994e-07
3.160779845650857501e-07
3.059246173297338808e-07
2.561274353240480356e-07
3.298292571291095669e-07
3.291701531032671348e-07
3.218784092231941545e-07
2.879458518443572415e-07
3.170294822376902573e-07
3.236079957721609026e-07
2.863098520052292307e-07
3.449524804273377287e-07
3.882885888589454644e-07
3.249601756206336060e-07
2.961304058244831622e-07
3.615157829212206681e-07
3.526924545382868688e-07
3.158900534916756651e-07
3.157178918374591954e-07
2.901835193717086317e-07
2.773222658350493982e-07
3.280577019332510140e-07
3.369869018410582781e-07
2.795363779974560066e-07
3.069615362052842618e-07
3.249660346740692865e-07
3.287680709639626018e-07
3.264319448738206849e-07
3.196712737117708534e-07
2.746598680106340718e-07
2.991708169534671305e-07
3.069633983698089021e-07
2.661907204753834719e-07
2.959252590114959686e-07
2.998281973245924782e-07
3.300420037216448296e-07
3.259715114671004764e-07
3.817189749487798585e-07
2.812983169230669559e-07
2.878193491873328904e-07
3.168204003059776514e-07
3.372220502949721529e-07
3.407558287617261371e-07
2.454824585067044474e-07
3.038304449574955305e-07
3.101990428253431109e-07
3.297726396984374395e-07
3.310861150455862258e-07
3.222995660801188164e-07
3.055738681891068865e-07
3.149623524505713590e-07
2.979935144110278450e-07
3.027767977317513827e-07
3.132896819752723879e-07
3.452292530695542876e-07
3.184480408308112406e-07
3.865676628744935328e-07
2.854763639487446914e-07
2.919652869816565384e-07
3.274401184160316442e-07
3.600420419719686977e-07
3.448710689835612647e-07
3.306746133946752007e-07
3.895362945755384886e-07
3.476693149134311606e-07
3.024954625154222134e-07
3.210476019922318239e-07
3.645776576631613880e-07
3.189557654240240932e-07
3.180261686926314595e-07
3.107290897415375426e-07
2.626670256338564234e-07
2.957744007592002700e-07
2.857649018018067643e-07
3.231685345122517814e-07
3.884877984558128467e-07
3.383734837796986590e-07
3.090849831862544809e-07
3.065757427171924800e-07
3.201285577387856854e-07
3.480361386622460971e-07
4.024387012620559485e-07
3.128691044337322740e-07
3.062903004422700492e-07
3.032633354644453221e-07
3.333135714057211534e-07
3.639312149154410886e-07
3.414859322567796091e-07
2.416301864126918295e-07
3.115053461551257399e-07
3.861387107348011027e-07
3.302919863089069132e-07
2.985018134519460145e-07
2.649498238793360243e-07
2.748327436155941423e-07
3.155069787129800245e-07
2.943275783006981965e-07
4.132549506640281249e-07
3.578614156375236365e-07
3.166733522434470885e-07
3.170612419154993186e-07
3.176105646373248256e-07
2.862456190791007561e-07
3.179677302315465730e-07
3.592844696807586164e-07
3.083996574303034395e-07
2.820656182871963377e-07
2.952846542700204210e-07
3.494755020242538013e-07
3.181007937468875943e-07
3.060443756417532894e-07
2.990100622141389175e-07
3.223567895020276215e-07
3.074154171706549381e-07
3.936340671244278109e-07
2.669030738672676292e-07
3.039527339189903347e-07
3.296542797586306080e-07
2.687489918986785714e-07
3.047047357446873783e-07
3.341581321033078135e-07
3.285981510480679887e-07
3.206667491703533454e-07
2.789086202668830592e-07
2.559618847165393976e-07
3.238463746807997208e-07
3.281498104936916537e-07
3.057760366205880023e-07
3.039144807705909485e-07
3.492811219202744617e-07
3.245436229042785337e-07
3.432463939074701755e-07
3.268358833318895597e-07
3.265850168940760331e-07
3.380498177624623827e-07
3.877098347482379382e-07
2.708288683162491943e-07
3.455226181440329304e-07
3.360900161156815055e-07
2.716409439828347175e-07
3.162824693995166223e-07
3.303834297636878919e-07
3.452581604951542372e-07
2.777353473882834036e-07
3.173748238181005397e-07
3.547903050660572513e-07
3.272818367583754837e-07
3.009620504250576382e-07
2.640722117566746305e-07
3.984906781674966240e-07
3.327364769646876520e-07
3.224664633029744564e-07
2.767245588658239193e-07
3.273197224466665122e-07
3.361806480648978692e-07
3.768637344826267143e-07
3.527164949510296792e-07
3.713261310025906218e-07
3.148755288738344479e-07
2.721165885323211794e-07
3.153046875682384910e-07
3.565448331792835731e-07
3.550036837188468012e-07
2.990378577220679711e-07
3.287531969039364374e-07
2.892363461221650154e-07
3.043246559297337630e-07
3.370725363104735487e-07
3.209159871443259892e-07
2.913469253258591210e-07
3.063232532875427517e-07
3.311129312796649703e-07
3.175897410563263018e-07
3.758104708499145922e-07
2.871173288545175303e-07
3.033913816123330339e-07
3.215024018087864861e-07
3.446028408412539929e-07
3.434569139909601024e-07
3.432519512107859386e-07
3.179039592350967168e-07
3.131796908601414071e-07
2.829892369590743391e-07
3.003823384023095790e-07
3.418232705416507589e-07
3.456627545093724452e-07
3.512353388291848415e-07
3.036067597147269826e-07
2.844632287144531310e-07
3.110411207934228003e-07
3.439184881128887855e-07
3.314114107838998830e-07
2.617526050420110321e-07
3.083719007478187718e-07
3.127874419696832835e-07
3.164396554866093233e-07
3.414677272518136438e-07
3.375465880572224350e-07
3.194576402222449732e-07
3.555084723428794145e-07
3.490640868482061697e-07
3.152464053876405547e-07
3.275671099035240189e-07
3.308309406442657273e-07
2.718490942980334507e-07
3.096729508709560167e-07
3.492917029951611223e-07
3.610136575771760911e-07
3.282363707221020931e-07
3.094782199325365696e-07
3.448309882657331171e-07
3.392262211797766589e-07
3.184400466644263480e-07
3.179884876596731451e-07
2.915398382538136046e-07
3.705047423991801435e-07
3.347719898945991823e-07
3.193175408661555630e-07
2.903882350917395956e-07
3.080371397889946157e-07
3.523395393739709349e-07
3.044113600975549758e-07
3.302514083932298657e-07
3.092771101364350636e-07
3.371214228335055801e-07
3.406307760891175633e-07
3.162043063772893746e-07
3.097115740119119078e-07
3.409212632101068274e-07
3.452567717811499791e-07
3.429512314268437803e-07
2.949678082481786845e-07
3.312859354606689485e-07
2.730905991300352486e-07
3.049709632967643026e-07
3.435666543285779876e-07
3.398860747799379396e-07
2.683788764309200949e-07
3.258582710680811821e-07
3.248813683815883633e-07
3.526453370719989094e-07
4.078229941150951709e-07
3.409826819473231944e-07
3.129308635939877214e-07
2.937161895869203574e-07
2.742477292349937052e-07
2.953264910653042431e-07
3.724616638116767717e-07
2.938043159344184044e-07
2.931631897514696711e-07
2.874946136215160303e-07
3.542704350407958579e-07
3.503565430376088734e-07
3.526891002675724484e-07
2.663209910684829447e-07
2.924926522670455916e-07
3.211835747463020579e-07
3.272363758055309698e-07
3.379090315934261131e-07
2.810094501695984587e-07
3.254206649954421043e-07
3.522708610007640406e-07
4.036336140494109812e-07
3.436656105634809024e-07
3.038990851811421029e-07
2.729428830552826476e-07
2.851146369475814479e-07
3.155968529416705714e-07
3.291654967084831815e-07
2.856163239993231069e-07
2.785881143359402511e-07
3.125015338575354954e-07
3.325599454311923594e-07
3.338085963155066291e-07
3.043645208484288495e-07
3.046136266017110270e-07
3.340520139681193775e-07
3.374270246834600612e-07
3.933627605009196442e-07
2.684110548619954843e-07
3.096884196406939723e-07
3.425246881784704092e-07
2.881612584259830516e-07
3.436605737170103811e-07
3.451146196458609527e-07
3.645062554753964941e-07
3.011728177352120425e-07
2.988505655214261675e-07
3.842220285804257074e-07
3.154592754823229645e-07
2.927211728329536778e-07
3.216298957059410199e-07
3.585816385800520647e-07
3.461324931675764494e-07
3.363551598044159050e-07
3.206754678610078307e-07
2.825381753341209718e-07
3.451798956240884898e-07
3.498037418486971952e-07
3.339478695173853480e-07
3.196986168790939843e-07
3.047532751567927279e-07
2.799256721757808459e-07
3.157962354535538598e-07
3.110575816255985706e-07
3.248103697366350371e-07
3.645638098320242943e-07
2.778302623277251912e-07
3.088425092817707514e-07
3.553882210773280862e-07
3.466808134469481735e-07
3.104250386091007117e-07
3.101627008640948574e-07
2.890483429769363338e-07
3.513111513061790973e-07
3.629031601137826524e-07
3.004357158825597618e-07
2.912666561426865973e-07
2.920067759816076161e-07
3.433341980491898231e-07
3.233916514760102747e-07
3.430982127424144464e-07
3.101858863621741945e-07
2.973874734847044230e-07
3.245108668963253449e-07
3.054020371471874851e-07
3.518120407254099350e-07
3.422353550114083800e-07
3.184619461232137792e-07
3.047507148824787566e-07
2.996314403511852327e-07
2.486937294467912049e-07
3.346166117991587539e-07
3.339696290185164542e-07
3.138949290365528597e-07
2.894378655493851071e-07
2.582439984731042297e-07
3.820958494703223403e-07
3.181460249870775663e-07
3.149894216451808742e-07
2.911779582561537168e-07
3.059314004026181956e-07
3.345411617031223732e-07
3.661428035180827508e-07
2.746133906921290018e-07
3.191630860173720947e-07
2.718614415535932983e-07
3.256985894081728705e-07
3.213347350635962429e-07
3.265806514097591589e-07
3.198787159810138398e-07
2.755835284160647241e-07
2.825174566711278691e-07
3.519081099617622385e-07
3.354151345429531476e-07
3.195788447262621913e-07
3.047301056908652843e-07
3.535332571311106674e-07
3.678012602812504767e-07
3.129398891779840845e-07
2.967816579208009044e-07
3.392991906103255145e-07
3.504327560662023352e-07
3.408609070561433596e-07
2.989079391068701032e-07
3.273564256385396946e-07
3.131524712904995695e-07
2.700862654274206163e-07
3.223384007124886252e-07
3.219351279114151156e-07
3.931247098615737481e-07
2.600855363741500713e-07
3.069067716463428632e-07
2.975288946021835183e-07
3.434735944090300979e-07
3.162333619822773044e-07
2.551380599215077834e-07
3.245712126182619510e-07
3.164366171304820409e-07
3.665818668469598743e-07
3.637732398087213603e-07
3.127282118757934652e-07
2.854247962238928351e-07
3.702170824089276996e-07
3.426483769722345808e-07
3.572312175697093815e-07
3.175778363850023097e-07
3.196503940608673973e-07
3.366482203835973877e-07
3.549436794154746688e-07
3.078831078335970154e-07
3.077256696940901662e-07
3.488362048439655629e-07
3.001551759149242555e-07
3.535360669435545201e-07
3.480038907678756225e-07
3.635878957177902011e-07
2.816894795582951841e-07
3.258555957124470779e-07
2.845582967683003492e-07
3.436506102253213777e-07
3.602741720133766379e-07
3.083948755125957784e-07
2.888928152253344631e-07
3.003781887398607125e-07
3.142878604682076888e-07
2.972937761749778658e-07
3.704323271132635910e-07
3.389156554640751455e-07
3.068845658731406683e-07
3.197843327228277548e-07
3.013388958851904437e-07
3.369833421477677999e-07
3.719146023736639435e-07
3.101163958491444673e-07
2.558401217366293052e-07
3.015559334966087191e-07
3.414024369235624489e-07
3.180880610064568979e-07
3.434107939154760621e-07
2.963020049454369898e-07
2.782082234863997368e-07
2.937846482131335538e-07
3.204551055137519294e-07
3.277400468013053475e-07
3.044669389432964245e-07
3.008513482100907633e-07
3.226109801277971114e-07
3.178069018283563404e-07
3.038044705343033235e-07
3.290666505318691321e-07
3.553659966159362792e-07
3.077638447915960359e-07
2.809959886726400798e-07
2.898612718518752570e-07
3.425689814746641205e-07
3.225565045161952934e-07
2.918845408343453417e-07
2.867011170076318414e-07
3.438275210981723722e-07
3.448039644105393434e-07
3.483873954023809220e-07
2.905726541913293171e-07
2.894717379927162202e-07
3.325817471400302844e-07
3.423913083479576051e-07
3.415544283608016313e-07
2.681441793034443484e-07
3.228433886088042483e-07
3.379217706166653034e-07
3.076024128417805384e-07
2.993543370974630519e-07
2.858029488934820949e-07
3.322163275422808261e-07
3.090651528720495795e-07
3.101559230667120502e-07
2.922991288949269464e-07
3.201664325591571684e-07
3.177000845331935617e-07
3.480886317469055523e-07
3.173061279956755365e-07
3.094179382317718900e-07
2.594014012235958994e-07
3.531265654310510631e-07
3.440112032104632204e-07
2.914340334106076665e-07
3.193064745776992733e-07
3.118799361969470620e-07
3.344733534281119881e-07
3.570541822119501037e-07
3.168559709437239144e-07
3.173292374973418883e-07
3.835063119035649151e-07
2.912329388397496399e-07
2.841487829183409872e-07
3.212196197784501798e-07
3.667112919541206269e-07
3.201779420734370665e-07
2.825085589479317933e-07
3.100301724242812577e-07
3.174879486649325505e-07
3.199639125021777937e-07
3.073115140630081900e-07
3.291656765264239492e-07
2.834113714143101436e-07
3.028234038225098253e-07
3.299488089243944023e-07
3.253523766632832062e-07
2.914316833511428818e-07
2.676063515951847968e-07
3.114769882420217843e-07
3.836062770532799867e-07
3.180541571932594715e-07
3.374112244962898865e-07
3.174361809033096332e-07
3.180522469990414407e-07
2.989219627168627794e-07
3.201402610767566439e-07
3.552880132142334712e-07
2.744431279738519132e-07
3.107821018132761753e-07
3.344194551699256960e-07
3.404026939319982190e-07
3.706934651341727870e-07
2.864037313979977583e-07
3.025590709813581241e-07
3.169436991199169978e-07
3.429058877912341760e-07
3.725610357463481439e-07
2.799221594762197416e-07
3.126705177541876304e-07
3.043497971411075367e-07
3.811124385990013771e-07
2.639463464088291450e-07
3.406161026561490800e-07
3.380895510210896292e-07
3.509566700205294892e-07
2.929146012434167893e-07
2.972866022738633205e-07
3.196814793334107295e-07
3.541542585510787013e-07
3.292280629429637712e-07
2.651282958593334554e-07
3.187439590204524795e-07
3.060416796743073208e-07
3.301050069773173336e-07
3.376365014138670321e-07
3.265172402078461972e-07
3.086859781233220299e-07
3.088093919339690058e-07
3.365897724283831992e-07
3.644555972931697880e-07
3.411906154130059138e-07
3.149988858443676855e-07
3.168317039283450354e-07
3.101359083090548756e-07
3.169265667790944498e-07
3.537098719325127238e-07
3.433103958192976725e-07
2.876168724315146479e-07
2.961144635457203116e-07
3.710154816625480746e-07
3.598858727687038232e-07
3.083278611325061072e-07
3.128435990757027954e-07
2.781247421398610226e-07
3.694208492682113858e-07
3.412744079026070270e-07
3.174672446519221949e-07
2.868839713715522105e-07
3.012214515898576138e-07
3.611211756429579025e-07
3.059905811439505418e-07
3.398890377073652170e-07
3.034960243214664349e-07
2.777602733851754261e-07
2.846161240585214919e-07
3.035670047103498833e-07
2.941890104712290170e-07
3.487754389855037746e-07
3.373215540731536081e-07
3.221354342489348355e-07
3.061864607151399521e-07
2.864080028023386583e-07
3.242170903723817891e-07
3.511678323627947572e-07
3.067624742533119293e-07
3.257822458609646148e-07
3.221596626711766906e-07
3.081099086918429137e-07
2.404245129605473138e-07
3.460885528237843669e-07
3.230475902169430482e-07
2.793390004357322612e-07
2.992560377913575957e-07
3.054777186810998681e-07
3.242509937786653817e-07
3.088665662426221813e-07
3.046470589677996095e-07
3.913357723599395284e-07
2.892682966939183566e-07
2.808986515060466631e-07
3.275602350426805692e-07
3.172119852047842642e-07
3.193083467174568652e-07
2.961065288449035867e-07
2.959822658830486209e-07
3.246685569356305929e-07
3.318831291537190623e-07
3.490029302918485927e-07
2.894363443733276562e-07
2.852277219994949720e-07
3.196252080694239769e-07
3.518060920331085956e-07
3.301325976890743814e-07
2.977438933931889402e-07
2.936009846679595459e-07
3.260662243802285586e-07
3.169055310568357900e-07
3.030884105376669206e-07
2.973464622072931849e-07
3.290056147203710591e-07
2.993370676504193225e-07
2.837761813208452618e-07
2.901282409082921561e-07
3.455950531080073142e-07
3.195473992279235569e-07
3.112410579355642974e-07
2.609740419699638262e-07
3.329718944093904370e-07
3.247460003865962547e-07
3.961367871788577736e-07
2.757862058133617543e-07
3.184823200559090206e-07
2.993561552978766362e-07
3.426714816293990112e-07
3.367590386270144025e-07
3.073941373296755730e-07
3.164037371362832116e-07
2.887987641985943473e-07
2.538854275922482827e-07
3.055437826433061473e-07
3.524060703762435665e-07
3.230565173901946215e-07
2.890237237282904512e-07
2.945929112020017054e-07
3.167250234402683001e-07
3.206234353670166114e-07
3.474975342967768490e-07
3.706480618837294397e-07
3.044528227214195719e-07
3.353993980805773301e-07
3.386607893010196737e-07
3.361497430085473796e-07
3.342012690747762397e-07
3.143636249304605386e-07
2.866543594983866414e-07
3.550078339843222986e-07
3.517119472086612588e-07
3.192962420866291633e-07
2.772472161630243918e-07
3.104216239570951983e-07
3.265393301430242818e-07
3.239601897328162663e-07
3.774392320582163531e-07
3.564571648649143814e-07
3.005898839258525057e-07
2.923581697245940509e-07
3.004888372901321598e-07
3.374010816187463920e-07
3.783632121752316477e-07
3.346834243824227325e-07
3.270255894764997321e-07
3.417162904530196442e-07
3.357710313020679660e-07
3.422690726053086193e-07
3.015428268681152464e-07
2.707466697481821900e-07
2.833029068193079266e-07
3.461005683205365948e-07
3.255729245354187262e-07
2.951830346428440296e-07
3.458248082201284375e-07
2.987664132676733493e-07
3.197622453192610018e-07
3.323264738494272738e-07
3.376461196001563138e-07
3.050117483845610487e-07
2.749805098604843447e-07
2.838743666604450048e-07
3.377259453694373922e-07
3.312352202579923838e-07
3.282420241222792278e-07
2.725159048476395013e-07
3.027860320274486643e-07
3.372261361223566839e-07
3.230060873591630647e-07
3.554787363360227065e-07
2.969507071703526120e-07
2.767048574589326409e-07
3.196147131370822618e-07
3.756013281957795970e-07
3.366138194084746816e-07
2.974237058128318402e-07
3.276168111633377480e-07
3.369078090860797335e-07
3.071075412698766899e-07
2.939007629588916577e-07
2.776549816681974692e-07
3.521761731752635133e-07
3.309402616432924245e-07
3.001479481638477425e-07
2.851547912780271806e-07
3.440408367531844668e-07
3.427727497574688060e-07
3.079357800934521208e-07
2.889053287717153638e-07
3.476017540788835157e-07
3.425774610317388960e-07
2.950542194563328493e-07
3.275885525107541163e-07
3.131506805428011590e-07
3.569347187106893053e-07
3.769084344074381887e-07
3.432571766545464481e-07
3.393020312676243839e-07
3.830632515743787368e-07
2.851290359979074150e-07
3.119850767673349375e-07
3.655911810100077233e-07
3.297274690545890557e-07
2.956292617871139162e-07
3.073044460718356863e-07
3.108235171154643809e-07
3.355485421141226172e-07
3.323133062925980728e-07
3.001285749371072152e-07
2.948129395227923859e-07
3.577571433493664232e-07
3.824283104895001032e-07
3.213260676418012644e-07
3.159530757670087728e-07
3.062718576395256663e-07
3.035030005560522099e-07
3.197884750006469285e-07
3.281728785984670168e-07
3.464006933277633206e-07
3.597285941048291029e-07
2.768742491457641246e-07
3.081611217540934396e-07
3.210286203583241926e-07
3.820314674661103341e-07
3.520922489000401898e-07
3.208988829298667766e-07
3.190230747853681425e-07
2.734567887496604848e-07
3.414694552766331600e-07
2.871743808923447662e-07
2.763978970790181764e-07
3.384564017786533494e-07
3.629321781825752460e-07
3.233493144637098215e-07
2.927274258695685015e-07
2.892319424319978213e-07
3.460272510812046411e-07
3.209136970388541923e-07
3.304595824956782560e-07
2.941348831893112074e-07
3.877901759230539489e-07
3.190890504013042808e-07
3.182033188480237072e-07
3.053514589461117802e-07
3.376557416435753451e-07
3.721835807093432463e-07
3.510887287676819419e-07
2.922224784374644539e-07
3.177981022870968915e-07
3.291623601891404473e-07
3.285903047479378188e-07
3.138559376539029878e-07
2.822408944603317865e-07
2.821129691332556465e-07
3.204253724880292144e-07
2.856279826066620261e-07
2.726780322740811064e-07
3.149348639940807125e-07
3.393521857244748664e-07
3.303950639357502038e-07
3.327438348148911554e-07
3.444586056005262135e-07
3.238819989438828606e-07
2.807972031269482605e-07
2.974632333716750857e-07
3.468497243311907992e-07
3.186952822233451709e-07
3.221640374102194335e-07
2.937258904041017809e-07
2.429049997179995611e-07
3.626800847283018007e-07
3.703094880402817975e-07
2.786278498101545423e-07
2.982830028249892115e-07
3.357758710661601127e-07
3.462803442967418779e-07
3.379769684476153278e-07
2.859446405959191525e-07
3.093522431861322453e-07
3.069010524202598765e-07
3.323821535381217160e-07
3.504681797105111409e-07
3.350505520825639176e-07
3.181825270275512976e-07
3.185410201206838115e-07
3.042268600516691257e-07
3.049823871596611562e-07
3.166540471916713628e-07
3.488984056198078808e-07
3.276965403307323771e-07
3.543786341030051841e-07
3.111822622483731526e-07
3.097344517061627464e-07
3.310540851350838995e-07
3.619781325130442724e-07
2.783512935560598513e-07
3.183890749280450413e-07
3.161570806182439904e-07
3.354450392642412515e-07
3.518080463812309255e-07
3.039501577029627600e-07
2.999843907733556458e-07
2.562114998315738820e-07
3.971009192026665300e-07
3.225724121555519070e-07
3.002603765116930310e-07
3.582102803569965272e-07
3.126673987722000127e-07
2.939642819199204877e-07
3.176473047244928526e-07
2.915682418616392708e-07
3.264190721738499152e-07
3.552224982498713671e-07
3.657393097968160426e-07
3.000965652115180243e-07
3.091252397459304102e-07
3.477642456841818420e-07
3.758070880970191006e-07
2.825797198795333033e-07
3.026309028717348040e-07
3.435651993943339124e-07
3.241184153849982733e-07
2.827517825428959932e-07
3.150489815113323645e-07
3.044491852024763023e-07
3.294505450590856769e-07
2.722722169679092940e-07
2.951434510719368202e-07
3.369752239584572461e-07
3.273069820151239799e-07
2.827594315746736053e-07
2.853754947287232941e-07
3.298526387076661094e-07
3.074859454753001674e-07
3.393797316817346157e-07
4.036285808250607596e-07
3.099032829910080967e-07
2.868875198961902363e-07
3.286404291014645724e-07
3.386660161658037895e-07
2.750249403654769920e-07
3.133024673528129215e-07
3.182601539400053133e-07
3.663665292357370775e-07
3.599129565375940511e-07
3.263974708355293319e-07
3.323574897457699895e-07
2.708489296875825942e-07
3.154037371990989939e-07
2.815746194919613145e-07
3.078940388274006521e-07
3.694919626144234909e-07
3.371037061068072195e-07
2.998565386425401633e-07
3.206172166194450222e-07
3.927197204356812189e-07
3.660662703181738088e-07
2.981154631073436698e-07
3.824894544867062007e-07
3.625646819282031338e-07
3.379545152668554523e-07
2.974268563460388604e-07
2.969252676011995636e-07
3.196314696852727815e-07
3.850680671328249527e-07
3.069831501662721489e-07
2.544815305634443886e-07
3.009775536537249972e-07
2.888375344205434797e-07
2.999947377629065940e-07
2.933362673159883039e-07
3.559243029655679704e-07
3.432111605514312468e-07
3.291243792502995872e-07
3.407578550343472818e-07
2.960814397605731912e-07
3.893102986578128864e-07
3.469650718531126882e-07
3.013472509389560451e-07
3.037806220349013747e-07
3.042867470917544063e-07
3.629408507121314153e-07
3.382134221917717347e-07
3.168834862445804546e-07
3.155192596117308682e-07
2.901071833013401175e-07
2.886220436593006932e-07
3.124112707121121172e-07
3.298789697215344336e-07
2.817930062806224747e-07
3.273658678316125423e-07
3.117586482070695384e-07
3.023202882434557010e-07
3.068245558729711574e-07
3.138898710758901507e-07
3.857293653135924286e-07
3.226188293751958913e-07
2.873400342065476028e-07
2.914774024620644790e-07
3.726066635593130780e-07
3.277823987488211754e-07
3.093110294947979312e-07
3.255108882899214839e-07
2.908072295164772823e-07
3.012993879857455818e-07
3.226947169578245333e-07
3.414729710493510286e-07
3.331584212772121153e-07
3.692030212571210837e-07
3.018960127067344956e-07
3.202613298162771683e-07
2.827980557729939593e-07
2.909288700168482817e-07
3.536469171332907790e-07
3.305086488814063701e-07
3.364535289198877447e-07
2.808627079253362341e-07
3.587081869537696846e-07
3.489344603421091635e-07
2.990705079884583626e-07
2.907564931279299550e-07
3.039444303958808424e-07
3.650981195095427936e-07
3.156960802576939146e-07
2.903311952932029166e-07
3.219797518827833214e-07
3.128273564569719659e-07
3.512860760586272506e-07
3.810836087020013526e-07
2.973792553016117871e-07
3.106197691711556800e-07
2.668956033562843177e-07
2.610830843930175399e-07
3.084879968354290340e-07
3.199498923057226539e-07
3.124370401806882411e-07
3.886938981946210400e-07
3.119764017534245165e-07
2.632144332869360896e-07
3.415903652531343445e-07
3.647949579241971803e-07
3.429891677964229655e-07
2.934609326534520652e-07
3.218889258246510518e-07
3.250843023410331313e-07
3.390479386346665868e-07
3.675865842074372779e-07
3.107346238238860433e-07
2.795605749370781224e-07
3.636729962757893637e-07
3.398543605046960610e-07
3.421355887885217657e-07
3.038975194584774026e-07
3.140251219547592295e-07
2.954355625290155905e-07
3.085420676732842179e-07
3.101370942082383814e-07
3.320365412836644518e-07
3.596780897984825589e-07
3.404379273789410942e-07
2.817549736896225996e-07
3.061818818723373685e-07
3.505257397703995516e-07
3.569086163643412100e-07
3.396335337108955711e-07
3.126359728686101839e-07
3.184188694589055518e-07
3.155791413313668378e-07
3.612495239497668196e-07
3.185091116135595542e-07
3.083452413131094083e-07
2.752132214026577299e-07
3.280304533277388140e-07
3.322826149294293090e-07
2.865435403978645047e-07
3.565376489916812200e-07
3.024888676304496107e-07
3.060568060981326679e-07
2.627044634546319442e-07
3.896576637819701787e-07
3.439743329583556488e-07
3.319144984909587424e-07
2.853460125123277558e-07
3.077464736543987062e-07
3.393993781843024599e-07
3.303573951443164958e-07
3.489594086582210903e-07
2.973215393072340857e-07
2.920065674704890759e-07
3.321940577491077974e-07
3.377270925560225824e-07
2.857313823345232105e-07
2.973187021845043376e-07
3.119061199994527628e-07
3.237203407359145120e-07
3.182613283045494708e-07
3.360495578706067503e-07
3.216929623448144754e-07
3.478968207722945622e-07
2.919633761526579350e-07
3.056021203867480946e-07
2.750463772777028266e-07
3.678362118493341870e-07
3.206623749289394415e-07
3.326118475201073877e-07
3.074397992746036520e-07
3.206374715885082503e-07
3.207436885149695983e-07
3.606280054824188635e-07
2.879275411272149636e-07
3.071148564627171464e-07
3.168241506277039499e-07
3.204768543708759615e-07
3.506936142283732707e-07
3.056949614499717771e-07
3.210319895200046689e-07
3.135355768918653222e-07
3.423238095636915431e-07
3.328332997701788944e-07
3.350419272395975793e-07
3.132775568620241452e-07
3.065790633115077736e-07
2.934244279154012725e-07
2.944584473832108697e-07
3.191395983417036344e-07
3.301718947256058900e-07
3.678384787638269701e-07
3.035863327855927402e-07
2.900524932090480727e-07
3.268341222042498120e-07
3.400555980827965793e-07
2.854055163558292761e-07
2.986140728000278062e-07
2.973658033895300086e-07
3.602597296196048070e-07
3.069900915352432269e-07
3.042795322425359386e-07
3.402573552424331030e-07
3.947009466077834069e-07
2.893496172287978073e-07
3.397981047675369098e-07
2.735110560125367604e-07
3.133821179412470133e-07
3.026992637331700708e-07
3.327770104632769934e-07
3.450924095636522832e-07
3.247607324190942332e-07
3.307165986890855293e-07
3.153163926057033429e-07
3.594498001570196012e-07
3.621926557521154794e-07
3.237656864111854884e-07
3.173607306328689040e-07
2.919198720483258716e-07
2.707631981821916825e-07
3.286947922974879033e-07
3.997009177570789517e-07
3.199343561022167653e-07
2.642230162968747792e-07
2.953024882613747034e-07
3.221642229627654776e-07
3.294202304445964055e-07
3.509427185980029354e-07
2.903837100586722732e-07
2.771773839341312614e-07
3.596865182645560589e-07
3.272182488253595829e-07
2.801778084893358050e-07
3.269184696631059600e-07
3.159479480934296808e-07
2.835979722442914757e-07
2.899386831986045576e-07
3.929658708913673446e-07
3.108429335687504316e-07
2.766583552839964413e-07
2.844618662392403664e-07
3.321749119954906282e-07
3.279251980367134753e-07
3.840881302031641211e-07
3.509634477455813472e-07
3.603124664148561709e-07
3.277995058515978872e-07
2.643919642124707283e-07
3.256869033221240247e-07
3.370358257147432903e-07
3.414174242335731158e-07
3.387155137923448811e-07
3.049532495247520195e-07
2.613496454334787759e-07
2.770733781043526628e-07
3.349435726095403612e-07
3.359397325349985659e-07
2.952060186205856394e-07
2.944439199140895381e-07
3.075369893081688994e-07
3.389086792090118196e-07
3.155902197441325618e-07
3.163937041648432845e-07
2.973932037649471598e-07
3.423888763530863026e-07
3.257876906615602000e-07
3.752181815186071055e-07
3.579829830995054086e-07
3.376288040962453783e-07
3.333711477084407332e-07
2.918844265769910666e-07
2.769086117100005393e-07
3.382695075150565245e-07
3.321155941134470307e-07
3.384355754510682790e-07
3.080888000910589429e-07
3.054960282198967084e-07
3.561127963911454238e-07
3.232264829393606636e-07
2.902150478716882170e-07
2.923847552305649808e-07
3.370009022435056171e-07
2.999261338363799871e-07
3.582248100400082965e-07
2.937135938169285077e-07
3.862917330278793350e-07
3.536171596934268876e-07
3.156030892368136061e-07
3.224222465748313848e-07
2.551011221116431196e-07
3.331227851449202951e-07
3.260873622421749681e-07
3.707491811886477385e-07
2.724700723403164511e-07
2.959461679017569589e-07
2.902138086213923158e-07
3.477955108006178138e-07
3.738210812827131268e-07
3.067183208462500540e-07
3.032806502223125075e-07
2.824838462692628279e-07
3.972281058104925007e-07
3.428391898201685439e-07
3.155664946522048875e-07
3.188931164242526439e-07
3.048101552902091256e-07
3.744543617697557609e-07
3.212127302478768920e-07
3.137328068661694914e-07
3.361385401633338815e-07
3.739662590672373048e-07
3.714581453463055161e-07
3.087075764121185976e-07
3.319479907828005519e-07
3.470427478124894893e-07
3.394432879373432689e-07
3.381270282071038866e-07
3.079983934866259859e-07
3.147595310028875752e-07
3.232519975980177320e-07
3.251645406082486280e-07
3.029231997539799981e-07
3.948299892415293362e-07
3.229057877533741201e-07
3.441235893765899314e-07
3.012795760233934145e-07
3.165407300070152876e-07
3.278002924185795000e-07
3.412684003067479037e-07
3.361254557732787809e-07
3.366606502631434116e-07
3.055142764340138991e-07
3.050676456432886994e-07
3.373016808452568141e-07
3.377382839078045675e-07
3.211510829298146365e-07
2.727503389440101852e-07
2.890708214669968394e-07
3.515600671376447971e-07
3.152069621300410170e-07
3.159450988606759210e-07
3.027752951845563505e-07
2.956041892226838255e-07
3.376478646572010483e-07
3.202491972494206282e-07
3.984837251979139779e-07
2.919515063058335018e-07
3.260096121069830813e-07
3.694746414660652012e-07
3.372520965572947518e-07
3.237326770195133337e-07
3.478377683301346114e-07
3.420796191656775245e-07
3.216905495557798712e-07
3.174079240996684823e-07
3.102430963262404157e-07
3.301990288819643212e-07
3.326913026523579965e-07
2.842588041152980006e-07
2.900080821127560911e-07
3.161520682768326740e-07
3.322975127451284833e-07
3.522826022919795535e-07
3.546913147607126240e-07
3.174874722450750677e-07
3.133039628496754836e-07
3.299258984597900108e-07
4.049433183274588517e-07
3.365445837436613340e-07
3.031915506117723138e-07
3.160703086640951681e-07
3.285306003856688681e-07
3.622810324267851442e-07
2.951057250043162192e-07
3.560094525038128613e-07
3.429984452136219325e-07
3.287910701663621264e-07
3.131479373460807240e-07
2.720887776740181104e-07
3.163126337847990282e-07
3.557502237238271421e-07
3.241712156070555271e-07
2.940157382188760992e-07
3.026418011628119984e-07
3.232095408207620807e-07
3.096508291759703135e-07
3.432886532998202120e-07
3.914210391764702130e-07
3.144303062273858777e-07
3.116002936629149457e-07
3.886107471979064889e-07
3.825633620852745378e-07
3.194712273463141242e-07
3.214200750397548921e-07
2.998511039355849537e-07
3.055864109844427340e-07
2.744695431664190830e-07
3.274494817769448956e-07
3.703950859551118033e-07
3.389968873897551582e-07
2.977091718933175745e-07
3.080250805261243833e-07
3.098130163011598923e-07
3.478328744302871866e-07
3.755396517160631159e-07
2.974273617750059701e-07
2.982819635496912643e-07
3.295619928473440407e-07
2.989808677876674946e-07
3.161323654353557860e-07
2.993697701919920607e-07
3.320509123792797395e-07
3.757398087648331576e-07
2.999508244222844184e-07
3.209037083813806863e-07
2.536090384284299631e-07
3.574147498501451488e-07
3.269280489149947315e-07
3.471025060854819456e-07
3.665754870045275284e-07
3.914563130163807225e-07
3.138623720915129179e-07
3.206259760011096603e-07
2.602432570491901304e-07
3.304542506428230007e-07
3.976450067052956487e-07
3.348652356931538548e-07
2.947189473281157085e-07
3.108369969797616384e-07
3.500669337299826313e-07
3.059675136458196461e-07
3.431508415072039432e-07
3.019278778929500534e-07
2.884945204627043431e-07
3.284977769572850743e-07
3.051943128573477107e-07
2.985483111821465448e-07
2.974345021801239480e-07
3.462481887144145984e-07
3.299544709623184479e-07
2.577336426588901961e-07
3.283439361715606187e-07
3.453723285074904755e-07
3.102801576073232950e-07
3.008700524487869044e-07
2.691122073122706250e-07
3.307031124716686317e-07
3.121236035502327733e-07
3.180446425396424260e-07
2.762299523310048756e-07
2.985886918877390133e-07
3.207011217305436788e-07
3.393432632499813375e-07
3.804146241835647928e-07
2.887059922065007185e-07
2.716176837108118966e-07
3.082539789079025364e-07
3.185488841417495661e-07
3.437103059265158124e-07
2.412021096847728176e-07
3.146604715234771093e-07
3.057027759739620509e-07
2.698707156156220308e-07
2.774628991729890941e-07
3.230365903213335202e-07
3.441106704702987095e-07
2.653752891475175327e-07
2.766861730767514146e-07
3.402687466742471922e-07
3.234473037801745837e-07
3.404274308113271003e-07
3.294071288296705129e-07
2.937613117102083758e-07
3.713429037576214042e-07
3.587933780066357853e-07
2.907081674220856846e-07
2.961266555652627071e-07
2.964201099566524854e-07
3.376069069556362990e-07
3.567608386901470885e-07
3.022738621927547347e-07
3.023661236532037430e-07
2.925885881559562502e-07
2.648391450790627997e-07
2.880980485073986812e-07
3.433673901612605598e-07
3.371793177758318504e-07
3.334395017515353192e-07
2.694048243686627716e-07
2.978516799668508261e-07
3.261053765205979984e-07
3.204474133103572923e-07
3.326668993039743973e-07
3.397186697912290037e-07
3.167179248620512449e-07
3.057784996135538579e-07
3.458517699717985724e-07
3.514570329071246727e-07
3.186930174744041906e-07
3.218867889900654992e-07
3.009880793915059508e-07
3.265277305532853860e-07
3.717884978797212953e-07
3.122241185564299539e-07
2.848990184697331867e-07
2.942099706240023256e-07
2.841680757020410647e-07
3.138056773095642484e-07
3.142469135455919970e-07
3.308051060707922251e-07
4.171514627748546321e-07
2.992552195055437950e-07
3.030286244498270829e-07
2.659348865602056102e-07
3.701290611931296808e-07
3.375836258188271241e-07
3.248803052739519248e-07
3.000358035789594611e-07
3.122936234918069823e-07
3.235837026281017429e-07
3.266755717212747451e-07
3.043200293461069934e-07
2.995008384882084802e-07
2.875799277255291264e-07
3.353444989259507902e-07
3.364509006538505210e-07
2.685147973431748137e-07
2.524977141430096385e-07
3.590955389770168166e-07
2.866703086053773237e-07
3.285119238581407346e-07
2.899324983506396233e-07
3.389686624570523485e-07
3.553542480120633571e-07
3.113064173250708360e-07
2.933792507752641399e-07
3.908428360651271873e-07
3.199127289655277281e-07
3.043442300128986997e-07
2.901113396297574903e-07
3.141127490886351334e-07
3.072929956869204327e-07
3.779707849075436318e-07
2.883816086818301842e-07
2.585861138129514349e-07
3.012750259402106089e-07
3.174015983684148064e-07
2.833225169225998202e-07
3.549798742485831919e-07
3.231115513886261286e-07
2.700607336612968162e-07
2.837054254041497186e-07
2.687067632959915201e-07
2.740725348184352080e-07
3.152696486373925413e-07
3.282566094153759943e-07
3.156697059149593869e-07
3.922620855164010341e-07
2.994257020550173326e-07
2.977570919206424628e-07
3.361230573369943807e-07
3.526732916818698020e-07
3.565045955348245852e-07
2.914131473970578849e-07
3.133654454681163583e-07
3.052996045117168037e-07
3.520701876797555261e-07
3.569748377180886151e-07
3.410941491744352733e-07
3.447767024811521904e-07
2.869137796764122583e-07
2.970494647936753683e-07
3.017785334141223673e-07
3.477038346550305971e-07
3.380379210392911094e-07
2.763374884505070642e-07
2.992610951020458668e-07
3.248617247344934158e-07
3.075021789014342009e-07
3.133800084671747688e-07
3.245856251664585262e-07
3.803420030332485211e-07
3.753141780143737310e-07
3.071870646304686756e-07
2.628451870477014137e-07
3.699534703244830640e-07
3.421114621710805850e-07
3.170393434775949061e-07
2.969054611468980409e-07
2.922732174024620195e-07
2.871294139726487199e-07
3.130015872337177214e-07
2.960029872726644977e-07
3.243546168518964831e-07
3.438764114314344154e-07
3.501742487184783556e-07
3.127190676605372174e-07
3.171474852161263725e-07
3.376553166929880644e-07
3.317772675426928539e-07
3.218996132621230967e-07
3.187437261367675221e-07
2.995273063408731143e-07
3.228435516460327317e-07
3.939632990545453928e-07
3.177819472728754749e-07
2.970616469976469756e-07
2.908006645539258878e-07
3.267682358953464463e-07
3.030716417852771485e-07
3.450096166036381626e-07
3.370578138289060547e-07
3.418662921477347478e-07
2.928922273577823256e-07
3.558688590727827485e-07
3.652768490617378002e-07
2.916628416122284674e-07
3.218754190445451185e-07
3.423303030719714460e-07
3.210734436017890609e-07
3.455410137156079813e-07
3.248189890511235254e-07
2.900256522947315866e-07
2.697798558283475869e-07
3.393362961259690760e-07
3.218169266003030745e-07
2.704855326221979781e-07
2.915322170617608375e-07
3.204072460400643514e-07
3.186670530217783662e-07
3.520368315864837731e-07
3.364601574643750371e-07
3.185002180882530476e-07
3.955383134314442008e-07
3.148966461055717020e-07
2.787211891802580564e-07
2.826597112261955181e-07
3.613682095001010377e-07
3.189856220100894068e-07
3.296646350316083384e-07
3.228786159029249939e-07
2.914413033386264441e-07
3.325090338635112225e-07
3.302835450430642786e-07
3.373432073430228417e-07
3.001454256090072378e-07
2.617896051696298489e-07
3.166073008638375784e-07
3.689990155890499081e-07
3.241690857286179925e-07
2.852858431709739087e-07
3.100026906493005309e-07
3.082833954566650405e-07
3.260535476888620253e-07
3.408637697456716478e-07
3.559147286917127411e-07
3.421567006598823757e-07
2.759785123683887793e-07
2.663462657736673506e-07
3.237868682311736452e-07
3.397472503673749033e-07
3.260110796983636191e-07
3.561099649677970871e-07
3.133524860282673970e-07
2.977049154139590442e-07
3.340403218869469316e-07
3.481952093978526385e-07
3.152187116134576521e-07
3.186764248753904891e-07
2.723585865138000124e-07
2.890227255086407587e-07
3.265277679195636366e-07
3.309732769737068606e-07
2.715093638989278959e-07
3.056975358405544649e-07
3.325227036967204131e-07
3.018020392067568256e-07
2.915268161090222010e-07
3.258295435689116212e-07
3.790002916918131430e-07
2.998732605912295975e-07
2.744877742399386954e-07
3.010430187355553549e-07
3.617149549580372489e-07
3.323910777203724741e-07
3.298163280158343731e-07
2.749297272843872388e-07
3.004571808114545123e-07
3.497426249474335588e-07
3.453751834318889537e-07
3.540920216630095754e-07
2.951363046457360645e-07
2.985534835333185905e-07
2.970254213201952554e-07
3.514341216986518706e-07
3.319687104962871981e-07
2.752660440965053212e-07
3.051690542291669164e-07
3.197931023369789387e-07
3.198362299888640247e-07
2.880606040282040471e-07
2.852874859729217016e-07
3.419301225272874969e-07
3.315316062589147916e-07
2.790538539353031520e-07
2.554125351747099880e-07
3.169592338984908582e-07
3.145105824484160349e-07
3.283917720203190103e-07
3.347062285623676592e-07
3.336103235393108948e-07
2.606055515449334157e-07
3.195044204849769345e-07
3.488190019705488255e-07
3.757880869060797173e-07
2.908978322453970002e-07
3.152696540426068746e-07
3.815085107267303147e-07
3.565129097407705183e-07
3.044528985666611048e-07
3.173138613773831984e-07
2.811387165296498500e-07
2.875001077499363607e-07
2.803094135150081963e-07
2.864389028264760963e-07
3.697614742949318929e-07
3.227311166296819144e-07
3.154002080238938916e-07
3.169711222150734236e-07
3.257876096924002169e-07
3.550195316261597936e-07
3.742196664839016952e-07
2.988067807171042138e-07
3.499924607203793426e-07
3.400724106320876508e-07
2.956304736498648293e-07
3.193918522210921673e-07
2.990563351480489437e-07
3.194096715617767058e-07
3.586180202157425560e-07
3.141013135068738712e-07
2.826348749052296517e-07
2.644463894439945466e-07
2.990514382602080412e-07
3.050335397239759996e-07
3.861002224648023494e-07
3.347773823556853506e-07
3.319318706234907241e-07
3.113669356707935686e-07
3.414760142545412931e-07
3.281576131468072923e-07
3.061292352217796225e-07
3.744283652814720626e-07
3.022067390024626229e-07
2.863483608828549234e-07
2.839131088030273132e-07
3.532859174100014487e-07
3.286000718956423785e-07
3.278476683306433595e-07
3.071861495696540024e-07
2.822439000099646847e-07
3.263965791684995652e-07
3.318029509374065458e-07
2.871423251261386433e-07
3.635874601424607637e-07
3.280419584436951014e-07
3.100355162556952938e-07
3.473997709159158503e-07
3.330745792248075117e-07
2.963002749595680118e-07
2.958768526068418151e-07
3.098376239080171824e-07
2.996503298916806251e-07
3.401588582650018112e-07
2.884075561686535258e-07
2.861545233620427934e-07
3.290702916884377983e-07
3.330114577598723372e-07
3.297458551964864415e-07
3.503183030532540876e-07
3.110490626339739935e-07
2.639815473170057984e-07
3.336040272266519540e-07
2.835005262827132005e-07
3.698832377778291546e-07
3.216345141286246712e-07
3.178763151949731258e-07
3.133652811718961127e-07
2.953758102071603134e-07
3.573483170440145218e-07
3.394234879123090660e-07
3.675562076270204760e-07
2.823882985848374416e-07
3.043980216228470634e-07
3.186604119177413300e-07
3.861440937853499565e-07
3.243164390877206724e-07
2.929354862345304645e-07
3.049348779769342122e-07
3.191288549773635228e-07
3.290141357492853689e-07
3.623952604073278479e-07
3.635543961828193641e-07
2.982753573895260345e-07
3.135876843947115901e-07
2.705359014463000117e-07
3.000712641400917773e-07
3.341871296875365554e-07
3.160877143462671079e-07
3.302625877525108017e-07
3.401181291397468243e-07
3.052554084148052563e-07
2.923297035257942784e-07
3.232544575860903203e-07
3.652152235140110583e-07
3.370853886913634936e-07
3.103051681098260526e-07
3.031267468526830179e-07
3.094523007356576308e-07
3.529254396996932566e-07
3.538238090733171348e-07
3.271527419627697340e-07
2.865162656147125137e-07
3.602574831356018218e-07
3.509702310810674749e-07
3.482692448978967910e-07
2.839926396490908052e-07
3.377071213791645678e-07
2.880567888146737427e-07
3.064635888117980689e-07
3.265748299236767627e-07
3.347109297615818738e-07
3.670342332171384588e-07
3.726765401093653156e-07
3.019498244781813569e-07
3.024735022622085573e-07
3.761255263403069648e-07
3.593232255805800094e-07
3.420943605211661391e-07
3.238080987395714340e-07
2.917325212202869771e-07
2.558024475684848226e-07
3.506883608566702290e-07
3.408961574201506007e-07
3.204933442423546952e-07
2.848722380937156736e-07
2.718110415293880359e-07
3.370036088442055236e-07
2.666520471329829381e-07
4.024238017556982815e-07
2.950331588515124641e-07
2.932067584335902450e-07
2.981527267293354909e-07
3.352031733664164006e-07
3.629376387758980625e-07
3.334919004123835099e-07
2.998920593758727483e-07
3.108681065313102989e-07
3.135481473841825401e-07
3.242881486345646911e-07
3.019810626106159362e-07
2.814667057975644268e-07
3.317223265626740099e-07
3.592225352981153045e-07
2.774189095209209926e-07
2.678342532159137863e-07
3.285918818804675085e-07
3.131612400568753818e-07
3.313201909808853081e-07
3.634279931095427920e-07
3.247553589565016857e-07
3.539117904428583706e-07
2.942350706079750269e-07
3.492164121413731414e-07
3.043244547742347254e-07
3.125428114714943761e-07
2.921106332664943063e-07
3.340058517190194240e-07
3.088581576589792045e-07
3.065020812670235135e-07
3.542577876049663527e-07
3.291975986586863620e-07
2.879988200360419856e-07
3.258396298679413623e-07
3.060086499491688630e-07
3.555991705953282542e-07
3.723213748173653496e-07
3.601137379797569915e-07
3.454032079858982773e-07
3.264393340348942862e-07
3.036833563013741915e-07
2.983830929439803104e-07
3.213188530381774587e-07
3.194892921283965729e-07
3.610984779243193618e-07
2.869474500821134647e-07
3.292276793079461224e-07
3.580186102671801445e-07
2.719261596429457223e-07
2.922911625366211126e-07
2.952467699159090931e-07
3.322814874513586607e-07
3.491937211379780312e-07
3.154820164905126744e-07
3.296748265690930052e-07
2.773959999361871628e-07
3.623891397903242549e-07
3.504344655213652358e-07
3.024919968092099005e-07
3.377623056458894876e-07
3.329090574585036477e-07
2.904890415950640096e-07
3.258197736393873324e-07
2.930503807830816378e-07
3.605788451597668872e-07
3.642703831248300298e-07
3.151561669149024017e-07
3.198803543414530001e-07
2.890075766217751361e-07
3.486503914658540167e-07
3.136114025930164127e-07
2.884284640094666348e-07
3.094070157340736796e-07
3.473439967004595358e-07
3.607735405745384751e-07
3.290851037986118470e-07
3.505213222354875167e-07
3.207930060634169345e-07
3.320077586649902539e-07
3.601618832974963594e-07
3.797231990451513812e-07
3.250155575494046389e-07
3.098727496759605889e-07
3.125715356635244854e-07
3.023403055469645251e-07
3.280790286906813902e-07
3.866559773522782110e-07
3.175886425382882444e-07
2.632759950314415879e-07
2.949731155301937856e-07
3.325403348770143459e-07
3.251641016835188301e-07
3.188280768307360985e-07
3.017271363880624037e-07
2.795051160698672060e-07
3.410372529629976069e-07
3.396330355592973134e-07
3.458848316391865458e-07
3.697656064612546541e-07
3.163009130009338769e-07
2.893960873417557489e-07
3.060516195645085628e-07
3.891180615976589701e-07
3.167313856910174187e-07
3.398301828930265895e-07
2.942636502136167277e-07
2.796851321830294287e-07
2.821006870926885081e-07
3.372031385854930254e-07
3.130627193614592817e-07
2.919975498968927711e-07
2.861407807064126836e-07
3.206635467204631560e-07
3.150792048828733042e-07
3.334696917100628211e-07
3.618918479975275109e-07
3.037527436091621680e-07
3.143593035734843220e-07
3.082719446571395470e-07
3.493211890101471692e-07
