  35 0.62624
  22 0.17256
  18 0.15236
  17 0.04329
  9  0.01027
  30 0.00914
  11 0.00850
  26 0.00779
  23 0.00435
  32 0.00181
  28 0.00162
  19 0.00115
  34 0.00041
  36 0.00028
  31 0.00027
  27 0.00027
  20 0.00026
  15 0.00025
  1  0.00024
  13 0.00023
  33 0.00020
  21 0.00019
  38 0.00016
  16 0.00015
  12 0.00015
  2  0.00015
  14 0.00012
  7  0.00012
  4  0.00011
  25 0.00011
  10 0.00011
  39 0.00011
  37 0.00010
  5  0.00010
  24 0.00010
  29 0.00009
  3  0.00009
  6  0.00009
  8  0.00002
