1.00001416985795170000
1.00003420211319540000
0.99455967622348851000
1.00025014263085080000
1.00001072242394160000
1.00029757765150640000
1.00054442725914060000
1.00007473229722810000
1.00002127471579660000
1.00067697711831420000
0.99707850267495113000
1.00007630605569500000
1.00105211534932390000
1.00014612041539100000
0.99944474593665023000
1.00003689992685190000
1.00001877870862770000
1.00000582638253690000
0.99999536475630102000
1.00001037372365030000
0.99996756683708132000
1.00000961349816460000
1.00001144161631590000
1.00006973728411030000
1.00006028831353100000
1.00001651367915260000
0.99999995159771748000
0.99997761158567966000
1.00000862978808840000
1.00000060541610810000
1.00000742326601940000
1.00000943792414270000
1.00070582364897410000
1.00011973928789780000
1.00711807121676600000
1.00213626249994080000
0.93948207772044123000
1.00010304958575350000
1.00001424826413540000
1.00017078287170350000
1.00001151938724140000
1.00110301118368670000
0.99993345072106599000
1.00185140590206420000
0.99734231189488498000
1.00001214591571870000
1.00001039028463690000
1.00180221573722240000
1.00015072296556770000
1.00006250489200980000
1.01645099067802240000
1.00082293855552740000
1.00003454749389480000
1.00851017867989400000
0.99896694868309210000
0.99959795667999740000
1.00062205532537880000
1.00001331958193610000
1.00023356199548160000
0.99907930695566205000
0.99995963124019072000
1.00001085406890370000
1.00001250975631390000
1.00006644574616210000
1.00010721120344330000
1.00006935980018750000
1.00012875846462680000
0.99996856914368504000
1.00001071572760350000
0.99983661221971409000
1.00002509407822800000
1.00019610308558130000
0.99988125683905538000
1.00000062233326740000
1.00002093292940320000
1.00001094807566140000
1.00002046740416150000
1.00008911041149370000
0.99999604266933861000
1.00004118739834150000
1.00000980028076050000
1.00000899867485240000
0.99563930408891055000
1.00012113527667550000
0.99893702629681447000
1.00060459431881620000
1.00001025136278240000
1.00002696567443050000
1.00011641804529900000
1.00008223312929330000
1.00050189730802130000
1.00012941150128380000
1.00008733883159700000
1.00114526663635430000
0.99932575512869626000
0.99587451674484062000
0.99871348798796644000
0.97279626578518008000
1.00388934888368400000
0.99954660194605549000
1.00004224705228140000
1.00001962657398580000
1.00002207578006950000
0.99994132240984190000
1.00001036014914770000
1.00001109384731590000
1.00001007022396760000
1.00001009477506100000
1.00001065674248960000
1.00003018359329520000
0.99999137128309601000
1.00001140567856670000
0.99999770222441076000
1.00001053374503450000
1.00001118032419420000
1.00001122920522920000
1.00001690489827590000
0.99920225696436304000
0.99983921577609502000
1.00000930396992270000
0.99990102957113325000
1.00001107308429130000
1.00001475462892530000
0.99752909865378703000
1.00277937825764970000
1.00062970648860160000
1.00001314292079280000
0.99999952432279748000
0.99992770253547780000
1.00002755784270310000
1.00019441274729970000
1.00007105930510520000
1.00001138875978700000
0.99811690452054058000
0.99992558739201487000
1.00003469943741340000
1.00002793450146330000
1.00001518781715550000
1.00007725817720860000
1.00000990203112040000
0.99909153480151736000
0.99772025568104572000
1.00057334711194850000
0.99954730222189625000
1.00036467094527430000
0.99951225578818459000
1.00000956654920150000
1.00002898105483840000
0.99996223449669619000
0.99997925812006383000
1.00111225571209640000
1.00001069767107700000
0.99997408121804443000
0.99995903014806276000
1.00000986493428630000
1.00048571693415060000
1.00008912878402630000
1.00041801620436740000
1.00000962238128620000
1.00001118944318380000
1.00001127029041270000
1.00000951798363150000
1.00000991436806830000
0.98824733244021756000
0.99085932159749268000
1.00512195482416480000
1.00053365438437570000
1.00006678158664510000
1.00000959428564480000
1.00000954046481220000
1.00000541846059550000
1.00000995755330720000
1.00000985733491230000
0.99995388328676615000
1.00001073303023990000
0.98497667042407255000
0.99992592630419230000
0.99998675700276107000
1.00105076768655500000
1.00018154260851460000
1.00003565482559860000
0.99620413755151882000
0.99988150981946267000
1.00000937680624260000
1.00007786042494210000
0.99990206732901088000
1.00001643351458580000
1.00001024642720830000
1.00000958962636230000
1.00001094456064930000
1.00000762236755490000
1.00001185274457430000
1.00001090371577140000
1.00001028588715420000
1.00001025091115440000
1.00000202520089830000
0.99998710641214206000
1.00001061000927270000
1.00001002842552530000
1.00001958311880570000
1.00002016657758700000
1.00001719647145930000
1.00001304115504500000
1.00001052030008370000
1.00001001830736060000
1.00001076529928420000
1.00001075090081630000
1.00000940788329060000
1.00000977207559600000
1.00001038354703040000
1.00001031627328780000
1.00000988983060090000
1.00001044828284960000
1.00001036854283450000
1.00000994656875020000
1.00000932310287060000
1.00001010863333750000
