1.000000004920740704e+00
1.000000001732715083e+00
9.999831780923991165e-01
1.000075430932644283e+00
1.000000964974484763e+00
1.000000007379399758e+00
1.000000008270958141e+00
1.000000005543594916e+00
1.000000005466452846e+00
1.000017710577815633e+00
1.001215422865566529e+00
1.000000565057565183e+00
1.000000038122757839e+00
1.000000039030374710e+00
9.989924138170339640e-01
9.999999986931563667e-01
1.000000116301624109e+00
9.999773461257157603e-01
9.999978191794820503e-01
1.000000002109205477e+00
9.999998957490473517e-01
9.999999979048845855e-01
9.999999468177807049e-01
1.000000011128997501e+00
9.999630210181035261e-01
1.000000207607756764e+00
9.996828493364996460e-01
1.000000010702434272e+00
9.999999851318405186e-01
9.999998261301703550e-01
9.999971467263537583e-01
9.627845182288280457e-01
9.979165090311515884e-01
9.977764460518140366e-01
9.998174207008526659e-01
9.896613592289150718e-01
9.875176815651103279e-01
1.000000008515770755e+00
1.000000005688977733e+00
1.000000000025098146e+00
1.000000004417021193e+00
1.000000030751768909e+00
1.000030270478313277e+00
1.000539337366781467e+00
1.000655349326240895e+00
9.999991538814286818e-01
1.000032453876935845e+00
1.000000005744913656e+00
9.999999948158982965e-01
1.000000003847915320e+00
1.000418018863922009e+00
1.025023264971381742e+00
9.999998698598059343e-01
1.000000543702193490e+00
9.999483716030412861e-01
1.016622461047058890e+00
9.991501850244736138e-01
1.000000002892712070e+00
1.000000010077548573e+00
9.999947104518747132e-01
9.999999664600422999e-01
1.000000016155694338e+00
9.999999965844381666e-01
1.000001394269528054e+00
1.000002171727564226e+00
1.000000962218779099e+00
9.999308719863294614e-01
1.000053085852392609e+00
9.999999952081805032e-01
1.000000602648508430e+00
1.000000007287325410e+00
1.000000044023751089e+00
1.000075239630684232e+00
9.999835328212908214e-01
1.000000873878935881e+00
1.000000097429150303e+00
9.997032180032754400e-01
1.000000013343805172e+00
1.000000432814081908e+00
1.000001636593110144e+00
1.000000006259217811e+00
1.000000256378990704e+00
9.996493409942163177e-01
9.988745452732061825e-01
9.999999515961037755e-01
1.000271448195473756e+00
1.000003383008156499e+00
1.000006478659482667e+00
9.999999990237505854e-01
1.000000004897908301e+00
1.000000007828042436e+00
1.000000004030193734e+00
1.000000008886678504e+00
1.000043578326563765e+00
9.999980181468733909e-01
9.998955527553002876e-01
1.010545770176866531e+00
9.999002549461716294e-01
1.000000288737384890e+00
9.913204085015466793e-01
1.000000000954256452e+00
1.000000253587287391e+00
9.999307215746348065e-01
9.999380515780983414e-01
1.000000003751183586e+00
1.000000005974686301e+00
9.999999920018368682e-01
9.999999892775338628e-01
1.000000008527699880e+00
1.000000010122537919e+00
9.998773728294555463e-01
9.979608141700898605e-01
9.999996281057043079e-01
1.001743451696148979e+00
1.006675696360874506e+00
1.000000089860539232e+00
9.987992879230156440e-01
9.755504687874130276e-01
1.000390213399533934e+00
9.958559246150801014e-01
9.999999982075228333e-01
9.999999977190847655e-01
9.999999990338467315e-01
9.999999946117068550e-01
1.000000022221387397e+00
1.000000001615474865e+00
1.000000000989850202e+00
9.999999992182153630e-01
1.000000008965377107e+00
1.000000004643760265e+00
1.000000006730555446e+00
1.000000004682593868e+00
1.000000007784309641e+00
1.000008514822304351e+00
9.999999806809511949e-01
1.000000006070257408e+00
1.000000164881552633e+00
9.999959363112338462e-01
9.999999838867180690e-01
1.000000001746649492e+00
9.999565908928513824e-01
9.999843615022938614e-01
1.000047591174502815e+00
1.000000039529337137e+00
1.000000609100437865e+00
9.999992386168448100e-01
1.000000009741295548e+00
1.000007492037764845e+00
9.999999138523193443e-01
9.999999903309643168e-01
1.000000022494388796e+00
9.999998924735152839e-01
9.817964444780946653e-01
9.573700807154758019e-01
1.001892963261269420e+00
1.053876635916543236e+00
9.991400420116071102e-01
1.000013227667013505e+00
9.761236083813303877e-01
9.998617916710901277e-01
1.003445955957363633e+00
9.998990388589327205e-01
9.982927477370754366e-01
1.000013466757328384e+00
1.000914628109017324e+00
9.991413420441620508e-01
9.999997065368322335e-01
9.795458093399012078e-01
1.000000002411956190e+00
1.000000004270175991e+00
1.000027486448938019e+00
9.999999962154869637e-01
9.998793253665736458e-01
9.999999824096839074e-01
1.000000006643947170e+00
1.000038994828742034e+00
9.999614276348002262e-01
1.000000864955731483e+00
1.000020516759066336e+00
1.000003258121525240e+00
9.999999985461976992e-01
9.999823992262995009e-01
1.000006356535571461e+00
1.000000003491024803e+00
1.000000061147069852e+00
9.999677891386523632e-01
1.000003578082320210e+00
1.000000004643495366e+00
9.999999954872533792e-01
9.999999953476723658e-01
1.000000014354538891e+00
1.000000020241443188e+00
1.000000011220996576e+00
1.000000002974094526e+00
1.000000005749666077e+00
1.000028399466349693e+00
9.999999876946030763e-01
1.000008072863778130e+00
9.999612807568328821e-01
1.000000013832928802e+00
1.000000018956811010e+00
1.000000022937155286e+00
9.999999845523889208e-01
1.000023249719312224e+00
1.000000000036057157e+00
1.000000262500868153e+00
1.000000048956554810e+00
9.999999851216353486e-01
9.999999918350590544e-01
1.000000013460025983e+00
1.000000005388649527e+00
1.000000003261699577e+00
1.000000002657850828e+00
9.999999955305370891e-01
1.000000005703411743e+00
9.999999469015119491e-01
9.999999883210747287e-01
