9.999833876586897707e-01
9.999251893356959631e-01
1.002793960337975410e+00
9.995333109430963869e-01
9.999981540853254414e-01
9.998898360424280929e-01
9.996072590494839982e-01
9.999688671416745445e-01
9.999941822988962503e-01
9.987644240036364085e-01
1.000529799710847767e+00
9.996867146051549025e-01
9.995603875330854038e-01
9.996990203634973371e-01
1.000365314764157132e+00
9.999847885699802985e-01
9.999857332797277287e-01
1.000021390039731450e+00
1.000008925788849812e+00
9.999993332221042142e-01
1.000100897956467394e+00
1.000000564256317448e+00
1.000011595925371477e+00
9.999002723177580210e-01
9.997101414454366841e-01
9.999480457279107393e-01
1.000052187712946683e+00
1.000002160206915125e+00
1.000007434614724300e+00
1.000017100233995704e+00
1.000002389121613433e+00
1.000003462361152673e+00
9.993556243305110609e-01
1.000011668804655862e+00
9.930656098791357245e-01
9.984590884772432950e-01
1.052925552270447485e+00
9.998653226546129202e-01
9.999959178625452694e-01
9.997413372667127707e-01
9.999970814736190983e-01
9.965620288867881316e-01
9.999615566281615520e-01
9.960618890123715818e-01
1.000257624874632656e+00
9.999980339018772479e-01
9.999946096414145114e-01
9.993287601956643007e-01
9.999310782203244541e-01
9.999817530563219758e-01
9.841094947373768553e-01
9.961176861334372079e-01
9.999937011180709545e-01
9.961063071064581997e-01
1.000587066038278294e+00
1.000702528481950848e+00
1.000046004803065047e+00
9.999990989691072141e-01
9.998844779776862035e-01
1.001075559169779972e+00
1.000084093084284920e+00
9.999983813539806699e-01
9.999999096988068104e-01
9.998420444759288372e-01
9.995793222097580921e-01
9.998783798622943308e-01
1.000022912505830197e+00
9.999882733500176091e-01
9.999995158519764393e-01
1.000197913381482673e+00
9.999775471103791169e-01
9.996550061500404372e-01
1.001863955254084004e+00
1.000238880853368206e+00
9.998281558047105166e-01
9.999986104054944258e-01
9.998523111514162620e-01
9.998413395690366468e-01
1.000078415100287499e+00
9.998565960271726949e-01
9.999996680120556425e-01
1.000001067212564099e+00
1.001758555400018347e+00
9.984277739362874549e-01
1.000838901175204354e+00
9.986371507149833793e-01
9.999992079241429854e-01
9.997282111512888481e-01
9.999755064238533553e-01
9.999793675767225665e-01
9.996468525688050333e-01
9.999139752750817456e-01
9.999544931179132901e-01
9.993553322257697769e-01
1.000800530855110893e+00
1.007317761036562231e+00
9.960807719883457700e-01
1.010939045073472098e+00
9.979389004048396794e-01
1.000326389489353263e+00
9.999779902411704002e-01
9.999745997525089081e-01
1.000009196551884250e+00
1.000039308597581389e+00
1.000000035543950672e+00
9.999988121691317788e-01
9.999998581822997501e-01
1.000000870216714022e+00
9.999997201951894565e-01
9.999575216848514136e-01
1.000239051840957627e+00
9.998626356517473779e-01
1.000061945961321586e+00
9.999506293499992315e-01
9.999012867847006936e-01
9.999759580764845390e-01
9.997713047632874606e-01
1.007209034989359875e+00
1.000100473219855068e+00
1.000004752931097363e+00
1.000022964547934601e+00
9.999998372803954316e-01
9.999982704144038115e-01
1.001095551395836170e+00
9.984747245592873188e-01
9.995776867760427509e-01
9.999980036749799295e-01
1.000010929468094112e+00
9.999733875712972786e-01
9.999950116594451544e-01
9.999482038978969589e-01
9.999435122167640300e-01
9.999995292416604675e-01
1.001478546715925733e+00
1.000090902714090513e+00
9.999654055515000417e-01
9.997960603676671054e-01
9.999660489240480565e-01
9.999480351851341986e-01
9.999988277741961307e-01
1.001615819807313290e+00
1.001913012618776522e+00
9.990943989347930154e-01
1.000359140960186854e+00
9.997189602235123651e-01
1.000732525260760175e+00
9.999992680038516379e-01
9.997744455670276587e-01
1.000069569124722557e+00
1.000033769437561615e+00
9.994246087224633035e-01
9.999882810044985471e-01
1.000097414146108754e+00
1.000207308508876514e+00
1.000001950112998417e+00
9.962911942175689539e-01
9.981945939208662910e-01
9.992827735016414081e-01
1.000051570273903012e+00
1.000001290934251053e+00
9.999932469031584947e-01
1.000003039991100628e+00
1.000001927017219128e+00
1.005623931813159011e+00
1.004419205073940224e+00
9.970962029789212089e-01
9.996915000276901386e-01
1.000293585694858489e+00
1.000002746385604269e+00
1.000000016849923234e+00
9.999752995438319081e-01
1.000001160194363248e+00
1.000560378032414599e+00
1.000176484725344039e+00
9.999999521181902606e-01
1.005218314923694178e+00
1.000108065723000816e+00
9.999453889061195033e-01
9.985707579156293257e-01
9.998581709275147222e-01
9.999894439152259284e-01
1.002665866744915535e+00
1.000054063994710418e+00
9.999994561521252656e-01
9.999252210919811201e-01
1.000374233998916340e+00
9.999730052589484997e-01
1.000004144713003917e+00
9.999998123364844949e-01
1.000000083900483894e+00
1.000031847917753680e+00
9.999778965202186232e-01
9.999805660405679530e-01
1.000000004413498456e+00
9.999996528606727164e-01
1.000021276494592826e+00
1.000032123313014054e+00
1.000000573150442218e+00
1.000012015516934305e+00
9.999780846741981311e-01
9.999769674845754297e-01
9.999834072570037424e-01
1.000005425905322376e+00
1.000002705631649835e+00
1.000001061258729562e+00
9.999997768491744043e-01
9.999993228403796230e-01
1.000000002535303079e+00
1.000000023635860602e+00
1.000006415765582579e+00
9.999973548314013971e-01
9.999998547346060640e-01
9.999967659073324411e-01
9.999997284579213996e-01
9.999999885268295863e-01
9.999999888087198752e-01
9.999999224049168633e-01
