9.987913450098578894e-01
9.998483576940757622e-01
9.996970357654362260e-01
9.999069830546211124e-01
9.999930035806952056e-01
9.991948481345263033e-01
9.973373470737885160e-01
9.977641988697486530e-01
1.005932706920147801e+00
9.999999998934878676e-01
1.000738625516507829e+00
1.003413116209588507e+00
9.993086586537278659e-01
9.988602164592644828e-01
1.011745449260238017e+00
1.015370445882816552e+00
1.021584317784042462e+00
9.994809352994976637e-01
9.998875685130538260e-01
1.011194057283632874e+00
9.998733283294782836e-01
9.911575944461495924e-01
9.999999998680544344e-01
9.974095428453553236e-01
9.999832291541902451e-01
9.999998311445157384e-01
9.999986512602316857e-01
1.000000137736297701e+00
9.999307796164126350e-01
1.000036664039934298e+00
9.999711057413313009e-01
9.999427914993195277e-01
9.984261157125937647e-01
