9.978749478290727115e-01
9.969591901225691721e-01
9.994529062986298173e-01
9.991922470960618030e-01
1.000107258772554575e+00
1.000296014231919273e+00
9.982339187199502639e-01
1.000169242454512109e+00
9.972886399965258386e-01
1.000000000000000000e+00
9.984705204631224573e-01
9.938592907652991082e-01
9.993448722589541866e-01
1.001049521498733830e+00
9.855442057838638137e-01
8.932496803695445520e-01
1.007105616332376385e+00
1.001498400491955154e+00
9.989272017807780957e-01
1.000048994193798890e+00
9.984015374781989305e-01
9.929094906390851794e-01
9.987701502902991413e-01
9.995713207246795795e-01
1.000105997807015035e+00
9.973995683893595032e-01
9.991348043871333129e-01
9.990041235757489702e-01
9.995435499774275590e-01
9.995383381586105953e-01
1.000222726596437628e+00
9.995923951251087791e-01
1.005274720963756696e+00
