1.000221407942574858e+00
1.000028410561087044e+00
9.993335121209345751e-01
9.994423582140347095e-01
9.997350282194359394e-01
1.000633840702582100e+00
9.997637452958033633e-01
1.000696024177581522e+00
9.990511046344600077e-01
1.000000000000000000e+00
9.995932444000821260e-01
9.983543351173357339e-01
9.997290101949832808e-01
1.000375500973576415e+00
9.839747513423386938e-01
9.372444810385965885e-01
9.930549347205634980e-01
9.999164482129453413e-01
9.994715305032185748e-01
9.997008013372888913e-01
9.996085125598909160e-01
9.936142587061904674e-01
9.996893969848851258e-01
9.993225580957225684e-01
9.998310836083468267e-01
9.999743303323481713e-01
9.995751495646107987e-01
9.998341011477299700e-01
9.999849468207800962e-01
9.997633955145981410e-01
9.988392178401640509e-01
9.999126033128571400e-01
1.000427704339113655e+00
