9.999987542363700799e-01
1.000001094840053950e+00
9.998210393205720914e-01
1.000228914653829904e+00
1.000001585982583485e+00
1.000000976293802690e+00
1.000000531868915354e+00
1.000000753763856221e+00
9.999998221597009573e-01
1.000683798052220963e+00
1.000432341249754886e+00
9.999994362445009388e-01
1.000002916564776800e+00
1.000002378788092727e+00
9.988806120277125000e-01
1.000000860939200376e+00
1.000002860863573373e+00
9.999507424231240948e-01
9.999950602363959495e-01
9.999993140665693891e-01
9.999878292900329368e-01
9.999998337553551719e-01
9.999952512004844918e-01
1.000001733387909431e+00
9.998211654127682202e-01
1.000011077130880555e+00
9.992246965429490979e-01
1.000001809654609941e+00
9.999973267127471033e-01
9.999987993834000832e-01
9.999921968691707352e-01
9.836907337526138440e-01
9.999715077875166447e-01
9.999739597228413102e-01
9.999861848369009376e-01
9.998752470962959382e-01
9.705546121461742226e-01
9.999984173363104523e-01
9.999997358962785521e-01
1.000000462254184930e+00
1.000000586758520882e+00
1.000000310134394832e+00
1.000051867980908726e+00
1.001093176114292937e+00
1.001047704705121610e+00
9.999711744254213830e-01
1.000005571374893876e+00
1.000001438088466754e+00
9.999992414387012252e-01
9.999997457116894806e-01
9.992664677031011244e-01
1.025435060269348275e+00
9.999709015208950724e-01
1.000034632382122091e+00
1.000006942943769905e+00
1.009448615483468537e+00
9.993076633861478486e-01
1.000000071338411400e+00
1.000000418944521963e+00
9.997774365510374572e-01
9.999978405423430861e-01
9.999998297448698947e-01
1.000000146590004357e+00
1.000014745478475575e+00
1.000019263951661186e+00
1.000009233536103270e+00
9.999185137647892407e-01
1.000045456149856626e+00
1.000000087843441854e+00
1.000103315449063057e+00
1.000000689292278144e+00
1.000006432363045317e+00
1.001598292834492421e+00
9.997438841999410908e-01
9.999766408165768894e-01
1.000002644893813297e+00
9.998251851980961558e-01
1.000001867167969127e+00
1.000005286157777729e+00
1.000015758669736909e+00
1.000000989045328081e+00
1.000017778535389423e+00
9.990202433510224633e-01
9.996227195945303068e-01
9.999911404090844336e-01
1.000733609253557033e+00
1.000001634693346686e+00
1.000041282228965045e+00
1.000000340455400316e+00
9.999990426910634334e-01
1.000001199611853631e+00
9.999991577862552550e-01
1.000000308547188910e+00
1.000177169198690930e+00
9.998826689690624159e-01
9.986266673776155178e-01
1.009670393436731262e+00
9.998841383366984248e-01
1.000022763021089167e+00
9.936307864860930428e-01
1.000000547653394189e+00
1.000004138110915042e+00
9.999424983899813935e-01
9.999509413110114764e-01
1.000000848399161812e+00
1.000000436256076153e+00
9.999977129403840870e-01
9.999978001295567465e-01
1.000000540297284912e+00
9.999987945421422442e-01
9.993252130727229288e-01
9.978748887332273831e-01
9.999937291132954265e-01
1.000110004406560282e+00
1.003016474905163324e+00
1.000005146641637310e+00
9.911215284098819911e-01
9.839597918906244356e-01
1.000227058589407303e+00
9.985863471395012292e-01
9.999996825093891983e-01
1.000000655206905842e+00
1.000000083516518146e+00
9.999976659508815757e-01
1.000005806662718655e+00
1.000000099574019696e+00
1.000000262674873408e+00
1.000001091760639671e+00
1.000001439768291478e+00
9.999993347744562389e-01
1.000001144928061247e+00
1.000000715071819313e+00
1.000000517720917914e+00
1.000060918566348711e+00
9.999974367172862477e-01
1.000001678291719154e+00
1.000043738248490799e+00
9.998626315213253735e-01
9.999731379992297109e-01
9.999987957319312892e-01
9.994804730583003449e-01
9.997332610773943529e-01
1.000693919050497316e+00
9.999946576341054438e-01
9.999995209883518754e-01
9.999856219556221282e-01
1.000002691904414043e+00
1.000044240284170494e+00
9.999971008705929032e-01
1.000000213655172443e+00
9.999996392801254741e-01
1.000000346128094852e+00
9.559297908844187619e-01
9.743101233414627194e-01
9.980918098891268242e-01
1.045664479795900048e+00
9.913941236535696033e-01
1.000461863821347164e+00
9.860184165991170424e-01
9.999117561038569635e-01
1.001429088055762806e+00
9.996517966066847949e-01
9.988319963962548620e-01
1.000121437240311550e+00
1.003772735002874228e+00
9.959051702282853968e-01
9.999897057884095108e-01
9.885178278047828115e-01
9.999980728771526994e-01
9.999981175213892293e-01
1.000063610223754118e+00
1.000002488348607832e+00
9.978278635375320560e-01
9.999973365975712847e-01
1.000000797217460491e+00
1.000920297736521469e+00
9.998649283241952679e-01
1.000039127744394296e+00
1.000609218102687770e+00
1.000067098261026910e+00
9.999986870884419732e-01
9.996768026979340194e-01
1.000080577362175038e+00
1.000000591897985069e+00
1.000001753501370327e+00
9.997765734163404083e-01
1.000028646905315011e+00
9.999994221503940572e-01
1.000000880345244259e+00
9.999978479717185342e-01
1.000000964334005316e+00
9.999990994162470948e-01
1.000001384285938766e+00
1.000000027324595031e+00
1.000001108045816656e+00
1.000010458120356160e+00
1.000000073993545291e+00
9.999986017364796975e-01
9.999875017729110693e-01
1.000000752975278129e+00
1.000000666473774169e+00
1.000001480530293474e+00
9.999984074540329004e-01
1.000143144095686054e+00
9.999986073373812179e-01
1.000007588263144065e+00
1.000001926517501083e+00
9.999997926705339601e-01
9.999993866260816766e-01
1.000000672503122745e+00
1.000000658146693144e+00
1.000000395106514839e+00
9.999984249092360722e-01
1.000000408245352856e+00
9.999998804331454716e-01
9.999991579042692980e-01
9.999977736034538767e-01
