9.999901981370390436e-01
1.000029658102311148e+00
9.993348075447066048e-01
1.000245262790794731e+00
1.000009418028766639e+00
9.999680989166227496e-01
1.000047088016081664e+00
1.000017441813717323e+00
1.000028061859367545e+00
1.002961139615888175e+00
9.956394828006349673e-01
1.000037950897436634e+00
1.000043433045912700e+00
9.999871280719461186e-01
9.994052362494316721e-01
9.999940866349584789e-01
1.000022942089005884e+00
1.000002553257940852e+00
1.000019153452648801e+00
9.999976972811756015e-01
9.998676062588648383e-01
9.999773368773798854e-01
9.999732948333849292e-01
1.000034909301274366e+00
9.998718720023299644e-01
1.000057722358488554e+00
9.999328836127810982e-01
1.000018308717150584e+00
9.999989507909012865e-01
9.999481451901602869e-01
9.999530324183921737e-01
9.968219730076325336e-01
1.000038529976700730e+00
1.000053503116509868e+00
9.999891498359856357e-01
1.000178555217985377e+00
9.706786473800477211e-01
1.000010006721351763e+00
1.000015704941169981e+00
9.999477147850350800e-01
1.000032093917612608e+00
1.000019385451658138e+00
1.000047222287415050e+00
1.001249061326502154e+00
1.000679229797543979e+00
9.999703295903855649e-01
1.000000851134395852e+00
1.000032290391202006e+00
9.999989635581378877e-01
1.000012262824218290e+00
9.812369930626759773e-01
1.020519925607947131e+00
9.997957887402277866e-01
1.000301346118774415e+00
1.000008202135484803e+00
1.001024689553053237e+00
1.000822830086783410e+00
1.000015617005681090e+00
1.000034179588131122e+00
9.992657317367888981e-01
1.000013584060789551e+00
1.000004017621466845e+00
1.000033816683676857e+00
1.000076277709096795e+00
1.000021261252908022e+00
1.000001981768267267e+00
1.000030887966679050e+00
1.000009746208028405e+00
9.999708768986267371e-01
1.000322584799045567e+00
1.000022319716393771e+00
1.000066201749308936e+00
9.991208368152323382e-01
9.995372487496017033e-01
9.999842263572141787e-01
1.000021065720047009e+00
1.000279081917976542e+00
1.000046929452665712e+00
1.000045732188227232e+00
1.000063674284951576e+00
9.999764183463675238e-01
1.000026456492854932e+00
9.985016844829555094e-01
9.994174535165540885e-01
9.999498521881369228e-01
1.000750393273686978e+00
9.999631249269658184e-01
9.999747713232964852e-01
1.000020330378760258e+00
9.999815660336358603e-01
1.000029546572458017e+00
1.000029296854995087e+00
1.000017758649659250e+00
1.000177128606225097e+00
9.993938450962075448e-01
9.973868966904165800e-01
1.002381485884344059e+00
9.998722940323897523e-01
1.000140162946850264e+00
9.980298867859378475e-01
1.000029196003602516e+00
1.000039289829514288e+00
9.999787592109303791e-01
9.999776274713657598e-01
9.999972683750362190e-01
1.000004911904826876e+00
1.000009429683405671e+00
9.999868186921873070e-01
1.000023570989516664e+00
1.000009821120102060e+00
9.993667811265469769e-01
1.000081164084893670e+00
1.000022991577323994e+00
9.999965799543772960e-01
1.000800185480644089e+00
1.000030663045066381e+00
9.945734774381658205e-01
9.897803474710940019e-01
1.000017595026067463e+00
9.995940025284464348e-01
1.000033022937001359e+00
1.000021262696453972e+00
1.000013447231119956e+00
9.999388189587917752e-01
1.000090400539955793e+00
9.999938330548118204e-01
1.000030528797057672e+00
1.000027047727206853e+00
1.000053659161127095e+00
1.000003702346167866e+00
1.000031475788921265e+00
1.000026821363168228e+00
1.000009535944369476e+00
9.996808270815189523e-01
9.999720211408766879e-01
1.000033244246683495e+00
1.000603645289075416e+00
9.996626799951533471e-01
9.998340560342600103e-01
9.999972691152944071e-01
9.992196341484079758e-01
9.989093698870733506e-01
1.001651859768735386e+00
9.999740440261828400e-01
1.000004890084878806e+00
9.999921374210841707e-01
1.000064722353669167e+00
1.000083106217122708e+00
1.000023545627309440e+00
1.000014742075668872e+00
1.000014241201264698e+00
9.999777623065086996e-01
9.712386369234303762e-01
9.944024914180975561e-01
9.979190138508239327e-01
1.005727450858987959e+00
9.886745452615866014e-01
1.001471516638612336e+00
9.968893968623605550e-01
9.999932685035891611e-01
1.000393464920519060e+00
9.998380299994055198e-01
9.999940078310810554e-01
9.998246415971148160e-01
9.998431767014418492e-01
9.984335588807653483e-01
1.000019686329267188e+00
9.982339917255402817e-01
1.000013148036152932e+00
9.999855807974904476e-01
1.000108872692268447e+00
1.000010609416698504e+00
9.994962435411552937e-01
9.999489199470070755e-01
9.999777461140029189e-01
1.002246041816853062e+00
9.998390827782402956e-01
1.000094508138448246e+00
1.002303091256685486e+00
1.000293804136331399e+00
9.999733499348685273e-01
9.986496515659047946e-01
1.000332720470825443e+00
9.999925673727997344e-01
1.000040871709009238e+00
9.993496100024767959e-01
1.000071186931922318e+00
9.999893659078437080e-01
1.000007377659269947e+00
9.999724434580659072e-01
1.000027084160363566e+00
1.000024504803935121e+00
9.999669253652163636e-01
9.999993686100279167e-01
1.000033906989070243e+00
9.999816971796080534e-01
9.999941406323998860e-01
9.999806794742714944e-01
1.000025967610250088e+00
1.000006382639579527e+00
1.000012556803976826e+00
9.999884773857302678e-01
1.000025433781188022e+00
1.000038631528270106e+00
1.000006818689473276e+00
9.999688227766111437e-01
9.999948990875714427e-01
9.999508328668513801e-01
9.999498678927303263e-01
1.000004333650065025e+00
1.000011274689626140e+00
1.000021646472891934e+00
1.000029063763617110e+00
1.000003632265250353e+00
1.000012459825439182e+00
9.999919792630266313e-01
1.000018190446592792e+00
