0.99894824324256137000
0.99981568404583032000
0.99971620083180757000
0.99982474448684211000
0.99992986617036006000
0.99777963090882382000
0.99838195027226539000
0.99841321335978828000
0.99287355088868046000
0.99993127966385231000
0.99941259913487557000
0.98277051835369944000
0.99977243708215147000
0.99957520469638128000
0.98232403465747775000
0.97466051503086737000
0.98097013428783697000
1.00015811389655050000
1.00003159852579190000
0.99513274039791044000
0.99993156423931340000
1.00454616705745890000
0.99993127976681040000
1.00017492246370670000
0.99997617297267993000
0.99993131862334894000
0.99993129238765510000
0.99993128067386605000
0.99998459502510084000
0.99964770598513464000
0.99988693578109999000
0.99993774306458549000
0.99987801989608882000
